20241031115710, COIN, 80, 20241101, C, 0, 10, 0, 192.26, 1
20241031115710, COIN, 80, 20241101, P, 20, 576, 0, 192.26, -0.0001
20241031115710, COIN, 85, 20241101, C, 0, 0, 0, 192.26, 1
20241031115710, COIN, 85, 20241101, P, 0, 3, 0, 192.26, -0.0002
20241031115710, COIN, 90, 20241101, C, 0, 0, 0, 192.26, 1
20241031115710, COIN, 90, 20241101, P, 19, 506, 0, 192.26, -0.0002
20241031115710, COIN, 95, 20241101, C, 2, 2, 0, 192.26, 0.9999
20241031115710, COIN, 95, 20241101, P, 6, 1286, 0, 192.26, -0.0003
20241031115710, COIN, 100, 20241101, C, 0, 1, 0, 192.26, 0.9998
20241031115710, COIN, 100, 20241101, P, 2, 2085, 0, 192.26, -0.0004
20241031115710, COIN, 105, 20241101, C, 0, 0, 0, 192.26, 0.9997
20241031115710, COIN, 105, 20241101, P, 5, 887, 0, 192.26, -0.0005
20241031115710, COIN, 110, 20241101, C, 0, 1, 0.0001, 192.26, 0.9996
20241031115710, COIN, 110, 20241101, P, 337, 5578, 0.0001, 192.26, -0.0006
20241031115710, COIN, 115, 20241101, C, 0, 9, 0.0001, 192.26, 0.9994
20241031115710, COIN, 115, 20241101, P, 17, 321, 0.0001, 192.26, -0.0008
20241031115710, COIN, 120, 20241101, C, 0, 7, 0.0001, 192.26, 0.9991
20241031115710, COIN, 120, 20241101, P, 308, 755, 0.0001, 192.26, -0.0011
20241031115710, COIN, 125, 20241101, C, 0, 4, 0.0002, 192.26, 0.9988
20241031115710, COIN, 125, 20241101, P, 28, 1300, 0.0002, 192.26, -0.0014
20241031115710, COIN, 130, 20241101, C, 0, 128, 0.0002, 192.26, 0.9983
20241031115710, COIN, 130, 20241101, P, 560, 812, 0.0002, 192.26, -0.0019
20241031115710, COIN, 134, 20241101, C, 0, 0, 0.0003, 192.26, 0.9978
20241031115710, COIN, 134, 20241101, P, 0, 63, 0.0003, 192.26, -0.0024
20241031115710, COIN, 135, 20241101, C, 0, 128, 0.0003, 192.26, 0.9977
20241031115710, COIN, 135, 20241101, P, 1092, 1062, 0.0003, 192.26, -0.0025
20241031115710, COIN, 136, 20241101, C, 1, 2, 0.0003, 192.26, 0.9975
20241031115710, COIN, 136, 20241101, P, 0, 270, 0.0003, 192.26, -0.0027
20241031115710, COIN, 137, 20241101, C, 1, 2, 0.0004, 192.26, 0.9974
20241031115710, COIN, 137, 20241101, P, 1, 287, 0.0004, 192.26, -0.0029
20241031115710, COIN, 138, 20241101, C, 0, 0, 0.0004, 192.26, 0.9972
20241031115710, COIN, 138, 20241101, P, 1, 106, 0.0004, 192.26, -0.003
20241031115710, COIN, 139, 20241101, C, 2, 5, 0.0004, 192.26, 0.997
20241031115710, COIN, 139, 20241101, P, 655, 168, 0.0004, 192.26, -0.0032
20241031115710, COIN, 140, 20241101, C, 2, 32, 0.0004, 192.26, 0.9968
20241031115710, COIN, 140, 20241101, P, 868, 2309, 0.0004, 192.26, -0.0034
20241031115710, COIN, 141, 20241101, C, 1, 6, 0.0005, 192.26, 0.9966
20241031115710, COIN, 141, 20241101, P, 2, 6, 0.0005, 192.26, -0.0037
20241031115710, COIN, 142, 20241101, C, 1, 6, 0.0005, 192.26, 0.9963
20241031115710, COIN, 142, 20241101, P, 1, 27, 0.0005, 192.26, -0.0039
20241031115710, COIN, 143, 20241101, C, 0, 0, 0.0006, 192.26, 0.996
20241031115710, COIN, 143, 20241101, P, 1, 12, 0.0006, 192.26, -0.0042
20241031115710, COIN, 144, 20241101, C, 0, 1, 0.0006, 192.26, 0.9958
20241031115710, COIN, 144, 20241101, P, 1, 268, 0.0006, 192.26, -0.0044
20241031115710, COIN, 145, 20241101, C, 0, 24, 0.0006, 192.26, 0.9955
20241031115710, COIN, 145, 20241101, P, 146, 2301, 0.0006, 192.26, -0.0047
20241031115710, COIN, 146, 20241101, C, 0, 3, 0.0007, 192.26, 0.9952
20241031115710, COIN, 146, 20241101, P, 0, 78, 0.0007, 192.26, -0.005
20241031115710, COIN, 147, 20241101, C, 0, 3, 0.0007, 192.26, 0.9948
20241031115710, COIN, 147, 20241101, P, 0, 10, 0.0007, 192.26, -0.0054
20241031115710, COIN, 148, 20241101, C, 0, 4, 0.0008, 192.26, 0.9944
20241031115710, COIN, 148, 20241101, P, 0, 30, 0.0008, 192.26, -0.0058
20241031115710, COIN, 149, 20241101, C, 0, 0, 0.0009, 192.26, 0.994
20241031115710, COIN, 149, 20241101, P, 1, 37, 0.0009, 192.26, -0.0062
20241031115710, COIN, 150, 20241101, C, 2, 117, 0.0009, 192.26, 0.9936
20241031115710, COIN, 150, 20241101, P, 229, 1049, 0.0009, 192.26, -0.0066
20241031115710, COIN, 152.5, 20241101, C, 0, 18, 0.0011, 192.26, 0.9924
20241031115710, COIN, 152.5, 20241101, P, 8, 113, 0.0011, 192.26, -0.0078
20241031115710, COIN, 155, 20241101, C, 3, 129, 0.0014, 192.26, 0.9908
20241031115710, COIN, 155, 20241101, P, 75, 1017, 0.0014, 192.26, -0.0094
20241031115710, COIN, 157.5, 20241101, C, 0, 4, 0.0017, 192.26, 0.989
20241031115710, COIN, 157.5, 20241101, P, 7, 1199, 0.0017, 192.26, -0.0113
20241031115710, COIN, 160, 20241101, C, 1, 102, 0.0021, 192.26, 0.9865
20241031115710, COIN, 160, 20241101, P, 219, 1180, 0.0021, 192.26, -0.0137
20241031115710, COIN, 162.5, 20241101, C, 0, 10, 0.0027, 192.26, 0.9834
20241031115710, COIN, 162.5, 20241101, P, 178, 196, 0.0027, 192.26, -0.0168
20241031115710, COIN, 165, 20241101, C, 2, 400, 0.0034, 192.26, 0.979
20241031115710, COIN, 165, 20241101, P, 220, 1068, 0.0034, 192.26, -0.0212
20241031115710, COIN, 167.5, 20241101, C, 0, 22, 0.0045, 192.26, 0.9729
20241031115710, COIN, 167.5, 20241101, P, 44, 285, 0.0045, 192.26, -0.0273
20241031115710, COIN, 170, 20241101, C, 25, 397, 0.0059, 192.26, 0.9638
20241031115710, COIN, 170, 20241101, P, 306, 2403, 0.0059, 192.26, -0.0364
20241031115710, COIN, 172.5, 20241101, C, 2, 11, 0.008, 192.26, 0.9504
20241031115710, COIN, 172.5, 20241101, P, 145, 2314, 0.008, 192.26, -0.0499
20241031115710, COIN, 175, 20241101, C, 25, 240, 0.0107, 192.26, 0.9306
20241031115710, COIN, 175, 20241101, P, 569, 1046, 0.0107, 192.26, -0.0696
20241031115710, COIN, 177.5, 20241101, C, 3, 70, 0.0142, 192.26, 0.9023
20241031115710, COIN, 177.5, 20241101, P, 377, 760, 0.0142, 192.26, -0.0979
20241031115710, COIN, 180, 20241101, C, 1536, 667, 0.0184, 192.26, 0.8636
20241031115710, COIN, 180, 20241101, P, 1471, 2533, 0.0184, 192.26, -0.1366
20241031115710, COIN, 182.5, 20241101, C, 61, 28, 0.023, 192.26, 0.8131
20241031115710, COIN, 182.5, 20241101, P, 907, 1388, 0.023, 192.26, -0.1871
20241031115710, COIN, 185, 20241101, C, 153, 493, 0.0277, 192.26, 0.7502
20241031115710, COIN, 185, 20241101, P, 1356, 1606, 0.0277, 192.26, -0.2501
20241031115710, COIN, 187.5, 20241101, C, 162, 105, 0.0317, 192.26, 0.6758
20241031115710, COIN, 187.5, 20241101, P, 709, 859, 0.0318, 192.26, -0.3246
20241031115710, COIN, 190, 20241101, C, 513, 2931, 0.0346, 192.26, 0.5924
20241031115710, COIN, 190, 20241101, P, 5443, 2192, 0.0348, 192.26, -0.4082
20241031115710, COIN, 192.5, 20241101, C, 502, 2013, 0.0358, 192.26, 0.504
20241031115710, COIN, 192.5, 20241101, P, 1557, 839, 0.036, 192.26, -0.4971
20241031115710, COIN, 195, 20241101, C, 1649, 482, 0.035, 192.26, 0.4159
20241031115710, COIN, 195, 20241101, P, 1749, 3614, 0.0354, 192.26, -0.5859
20241031115710, COIN, 197.5, 20241101, C, 889, 2061, 0.0326, 192.26, 0.3337
20241031115710, COIN, 197.5, 20241101, P, 684, 968, 0.0331, 192.26, -0.6692
20241031115710, COIN, 200, 20241101, C, 4247, 2163, 0.0288, 192.26, 0.2612
20241031115710, COIN, 200, 20241101, P, 2870, 3341, 0.0294, 192.26, -0.743
20241031115710, COIN, 202.5, 20241101, C, 1939, 287, 0.0246, 192.26, 0.2001
20241031115710, COIN, 202.5, 20241101, P, 445, 675, 0.0251, 192.26, -0.8054
20241031115710, COIN, 205, 20241101, C, 4296, 1250, 0.0202, 192.26, 0.1504
20241031115710, COIN, 205, 20241101, P, 614, 1555, 0.0207, 192.26, -0.8561
20241031115710, COIN, 207.5, 20241101, C, 452, 332, 0.0162, 192.26, 0.1114
20241031115710, COIN, 207.5, 20241101, P, 314, 787, 0.0165, 192.26, -0.8958
20241031115710, COIN, 210, 20241101, C, 3768, 2773, 0.0127, 192.26, 0.0817
20241031115710, COIN, 210, 20241101, P, 1326, 2185, 0.0128, 192.26, -0.9258
20241031115710, COIN, 212.5, 20241101, C, 1274, 830, 0.0098, 192.26, 0.0598
20241031115710, COIN, 212.5, 20241101, P, 285, 865, 0.0097, 192.26, -0.9477
20241031115710, COIN, 215, 20241101, C, 2889, 20204, 0.0075, 192.26, 0.0438
20241031115710, COIN, 215, 20241101, P, 647, 1884, 0.0073, 192.26, -0.9632
20241031115710, COIN, 217.5, 20241101, C, 828, 1470, 0.0057, 192.26, 0.0323
20241031115710, COIN, 217.5, 20241101, P, 248, 783, 0.0054, 192.26, -0.9741
20241031115710, COIN, 220, 20241101, C, 6508, 10771, 0.0044, 192.26, 0.0241
20241031115710, COIN, 220, 20241101, P, 428, 2862, 0.004, 192.26, -0.9816
20241031115710, COIN, 222.5, 20241101, C, 696, 1060, 0.0034, 192.26, 0.0182
20241031115710, COIN, 222.5, 20241101, P, 16, 433, 0.003, 192.26, -0.9868
20241031115710, COIN, 225, 20241101, C, 12392, 13294, 0.0026, 192.26, 0.0139
20241031115710, COIN, 225, 20241101, P, 209, 530, 0.0022, 192.26, -0.9905
20241031115710, COIN, 227.5, 20241101, C, 398, 714, 0.002, 192.26, 0.0107
20241031115710, COIN, 227.5, 20241101, P, 1, 78, 0.0016, 192.26, -0.993
20241031115710, COIN, 230, 20241101, C, 2818, 5290, 0.0016, 192.26, 0.0084
20241031115710, COIN, 230, 20241101, P, 314, 307, 0.0012, 192.26, -0.9948
20241031115710, COIN, 232.5, 20241101, C, 202, 641, 0.0013, 192.26, 0.0066
20241031115710, COIN, 232.5, 20241101, P, 4, 57, 0.0009, 192.26, -0.9961
20241031115710, COIN, 235, 20241101, C, 1996, 2555, 0.001, 192.26, 0.0053
20241031115710, COIN, 235, 20241101, P, 17, 73, 0.0007, 192.26, -0.997
20241031115710, COIN, 237.5, 20241101, C, 410, 19538, 0.0008, 192.26, 0.0043
20241031115710, COIN, 237.5, 20241101, P, 0, 34, 0.0006, 192.26, -0.9978
20241031115710, COIN, 240, 20241101, C, 1731, 4708, 0.0007, 192.26, 0.0035
20241031115710, COIN, 240, 20241101, P, 12, 36, 0.0004, 192.26, -0.9982
20241031115710, COIN, 242.5, 20241101, C, 166, 468, 0.0006, 192.26, 0.0029
20241031115710, COIN, 242.5, 20241101, P, 0, 3, 0.0003, 192.26, -0.9986
20241031115710, COIN, 245, 20241101, C, 803, 9127, 0.0004, 192.26, 0.0024
20241031115710, COIN, 245, 20241101, P, 3, 38, 0.0003, 192.26, -0.9989
20241031115710, COIN, 247.5, 20241101, C, 157, 1084, 0.0004, 192.26, 0.002
20241031115710, COIN, 247.5, 20241101, P, 8, 9, 0.0002, 192.26, -0.9991
20241031115710, COIN, 250, 20241101, C, 11900, 16630, 0.0003, 192.26, 0.0017
20241031115710, COIN, 250, 20241101, P, 26, 79, 0.0002, 192.26, -0.9993
20241031115710, COIN, 252.5, 20241101, C, 265, 654, 0.0003, 192.26, 0.0014
20241031115710, COIN, 252.5, 20241101, P, 0, 2, 0.0001, 192.26, -0.9994
20241031115710, COIN, 255, 20241101, C, 193, 1550, 0.0002, 192.26, 0.0012
20241031115710, COIN, 255, 20241101, P, 0, 31, 0.0001, 192.26, -0.9996
20241031115710, COIN, 257.5, 20241101, C, 89, 327, 0.0002, 192.26, 0.001
20241031115710, COIN, 257.5, 20241101, P, 0, 10, 0.0001, 192.26, -0.9996
20241031115710, COIN, 260, 20241101, C, 851, 2331, 0.0002, 192.26, 0.0009
20241031115710, COIN, 260, 20241101, P, 0, 5, 0.0001, 192.26, -0.9997
20241031115710, COIN, 262.5, 20241101, C, 156, 431, 0.0001, 192.26, 0.0008
20241031115710, COIN, 262.5, 20241101, P, 0, 25, 0.0001, 192.26, -0.9998
20241031115710, COIN, 265, 20241101, C, 372, 825, 0.0001, 192.26, 0.0007
20241031115710, COIN, 265, 20241101, P, 0, 0, 0, 192.26, -0.9998
20241031115710, COIN, 267.5, 20241101, C, 12, 352, 0.0001, 192.26, 0.0006
20241031115710, COIN, 267.5, 20241101, P, 0, 1, 0, 192.26, -0.9998
20241031115710, COIN, 270, 20241101, C, 84, 961, 0.0001, 192.26, 0.0005
20241031115710, COIN, 270, 20241101, P, 0, 7, 0, 192.26, -0.9999
20241031115710, COIN, 272.5, 20241101, C, 34, 186, 0.0001, 192.26, 0.0004
20241031115710, COIN, 272.5, 20241101, P, 0, 1, 0, 192.26, -0.9999
20241031115710, COIN, 275, 20241101, C, 140, 730, 0.0001, 192.26, 0.0004
20241031115710, COIN, 275, 20241101, P, 0, 23, 0, 192.26, -0.9999
20241031115710, COIN, 277.5, 20241101, C, 0, 29, 0.0001, 192.26, 0.0003
20241031115710, COIN, 277.5, 20241101, P, 0, 2, 0, 192.26, -0.9999
20241031115710, COIN, 280, 20241101, C, 200, 1068, 0, 192.26, 0.0003
20241031115710, COIN, 280, 20241101, P, 0, 1, 0, 192.26, -0.9999
20241031115710, COIN, 282.5, 20241101, C, 80, 95, 0, 192.26, 0.0003
20241031115710, COIN, 282.5, 20241101, P, 0, 0, 0, 192.26, -0.9999
20241031115710, COIN, 285, 20241101, C, 115, 358, 0, 192.26, 0.0002
20241031115710, COIN, 285, 20241101, P, 0, 32, 0, 192.26, -1
20241031115710, COIN, 287.5, 20241101, C, 0, 18, 0, 192.26, 0.0002
20241031115710, COIN, 287.5, 20241101, P, 0, 1, 0, 192.26, -1
20241031115710, COIN, 290, 20241101, C, 86, 321, 0, 192.26, 0.0002
20241031115710, COIN, 290, 20241101, P, 0, 0, 0, 192.26, -1
20241031115710, COIN, 292.5, 20241101, C, 0, 4, 0, 192.26, 0.0002
20241031115710, COIN, 292.5, 20241101, P, 0, 0, 0, 192.26, -1
20241031115710, COIN, 295, 20241101, C, 11, 108, 0, 192.26, 0.0001
20241031115710, COIN, 295, 20241101, P, 0, 0, 0, 192.26, -1
20241031115710, COIN, 297.5, 20241101, C, 0, 0, 0, 192.26, 0.0001
20241031115710, COIN, 297.5, 20241101, P, 0, 0, 0, 192.26, -1
20241031115710, COIN, 300, 20241101, C, 82, 1991, 0, 192.26, 0.0001
20241031115710, COIN, 300, 20241101, P, 0, 3, 0, 192.26, -1
20241031115710, COIN, 305, 20241101, C, 38, 439, 0, 192.26, 0.0001
20241031115710, COIN, 305, 20241101, P, 0, 0, 0, 192.26, -1
20241031115710, COIN, 310, 20241101, C, 366, 692, 0, 192.26, 0.0001
20241031115710, COIN, 310, 20241101, P, 0, 0, 0, 192.26, -1
20241031115710, COIN, 315, 20241101, C, 125, 429, 0, 192.26, 0.0001
20241031115710, COIN, 315, 20241101, P, 0, 0, 0, 192.26, -1
20241031115710, COIN, 320, 20241101, C, 0, 161, 0, 192.26, 0.0001
20241031115710, COIN, 320, 20241101, P, 0, 0, 0, 192.26, -1
20241031115710, COIN, 325, 20241101, C, 8, 445, 0, 192.26, 0
20241031115710, COIN, 325, 20241101, P, 0, 0, 0, 192.26, -1
20241031115710, COIN, 330, 20241101, C, 9, 254, 0, 192.26, 0
20241031115710, COIN, 330, 20241101, P, 0, 0, 0, 192.26, -1
20241031115710, COIN, 340, 20241101, C, 0, 42, 0, 192.26, 0
20241031115710, COIN, 340, 20241101, P, 0, 0, 0, 192.26, -1
20241031115710, COIN, 350, 20241101, C, 5, 96, 0, 192.26, 0
20241031115710, COIN, 350, 20241101, P, 0, 0, 0, 192.26, -1
20241031115710, COIN, 360, 20241101, C, 500, 120, 0, 192.26, 0
20241031115710, COIN, 360, 20241101, P, 0, 0, 0, 192.26, -1
20241031115710, COIN, 370, 20241101, C, 0, 2, 0, 192.26, 0
20241031115710, COIN, 370, 20241101, P, 0, 0, 0, 192.26, -1
20241031115710, COIN, 380, 20241101, C, 0, 0, 0, 192.26, 0
20241031115710, COIN, 380, 20241101, P, 0, 0, 0, 192.26, -1
20241031115710, COIN, 390, 20241101, C, 0, 0, 0, 192.26, 0
20241031115710, COIN, 390, 20241101, P, 0, 0, 0, 192.26, -1
20241031115710, COIN, 400, 20241101, C, 0, 10, 0, 192.26, 0
20241031115710, COIN, 400, 20241101, P, 0, 0, 0, 192.26, -1
20241031115710, COIN, 410, 20241101, C, 0, 0, 0, 192.26, 0
20241031115710, COIN, 410, 20241101, P, 0, 0, 0, 192.26, -1
20241031115710, COIN, 420, 20241101, C, 0, 0, 0, 192.26, 0
20241031115710, COIN, 420, 20241101, P, 0, 0, 0, 192.26, -1
20241031115710, COIN, 430, 20241101, C, 1, 374, 0, 192.26, 0
20241031115710, COIN, 430, 20241101, P, 0, 0, 0, 192.26, -1
20241031115710, COIN, 80, 20241108, C, 0, 1, 0.0002, 192.26, 0.9964
20241031115710, COIN, 80, 20241108, P, 2, 39, 0.0002, 192.26, -0.0039
20241031115710, COIN, 85, 20241108, C, 0, 1, 0.0002, 192.26, 0.9957
20241031115710, COIN, 85, 20241108, P, 0, 7, 0.0002, 192.26, -0.0045
20241031115710, COIN, 90, 20241108, C, 0, 2, 0.0002, 192.26, 0.995
20241031115710, COIN, 90, 20241108, P, 41, 304, 0.0002, 192.26, -0.0053
20241031115710, COIN, 95, 20241108, C, 0, 0, 0.0003, 192.26, 0.994
20241031115710, COIN, 95, 20241108, P, 34, 121, 0.0003, 192.26, -0.0062
20241031115710, COIN, 100, 20241108, C, 0, 1, 0.0004, 192.26, 0.9929
20241031115710, COIN, 100, 20241108, P, 84, 31, 0.0004, 192.26, -0.0073
20241031115710, COIN, 105, 20241108, C, 0, 0, 0.0004, 192.26, 0.9915
20241031115710, COIN, 105, 20241108, P, 42, 67, 0.0004, 192.26, -0.0087
20241031115710, COIN, 110, 20241108, C, 0, 1, 0.0006, 192.26, 0.9898
20241031115710, COIN, 110, 20241108, P, 588, 4320, 0.0006, 192.26, -0.0104
20241031115710, COIN, 115, 20241108, C, 0, 9, 0.0007, 192.26, 0.9877
20241031115710, COIN, 115, 20241108, P, 188, 231, 0.0007, 192.26, -0.0126
20241031115710, COIN, 120, 20241108, C, 1, 52, 0.0009, 192.26, 0.985
20241031115710, COIN, 120, 20241108, P, 906, 226, 0.0009, 192.26, -0.0153
20241031115710, COIN, 125, 20241108, C, 5, 96, 0.0011, 192.26, 0.9815
20241031115710, COIN, 125, 20241108, P, 509, 734, 0.0011, 192.26, -0.0188
20241031115710, COIN, 130, 20241108, C, 0, 51, 0.0014, 192.26, 0.9769
20241031115710, COIN, 130, 20241108, P, 150, 371, 0.0014, 192.26, -0.0233
20241031115710, COIN, 135, 20241108, C, 0, 9, 0.0018, 192.26, 0.9709
20241031115710, COIN, 135, 20241108, P, 207, 305, 0.0018, 192.26, -0.0294
20241031115710, COIN, 139, 20241108, C, 0, 0, 0.0021, 192.26, 0.9646
20241031115710, COIN, 139, 20241108, P, 20, 2, 0.0021, 192.26, -0.0357
20241031115710, COIN, 140, 20241108, C, 2, 15, 0.0022, 192.26, 0.9627
20241031115710, COIN, 140, 20241108, P, 132, 318, 0.0023, 192.26, -0.0376
20241031115710, COIN, 141, 20241108, C, 0, 0, 0.0024, 192.26, 0.9608
20241031115710, COIN, 141, 20241108, P, 4, 0, 0.0024, 192.26, -0.0396
20241031115710, COIN, 142, 20241108, C, 0, 0, 0.0025, 192.26, 0.9587
20241031115710, COIN, 142, 20241108, P, 15, 3, 0.0025, 192.26, -0.0416
20241031115710, COIN, 143, 20241108, C, 0, 0, 0.0026, 192.26, 0.9565
20241031115710, COIN, 143, 20241108, P, 0, 0, 0.0026, 192.26, -0.0438
20241031115710, COIN, 144, 20241108, C, 0, 0, 0.0028, 192.26, 0.9541
20241031115710, COIN, 144, 20241108, P, 0, 1, 0.0028, 192.26, -0.0462
20241031115710, COIN, 145, 20241108, C, 0, 40, 0.0029, 192.26, 0.9516
20241031115710, COIN, 145, 20241108, P, 31, 337, 0.0029, 192.26, -0.0487
20241031115710, COIN, 146, 20241108, C, 0, 1, 0.0031, 192.26, 0.949
20241031115710, COIN, 146, 20241108, P, 4, 1, 0.0031, 192.26, -0.0514
20241031115710, COIN, 147, 20241108, C, 0, 0, 0.0032, 192.26, 0.9461
20241031115710, COIN, 147, 20241108, P, 5, 0, 0.0032, 192.26, -0.0542
20241031115710, COIN, 148, 20241108, C, 0, 2, 0.0034, 192.26, 0.9431
20241031115710, COIN, 148, 20241108, P, 0, 0, 0.0034, 192.26, -0.0573
20241031115710, COIN, 149, 20241108, C, 0, 0, 0.0036, 192.26, 0.9398
20241031115710, COIN, 149, 20241108, P, 5, 0, 0.0036, 192.26, -0.0605
20241031115710, COIN, 150, 20241108, C, 18, 35, 0.0038, 192.26, 0.9364
20241031115710, COIN, 150, 20241108, P, 228, 1775, 0.0038, 192.26, -0.064
20241031115710, COIN, 152.5, 20241108, C, 0, 0, 0.0043, 192.26, 0.9268
20241031115710, COIN, 152.5, 20241108, P, 44, 19, 0.0043, 192.26, -0.0736
20241031115710, COIN, 155, 20241108, C, 0, 13, 0.0048, 192.26, 0.9156
20241031115710, COIN, 155, 20241108, P, 138, 638, 0.0048, 192.26, -0.0848
20241031115710, COIN, 157.5, 20241108, C, 0, 4, 0.0054, 192.26, 0.9026
20241031115710, COIN, 157.5, 20241108, P, 60, 50, 0.0054, 192.26, -0.0979
20241031115710, COIN, 160, 20241108, C, 1, 32, 0.0061, 192.26, 0.8876
20241031115710, COIN, 160, 20241108, P, 195, 344, 0.0061, 192.26, -0.1129
20241031115710, COIN, 162.5, 20241108, C, 67, 0, 0.0068, 192.26, 0.8704
20241031115710, COIN, 162.5, 20241108, P, 38, 387, 0.0068, 192.26, -0.1301
20241031115710, COIN, 165, 20241108, C, 1, 89, 0.0075, 192.26, 0.8512
20241031115710, COIN, 165, 20241108, P, 204, 712, 0.0076, 192.26, -0.1494
20241031115710, COIN, 167.5, 20241108, C, 0, 3, 0.0083, 192.26, 0.8297
20241031115710, COIN, 167.5, 20241108, P, 55, 37, 0.0083, 192.26, -0.171
20241031115710, COIN, 170, 20241108, C, 109, 96, 0.009, 192.26, 0.8061
20241031115710, COIN, 170, 20241108, P, 378, 609, 0.0091, 192.26, -0.1946
20241031115710, COIN, 172.5, 20241108, C, 0, 4, 0.0098, 192.26, 0.7806
20241031115710, COIN, 172.5, 20241108, P, 66, 33, 0.0098, 192.26, -0.2202
20241031115710, COIN, 175, 20241108, C, 13, 480, 0.0105, 192.26, 0.7533
20241031115710, COIN, 175, 20241108, P, 447, 333, 0.0105, 192.26, -0.2476
20241031115710, COIN, 177.5, 20241108, C, 2, 34, 0.0111, 192.26, 0.7244
20241031115710, COIN, 177.5, 20241108, P, 84, 67, 0.0112, 192.26, -0.2766
20241031115710, COIN, 180, 20241108, C, 22, 244, 0.0117, 192.26, 0.6942
20241031115710, COIN, 180, 20241108, P, 491, 452, 0.0117, 192.26, -0.307
20241031115710, COIN, 182.5, 20241108, C, 5, 11, 0.0122, 192.26, 0.6628
20241031115710, COIN, 182.5, 20241108, P, 30, 36, 0.0122, 192.26, -0.3384
20241031115710, COIN, 185, 20241108, C, 78, 136, 0.0126, 192.26, 0.6306
20241031115710, COIN, 185, 20241108, P, 219, 355, 0.0127, 192.26, -0.3708
20241031115710, COIN, 187.5, 20241108, C, 17, 360, 0.013, 192.26, 0.5977
20241031115710, COIN, 187.5, 20241108, P, 56, 250, 0.013, 192.26, -0.4038
20241031115710, COIN, 190, 20241108, C, 127, 448, 0.0132, 192.26, 0.5645
20241031115710, COIN, 190, 20241108, P, 569, 596, 0.0133, 192.26, -0.4372
20241031115710, COIN, 192.5, 20241108, C, 332, 45, 0.0134, 192.26, 0.5311
20241031115710, COIN, 192.5, 20241108, P, 111, 101, 0.0134, 192.26, -0.4706
20241031115710, COIN, 195, 20241108, C, 353, 379, 0.0134, 192.26, 0.4979
20241031115710, COIN, 195, 20241108, P, 282, 540, 0.0135, 192.26, -0.504
20241031115710, COIN, 197.5, 20241108, C, 184, 117, 0.0134, 192.26, 0.4651
20241031115710, COIN, 197.5, 20241108, P, 78, 111, 0.0134, 192.26, -0.5369
20241031115710, COIN, 200, 20241108, C, 948, 681, 0.0132, 192.26, 0.433
20241031115710, COIN, 200, 20241108, P, 467, 708, 0.0133, 192.26, -0.5692
20241031115710, COIN, 202.5, 20241108, C, 81, 94, 0.013, 192.26, 0.4017
20241031115710, COIN, 202.5, 20241108, P, 50, 119, 0.0131, 192.26, -0.6006
20241031115710, COIN, 205, 20241108, C, 461, 443, 0.0127, 192.26, 0.3714
20241031115710, COIN, 205, 20241108, P, 89, 243, 0.0128, 192.26, -0.631
20241031115710, COIN, 207.5, 20241108, C, 197, 162, 0.0124, 192.26, 0.3424
20241031115710, COIN, 207.5, 20241108, P, 45, 133, 0.0124, 192.26, -0.6602
20241031115710, COIN, 210, 20241108, C, 11070, 639, 0.0119, 192.26, 0.3147
20241031115710, COIN, 210, 20241108, P, 93, 460, 0.012, 192.26, -0.688
20241031115710, COIN, 212.5, 20241108, C, 92, 265, 0.0114, 192.26, 0.2885
20241031115710, COIN, 212.5, 20241108, P, 44, 173, 0.0115, 192.26, -0.7143
20241031115710, COIN, 215, 20241108, C, 871, 725, 0.0109, 192.26, 0.2638
20241031115710, COIN, 215, 20241108, P, 46, 392, 0.011, 192.26, -0.7392
20241031115710, COIN, 217.5, 20241108, C, 203, 350, 0.0104, 192.26, 0.2406
20241031115710, COIN, 217.5, 20241108, P, 8, 121, 0.0104, 192.26, -0.7624
20241031115710, COIN, 220, 20241108, C, 1077, 1210, 0.0098, 192.26, 0.219
20241031115710, COIN, 220, 20241108, P, 53, 203, 0.0099, 192.26, -0.7841
20241031115710, COIN, 222.5, 20241108, C, 105, 333, 0.0093, 192.26, 0.199
20241031115710, COIN, 222.5, 20241108, P, 2, 28, 0.0093, 192.26, -0.8042
20241031115710, COIN, 225, 20241108, C, 375, 624, 0.0087, 192.26, 0.1805
20241031115710, COIN, 225, 20241108, P, 5, 34, 0.0088, 192.26, -0.8228
20241031115710, COIN, 227.5, 20241108, C, 51, 225, 0.0081, 192.26, 0.1635
20241031115710, COIN, 227.5, 20241108, P, 1, 3, 0.0082, 192.26, -0.8399
20241031115710, COIN, 230, 20241108, C, 609, 683, 0.0076, 192.26, 0.1479
20241031115710, COIN, 230, 20241108, P, 14, 28, 0.0076, 192.26, -0.8555
20241031115710, COIN, 232.5, 20241108, C, 318, 119, 0.0071, 192.26, 0.1337
20241031115710, COIN, 232.5, 20241108, P, 0, 11, 0.0071, 192.26, -0.8698
20241031115710, COIN, 235, 20241108, C, 10242, 297, 0.0066, 192.26, 0.1207
20241031115710, COIN, 235, 20241108, P, 1, 402, 0.0066, 192.26, -0.8829
20241031115710, COIN, 237.5, 20241108, C, 23, 37, 0.0061, 192.26, 0.1089
20241031115710, COIN, 237.5, 20241108, P, 0, 3, 0.0061, 192.26, -0.8947
20241031115710, COIN, 240, 20241108, C, 491, 816, 0.0056, 192.26, 0.0982
20241031115710, COIN, 240, 20241108, P, 19, 72, 0.0057, 192.26, -0.9054
20241031115710, COIN, 242.5, 20241108, C, 22, 50, 0.0052, 192.26, 0.0886
20241031115710, COIN, 242.5, 20241108, P, 0, 16, 0.0052, 192.26, -0.9152
20241031115710, COIN, 245, 20241108, C, 239, 512, 0.0048, 192.26, 0.0799
20241031115710, COIN, 245, 20241108, P, 0, 4, 0.0048, 192.26, -0.9239
20241031115710, COIN, 247.5, 20241108, C, 36, 104, 0.0044, 192.26, 0.0721
20241031115710, COIN, 247.5, 20241108, P, 1, 11, 0.0045, 192.26, -0.932
20241031115710, COIN, 250, 20241108, C, 1949, 2203, 0.004, 192.26, 0.065
20241031115710, COIN, 250, 20241108, P, 0, 17, 0.0042, 192.26, -0.9393
20241031115710, COIN, 252.5, 20241108, C, 115, 36, 0.0037, 192.26, 0.0587
20241031115710, COIN, 252.5, 20241108, P, 0, 0, 0.0039, 192.26, -0.9458
20241031115710, COIN, 255, 20241108, C, 125, 314, 0.0034, 192.26, 0.053
20241031115710, COIN, 255, 20241108, P, 0, 3, 0.0036, 192.26, -0.9519
20241031115710, COIN, 257.5, 20241108, C, 12, 27, 0.0031, 192.26, 0.0479
20241031115710, COIN, 257.5, 20241108, P, 0, 3, 0.0034, 192.26, -0.9575
20241031115710, COIN, 260, 20241108, C, 137, 522, 0.0028, 192.26, 0.0434
20241031115710, COIN, 260, 20241108, P, 0, 6, 0.0032, 192.26, -0.9625
20241031115710, COIN, 262.5, 20241108, C, 19, 54, 0.0026, 192.26, 0.0393
20241031115710, COIN, 262.5, 20241108, P, 0, 0, 0.003, 192.26, -0.9669
20241031115710, COIN, 265, 20241108, C, 125, 198, 0.0024, 192.26, 0.0356
20241031115710, COIN, 265, 20241108, P, 0, 0, 0.0027, 192.26, -0.9711
20241031115710, COIN, 267.5, 20241108, C, 20, 24, 0.0022, 192.26, 0.0322
20241031115710, COIN, 267.5, 20241108, P, 0, 1, 0.0025, 192.26, -0.9748
20241031115710, COIN, 270, 20241108, C, 190, 459, 0.002, 192.26, 0.0293
20241031115710, COIN, 270, 20241108, P, 0, 3, 0.0023, 192.26, -0.9782
20241031115710, COIN, 272.5, 20241108, C, 2, 37, 0.0018, 192.26, 0.0266
20241031115710, COIN, 272.5, 20241108, P, 0, 0, 0.0022, 192.26, -0.9812
20241031115710, COIN, 275, 20241108, C, 90, 458, 0.0017, 192.26, 0.0242
20241031115710, COIN, 275, 20241108, P, 0, 0, 0.002, 192.26, -0.9839
20241031115710, COIN, 277.5, 20241108, C, 16, 24, 0.0016, 192.26, 0.0221
20241031115710, COIN, 277.5, 20241108, P, 0, 0, 0.0018, 192.26, -0.9862
20241031115710, COIN, 280, 20241108, C, 113, 506, 0.0014, 192.26, 0.0201
20241031115710, COIN, 280, 20241108, P, 0, 1, 0.0016, 192.26, -0.9883
20241031115710, COIN, 282.5, 20241108, C, 9, 44, 0.0013, 192.26, 0.0184
20241031115710, COIN, 282.5, 20241108, P, 0, 1, 0.0014, 192.26, -0.9902
20241031115710, COIN, 285, 20241108, C, 12, 75, 0.0012, 192.26, 0.0168
20241031115710, COIN, 285, 20241108, P, 34, 2, 0.0012, 192.26, -0.9918
20241031115710, COIN, 287.5, 20241108, C, 6, 11, 0.0011, 192.26, 0.0154
20241031115710, COIN, 287.5, 20241108, P, 0, 0, 0.0011, 192.26, -0.9931
20241031115710, COIN, 290, 20241108, C, 12, 216, 0.001, 192.26, 0.0141
20241031115710, COIN, 290, 20241108, P, 0, 5, 0.0009, 192.26, -0.9942
20241031115710, COIN, 292.5, 20241108, C, 2, 4, 0.001, 192.26, 0.013
20241031115710, COIN, 292.5, 20241108, P, 0, 0, 0.0008, 192.26, -0.9952
20241031115710, COIN, 295, 20241108, C, 4, 76, 0.0009, 192.26, 0.012
20241031115710, COIN, 295, 20241108, P, 0, 0, 0.0007, 192.26, -0.996
20241031115710, COIN, 297.5, 20241108, C, 4, 17, 0.0008, 192.26, 0.011
20241031115710, COIN, 297.5, 20241108, P, 0, 0, 0.0006, 192.26, -0.9968
20241031115710, COIN, 300, 20241108, C, 399, 2095, 0.0008, 192.26, 0.0102
20241031115710, COIN, 300, 20241108, P, 0, 18, 0.0005, 192.26, -0.9975
20241031115710, COIN, 305, 20241108, C, 10, 137, 0.0006, 192.26, 0.0087
20241031115710, COIN, 305, 20241108, P, 0, 10, 0.0004, 192.26, -0.9982
20241031115710, COIN, 310, 20241108, C, 37, 86, 0.0006, 192.26, 0.0075
20241031115710, COIN, 310, 20241108, P, 0, 0, 0.0002, 192.26, -0.9988
20241031115710, COIN, 315, 20241108, C, 23, 112, 0.0005, 192.26, 0.0065
20241031115710, COIN, 315, 20241108, P, 0, 17, 0.0002, 192.26, -0.9993
20241031115710, COIN, 320, 20241108, C, 78, 170, 0.0004, 192.26, 0.0056
20241031115710, COIN, 320, 20241108, P, 0, 20, 0.0001, 192.26, -0.9996
20241031115710, COIN, 325, 20241108, C, 68, 329, 0.0004, 192.26, 0.0049
20241031115710, COIN, 325, 20241108, P, 0, 1, 0.0001, 192.26, -0.9997
20241031115710, COIN, 330, 20241108, C, 146, 170, 0.0003, 192.26, 0.0044
20241031115710, COIN, 330, 20241108, P, 0, 0, 0, 192.26, -0.9998
20241031115710, COIN, 340, 20241108, C, 0, 21, 0.0003, 192.26, 0.0034
20241031115710, COIN, 340, 20241108, P, 0, 0, 0, 192.26, -1
20241031115710, COIN, 350, 20241108, C, 12, 85, 0.0002, 192.26, 0.0027
20241031115710, COIN, 350, 20241108, P, 0, 0, 0, 192.26, -1
20241031115710, COIN, 360, 20241108, C, 7, 251, 0.0002, 192.26, 0.0022
20241031115710, COIN, 360, 20241108, P, 0, 0, 0, 192.26, -1
20241031115710, COIN, 370, 20241108, C, 0, 79, 0.0001, 192.26, 0.0018
20241031115710, COIN, 370, 20241108, P, 0, 0, 0, 192.26, -1
20241031115710, COIN, 380, 20241108, C, 0, 9, 0.0001, 192.26, 0.0015
20241031115710, COIN, 380, 20241108, P, 0, 0, 0, 192.26, -1
20241031115710, COIN, 390, 20241108, C, 0, 21, 0.0001, 192.26, 0.0013
20241031115710, COIN, 390, 20241108, P, 0, 0, 0, 192.26, -1
20241031115710, COIN, 400, 20241108, C, 8, 153, 0.0001, 192.26, 0.0011
20241031115710, COIN, 400, 20241108, P, 0, 0, 0, 192.26, -1
20241031115710, COIN, 410, 20241108, C, 0, 1, 0.0001, 192.26, 0.001
20241031115710, COIN, 410, 20241108, P, 0, 0, 0, 192.26, -1
20241031115710, COIN, 420, 20241108, C, 0, 12, 0.0001, 192.26, 0.0008
20241031115710, COIN, 420, 20241108, P, 0, 0, 0, 192.26, -1
20241031115710, COIN, 430, 20241108, C, 6, 67, 0, 192.26, 0.0007
20241031115710, COIN, 430, 20241108, P, 0, 0, 0, 192.26, -1
20241031115710, COIN, 65, 20241115, C, 0, 2, 0.0001, 192.26, 0.9964
20241031115710, COIN, 65, 20241115, P, 6, 166, 0.0001, 192.26, -0.0038
20241031115710, COIN, 70, 20241115, C, 0, 2, 0.0002, 192.26, 0.9957
20241031115710, COIN, 70, 20241115, P, 13, 146, 0.0002, 192.26, -0.0045
20241031115710, COIN, 75, 20241115, C, 0, 0, 0.0002, 192.26, 0.9949
20241031115710, COIN, 75, 20241115, P, 0, 30, 0.0002, 192.26, -0.0052
20241031115710, COIN, 80, 20241115, C, 0, 2, 0.0002, 192.26, 0.994
20241031115710, COIN, 80, 20241115, P, 0, 91, 0.0002, 192.26, -0.0062
20241031115710, COIN, 85, 20241115, C, 0, 2, 0.0003, 192.26, 0.9929
20241031115710, COIN, 85, 20241115, P, 0, 121, 0.0003, 192.26, -0.0073
20241031115710, COIN, 90, 20241115, C, 0, 1, 0.0004, 192.26, 0.9916
20241031115710, COIN, 90, 20241115, P, 5, 204, 0.0004, 192.26, -0.0086
20241031115710, COIN, 95, 20241115, C, 0, 1, 0.0004, 192.26, 0.99
20241031115710, COIN, 95, 20241115, P, 305, 976, 0.0004, 192.26, -0.0102
20241031115710, COIN, 100, 20241115, C, 0, 21, 0.0005, 192.26, 0.988
20241031115710, COIN, 100, 20241115, P, 100, 1780, 0.0005, 192.26, -0.0122
20241031115710, COIN, 105, 20241115, C, 0, 5, 0.0006, 192.26, 0.9856
20241031115710, COIN, 105, 20241115, P, 301, 178, 0.0006, 192.26, -0.0146
20241031115710, COIN, 110, 20241115, C, 0, 18, 0.0008, 192.26, 0.9827
20241031115710, COIN, 110, 20241115, P, 181, 3142, 0.0008, 192.26, -0.0175
20241031115710, COIN, 115, 20241115, C, 0, 79, 0.001, 192.26, 0.9791
20241031115710, COIN, 115, 20241115, P, 78, 1845, 0.001, 192.26, -0.0211
20241031115710, COIN, 120, 20241115, C, 0, 153, 0.0012, 192.26, 0.9745
20241031115710, COIN, 120, 20241115, P, 367, 1381, 0.0012, 192.26, -0.0257
20241031115710, COIN, 125, 20241115, C, 66, 168, 0.0015, 192.26, 0.9687
20241031115710, COIN, 125, 20241115, P, 24, 3868, 0.0015, 192.26, -0.0315
20241031115710, COIN, 130, 20241115, C, 117, 44, 0.0018, 192.26, 0.9614
20241031115710, COIN, 130, 20241115, P, 64, 2166, 0.0018, 192.26, -0.0388
20241031115710, COIN, 135, 20241115, C, 2, 24, 0.0023, 192.26, 0.9519
20241031115710, COIN, 135, 20241115, P, 45, 2180, 0.0023, 192.26, -0.0483
20241031115710, COIN, 140, 20241115, C, 4, 3770, 0.0028, 192.26, 0.9398
20241031115710, COIN, 140, 20241115, P, 120, 5449, 0.0028, 192.26, -0.0605
20241031115710, COIN, 145, 20241115, C, 0, 135, 0.0035, 192.26, 0.9242
20241031115710, COIN, 145, 20241115, P, 63, 1101, 0.0035, 192.26, -0.0762
20241031115710, COIN, 150, 20241115, C, 4, 924, 0.0043, 192.26, 0.9042
20241031115710, COIN, 150, 20241115, P, 183, 3670, 0.0043, 192.26, -0.0961
20241031115710, COIN, 155, 20241115, C, 16, 187, 0.0052, 192.26, 0.8793
20241031115710, COIN, 155, 20241115, P, 82, 1874, 0.0052, 192.26, -0.1212
20241031115710, COIN, 160, 20241115, C, 58, 743, 0.0061, 192.26, 0.8487
20241031115710, COIN, 160, 20241115, P, 147, 3275, 0.0061, 192.26, -0.1518
20241031115710, COIN, 165, 20241115, C, 14, 815, 0.0071, 192.26, 0.8123
20241031115710, COIN, 165, 20241115, P, 194, 1109, 0.0072, 192.26, -0.1884
20241031115710, COIN, 170, 20241115, C, 10, 862, 0.0081, 192.26, 0.7705
20241031115710, COIN, 170, 20241115, P, 226, 2107, 0.0081, 192.26, -0.2304
20241031115710, COIN, 175, 20241115, C, 10, 1701, 0.009, 192.26, 0.724
20241031115710, COIN, 175, 20241115, P, 147, 1765, 0.0091, 192.26, -0.2771
20241031115710, COIN, 180, 20241115, C, 24, 1143, 0.0098, 192.26, 0.6738
20241031115710, COIN, 180, 20241115, P, 357, 4589, 0.0098, 192.26, -0.3275
20241031115710, COIN, 182.5, 20241115, C, 5, 13, 0.0101, 192.26, 0.6477
20241031115710, COIN, 182.5, 20241115, P, 11, 144, 0.0101, 192.26, -0.3537
20241031115710, COIN, 185, 20241115, C, 121, 2339, 0.0104, 192.26, 0.6211
20241031115710, COIN, 185, 20241115, P, 259, 1321, 0.0104, 192.26, -0.3803
20241031115710, COIN, 187.5, 20241115, C, 3, 29, 0.0106, 192.26, 0.5942
20241031115710, COIN, 187.5, 20241115, P, 34, 87, 0.0106, 192.26, -0.4073
20241031115710, COIN, 190, 20241115, C, 124, 1230, 0.0107, 192.26, 0.5672
20241031115710, COIN, 190, 20241115, P, 477, 2353, 0.0108, 192.26, -0.4345
20241031115710, COIN, 192.5, 20241115, C, 19, 5, 0.0108, 192.26, 0.5401
20241031115710, COIN, 192.5, 20241115, P, 32, 58, 0.0109, 192.26, -0.4617
20241031115710, COIN, 195, 20241115, C, 164, 1088, 0.0109, 192.26, 0.5132
20241031115710, COIN, 195, 20241115, P, 109, 1443, 0.011, 192.26, -0.4888
20241031115710, COIN, 197.5, 20241115, C, 81, 44, 0.0109, 192.26, 0.4865
20241031115710, COIN, 197.5, 20241115, P, 72, 95, 0.011, 192.26, -0.5156
20241031115710, COIN, 200, 20241115, C, 538, 5333, 0.0109, 192.26, 0.4602
20241031115710, COIN, 200, 20241115, P, 340, 4487, 0.0109, 192.26, -0.542
20241031115710, COIN, 202.5, 20241115, C, 42, 37, 0.0108, 192.26, 0.4344
20241031115710, COIN, 202.5, 20241115, P, 78, 80, 0.0108, 192.26, -0.568
20241031115710, COIN, 205, 20241115, C, 328, 134, 0.0106, 192.26, 0.4092
20241031115710, COIN, 205, 20241115, P, 44, 126, 0.0107, 192.26, -0.5934
20241031115710, COIN, 207.5, 20241115, C, 39, 68, 0.0105, 192.26, 0.3847
20241031115710, COIN, 207.5, 20241115, P, 5, 285, 0.0105, 192.26, -0.618
20241031115710, COIN, 210, 20241115, C, 551, 3183, 0.0102, 192.26, 0.361
20241031115710, COIN, 210, 20241115, P, 66, 1105, 0.0103, 192.26, -0.6418
20241031115710, COIN, 212.5, 20241115, C, 146, 216, 0.01, 192.26, 0.3381
20241031115710, COIN, 212.5, 20241115, P, 15, 294, 0.0101, 192.26, -0.6649
20241031115710, COIN, 215, 20241115, C, 180, 35522, 0.0097, 192.26, 0.3162
20241031115710, COIN, 215, 20241115, P, 34, 2189, 0.0098, 192.26, -0.6869
20241031115710, COIN, 217.5, 20241115, C, 29, 207, 0.0094, 192.26, 0.2952
20241031115710, COIN, 217.5, 20241115, P, 9, 64, 0.0095, 192.26, -0.7081
20241031115710, COIN, 220, 20241115, C, 1223, 2487, 0.0091, 192.26, 0.2752
20241031115710, COIN, 220, 20241115, P, 282, 795, 0.0092, 192.26, -0.7282
20241031115710, COIN, 222.5, 20241115, C, 36, 253, 0.0088, 192.26, 0.2562
20241031115710, COIN, 222.5, 20241115, P, 6, 130, 0.0088, 192.26, -0.7474
20241031115710, COIN, 225, 20241115, C, 232, 342, 0.0084, 192.26, 0.2383
20241031115710, COIN, 225, 20241115, P, 1, 38, 0.0085, 192.26, -0.7655
20241031115710, COIN, 227.5, 20241115, C, 56, 116, 0.008, 192.26, 0.2213
20241031115710, COIN, 227.5, 20241115, P, 0, 28, 0.0081, 192.26, -0.7826
20241031115710, COIN, 230, 20241115, C, 355, 1780, 0.0077, 192.26, 0.2054
20241031115710, COIN, 230, 20241115, P, 6, 346, 0.0078, 192.26, -0.7987
20241031115710, COIN, 235, 20241115, C, 96, 158, 0.007, 192.26, 0.1765
20241031115710, COIN, 235, 20241115, P, 0, 11, 0.0071, 192.26, -0.828
20241031115710, COIN, 240, 20241115, C, 716, 2244, 0.0063, 192.26, 0.1513
20241031115710, COIN, 240, 20241115, P, 2, 417, 0.0064, 192.26, -0.8535
20241031115710, COIN, 245, 20241115, C, 118, 172, 0.0056, 192.26, 0.1297
20241031115710, COIN, 245, 20241115, P, 0, 29, 0.0057, 192.26, -0.8756
20241031115710, COIN, 250, 20241115, C, 2058, 4846, 0.005, 192.26, 0.1109
20241031115710, COIN, 250, 20241115, P, 7, 402, 0.0051, 192.26, -0.8945
20241031115710, COIN, 260, 20241115, C, 966, 1483, 0.0039, 192.26, 0.0816
20241031115710, COIN, 260, 20241115, P, 0, 332, 0.004, 192.26, -0.9243
20241031115710, COIN, 270, 20241115, C, 1292, 1008, 0.0031, 192.26, 0.0606
20241031115710, COIN, 270, 20241115, P, 1, 134, 0.0032, 192.26, -0.9459
20241031115710, COIN, 280, 20241115, C, 865, 4348, 0.0024, 192.26, 0.0457
20241031115710, COIN, 280, 20241115, P, 0, 80, 0.0027, 192.26, -0.9622
20241031115710, COIN, 290, 20241115, C, 88, 1072, 0.0019, 192.26, 0.0349
20241031115710, COIN, 290, 20241115, P, 0, 8, 0.0023, 192.26, -0.9744
20241031115710, COIN, 300, 20241115, C, 905, 4132, 0.0015, 192.26, 0.0272
20241031115710, COIN, 300, 20241115, P, 0, 16, 0.0019, 192.26, -0.9835
20241031115710, COIN, 310, 20241115, C, 94, 769, 0.0012, 192.26, 0.0216
20241031115710, COIN, 310, 20241115, P, 0, 1, 0.0013, 192.26, -0.9898
20241031115710, COIN, 320, 20241115, C, 52, 661, 0.001, 192.26, 0.0174
20241031115710, COIN, 320, 20241115, P, 0, 60, 0.0009, 192.26, -0.9942
20241031115710, COIN, 330, 20241115, C, 13, 609, 0.0008, 192.26, 0.0143
20241031115710, COIN, 330, 20241115, P, 0, 30, 0.0006, 192.26, -0.9966
20241031115710, COIN, 340, 20241115, C, 27, 762, 0.0007, 192.26, 0.0119
20241031115710, COIN, 340, 20241115, P, 0, 10, 0.0003, 192.26, -0.9982
20241031115710, COIN, 350, 20241115, C, 95, 4493, 0.0006, 192.26, 0.01
20241031115710, COIN, 350, 20241115, P, 0, 6, 0.0002, 192.26, -0.9993
20241031115710, COIN, 360, 20241115, C, 6, 357, 0.0005, 192.26, 0.0085
20241031115710, COIN, 360, 20241115, P, 0, 1, 0.0001, 192.26, -0.9996
20241031115710, COIN, 370, 20241115, C, 0, 364, 0.0004, 192.26, 0.0074
20241031115710, COIN, 370, 20241115, P, 0, 0, 0, 192.26, -0.9998
20241031115710, COIN, 380, 20241115, C, 2, 125, 0.0004, 192.26, 0.0064
20241031115710, COIN, 380, 20241115, P, 0, 1, 0, 192.26, -0.9999
20241031115710, COIN, 390, 20241115, C, 3, 109, 0.0003, 192.26, 0.0056
20241031115710, COIN, 390, 20241115, P, 0, 0, 0, 192.26, -1
20241031115710, COIN, 400, 20241115, C, 8, 930, 0.0003, 192.26, 0.005
20241031115710, COIN, 400, 20241115, P, 0, 0, 0, 192.26, -1
20241031115710, COIN, 410, 20241115, C, 0, 500, 0.0002, 192.26, 0.0044
20241031115710, COIN, 410, 20241115, P, 0, 0, 0, 192.26, -1
20241031115710, COIN, 420, 20241115, C, 0, 144, 0.0002, 192.26, 0.004
20241031115710, COIN, 420, 20241115, P, 0, 0, 0, 192.26, -1
20241031115710, COIN, 430, 20241115, C, 0, 37, 0.0002, 192.26, 0.0036
20241031115710, COIN, 430, 20241115, P, 0, 0, 0, 192.26, -1
20241031115710, COIN, 440, 20241115, C, 5, 265, 0.0002, 192.26, 0.0032
20241031115710, COIN, 440, 20241115, P, 0, 0, 0, 192.26, -1
20241031115710, COIN, 450, 20241115, C, 1, 203, 0.0002, 192.26, 0.0029
20241031115710, COIN, 450, 20241115, P, 0, 0, 0, 192.26, -1
20241031115710, COIN, 460, 20241115, C, 0, 90, 0.0001, 192.26, 0.0027
20241031115710, COIN, 460, 20241115, P, 0, 0, 0, 192.26, -1
20241031115710, COIN, 470, 20241115, C, 0, 49, 0.0001, 192.26, 0.0024
20241031115710, COIN, 470, 20241115, P, 0, 0, 0, 192.26, -1
20241031115710, COIN, 480, 20241115, C, 0, 39, 0.0001, 192.26, 0.0022
20241031115710, COIN, 480, 20241115, P, 0, 0, 0, 192.26, -1
20241031115710, COIN, 490, 20241115, C, 2, 205, 0.0001, 192.26, 0.0021
20241031115710, COIN, 490, 20241115, P, 0, 0, 0, 192.26, -1
20241031115710, COIN, 500, 20241115, C, 101, 304, 0.0001, 192.26, 0.0019
20241031115710, COIN, 500, 20241115, P, 0, 0, 0, 192.26, -1
20241031115710, COIN, 510, 20241115, C, 12, 95, 0.0001, 192.26, 0.0018
20241031115710, COIN, 510, 20241115, P, 0, 0, 0, 192.26, -1
20241031115710, COIN, 520, 20241115, C, 398, 1000, 0.0001, 192.26, 0.0016
20241031115710, COIN, 520, 20241115, P, 0, 0, 0, 192.26, -1
20241031115710, COIN, 80, 20241122, C, 0, 0, 0.0002, 192.26, 0.9941
20241031115710, COIN, 80, 20241122, P, 0, 11, 0.0002, 192.26, -0.0061
20241031115710, COIN, 85, 20241122, C, 0, 0, 0.0003, 192.26, 0.9928
20241031115710, COIN, 85, 20241122, P, 5, 24, 0.0003, 192.26, -0.0074
20241031115710, COIN, 90, 20241122, C, 0, 0, 0.0004, 192.26, 0.9913
20241031115710, COIN, 90, 20241122, P, 0, 40, 0.0004, 192.26, -0.0089
20241031115710, COIN, 95, 20241122, C, 0, 1, 0.0004, 192.26, 0.9894
20241031115710, COIN, 95, 20241122, P, 756, 107, 0.0004, 192.26, -0.0108
20241031115710, COIN, 100, 20241122, C, 0, 3, 0.0006, 192.26, 0.987
20241031115710, COIN, 100, 20241122, P, 41, 106, 0.0006, 192.26, -0.0132
20241031115710, COIN, 105, 20241122, C, 0, 0, 0.0007, 192.26, 0.9841
20241031115710, COIN, 105, 20241122, P, 0, 131, 0.0007, 192.26, -0.0162
20241031115710, COIN, 110, 20241122, C, 0, 1, 0.0008, 192.26, 0.9804
20241031115710, COIN, 110, 20241122, P, 0, 15, 0.0008, 192.26, -0.0198
20241031115710, COIN, 115, 20241122, C, 0, 3, 0.0011, 192.26, 0.9757
20241031115710, COIN, 115, 20241122, P, 0, 42, 0.0011, 192.26, -0.0245
20241031115710, COIN, 120, 20241122, C, 0, 29, 0.0013, 192.26, 0.9698
20241031115710, COIN, 120, 20241122, P, 23, 122, 0.0013, 192.26, -0.0304
20241031115710, COIN, 125, 20241122, C, 0, 2, 0.0016, 192.26, 0.9623
20241031115710, COIN, 125, 20241122, P, 1, 251, 0.0016, 192.26, -0.0379
20241031115710, COIN, 130, 20241122, C, 0, 1, 0.002, 192.26, 0.9528
20241031115710, COIN, 130, 20241122, P, 1, 169, 0.002, 192.26, -0.0475
20241031115710, COIN, 135, 20241122, C, 7, 22, 0.0025, 192.26, 0.9408
20241031115710, COIN, 135, 20241122, P, 31, 343, 0.0025, 192.26, -0.0596
20241031115710, COIN, 140, 20241122, C, 1, 78, 0.003, 192.26, 0.9257
20241031115710, COIN, 140, 20241122, P, 6, 1731, 0.003, 192.26, -0.0747
20241031115710, COIN, 145, 20241122, C, 100, 9, 0.0037, 192.26, 0.9072
20241031115710, COIN, 145, 20241122, P, 22, 445, 0.0037, 192.26, -0.0933
20241031115710, COIN, 150, 20241122, C, 100, 6, 0.0044, 192.26, 0.8847
20241031115710, COIN, 150, 20241122, P, 31, 244, 0.0044, 192.26, -0.1158
20241031115710, COIN, 155, 20241122, C, 0, 3, 0.0051, 192.26, 0.8579
20241031115710, COIN, 155, 20241122, P, 18, 198, 0.0052, 192.26, -0.1427
20241031115710, COIN, 160, 20241122, C, 0, 8, 0.0059, 192.26, 0.8268
20241031115710, COIN, 160, 20241122, P, 112, 342, 0.0059, 192.26, -0.1738
20241031115710, COIN, 165, 20241122, C, 0, 23, 0.0067, 192.26, 0.7915
20241031115710, COIN, 165, 20241122, P, 31, 326, 0.0067, 192.26, -0.2092
20241031115710, COIN, 170, 20241122, C, 5, 43, 0.0075, 192.26, 0.7523
20241031115710, COIN, 170, 20241122, P, 188, 330, 0.0075, 192.26, -0.2486
20241031115710, COIN, 175, 20241122, C, 1, 27, 0.0081, 192.26, 0.7098
20241031115710, COIN, 175, 20241122, P, 65, 99, 0.0082, 192.26, -0.2915
20241031115710, COIN, 180, 20241122, C, 15, 253, 0.0087, 192.26, 0.6648
20241031115710, COIN, 180, 20241122, P, 34, 155, 0.0087, 192.26, -0.3366
20241031115710, COIN, 185, 20241122, C, 10, 58, 0.0091, 192.26, 0.6182
20241031115710, COIN, 185, 20241122, P, 39, 224, 0.0092, 192.26, -0.3835
20241031115710, COIN, 190, 20241122, C, 12, 48, 0.0094, 192.26, 0.5707
20241031115710, COIN, 190, 20241122, P, 20, 95, 0.0095, 192.26, -0.4313
20241031115710, COIN, 195, 20241122, C, 53, 53, 0.0096, 192.26, 0.5232
20241031115710, COIN, 195, 20241122, P, 25, 113, 0.0097, 192.26, -0.4791
20241031115710, COIN, 200, 20241122, C, 61, 244, 0.0096, 192.26, 0.4763
20241031115710, COIN, 200, 20241122, P, 26, 319, 0.0097, 192.26, -0.5263
20241031115710, COIN, 205, 20241122, C, 32, 54, 0.0095, 192.26, 0.4308
20241031115710, COIN, 205, 20241122, P, 17, 75, 0.0096, 192.26, -0.5721
20241031115710, COIN, 210, 20241122, C, 149, 269, 0.0093, 192.26, 0.3872
20241031115710, COIN, 210, 20241122, P, 17, 119, 0.0093, 192.26, -0.616
20241031115710, COIN, 215, 20241122, C, 44, 238, 0.0089, 192.26, 0.3462
20241031115710, COIN, 215, 20241122, P, 18, 125, 0.009, 192.26, -0.6575
20241031115710, COIN, 220, 20241122, C, 100, 361, 0.0085, 192.26, 0.3079
20241031115710, COIN, 220, 20241122, P, 86, 34, 0.0086, 192.26, -0.6961
20241031115710, COIN, 225, 20241122, C, 27, 184, 0.008, 192.26, 0.2728
20241031115710, COIN, 225, 20241122, P, 0, 15, 0.0081, 192.26, -0.7316
20241031115710, COIN, 230, 20241122, C, 95, 363, 0.0075, 192.26, 0.2409
20241031115710, COIN, 230, 20241122, P, 71, 20, 0.0076, 192.26, -0.7639
20241031115710, COIN, 235, 20241122, C, 56, 88, 0.0069, 192.26, 0.2122
20241031115710, COIN, 235, 20241122, P, 0, 3, 0.0071, 192.26, -0.7931
20241031115710, COIN, 240, 20241122, C, 31, 649, 0.0064, 192.26, 0.1869
20241031115710, COIN, 240, 20241122, P, 0, 2, 0.0065, 192.26, -0.819
20241031115710, COIN, 245, 20241122, C, 66, 132, 0.0059, 192.26, 0.1642
20241031115710, COIN, 245, 20241122, P, 0, 2, 0.006, 192.26, -0.842
20241031115710, COIN, 250, 20241122, C, 128, 256, 0.0053, 192.26, 0.1443
20241031115710, COIN, 250, 20241122, P, 0, 6, 0.0055, 192.26, -0.8622
20241031115710, COIN, 255, 20241122, C, 10, 114, 0.0049, 192.26, 0.127
20241031115710, COIN, 255, 20241122, P, 3, 3, 0.005, 192.26, -0.88
20241031115710, COIN, 260, 20241122, C, 15, 86, 0.0044, 192.26, 0.1119
20241031115710, COIN, 260, 20241122, P, 2, 10, 0.0045, 192.26, -0.8954
20241031115710, COIN, 265, 20241122, C, 21, 45, 0.004, 192.26, 0.0989
20241031115710, COIN, 265, 20241122, P, 0, 0, 0.0041, 192.26, -0.9089
20241031115710, COIN, 270, 20241122, C, 27, 84, 0.0036, 192.26, 0.0875
20241031115710, COIN, 270, 20241122, P, 0, 0, 0.0037, 192.26, -0.9206
20241031115710, COIN, 275, 20241122, C, 40, 89, 0.0033, 192.26, 0.0776
20241031115710, COIN, 275, 20241122, P, 6, 6, 0.0034, 192.26, -0.9307
20241031115710, COIN, 280, 20241122, C, 59, 173, 0.003, 192.26, 0.0691
20241031115710, COIN, 280, 20241122, P, 0, 0, 0.0031, 192.26, -0.9398
20241031115710, COIN, 285, 20241122, C, 10, 55, 0.0027, 192.26, 0.0616
20241031115710, COIN, 285, 20241122, P, 0, 1, 0.0029, 192.26, -0.9477
20241031115710, COIN, 290, 20241122, C, 12, 34, 0.0024, 192.26, 0.0552
20241031115710, COIN, 290, 20241122, P, 0, 0, 0.0027, 192.26, -0.9544
20241031115710, COIN, 295, 20241122, C, 2, 46, 0.0022, 192.26, 0.0496
20241031115710, COIN, 295, 20241122, P, 0, 0, 0.0025, 192.26, -0.9608
20241031115710, COIN, 300, 20241122, C, 85, 216, 0.002, 192.26, 0.0447
20241031115710, COIN, 300, 20241122, P, 1, 1, 0.0024, 192.26, -0.9666
20241031115710, COIN, 305, 20241122, C, 3, 38, 0.0018, 192.26, 0.0405
20241031115710, COIN, 305, 20241122, P, 0, 0, 0.0023, 192.26, -0.9715
20241031115710, COIN, 310, 20241122, C, 5, 22, 0.0017, 192.26, 0.0367
20241031115710, COIN, 310, 20241122, P, 0, 0, 0.0022, 192.26, -0.9757
20241031115710, COIN, 315, 20241122, C, 19, 22, 0.0015, 192.26, 0.0334
20241031115710, COIN, 315, 20241122, P, 0, 1, 0.0019, 192.26, -0.9797
20241031115710, COIN, 320, 20241122, C, 0, 45, 0.0014, 192.26, 0.0305
20241031115710, COIN, 320, 20241122, P, 0, 0, 0.0017, 192.26, -0.9832
20241031115710, COIN, 325, 20241122, C, 2, 144, 0.0013, 192.26, 0.028
20241031115710, COIN, 325, 20241122, P, 0, 1, 0.0016, 192.26, -0.9862
20241031115710, COIN, 330, 20241122, C, 0, 21, 0.0012, 192.26, 0.0257
20241031115710, COIN, 330, 20241122, P, 0, 0, 0.0014, 192.26, -0.9888
20241031115710, COIN, 340, 20241122, C, 0, 11, 0.001, 192.26, 0.0218
20241031115710, COIN, 340, 20241122, P, 0, 0, 0.001, 192.26, -0.9927
20241031115710, COIN, 350, 20241122, C, 11, 47, 0.0009, 192.26, 0.0187
20241031115710, COIN, 350, 20241122, P, 0, 0, 0.0007, 192.26, -0.9953
20241031115710, COIN, 360, 20241122, C, 0, 2, 0.0008, 192.26, 0.0162
20241031115710, COIN, 360, 20241122, P, 0, 0, 0.0004, 192.26, -0.9974
20241031115710, COIN, 370, 20241122, C, 0, 3, 0.0007, 192.26, 0.0141
20241031115710, COIN, 370, 20241122, P, 0, 0, 0.0003, 192.26, -0.9987
20241031115710, COIN, 380, 20241122, C, 4, 1, 0.0006, 192.26, 0.0124
20241031115710, COIN, 380, 20241122, P, 0, 0, 0.0002, 192.26, -0.9991
20241031115710, COIN, 390, 20241122, C, 0, 0, 0.0005, 192.26, 0.0109
20241031115710, COIN, 390, 20241122, P, 0, 1, 0.0001, 192.26, -0.9995
20241031115710, COIN, 400, 20241122, C, 0, 53, 0.0004, 192.26, 0.0097
20241031115710, COIN, 400, 20241122, P, 0, 0, 0, 192.26, -0.9998
20241031115710, COIN, 410, 20241122, C, 0, 2, 0.0004, 192.26, 0.0086
20241031115710, COIN, 410, 20241122, P, 0, 0, 0, 192.26, -1
20241031115710, COIN, 420, 20241122, C, 8, 38, 0.0004, 192.26, 0.0077
20241031115710, COIN, 420, 20241122, P, 0, 0, 0, 192.26, -1
20241031115710, COIN, 430, 20241122, C, 11, 6, 0.0003, 192.26, 0.0069
20241031115710, COIN, 430, 20241122, P, 0, 0, 0, 192.26, -1
20241031115710, COIN, 80, 20241129, C, 0, 1, 0.0002, 192.26, 0.9941
20241031115710, COIN, 80, 20241129, P, 1, 42, 0.0002, 192.26, -0.0063
20241031115710, COIN, 85, 20241129, C, 0, 0, 0.0003, 192.26, 0.9927
20241031115710, COIN, 85, 20241129, P, 0, 0, 0.0003, 192.26, -0.0077
20241031115710, COIN, 90, 20241129, C, 0, 1, 0.0004, 192.26, 0.991
20241031115710, COIN, 90, 20241129, P, 12, 44, 0.0004, 192.26, -0.0094
20241031115710, COIN, 95, 20241129, C, 2, 0, 0.0005, 192.26, 0.989
20241031115710, COIN, 95, 20241129, P, 0, 0, 0.0005, 192.26, -0.0115
20241031115710, COIN, 100, 20241129, C, 0, 4, 0.0006, 192.26, 0.9863
20241031115710, COIN, 100, 20241129, P, 202, 127, 0.0006, 192.26, -0.0141
20241031115710, COIN, 105, 20241129, C, 0, 1, 0.0007, 192.26, 0.983
20241031115710, COIN, 105, 20241129, P, 2, 411, 0.0007, 192.26, -0.0174
20241031115710, COIN, 110, 20241129, C, 0, 1, 0.0009, 192.26, 0.9788
20241031115710, COIN, 110, 20241129, P, 0, 120, 0.0009, 192.26, -0.0216
20241031115710, COIN, 115, 20241129, C, 0, 0, 0.0011, 192.26, 0.9735
20241031115710, COIN, 115, 20241129, P, 0, 6, 0.0011, 192.26, -0.027
20241031115710, COIN, 120, 20241129, C, 0, 0, 0.0014, 192.26, 0.9667
20241031115710, COIN, 120, 20241129, P, 7, 36, 0.0014, 192.26, -0.0338
20241031115710, COIN, 125, 20241129, C, 0, 20, 0.0017, 192.26, 0.9582
20241031115710, COIN, 125, 20241129, P, 0, 160, 0.0017, 192.26, -0.0423
20241031115710, COIN, 130, 20241129, C, 0, 22, 0.0021, 192.26, 0.9474
20241031115710, COIN, 130, 20241129, P, 5, 58, 0.0021, 192.26, -0.0531
20241031115710, COIN, 135, 20241129, C, 0, 0, 0.0026, 192.26, 0.9341
20241031115710, COIN, 135, 20241129, P, 3, 310, 0.0026, 192.26, -0.0665
20241031115710, COIN, 140, 20241129, C, 0, 0, 0.0031, 192.26, 0.9177
20241031115710, COIN, 140, 20241129, P, 38, 308, 0.0031, 192.26, -0.0829
20241031115710, COIN, 145, 20241129, C, 121, 2, 0.0037, 192.26, 0.8979
20241031115710, COIN, 145, 20241129, P, 9, 363, 0.0037, 192.26, -0.1028
20241031115710, COIN, 150, 20241129, C, 120, 1, 0.0044, 192.26, 0.8744
20241031115710, COIN, 150, 20241129, P, 37, 329, 0.0044, 192.26, -0.1263
20241031115710, COIN, 155, 20241129, C, 0, 0, 0.0051, 192.26, 0.8472
20241031115710, COIN, 155, 20241129, P, 29, 117, 0.0051, 192.26, -0.1537
20241031115710, COIN, 160, 20241129, C, 0, 10, 0.0058, 192.26, 0.8162
20241031115710, COIN, 160, 20241129, P, 98, 165, 0.0058, 192.26, -0.1848
20241031115710, COIN, 165, 20241129, C, 8, 7, 0.0064, 192.26, 0.7816
20241031115710, COIN, 165, 20241129, P, 31, 127, 0.0065, 192.26, -0.2195
20241031115710, COIN, 170, 20241129, C, 0, 36, 0.0071, 192.26, 0.7439
20241031115710, COIN, 170, 20241129, P, 33, 768, 0.0071, 192.26, -0.2574
20241031115710, COIN, 175, 20241129, C, 1, 36, 0.0076, 192.26, 0.7037
20241031115710, COIN, 175, 20241129, P, 37, 179, 0.0077, 192.26, -0.2978
20241031115710, COIN, 180, 20241129, C, 4, 11, 0.0081, 192.26, 0.6616
20241031115710, COIN, 180, 20241129, P, 44, 156, 0.0081, 192.26, -0.3404
20241031115710, COIN, 185, 20241129, C, 12, 68, 0.0085, 192.26, 0.6182
20241031115710, COIN, 185, 20241129, P, 57, 100, 0.0085, 192.26, -0.3841
20241031115710, COIN, 190, 20241129, C, 17, 36, 0.0087, 192.26, 0.5741
20241031115710, COIN, 190, 20241129, P, 28, 90, 0.0088, 192.26, -0.4284
20241031115710, COIN, 195, 20241129, C, 66, 59, 0.0089, 192.26, 0.5301
20241031115710, COIN, 195, 20241129, P, 39, 114, 0.009, 192.26, -0.4728
20241031115710, COIN, 200, 20241129, C, 104, 76, 0.0089, 192.26, 0.4868
20241031115710, COIN, 200, 20241129, P, 18, 321, 0.009, 192.26, -0.5165
20241031115710, COIN, 205, 20241129, C, 29, 87, 0.0088, 192.26, 0.4445
20241031115710, COIN, 205, 20241129, P, 31, 1541, 0.0089, 192.26, -0.5592
20241031115710, COIN, 210, 20241129, C, 56, 139, 0.0087, 192.26, 0.4039
20241031115710, COIN, 210, 20241129, P, 5, 106, 0.0088, 192.26, -0.6002
20241031115710, COIN, 215, 20241129, C, 109, 323, 0.0084, 192.26, 0.3653
20241031115710, COIN, 215, 20241129, P, 1, 54, 0.0085, 192.26, -0.6392
20241031115710, COIN, 220, 20241129, C, 112, 270, 0.0081, 192.26, 0.329
20241031115710, COIN, 220, 20241129, P, 12, 44, 0.0082, 192.26, -0.676
20241031115710, COIN, 225, 20241129, C, 32, 133, 0.0077, 192.26, 0.2952
20241031115710, COIN, 225, 20241129, P, 1, 10, 0.0078, 192.26, -0.7102
20241031115710, COIN, 230, 20241129, C, 37, 91, 0.0073, 192.26, 0.2643
20241031115710, COIN, 230, 20241129, P, 282, 12, 0.0074, 192.26, -0.7419
20241031115710, COIN, 235, 20241129, C, 84, 142, 0.0068, 192.26, 0.2359
20241031115710, COIN, 235, 20241129, P, 0, 53, 0.007, 192.26, -0.7708
20241031115710, COIN, 240, 20241129, C, 43, 202, 0.0064, 192.26, 0.2099
20241031115710, COIN, 240, 20241129, P, 2, 9, 0.0065, 192.26, -0.7972
20241031115710, COIN, 245, 20241129, C, 17, 304, 0.0059, 192.26, 0.1866
20241031115710, COIN, 245, 20241129, P, 0, 1, 0.0061, 192.26, -0.821
20241031115710, COIN, 250, 20241129, C, 343, 774, 0.0055, 192.26, 0.1659
20241031115710, COIN, 250, 20241129, P, 0, 8, 0.0056, 192.26, -0.8423
20241031115710, COIN, 255, 20241129, C, 12, 94, 0.005, 192.26, 0.1472
20241031115710, COIN, 255, 20241129, P, 0, 0, 0.0052, 192.26, -0.8615
20241031115710, COIN, 260, 20241129, C, 367, 699, 0.0046, 192.26, 0.1308
20241031115710, COIN, 260, 20241129, P, 1, 8, 0.0048, 192.26, -0.8785
20241031115710, COIN, 265, 20241129, C, 16, 61, 0.0042, 192.26, 0.1162
20241031115710, COIN, 265, 20241129, P, 0, 0, 0.0044, 192.26, -0.8936
20241031115710, COIN, 270, 20241129, C, 14, 125, 0.0039, 192.26, 0.1033
20241031115710, COIN, 270, 20241129, P, 0, 0, 0.004, 192.26, -0.907
20241031115710, COIN, 275, 20241129, C, 10, 118, 0.0035, 192.26, 0.092
20241031115710, COIN, 275, 20241129, P, 0, 0, 0.0037, 192.26, -0.9188
20241031115710, COIN, 280, 20241129, C, 15, 108, 0.0032, 192.26, 0.0821
20241031115710, COIN, 280, 20241129, P, 1, 1, 0.0034, 192.26, -0.9291
20241031115710, COIN, 285, 20241129, C, 6, 11, 0.0029, 192.26, 0.0732
20241031115710, COIN, 285, 20241129, P, 0, 0, 0.0031, 192.26, -0.9383
20241031115710, COIN, 290, 20241129, C, 12, 72, 0.0027, 192.26, 0.0656
20241031115710, COIN, 290, 20241129, P, 0, 0, 0.0029, 192.26, -0.9468
20241031115710, COIN, 295, 20241129, C, 7, 47, 0.0024, 192.26, 0.0588
20241031115710, COIN, 295, 20241129, P, 0, 0, 0.0028, 192.26, -0.9543
20241031115710, COIN, 300, 20241129, C, 172, 290, 0.0022, 192.26, 0.0529
20241031115710, COIN, 300, 20241129, P, 0, 4, 0.0026, 192.26, -0.9608
20241031115710, COIN, 305, 20241129, C, 0, 14, 0.002, 192.26, 0.0477
20241031115710, COIN, 305, 20241129, P, 0, 0, 0.0025, 192.26, -0.967
20241031115710, COIN, 310, 20241129, C, 1, 43, 0.0018, 192.26, 0.0431
20241031115710, COIN, 310, 20241129, P, 0, 0, 0.0024, 192.26, -0.9729
20241031115710, COIN, 315, 20241129, C, 14, 34, 0.0017, 192.26, 0.0391
20241031115710, COIN, 315, 20241129, P, 0, 0, 0.0022, 192.26, -0.9778
20241031115710, COIN, 320, 20241129, C, 0, 36, 0.0016, 192.26, 0.0355
20241031115710, COIN, 320, 20241129, P, 0, 0, 0.002, 192.26, -0.982
20241031115710, COIN, 325, 20241129, C, 10, 143, 0.0014, 192.26, 0.0323
20241031115710, COIN, 325, 20241129, P, 0, 0, 0.0018, 192.26, -0.9857
20241031115710, COIN, 330, 20241129, C, 0, 35, 0.0013, 192.26, 0.0296
20241031115710, COIN, 330, 20241129, P, 0, 0, 0.0015, 192.26, -0.9888
20241031115710, COIN, 340, 20241129, C, 1, 3, 0.0011, 192.26, 0.0248
20241031115710, COIN, 340, 20241129, P, 0, 0, 0.001, 192.26, -0.9937
20241031115710, COIN, 350, 20241129, C, 4, 306, 0.001, 192.26, 0.0211
20241031115710, COIN, 350, 20241129, P, 0, 0, 0.0006, 192.26, -0.997
20241031115710, COIN, 360, 20241129, C, 0, 3, 0.0008, 192.26, 0.0181
20241031115710, COIN, 360, 20241129, P, 0, 0, 0.0004, 192.26, -0.9983
20241031115710, COIN, 370, 20241129, C, 0, 3, 0.0007, 192.26, 0.0156
20241031115710, COIN, 370, 20241129, P, 0, 0, 0.0001, 192.26, -0.9993
20241031115710, COIN, 380, 20241129, C, 0, 8, 0.0006, 192.26, 0.0136
20241031115710, COIN, 380, 20241129, P, 0, 0, 0, 192.26, -1
20241031115710, COIN, 390, 20241129, C, 0, 1, 0.0006, 192.26, 0.012
20241031115710, COIN, 390, 20241129, P, 0, 0, 0, 192.26, -1
20241031115710, COIN, 400, 20241129, C, 1, 12, 0.0005, 192.26, 0.0106
20241031115710, COIN, 400, 20241129, P, 0, 0, 0, 192.26, -1
20241031115710, COIN, 410, 20241129, C, 0, 0, 0.0004, 192.26, 0.0094
20241031115710, COIN, 410, 20241129, P, 0, 0, 0, 192.26, -1
20241031115710, COIN, 420, 20241129, C, 0, 0, 0.0004, 192.26, 0.0084
20241031115710, COIN, 420, 20241129, P, 0, 0, 0, 192.26, -1
20241031115710, COIN, 430, 20241129, C, 0, 0, 0.0004, 192.26, 0.0075
20241031115710, COIN, 430, 20241129, P, 0, 0, 0, 192.26, -1
