20241024121533, GS, 260, 20241025, C, 0, 2, 0, 519.42, 0.9999
20241024121533, GS, 260, 20241025, P, 0, 38, 0, 519.42, 0
20241024121533, GS, 270, 20241025, C, 0, 0, 0, 519.42, 0.9999
20241024121533, GS, 270, 20241025, P, 0, 1, 0, 519.42, 0
20241024121533, GS, 280, 20241025, C, 0, 0, 0, 519.42, 0.9999
20241024121533, GS, 280, 20241025, P, 0, 0, 0, 519.42, 0
20241024121533, GS, 290, 20241025, C, 0, 0, 0, 519.42, 0.9999
20241024121533, GS, 290, 20241025, P, 0, 0, 0, 519.42, 0
20241024121533, GS, 300, 20241025, C, 0, 0, 0, 519.42, 0.9999
20241024121533, GS, 300, 20241025, P, 0, 0, 0, 519.42, 0
20241024121533, GS, 310, 20241025, C, 0, 0, 0, 519.42, 0.9999
20241024121533, GS, 310, 20241025, P, 0, 0, 0, 519.42, 0
20241024121533, GS, 320, 20241025, C, 0, 0, 0, 519.42, 0.9999
20241024121533, GS, 320, 20241025, P, 0, 0, 0, 519.42, 0
20241024121533, GS, 330, 20241025, C, 0, 0, 0, 519.42, 0.9999
20241024121533, GS, 330, 20241025, P, 0, 0, 0, 519.42, 0
20241024121533, GS, 340, 20241025, C, 0, 0, 0, 519.42, 0.9999
20241024121533, GS, 340, 20241025, P, 0, 0, 0, 519.42, 0
20241024121533, GS, 350, 20241025, C, 0, 0, 0, 519.42, 0.9999
20241024121533, GS, 350, 20241025, P, 0, 0, 0, 519.42, 0
20241024121533, GS, 355, 20241025, C, 0, 0, 0, 519.42, 0.9999
20241024121533, GS, 355, 20241025, P, 0, 6, 0, 519.42, 0
20241024121533, GS, 360, 20241025, C, 0, 0, 0, 519.42, 0.9999
20241024121533, GS, 360, 20241025, P, 0, 0, 0, 519.42, 0
20241024121533, GS, 365, 20241025, C, 0, 0, 0, 519.42, 0.9999
20241024121533, GS, 365, 20241025, P, 0, 22, 0, 519.42, 0
20241024121533, GS, 370, 20241025, C, 0, 0, 0, 519.42, 0.9999
20241024121533, GS, 370, 20241025, P, 0, 21, 0, 519.42, 0
20241024121533, GS, 375, 20241025, C, 0, 0, 0, 519.42, 0.9999
20241024121533, GS, 375, 20241025, P, 0, 1, 0, 519.42, 0
20241024121533, GS, 380, 20241025, C, 0, 1, 0, 519.42, 0.9999
20241024121533, GS, 380, 20241025, P, 0, 100, 0, 519.42, 0
20241024121533, GS, 385, 20241025, C, 0, 0, 0, 519.42, 0.9999
20241024121533, GS, 385, 20241025, P, 0, 9, 0, 519.42, 0
20241024121533, GS, 390, 20241025, C, 0, 0, 0, 519.42, 0.9999
20241024121533, GS, 390, 20241025, P, 0, 15, 0, 519.42, 0
20241024121533, GS, 395, 20241025, C, 0, 0, 0, 519.42, 0.9998
20241024121533, GS, 395, 20241025, P, 0, 12, 0, 519.42, 0
20241024121533, GS, 400, 20241025, C, 0, 16, 0, 519.42, 0.9998
20241024121533, GS, 400, 20241025, P, 0, 9, 0, 519.42, 0
20241024121533, GS, 405, 20241025, C, 0, 0, 0, 519.42, 0.9998
20241024121533, GS, 405, 20241025, P, 0, 27, 0, 519.42, -0.0001
20241024121533, GS, 410, 20241025, C, 0, 0, 0, 519.42, 0.9998
20241024121533, GS, 410, 20241025, P, 0, 19, 0, 519.42, -0.0001
20241024121533, GS, 415, 20241025, C, 0, 0, 0, 519.42, 0.9998
20241024121533, GS, 415, 20241025, P, 0, 14, 0, 519.42, -0.0001
20241024121533, GS, 417.5, 20241025, C, 0, 0, 0, 519.42, 0.9998
20241024121533, GS, 417.5, 20241025, P, 0, 0, 0, 519.42, -0.0001
20241024121533, GS, 420, 20241025, C, 0, 20, 0, 519.42, 0.9998
20241024121533, GS, 420, 20241025, P, 0, 16, 0, 519.42, -0.0001
20241024121533, GS, 422.5, 20241025, C, 0, 0, 0, 519.42, 0.9998
20241024121533, GS, 422.5, 20241025, P, 0, 0, 0, 519.42, -0.0001
20241024121533, GS, 425, 20241025, C, 0, 2, 0, 519.42, 0.9998
20241024121533, GS, 425, 20241025, P, 0, 38, 0, 519.42, -0.0001
20241024121533, GS, 427.5, 20241025, C, 0, 0, 0, 519.42, 0.9997
20241024121533, GS, 427.5, 20241025, P, 0, 0, 0, 519.42, -0.0001
20241024121533, GS, 430, 20241025, C, 0, 1, 0, 519.42, 0.9997
20241024121533, GS, 430, 20241025, P, 0, 23, 0, 519.42, -0.0002
20241024121533, GS, 432.5, 20241025, C, 0, 0, 0, 519.42, 0.9997
20241024121533, GS, 432.5, 20241025, P, 0, 0, 0, 519.42, -0.0002
20241024121533, GS, 435, 20241025, C, 0, 5, 0, 519.42, 0.9997
20241024121533, GS, 435, 20241025, P, 0, 78, 0, 519.42, -0.0002
20241024121533, GS, 437.5, 20241025, C, 0, 0, 0, 519.42, 0.9996
20241024121533, GS, 437.5, 20241025, P, 0, 0, 0, 519.42, -0.0002
20241024121533, GS, 440, 20241025, C, 0, 1, 0, 519.42, 0.9996
20241024121533, GS, 440, 20241025, P, 0, 65, 0, 519.42, -0.0003
20241024121533, GS, 442.5, 20241025, C, 0, 0, 0, 519.42, 0.9996
20241024121533, GS, 442.5, 20241025, P, 0, 10, 0, 519.42, -0.0003
20241024121533, GS, 445, 20241025, C, 0, 0, 0, 519.42, 0.9995
20241024121533, GS, 445, 20241025, P, 0, 50, 0, 519.42, -0.0004
20241024121533, GS, 447.5, 20241025, C, 0, 0, 0.0001, 519.42, 0.9995
20241024121533, GS, 447.5, 20241025, P, 0, 22, 0.0001, 519.42, -0.0004
20241024121533, GS, 450, 20241025, C, 0, 7, 0.0001, 519.42, 0.9994
20241024121533, GS, 450, 20241025, P, 4, 623, 0.0001, 519.42, -0.0005
20241024121533, GS, 452.5, 20241025, C, 0, 0, 0.0001, 519.42, 0.9994
20241024121533, GS, 452.5, 20241025, P, 0, 6, 0.0001, 519.42, -0.0005
20241024121533, GS, 455, 20241025, C, 0, 6, 0.0001, 519.42, 0.9993
20241024121533, GS, 455, 20241025, P, 0, 54, 0.0001, 519.42, -0.0006
20241024121533, GS, 457.5, 20241025, C, 0, 0, 0.0001, 519.42, 0.9992
20241024121533, GS, 457.5, 20241025, P, 0, 11, 0.0001, 519.42, -0.0007
20241024121533, GS, 460, 20241025, C, 0, 12, 0.0001, 519.42, 0.9991
20241024121533, GS, 460, 20241025, P, 0, 60, 0.0001, 519.42, -0.0008
20241024121533, GS, 462.5, 20241025, C, 0, 0, 0.0002, 519.42, 0.9989
20241024121533, GS, 462.5, 20241025, P, 0, 2, 0.0002, 519.42, -0.001
20241024121533, GS, 465, 20241025, C, 0, 10, 0.0002, 519.42, 0.9988
20241024121533, GS, 465, 20241025, P, 0, 349, 0.0002, 519.42, -0.0011
20241024121533, GS, 467.5, 20241025, C, 0, 1, 0.0002, 519.42, 0.9986
20241024121533, GS, 467.5, 20241025, P, 0, 13, 0.0002, 519.42, -0.0013
20241024121533, GS, 470, 20241025, C, 0, 9, 0.0003, 519.42, 0.9983
20241024121533, GS, 470, 20241025, P, 0, 190, 0.0003, 519.42, -0.0016
20241024121533, GS, 472.5, 20241025, C, 0, 0, 0.0004, 519.42, 0.998
20241024121533, GS, 472.5, 20241025, P, 1, 55, 0.0003, 519.42, -0.0018
20241024121533, GS, 475, 20241025, C, 2, 7, 0.0004, 519.42, 0.9977
20241024121533, GS, 475, 20241025, P, 0, 190, 0.0004, 519.42, -0.0022
20241024121533, GS, 477.5, 20241025, C, 0, 3, 0.0005, 519.42, 0.9972
20241024121533, GS, 477.5, 20241025, P, 10, 93, 0.0005, 519.42, -0.0027
20241024121533, GS, 480, 20241025, C, 0, 183, 0.0006, 519.42, 0.9966
20241024121533, GS, 480, 20241025, P, 0, 193, 0.0006, 519.42, -0.0033
20241024121533, GS, 482.5, 20241025, C, 0, 3, 0.0008, 519.42, 0.9959
20241024121533, GS, 482.5, 20241025, P, 0, 54, 0.0008, 519.42, -0.004
20241024121533, GS, 485, 20241025, C, 0, 55, 0.001, 519.42, 0.995
20241024121533, GS, 485, 20241025, P, 2, 193, 0.001, 519.42, -0.0049
20241024121533, GS, 487.5, 20241025, C, 0, 12, 0.0013, 519.42, 0.9937
20241024121533, GS, 487.5, 20241025, P, 0, 77, 0.0013, 519.42, -0.0062
20241024121533, GS, 490, 20241025, C, 0, 136, 0.0017, 519.42, 0.9921
20241024121533, GS, 490, 20241025, P, 4, 329, 0.0017, 519.42, -0.0078
20241024121533, GS, 492.5, 20241025, C, 0, 5, 0.0022, 519.42, 0.9899
20241024121533, GS, 492.5, 20241025, P, 6, 68, 0.0022, 519.42, -0.01
20241024121533, GS, 495, 20241025, C, 0, 70, 0.0029, 519.42, 0.987
20241024121533, GS, 495, 20241025, P, 14, 547, 0.0029, 519.42, -0.0129
20241024121533, GS, 497.5, 20241025, C, 0, 15, 0.004, 519.42, 0.9828
20241024121533, GS, 497.5, 20241025, P, 0, 398, 0.004, 519.42, -0.0171
20241024121533, GS, 500, 20241025, C, 4, 119, 0.0054, 519.42, 0.9768
20241024121533, GS, 500, 20241025, P, 166, 853, 0.0054, 519.42, -0.0231
20241024121533, GS, 502.5, 20241025, C, 0, 27, 0.0077, 519.42, 0.9675
20241024121533, GS, 502.5, 20241025, P, 54, 1429, 0.0077, 519.42, -0.0324
20241024121533, GS, 505, 20241025, C, 0, 45, 0.0111, 519.42, 0.9526
20241024121533, GS, 505, 20241025, P, 78, 1628, 0.0111, 519.42, -0.0472
20241024121533, GS, 507.5, 20241025, C, 0, 14, 0.0164, 519.42, 0.9279
20241024121533, GS, 507.5, 20241025, P, 66, 2017, 0.0164, 519.42, -0.072
20241024121533, GS, 510, 20241025, C, 6, 117, 0.024, 519.42, 0.887
20241024121533, GS, 510, 20241025, P, 129, 2260, 0.024, 519.42, -0.1129
20241024121533, GS, 512.5, 20241025, C, 0, 41, 0.0337, 519.42, 0.8229
20241024121533, GS, 512.5, 20241025, P, 27, 602, 0.0338, 519.42, -0.1771
20241024121533, GS, 515, 20241025, C, 30, 151, 0.0441, 519.42, 0.7304
20241024121533, GS, 515, 20241025, P, 207, 702, 0.0442, 519.42, -0.2697
20241024121533, GS, 517.5, 20241025, C, 58, 210, 0.0519, 519.42, 0.6116
20241024121533, GS, 517.5, 20241025, P, 118, 146, 0.0523, 519.42, -0.3892
20241024121533, GS, 520, 20241025, C, 385, 854, 0.0543, 519.42, 0.4779
20241024121533, GS, 520, 20241025, P, 238, 336, 0.0552, 519.42, -0.5244
20241024121533, GS, 525, 20241025, C, 473, 1692, 0.0416, 519.42, 0.2328
20241024121533, GS, 525, 20241025, P, 30, 793, 0.0431, 519.42, -0.7759
20241024121533, GS, 530, 20241025, C, 121, 1277, 0.0209, 519.42, 0.0871
20241024121533, GS, 530, 20241025, P, 25, 185, 0.0209, 519.42, -0.9252
20241024121533, GS, 535, 20241025, C, 106, 1007, 0.009, 519.42, 0.0334
20241024121533, GS, 535, 20241025, P, 9, 64, 0.008, 519.42, -0.9761
20241024121533, GS, 540, 20241025, C, 26, 656, 0.0046, 519.42, 0.0178
20241024121533, GS, 540, 20241025, P, 5, 25, 0.0037, 519.42, -0.9886
20241024121533, GS, 545, 20241025, C, 10, 487, 0.0028, 519.42, 0.0116
20241024121533, GS, 545, 20241025, P, 0, 10, 0.0021, 519.42, -0.9932
20241024121533, GS, 550, 20241025, C, 10, 598, 0.0018, 519.42, 0.008
20241024121533, GS, 550, 20241025, P, 0, 1, 0.0013, 519.42, -0.9956
20241024121533, GS, 555, 20241025, C, 1, 258, 0.0012, 519.42, 0.0055
20241024121533, GS, 555, 20241025, P, 0, 0, 0.0008, 519.42, -0.9972
20241024121533, GS, 560, 20241025, C, 14, 136, 0.0008, 519.42, 0.0038
20241024121533, GS, 560, 20241025, P, 0, 0, 0.0005, 519.42, -0.9982
20241024121533, GS, 565, 20241025, C, 0, 63, 0.0005, 519.42, 0.0026
20241024121533, GS, 565, 20241025, P, 0, 0, 0.0003, 519.42, -0.9988
20241024121533, GS, 570, 20241025, C, 13, 1130, 0.0003, 519.42, 0.0018
20241024121533, GS, 570, 20241025, P, 0, 0, 0.0002, 519.42, -0.9993
20241024121533, GS, 575, 20241025, C, 0, 167, 0.0002, 519.42, 0.0012
20241024121533, GS, 575, 20241025, P, 0, 0, 0.0001, 519.42, -0.9996
20241024121533, GS, 580, 20241025, C, 0, 169, 0.0001, 519.42, 0.0008
20241024121533, GS, 580, 20241025, P, 0, 0, 0.0001, 519.42, -0.9998
20241024121533, GS, 585, 20241025, C, 1, 37, 0.0001, 519.42, 0.0005
20241024121533, GS, 585, 20241025, P, 0, 0, 0, 519.42, -0.9999
20241024121533, GS, 590, 20241025, C, 0, 48, 0.0001, 519.42, 0.0003
20241024121533, GS, 590, 20241025, P, 0, 0, 0, 519.42, -0.9999
20241024121533, GS, 595, 20241025, C, 0, 0, 0, 519.42, 0.0002
20241024121533, GS, 595, 20241025, P, 0, 0, 0, 519.42, -1
20241024121533, GS, 600, 20241025, C, 0, 0, 0, 519.42, 0.0001
20241024121533, GS, 600, 20241025, P, 0, 0, 0, 519.42, -1
20241024121533, GS, 605, 20241025, C, 0, 0, 0, 519.42, 0.0001
20241024121533, GS, 605, 20241025, P, 0, 0, 0, 519.42, -1
20241024121533, GS, 610, 20241025, C, 0, 1, 0, 519.42, 0
20241024121533, GS, 610, 20241025, P, 0, 0, 0, 519.42, -1
20241024121533, GS, 260, 20241101, C, 0, 0, 0, 519.42, 0.9999
20241024121533, GS, 260, 20241101, P, 0, 0, 0, 519.42, -0.0001
20241024121533, GS, 270, 20241101, C, 0, 0, 0, 519.42, 0.9999
20241024121533, GS, 270, 20241101, P, 0, 1, 0, 519.42, -0.0001
20241024121533, GS, 280, 20241101, C, 0, 0, 0, 519.42, 0.9999
20241024121533, GS, 280, 20241101, P, 0, 0, 0, 519.42, -0.0001
20241024121533, GS, 290, 20241101, C, 0, 0, 0, 519.42, 0.9999
20241024121533, GS, 290, 20241101, P, 0, 0, 0, 519.42, -0.0001
20241024121533, GS, 300, 20241101, C, 0, 0, 0, 519.42, 0.9998
20241024121533, GS, 300, 20241101, P, 0, 0, 0, 519.42, -0.0002
20241024121533, GS, 310, 20241101, C, 0, 0, 0, 519.42, 0.9998
20241024121533, GS, 310, 20241101, P, 0, 0, 0, 519.42, -0.0002
20241024121533, GS, 320, 20241101, C, 0, 0, 0, 519.42, 0.9998
20241024121533, GS, 320, 20241101, P, 0, 0, 0, 519.42, -0.0002
20241024121533, GS, 330, 20241101, C, 0, 0, 0, 519.42, 0.9997
20241024121533, GS, 330, 20241101, P, 0, 0, 0, 519.42, -0.0003
20241024121533, GS, 340, 20241101, C, 0, 0, 0, 519.42, 0.9997
20241024121533, GS, 340, 20241101, P, 0, 0, 0, 519.42, -0.0003
20241024121533, GS, 350, 20241101, C, 0, 0, 0, 519.42, 0.9996
20241024121533, GS, 350, 20241101, P, 0, 0, 0, 519.42, -0.0004
20241024121533, GS, 355, 20241101, C, 0, 0, 0, 519.42, 0.9995
20241024121533, GS, 355, 20241101, P, 0, 0, 0, 519.42, -0.0005
20241024121533, GS, 360, 20241101, C, 0, 0, 0, 519.42, 0.9995
20241024121533, GS, 360, 20241101, P, 0, 0, 0, 519.42, -0.0005
20241024121533, GS, 365, 20241101, C, 0, 0, 0, 519.42, 0.9994
20241024121533, GS, 365, 20241101, P, 0, 0, 0, 519.42, -0.0006
20241024121533, GS, 370, 20241101, C, 0, 0, 0, 519.42, 0.9994
20241024121533, GS, 370, 20241101, P, 0, 0, 0, 519.42, -0.0006
20241024121533, GS, 375, 20241101, C, 0, 0, 0, 519.42, 0.9993
20241024121533, GS, 375, 20241101, P, 0, 0, 0, 519.42, -0.0007
20241024121533, GS, 380, 20241101, C, 0, 0, 0, 519.42, 0.9992
20241024121533, GS, 380, 20241101, P, 0, 0, 0, 519.42, -0.0008
20241024121533, GS, 385, 20241101, C, 0, 0, 0.0001, 519.42, 0.9991
20241024121533, GS, 385, 20241101, P, 0, 0, 0.0001, 519.42, -0.0009
20241024121533, GS, 390, 20241101, C, 0, 0, 0.0001, 519.42, 0.999
20241024121533, GS, 390, 20241101, P, 0, 2, 0.0001, 519.42, -0.001
20241024121533, GS, 395, 20241101, C, 0, 1, 0.0001, 519.42, 0.9988
20241024121533, GS, 395, 20241101, P, 0, 0, 0.0001, 519.42, -0.0012
20241024121533, GS, 400, 20241101, C, 0, 1, 0.0001, 519.42, 0.9986
20241024121533, GS, 400, 20241101, P, 0, 11, 0.0001, 519.42, -0.0014
20241024121533, GS, 405, 20241101, C, 0, 0, 0.0001, 519.42, 0.9984
20241024121533, GS, 405, 20241101, P, 0, 0, 0.0001, 519.42, -0.0016
20241024121533, GS, 410, 20241101, C, 0, 0, 0.0001, 519.42, 0.9982
20241024121533, GS, 410, 20241101, P, 0, 9, 0.0001, 519.42, -0.0018
20241024121533, GS, 415, 20241101, C, 0, 0, 0.0002, 519.42, 0.9979
20241024121533, GS, 415, 20241101, P, 0, 3, 0.0002, 519.42, -0.0021
20241024121533, GS, 420, 20241101, C, 0, 5, 0.0002, 519.42, 0.9975
20241024121533, GS, 420, 20241101, P, 0, 14, 0.0002, 519.42, -0.0025
20241024121533, GS, 425, 20241101, C, 0, 0, 0.0002, 519.42, 0.9971
20241024121533, GS, 425, 20241101, P, 0, 0, 0.0002, 519.42, -0.0029
20241024121533, GS, 430, 20241101, C, 0, 0, 0.0003, 519.42, 0.9966
20241024121533, GS, 430, 20241101, P, 0, 37, 0.0003, 519.42, -0.0035
20241024121533, GS, 435, 20241101, C, 0, 0, 0.0003, 519.42, 0.9959
20241024121533, GS, 435, 20241101, P, 3, 19, 0.0003, 519.42, -0.0041
20241024121533, GS, 440, 20241101, C, 0, 0, 0.0004, 519.42, 0.995
20241024121533, GS, 440, 20241101, P, 0, 31, 0.0004, 519.42, -0.005
20241024121533, GS, 445, 20241101, C, 0, 2, 0.0005, 519.42, 0.994
20241024121533, GS, 445, 20241101, P, 0, 15, 0.0005, 519.42, -0.0061
20241024121533, GS, 450, 20241101, C, 0, 5, 0.0006, 519.42, 0.9926
20241024121533, GS, 450, 20241101, P, 4, 86, 0.0007, 519.42, -0.0075
20241024121533, GS, 452.5, 20241101, C, 0, 0, 0.0007, 519.42, 0.9917
20241024121533, GS, 452.5, 20241101, P, 0, 0, 0.0007, 519.42, -0.0083
20241024121533, GS, 455, 20241101, C, 0, 12, 0.0008, 519.42, 0.9908
20241024121533, GS, 455, 20241101, P, 0, 27, 0.0008, 519.42, -0.0093
20241024121533, GS, 457.5, 20241101, C, 0, 0, 0.0009, 519.42, 0.9896
20241024121533, GS, 457.5, 20241101, P, 0, 0, 0.001, 519.42, -0.0104
20241024121533, GS, 460, 20241101, C, 0, 1, 0.0011, 519.42, 0.9883
20241024121533, GS, 460, 20241101, P, 0, 30, 0.0011, 519.42, -0.0117
20241024121533, GS, 462.5, 20241101, C, 0, 0, 0.0012, 519.42, 0.9868
20241024121533, GS, 462.5, 20241101, P, 0, 0, 0.0012, 519.42, -0.0132
20241024121533, GS, 465, 20241101, C, 0, 1, 0.0014, 519.42, 0.9851
20241024121533, GS, 465, 20241101, P, 0, 116, 0.0014, 519.42, -0.015
20241024121533, GS, 467.5, 20241101, C, 0, 0, 0.0016, 519.42, 0.983
20241024121533, GS, 467.5, 20241101, P, 0, 0, 0.0016, 519.42, -0.0171
20241024121533, GS, 470, 20241101, C, 0, 2, 0.0018, 519.42, 0.9806
20241024121533, GS, 470, 20241101, P, 100, 73, 0.0018, 519.42, -0.0195
20241024121533, GS, 472.5, 20241101, C, 0, 0, 0.0021, 519.42, 0.9777
20241024121533, GS, 472.5, 20241101, P, 0, 2, 0.0021, 519.42, -0.0224
20241024121533, GS, 475, 20241101, C, 0, 0, 0.0024, 519.42, 0.9742
20241024121533, GS, 475, 20241101, P, 0, 48, 0.0024, 519.42, -0.0259
20241024121533, GS, 477.5, 20241101, C, 0, 0, 0.0028, 519.42, 0.9701
20241024121533, GS, 477.5, 20241101, P, 0, 1, 0.0028, 519.42, -0.0301
20241024121533, GS, 480, 20241101, C, 0, 7, 0.0033, 519.42, 0.9651
20241024121533, GS, 480, 20241101, P, 1, 224, 0.0033, 519.42, -0.0351
20241024121533, GS, 482.5, 20241101, C, 0, 0, 0.0039, 519.42, 0.959
20241024121533, GS, 482.5, 20241101, P, 2, 2, 0.0039, 519.42, -0.0412
20241024121533, GS, 485, 20241101, C, 0, 10, 0.0045, 519.42, 0.9516
20241024121533, GS, 485, 20241101, P, 16, 154, 0.0046, 519.42, -0.0487
20241024121533, GS, 487.5, 20241101, C, 0, 0, 0.0053, 519.42, 0.9426
20241024121533, GS, 487.5, 20241101, P, 4, 55, 0.0054, 519.42, -0.0578
20241024121533, GS, 490, 20241101, C, 0, 172, 0.0062, 519.42, 0.9315
20241024121533, GS, 490, 20241101, P, 7, 176, 0.0063, 519.42, -0.0693
20241024121533, GS, 492.5, 20241101, C, 0, 0, 0.0073, 519.42, 0.9179
20241024121533, GS, 492.5, 20241101, P, 0, 64, 0.0074, 519.42, -0.0831
20241024121533, GS, 495, 20241101, C, 1, 35, 0.0086, 519.42, 0.9013
20241024121533, GS, 495, 20241101, P, 18, 182, 0.0087, 519.42, -0.1
20241024121533, GS, 497.5, 20241101, C, 0, 7, 0.01, 519.42, 0.8812
20241024121533, GS, 497.5, 20241101, P, 0, 180, 0.0101, 519.42, -0.1204
20241024121533, GS, 500, 20241101, C, 1, 88, 0.0115, 519.42, 0.8571
20241024121533, GS, 500, 20241101, P, 18, 220, 0.0117, 519.42, -0.145
20241024121533, GS, 502.5, 20241101, C, 1, 1, 0.0132, 519.42, 0.8286
20241024121533, GS, 502.5, 20241101, P, 20, 109, 0.0134, 519.42, -0.174
20241024121533, GS, 505, 20241101, C, 13, 37, 0.0149, 519.42, 0.7956
20241024121533, GS, 505, 20241101, P, 14, 552, 0.0152, 519.42, -0.2076
20241024121533, GS, 507.5, 20241101, C, 0, 15, 0.0166, 519.42, 0.7579
20241024121533, GS, 507.5, 20241101, P, 58, 947, 0.0169, 519.42, -0.2459
20241024121533, GS, 510, 20241101, C, 14, 175, 0.0183, 519.42, 0.7158
20241024121533, GS, 510, 20241101, P, 116, 1013, 0.0186, 519.42, -0.2889
20241024121533, GS, 512.5, 20241101, C, 2, 24, 0.0197, 519.42, 0.6694
20241024121533, GS, 512.5, 20241101, P, 5, 41, 0.0201, 519.42, -0.3362
20241024121533, GS, 515, 20241101, C, 48, 93, 0.021, 519.42, 0.6193
20241024121533, GS, 515, 20241101, P, 32, 162, 0.0214, 519.42, -0.3872
20241024121533, GS, 517.5, 20241101, C, 25, 171, 0.0219, 519.42, 0.5663
20241024121533, GS, 517.5, 20241101, P, 17, 99, 0.0223, 519.42, -0.4413
20241024121533, GS, 520, 20241101, C, 42, 281, 0.0223, 519.42, 0.5112
20241024121533, GS, 520, 20241101, P, 31, 69, 0.0228, 519.42, -0.4974
20241024121533, GS, 522.5, 20241101, C, 25, 0, 0.0224, 519.42, 0.4553
20241024121533, GS, 522.5, 20241101, P, 3, 0, 0.0228, 519.42, -0.5545
20241024121533, GS, 525, 20241101, C, 309, 420, 0.022, 519.42, 0.3998
20241024121533, GS, 525, 20241101, P, 6, 81, 0.0224, 519.42, -0.6111
20241024121533, GS, 527.5, 20241101, C, 5, 0, 0.0211, 519.42, 0.3459
20241024121533, GS, 527.5, 20241101, P, 0, 0, 0.0215, 519.42, -0.6661
20241024121533, GS, 530, 20241101, C, 76, 414, 0.0198, 519.42, 0.2947
20241024121533, GS, 530, 20241101, P, 2, 67, 0.0201, 519.42, -0.7181
20241024121533, GS, 535, 20241101, C, 83, 216, 0.0164, 519.42, 0.2044
20241024121533, GS, 535, 20241101, P, 0, 45, 0.0166, 519.42, -0.8097
20241024121533, GS, 540, 20241101, C, 80, 694, 0.0125, 519.42, 0.1338
20241024121533, GS, 540, 20241101, P, 0, 116, 0.0132, 519.42, -0.8824
20241024121533, GS, 545, 20241101, C, 22, 122, 0.0089, 519.42, 0.0839
20241024121533, GS, 545, 20241101, P, 0, 2, 0.0104, 519.42, -0.937
20241024121533, GS, 550, 20241101, C, 23, 951, 0.006, 519.42, 0.0516
20241024121533, GS, 550, 20241101, P, 0, 0, 0.0065, 519.42, -0.9737
20241024121533, GS, 555, 20241101, C, 2, 73, 0.004, 519.42, 0.0321
20241024121533, GS, 555, 20241101, P, 0, 1, 0.0029, 519.42, -0.9914
20241024121533, GS, 560, 20241101, C, 111, 82, 0.0027, 519.42, 0.0209
20241024121533, GS, 560, 20241101, P, 0, 0, 0.001, 519.42, -0.9976
20241024121533, GS, 565, 20241101, C, 0, 51, 0.0019, 519.42, 0.0143
20241024121533, GS, 565, 20241101, P, 0, 0, 0.0003, 519.42, -0.9994
20241024121533, GS, 570, 20241101, C, 3, 115, 0.0014, 519.42, 0.0104
20241024121533, GS, 570, 20241101, P, 0, 0, 0.0001, 519.42, -0.9999
20241024121533, GS, 575, 20241101, C, 2, 35, 0.001, 519.42, 0.0079
20241024121533, GS, 575, 20241101, P, 0, 0, 0, 519.42, -1
20241024121533, GS, 580, 20241101, C, 0, 15, 0.0008, 519.42, 0.0062
20241024121533, GS, 580, 20241101, P, 0, 0, 0, 519.42, -1
20241024121533, GS, 585, 20241101, C, 0, 3, 0.0006, 519.42, 0.005
20241024121533, GS, 585, 20241101, P, 0, 0, 0, 519.42, -1
20241024121533, GS, 590, 20241101, C, 2, 29, 0.0005, 519.42, 0.0041
20241024121533, GS, 590, 20241101, P, 0, 0, 0, 519.42, -1
20241024121533, GS, 595, 20241101, C, 0, 10, 0.0004, 519.42, 0.0034
20241024121533, GS, 595, 20241101, P, 0, 0, 0, 519.42, -1
20241024121533, GS, 600, 20241101, C, 0, 4, 0.0003, 519.42, 0.0029
20241024121533, GS, 600, 20241101, P, 0, 0, 0, 519.42, -1
20241024121533, GS, 605, 20241101, C, 0, 0, 0.0003, 519.42, 0.0025
20241024121533, GS, 605, 20241101, P, 0, 0, 0, 519.42, -1
20241024121533, GS, 610, 20241101, C, 0, 0, 0.0002, 519.42, 0.0021
20241024121533, GS, 610, 20241101, P, 0, 0, 0, 519.42, -1
20241024121533, GS, 260, 20241108, C, 0, 0, 0, 519.42, 0.9996
20241024121533, GS, 260, 20241108, P, 0, 0, 0, 519.42, -0.0005
20241024121533, GS, 270, 20241108, C, 0, 0, 0, 519.42, 0.9996
20241024121533, GS, 270, 20241108, P, 0, 0, 0, 519.42, -0.0005
20241024121533, GS, 280, 20241108, C, 0, 0, 0, 519.42, 0.9995
20241024121533, GS, 280, 20241108, P, 0, 0, 0, 519.42, -0.0006
20241024121533, GS, 290, 20241108, C, 0, 0, 0, 519.42, 0.9994
20241024121533, GS, 290, 20241108, P, 0, 0, 0, 519.42, -0.0007
20241024121533, GS, 300, 20241108, C, 0, 0, 0, 519.42, 0.9993
20241024121533, GS, 300, 20241108, P, 0, 0, 0, 519.42, -0.0008
20241024121533, GS, 310, 20241108, C, 0, 0, 0, 519.42, 0.9991
20241024121533, GS, 310, 20241108, P, 0, 0, 0, 519.42, -0.001
20241024121533, GS, 320, 20241108, C, 0, 0, 0, 519.42, 0.999
20241024121533, GS, 320, 20241108, P, 0, 0, 0, 519.42, -0.0012
20241024121533, GS, 330, 20241108, C, 0, 0, 0.0001, 519.42, 0.9987
20241024121533, GS, 330, 20241108, P, 0, 0, 0.0001, 519.42, -0.0014
20241024121533, GS, 340, 20241108, C, 0, 0, 0.0001, 519.42, 0.9984
20241024121533, GS, 340, 20241108, P, 0, 0, 0.0001, 519.42, -0.0017
20241024121533, GS, 350, 20241108, C, 0, 0, 0.0001, 519.42, 0.9981
20241024121533, GS, 350, 20241108, P, 0, 0, 0.0001, 519.42, -0.002
20241024121533, GS, 355, 20241108, C, 0, 0, 0.0001, 519.42, 0.9979
20241024121533, GS, 355, 20241108, P, 0, 0, 0.0001, 519.42, -0.0022
20241024121533, GS, 360, 20241108, C, 0, 0, 0.0001, 519.42, 0.9976
20241024121533, GS, 360, 20241108, P, 0, 0, 0.0001, 519.42, -0.0025
20241024121533, GS, 365, 20241108, C, 0, 0, 0.0001, 519.42, 0.9974
20241024121533, GS, 365, 20241108, P, 0, 0, 0.0001, 519.42, -0.0027
20241024121533, GS, 370, 20241108, C, 0, 0, 0.0001, 519.42, 0.9971
20241024121533, GS, 370, 20241108, P, 0, 0, 0.0001, 519.42, -0.0031
20241024121533, GS, 375, 20241108, C, 0, 0, 0.0002, 519.42, 0.9967
20241024121533, GS, 375, 20241108, P, 0, 10, 0.0002, 519.42, -0.0034
20241024121533, GS, 380, 20241108, C, 0, 0, 0.0002, 519.42, 0.9963
20241024121533, GS, 380, 20241108, P, 0, 25, 0.0002, 519.42, -0.0038
20241024121533, GS, 385, 20241108, C, 0, 0, 0.0002, 519.42, 0.9958
20241024121533, GS, 385, 20241108, P, 0, 25, 0.0002, 519.42, -0.0043
20241024121533, GS, 390, 20241108, C, 0, 0, 0.0002, 519.42, 0.9953
20241024121533, GS, 390, 20241108, P, 0, 12, 0.0002, 519.42, -0.0049
20241024121533, GS, 395, 20241108, C, 0, 0, 0.0003, 519.42, 0.9946
20241024121533, GS, 395, 20241108, P, 0, 0, 0.0003, 519.42, -0.0055
20241024121533, GS, 400, 20241108, C, 0, 0, 0.0003, 519.42, 0.9939
20241024121533, GS, 400, 20241108, P, 0, 2, 0.0003, 519.42, -0.0063
20241024121533, GS, 405, 20241108, C, 0, 0, 0.0004, 519.42, 0.993
20241024121533, GS, 405, 20241108, P, 0, 0, 0.0004, 519.42, -0.0071
20241024121533, GS, 410, 20241108, C, 0, 0, 0.0004, 519.42, 0.9919
20241024121533, GS, 410, 20241108, P, 0, 2, 0.0004, 519.42, -0.0082
20241024121533, GS, 415, 20241108, C, 0, 0, 0.0005, 519.42, 0.9907
20241024121533, GS, 415, 20241108, P, 0, 1, 0.0005, 519.42, -0.0094
20241024121533, GS, 420, 20241108, C, 0, 0, 0.0006, 519.42, 0.9892
20241024121533, GS, 420, 20241108, P, 0, 9, 0.0006, 519.42, -0.0109
20241024121533, GS, 425, 20241108, C, 0, 0, 0.0007, 519.42, 0.9874
20241024121533, GS, 425, 20241108, P, 0, 41, 0.0007, 519.42, -0.0127
20241024121533, GS, 430, 20241108, C, 0, 0, 0.0008, 519.42, 0.9852
20241024121533, GS, 430, 20241108, P, 0, 6, 0.0008, 519.42, -0.0149
20241024121533, GS, 435, 20241108, C, 0, 0, 0.001, 519.42, 0.9826
20241024121533, GS, 435, 20241108, P, 0, 21, 0.001, 519.42, -0.0176
20241024121533, GS, 440, 20241108, C, 0, 0, 0.0011, 519.42, 0.9793
20241024121533, GS, 440, 20241108, P, 0, 32, 0.0011, 519.42, -0.0208
20241024121533, GS, 445, 20241108, C, 0, 0, 0.0014, 519.42, 0.9753
20241024121533, GS, 445, 20241108, P, 0, 11, 0.0014, 519.42, -0.0249
20241024121533, GS, 450, 20241108, C, 0, 0, 0.0016, 519.42, 0.9703
20241024121533, GS, 450, 20241108, P, 0, 30, 0.0016, 519.42, -0.0299
20241024121533, GS, 455, 20241108, C, 0, 0, 0.002, 519.42, 0.964
20241024121533, GS, 455, 20241108, P, 0, 23, 0.002, 519.42, -0.0363
20241024121533, GS, 460, 20241108, C, 0, 0, 0.0024, 519.42, 0.956
20241024121533, GS, 460, 20241108, P, 0, 51, 0.0024, 519.42, -0.0443
20241024121533, GS, 465, 20241108, C, 0, 1, 0.0029, 519.42, 0.9459
20241024121533, GS, 465, 20241108, P, 6, 7, 0.003, 519.42, -0.0546
20241024121533, GS, 470, 20241108, C, 0, 0, 0.0036, 519.42, 0.933
20241024121533, GS, 470, 20241108, P, 0, 89, 0.0036, 519.42, -0.0674
20241024121533, GS, 475, 20241108, C, 0, 1, 0.0043, 519.42, 0.9166
20241024121533, GS, 475, 20241108, P, 2, 112, 0.0044, 519.42, -0.0842
20241024121533, GS, 480, 20241108, C, 2, 31, 0.0052, 519.42, 0.8958
20241024121533, GS, 480, 20241108, P, 15, 127, 0.0053, 519.42, -0.1049
20241024121533, GS, 485, 20241108, C, 0, 1, 0.0063, 519.42, 0.8699
20241024121533, GS, 485, 20241108, P, 2, 166, 0.0063, 519.42, -0.1314
20241024121533, GS, 490, 20241108, C, 2, 10, 0.0074, 519.42, 0.838
20241024121533, GS, 490, 20241108, P, 0, 123, 0.0075, 519.42, -0.1637
20241024121533, GS, 495, 20241108, C, 3, 14, 0.0086, 519.42, 0.7997
20241024121533, GS, 495, 20241108, P, 10, 85, 0.0087, 519.42, -0.2024
20241024121533, GS, 500, 20241108, C, 5, 40, 0.0098, 519.42, 0.755
20241024121533, GS, 500, 20241108, P, 3, 68, 0.01, 519.42, -0.2477
20241024121533, GS, 502.5, 20241108, C, 0, 0, 0.0104, 519.42, 0.7302
20241024121533, GS, 502.5, 20241108, P, 1, 0, 0.0106, 519.42, -0.2728
20241024121533, GS, 505, 20241108, C, 0, 8, 0.011, 519.42, 0.704
20241024121533, GS, 505, 20241108, P, 1, 40, 0.0111, 519.42, -0.2994
20241024121533, GS, 507.5, 20241108, C, 0, 0, 0.0115, 519.42, 0.6763
20241024121533, GS, 507.5, 20241108, P, 0, 0, 0.0116, 519.42, -0.3275
20241024121533, GS, 510, 20241108, C, 0, 15, 0.012, 519.42, 0.6474
20241024121533, GS, 510, 20241108, P, 18, 74, 0.0121, 519.42, -0.3569
20241024121533, GS, 512.5, 20241108, C, 0, 0, 0.0124, 519.42, 0.6172
20241024121533, GS, 512.5, 20241108, P, 12, 8, 0.0126, 519.42, -0.3876
20241024121533, GS, 515, 20241108, C, 11, 56, 0.0127, 519.42, 0.5861
20241024121533, GS, 515, 20241108, P, 10, 34, 0.0129, 519.42, -0.4192
20241024121533, GS, 517.5, 20241108, C, 2, 16, 0.013, 519.42, 0.5542
20241024121533, GS, 517.5, 20241108, P, 15, 18, 0.0132, 519.42, -0.4517
20241024121533, GS, 520, 20241108, C, 9, 101, 0.0131, 519.42, 0.5217
20241024121533, GS, 520, 20241108, P, 0, 60, 0.0134, 519.42, -0.4848
20241024121533, GS, 522.5, 20241108, C, 1, 0, 0.0132, 519.42, 0.4889
20241024121533, GS, 522.5, 20241108, P, 0, 0, 0.0135, 519.42, -0.5184
20241024121533, GS, 525, 20241108, C, 3, 45, 0.0132, 519.42, 0.456
20241024121533, GS, 525, 20241108, P, 0, 48, 0.0135, 519.42, -0.5521
20241024121533, GS, 527.5, 20241108, C, 2, 0, 0.0131, 519.42, 0.4232
20241024121533, GS, 527.5, 20241108, P, 0, 0, 0.0134, 519.42, -0.5857
20241024121533, GS, 530, 20241108, C, 8, 53, 0.0129, 519.42, 0.3908
20241024121533, GS, 530, 20241108, P, 3, 66, 0.0132, 519.42, -0.6189
20241024121533, GS, 535, 20241108, C, 2, 116, 0.0122, 519.42, 0.3282
20241024121533, GS, 535, 20241108, P, 5, 46, 0.0126, 519.42, -0.6834
20241024121533, GS, 540, 20241108, C, 3, 195, 0.0113, 519.42, 0.2699
20241024121533, GS, 540, 20241108, P, 0, 7, 0.0117, 519.42, -0.7438
20241024121533, GS, 545, 20241108, C, 13, 43, 0.0101, 519.42, 0.2172
20241024121533, GS, 545, 20241108, P, 0, 3, 0.0105, 519.42, -0.7986
20241024121533, GS, 550, 20241108, C, 3, 48, 0.0088, 519.42, 0.1712
20241024121533, GS, 550, 20241108, P, 0, 0, 0.0091, 519.42, -0.8466
20241024121533, GS, 555, 20241108, C, 0, 18, 0.0074, 519.42, 0.1323
20241024121533, GS, 555, 20241108, P, 0, 0, 0.0078, 519.42, -0.8874
20241024121533, GS, 560, 20241108, C, 307, 25, 0.0061, 519.42, 0.1005
20241024121533, GS, 560, 20241108, P, 0, 0, 0.0068, 519.42, -0.9218
20241024121533, GS, 565, 20241108, C, 0, 5, 0.0049, 519.42, 0.0757
20241024121533, GS, 565, 20241108, P, 0, 0, 0.0059, 519.42, -0.9505
20241024121533, GS, 570, 20241108, C, 0, 56, 0.0039, 519.42, 0.0564
20241024121533, GS, 570, 20241108, P, 0, 0, 0.0047, 519.42, -0.9733
20241024121533, GS, 575, 20241108, C, 0, 28, 0.0031, 519.42, 0.0419
20241024121533, GS, 575, 20241108, P, 0, 0, 0.0027, 519.42, -0.9885
20241024121533, GS, 580, 20241108, C, 0, 50, 0.0024, 519.42, 0.0312
20241024121533, GS, 580, 20241108, P, 0, 0, 0.0012, 519.42, -0.9957
20241024121533, GS, 585, 20241108, C, 0, 9, 0.0018, 519.42, 0.0234
20241024121533, GS, 585, 20241108, P, 0, 0, 0.0004, 519.42, -0.999
20241024121533, GS, 590, 20241108, C, 0, 47, 0.0014, 519.42, 0.0178
20241024121533, GS, 590, 20241108, P, 0, 0, 0.0001, 519.42, -0.9998
20241024121533, GS, 595, 20241108, C, 0, 33, 0.0011, 519.42, 0.0137
20241024121533, GS, 595, 20241108, P, 0, 0, 0, 519.42, -1
20241024121533, GS, 600, 20241108, C, 0, 14, 0.0009, 519.42, 0.0107
20241024121533, GS, 600, 20241108, P, 0, 0, 0, 519.42, -1
20241024121533, GS, 610, 20241108, C, 0, 0, 0.0006, 519.42, 0.0069
20241024121533, GS, 610, 20241108, P, 0, 0, 0, 519.42, -1
20241024121533, GS, 195, 20241115, C, 0, 7, 0, 519.42, 0.9997
20241024121533, GS, 195, 20241115, P, 0, 39, 0, 519.42, -0.0003
20241024121533, GS, 200, 20241115, C, 0, 4, 0, 519.42, 0.9997
20241024121533, GS, 200, 20241115, P, 0, 37, 0, 519.42, -0.0004
20241024121533, GS, 210, 20241115, C, 0, 2, 0, 519.42, 0.9996
20241024121533, GS, 210, 20241115, P, 0, 11, 0, 519.42, -0.0004
20241024121533, GS, 220, 20241115, C, 0, 7, 0, 519.42, 0.9996
20241024121533, GS, 220, 20241115, P, 0, 1, 0, 519.42, -0.0004
20241024121533, GS, 230, 20241115, C, 0, 5, 0, 519.42, 0.9995
20241024121533, GS, 230, 20241115, P, 0, 13, 0, 519.42, -0.0005
20241024121533, GS, 240, 20241115, C, 0, 1, 0, 519.42, 0.9995
20241024121533, GS, 240, 20241115, P, 0, 67, 0, 519.42, -0.0006
20241024121533, GS, 250, 20241115, C, 0, 2, 0, 519.42, 0.9994
20241024121533, GS, 250, 20241115, P, 0, 87, 0, 519.42, -0.0006
20241024121533, GS, 260, 20241115, C, 0, 5, 0, 519.42, 0.9993
20241024121533, GS, 260, 20241115, P, 0, 136, 0, 519.42, -0.0007
20241024121533, GS, 270, 20241115, C, 0, 0, 0, 519.42, 0.9992
20241024121533, GS, 270, 20241115, P, 0, 85, 0, 519.42, -0.0008
20241024121533, GS, 280, 20241115, C, 0, 19, 0, 519.42, 0.9991
20241024121533, GS, 280, 20241115, P, 0, 88, 0, 519.42, -0.001
20241024121533, GS, 290, 20241115, C, 0, 2, 0, 519.42, 0.9989
20241024121533, GS, 290, 20241115, P, 0, 58, 0, 519.42, -0.0011
20241024121533, GS, 300, 20241115, C, 0, 12, 0, 519.42, 0.9987
20241024121533, GS, 300, 20241115, P, 0, 41, 0, 519.42, -0.0013
20241024121533, GS, 305, 20241115, C, 0, 1, 0, 519.42, 0.9986
20241024121533, GS, 305, 20241115, P, 0, 0, 0, 519.42, -0.0014
20241024121533, GS, 310, 20241115, C, 0, 3, 0, 519.42, 0.9985
20241024121533, GS, 310, 20241115, P, 0, 138, 0, 519.42, -0.0015
20241024121533, GS, 315, 20241115, C, 0, 0, 0.0001, 519.42, 0.9984
20241024121533, GS, 315, 20241115, P, 0, 50, 0.0001, 519.42, -0.0016
20241024121533, GS, 320, 20241115, C, 0, 3, 0.0001, 519.42, 0.9982
20241024121533, GS, 320, 20241115, P, 0, 22, 0.0001, 519.42, -0.0018
20241024121533, GS, 325, 20241115, C, 0, 0, 0.0001, 519.42, 0.9981
20241024121533, GS, 325, 20241115, P, 0, 0, 0.0001, 519.42, -0.002
20241024121533, GS, 330, 20241115, C, 0, 2, 0.0001, 519.42, 0.9979
20241024121533, GS, 330, 20241115, P, 0, 61, 0.0001, 519.42, -0.0021
20241024121533, GS, 335, 20241115, C, 0, 0, 0.0001, 519.42, 0.9977
20241024121533, GS, 335, 20241115, P, 0, 6, 0.0001, 519.42, -0.0023
20241024121533, GS, 340, 20241115, C, 0, 10, 0.0001, 519.42, 0.9975
20241024121533, GS, 340, 20241115, P, 0, 258, 0.0001, 519.42, -0.0026
20241024121533, GS, 345, 20241115, C, 0, 0, 0.0001, 519.42, 0.9972
20241024121533, GS, 345, 20241115, P, 0, 0, 0.0001, 519.42, -0.0028
20241024121533, GS, 350, 20241115, C, 0, 19, 0.0001, 519.42, 0.997
20241024121533, GS, 350, 20241115, P, 0, 133, 0.0001, 519.42, -0.0031
20241024121533, GS, 355, 20241115, C, 0, 27, 0.0001, 519.42, 0.9966
20241024121533, GS, 355, 20241115, P, 0, 1, 0.0001, 519.42, -0.0034
20241024121533, GS, 360, 20241115, C, 0, 91, 0.0001, 519.42, 0.9963
20241024121533, GS, 360, 20241115, P, 0, 76, 0.0001, 519.42, -0.0038
20241024121533, GS, 365, 20241115, C, 0, 0, 0.0002, 519.42, 0.9959
20241024121533, GS, 365, 20241115, P, 0, 21, 0.0002, 519.42, -0.0042
20241024121533, GS, 370, 20241115, C, 0, 133, 0.0002, 519.42, 0.9954
20241024121533, GS, 370, 20241115, P, 0, 142, 0.0002, 519.42, -0.0046
20241024121533, GS, 375, 20241115, C, 0, 1, 0.0002, 519.42, 0.9949
20241024121533, GS, 375, 20241115, P, 0, 19, 0.0002, 519.42, -0.0052
20241024121533, GS, 380, 20241115, C, 0, 33, 0.0002, 519.42, 0.9943
20241024121533, GS, 380, 20241115, P, 0, 313, 0.0002, 519.42, -0.0058
20241024121533, GS, 385, 20241115, C, 0, 16, 0.0003, 519.42, 0.9936
20241024121533, GS, 385, 20241115, P, 0, 4, 0.0003, 519.42, -0.0065
20241024121533, GS, 390, 20241115, C, 0, 171, 0.0003, 519.42, 0.9928
20241024121533, GS, 390, 20241115, P, 0, 208, 0.0003, 519.42, -0.0073
20241024121533, GS, 395, 20241115, C, 0, 0, 0.0004, 519.42, 0.9918
20241024121533, GS, 395, 20241115, P, 0, 16, 0.0004, 519.42, -0.0082
20241024121533, GS, 400, 20241115, C, 3, 262, 0.0004, 519.42, 0.9908
20241024121533, GS, 400, 20241115, P, 0, 213, 0.0004, 519.42, -0.0093
20241024121533, GS, 405, 20241115, C, 0, 2, 0.0005, 519.42, 0.9895
20241024121533, GS, 405, 20241115, P, 0, 83, 0.0005, 519.42, -0.0106
20241024121533, GS, 410, 20241115, C, 0, 44, 0.0006, 519.42, 0.988
20241024121533, GS, 410, 20241115, P, 0, 449, 0.0006, 519.42, -0.0121
20241024121533, GS, 415, 20241115, C, 0, 0, 0.0006, 519.42, 0.9862
20241024121533, GS, 415, 20241115, P, 0, 78, 0.0006, 519.42, -0.0139
20241024121533, GS, 420, 20241115, C, 0, 179, 0.0007, 519.42, 0.9841
20241024121533, GS, 420, 20241115, P, 0, 415, 0.0008, 519.42, -0.016
20241024121533, GS, 425, 20241115, C, 0, 8, 0.0009, 519.42, 0.9816
20241024121533, GS, 425, 20241115, P, 0, 115, 0.0009, 519.42, -0.0185
20241024121533, GS, 430, 20241115, C, 0, 184, 0.001, 519.42, 0.9786
20241024121533, GS, 430, 20241115, P, 0, 327, 0.001, 519.42, -0.0216
20241024121533, GS, 435, 20241115, C, 0, 4, 0.0012, 519.42, 0.975
20241024121533, GS, 435, 20241115, P, 0, 183, 0.0012, 519.42, -0.0252
20241024121533, GS, 440, 20241115, C, 0, 231, 0.0014, 519.42, 0.9705
20241024121533, GS, 440, 20241115, P, 0, 440, 0.0014, 519.42, -0.0296
20241024121533, GS, 445, 20241115, C, 1, 100, 0.0017, 519.42, 0.9651
20241024121533, GS, 445, 20241115, P, 0, 108, 0.0017, 519.42, -0.0351
20241024121533, GS, 450, 20241115, C, 0, 142, 0.002, 519.42, 0.9585
20241024121533, GS, 450, 20241115, P, 0, 332, 0.002, 519.42, -0.0418
20241024121533, GS, 455, 20241115, C, 0, 67, 0.0023, 519.42, 0.9504
20241024121533, GS, 455, 20241115, P, 0, 496, 0.0024, 519.42, -0.0499
20241024121533, GS, 460, 20241115, C, 0, 354, 0.0028, 519.42, 0.9403
20241024121533, GS, 460, 20241115, P, 1, 1010, 0.0028, 519.42, -0.0602
20241024121533, GS, 465, 20241115, C, 0, 36, 0.0033, 519.42, 0.9279
20241024121533, GS, 465, 20241115, P, 0, 257, 0.0033, 519.42, -0.0726
20241024121533, GS, 470, 20241115, C, 0, 391, 0.0039, 519.42, 0.9126
20241024121533, GS, 470, 20241115, P, 1253, 549, 0.0039, 519.42, -0.088
20241024121533, GS, 475, 20241115, C, 0, 322, 0.0046, 519.42, 0.894
20241024121533, GS, 475, 20241115, P, 7, 560, 0.0046, 519.42, -0.1068
20241024121533, GS, 480, 20241115, C, 0, 365, 0.0054, 519.42, 0.8714
20241024121533, GS, 480, 20241115, P, 3, 837, 0.0054, 519.42, -0.1299
20241024121533, GS, 485, 20241115, C, 0, 149, 0.0062, 519.42, 0.8444
20241024121533, GS, 485, 20241115, P, 7, 388, 0.0063, 519.42, -0.1569
20241024121533, GS, 490, 20241115, C, 2, 1003, 0.0072, 519.42, 0.8126
20241024121533, GS, 490, 20241115, P, 1303, 1126, 0.0072, 519.42, -0.1894
20241024121533, GS, 495, 20241115, C, 2, 439, 0.0081, 519.42, 0.7759
20241024121533, GS, 495, 20241115, P, 51, 278, 0.0082, 519.42, -0.2266
20241024121533, GS, 500, 20241115, C, 8, 864, 0.009, 519.42, 0.7343
20241024121533, GS, 500, 20241115, P, 44, 490, 0.0091, 519.42, -0.2689
20241024121533, GS, 505, 20241115, C, 0, 170, 0.0098, 519.42, 0.6881
20241024121533, GS, 505, 20241115, P, 8, 362, 0.01, 519.42, -0.3159
20241024121533, GS, 510, 20241115, C, 0, 435, 0.0106, 519.42, 0.6377
20241024121533, GS, 510, 20241115, P, 6, 359, 0.0107, 519.42, -0.3672
20241024121533, GS, 512.5, 20241115, C, 0, 33, 0.0109, 519.42, 0.6111
20241024121533, GS, 512.5, 20241115, P, 5, 37, 0.0111, 519.42, -0.3943
20241024121533, GS, 515, 20241115, C, 0, 218, 0.0111, 519.42, 0.5838
20241024121533, GS, 515, 20241115, P, 2, 114, 0.0114, 519.42, -0.4222
20241024121533, GS, 517.5, 20241115, C, 6, 36, 0.0114, 519.42, 0.5558
20241024121533, GS, 517.5, 20241115, P, 9, 85, 0.0116, 519.42, -0.4508
20241024121533, GS, 520, 20241115, C, 42, 546, 0.0115, 519.42, 0.5274
20241024121533, GS, 520, 20241115, P, 38, 286, 0.0118, 519.42, -0.4799
20241024121533, GS, 525, 20241115, C, 61, 300, 0.0116, 519.42, 0.4697
20241024121533, GS, 525, 20241115, P, 1, 217, 0.0119, 519.42, -0.5391
20241024121533, GS, 530, 20241115, C, 17, 619, 0.0115, 519.42, 0.412
20241024121533, GS, 530, 20241115, P, 2, 267, 0.0118, 519.42, -0.5984
20241024121533, GS, 535, 20241115, C, 36, 860, 0.0111, 519.42, 0.3559
20241024121533, GS, 535, 20241115, P, 0, 217, 0.0115, 519.42, -0.6566
20241024121533, GS, 540, 20241115, C, 46, 991, 0.0105, 519.42, 0.3024
20241024121533, GS, 540, 20241115, P, 1, 85, 0.0109, 519.42, -0.7124
20241024121533, GS, 545, 20241115, C, 27, 328, 0.0096, 519.42, 0.2529
20241024121533, GS, 545, 20241115, P, 0, 35, 0.0102, 519.42, -0.7645
20241024121533, GS, 550, 20241115, C, 58, 1582, 0.0087, 519.42, 0.2081
20241024121533, GS, 550, 20241115, P, 0, 13, 0.0092, 519.42, -0.8121
20241024121533, GS, 555, 20241115, C, 14, 136, 0.0077, 519.42, 0.1687
20241024121533, GS, 555, 20241115, P, 0, 5, 0.0082, 519.42, -0.8542
20241024121533, GS, 560, 20241115, C, 1406, 1595, 0.0066, 519.42, 0.1348
20241024121533, GS, 560, 20241115, P, 0, 11, 0.007, 519.42, -0.8904
20241024121533, GS, 565, 20241115, C, 4, 138, 0.0056, 519.42, 0.1064
20241024121533, GS, 565, 20241115, P, 0, 1, 0.0064, 519.42, -0.9218
20241024121533, GS, 570, 20241115, C, 3, 329, 0.0047, 519.42, 0.0832
20241024121533, GS, 570, 20241115, P, 0, 8, 0.0058, 519.42, -0.949
20241024121533, GS, 575, 20241115, C, 1, 197, 0.0038, 519.42, 0.0649
20241024121533, GS, 575, 20241115, P, 0, 0, 0.0051, 519.42, -0.9721
20241024121533, GS, 580, 20241115, C, 8, 1629, 0.0031, 519.42, 0.0501
20241024121533, GS, 580, 20241115, P, 0, 0, 0.0029, 519.42, -0.9879
20241024121533, GS, 585, 20241115, C, 0, 92, 0.0025, 519.42, 0.0389
20241024121533, GS, 585, 20241115, P, 0, 0, 0.0012, 519.42, -0.9964
20241024121533, GS, 590, 20241115, C, 1, 278, 0.002, 519.42, 0.0302
20241024121533, GS, 590, 20241115, P, 0, 0, 0.0001, 519.42, -0.9996
20241024121533, GS, 595, 20241115, C, 1, 57, 0.0016, 519.42, 0.0236
20241024121533, GS, 595, 20241115, P, 0, 0, 0, 519.42, -1
20241024121533, GS, 600, 20241115, C, 0, 229, 0.0013, 519.42, 0.0185
20241024121533, GS, 600, 20241115, P, 0, 0, 0, 519.42, -1
20241024121533, GS, 605, 20241115, C, 0, 13, 0.0011, 519.42, 0.0146
20241024121533, GS, 605, 20241115, P, 0, 0, 0, 519.42, -1
20241024121533, GS, 610, 20241115, C, 0, 27, 0.0009, 519.42, 0.0117
20241024121533, GS, 610, 20241115, P, 0, 0, 0, 519.42, -1
20241024121533, GS, 615, 20241115, C, 0, 15, 0.0007, 519.42, 0.0095
20241024121533, GS, 615, 20241115, P, 0, 0, 0, 519.42, -1
20241024121533, GS, 620, 20241115, C, 2, 25, 0.0006, 519.42, 0.0078
20241024121533, GS, 620, 20241115, P, 0, 0, 0, 519.42, -1
20241024121533, GS, 625, 20241115, C, 1, 13, 0.0005, 519.42, 0.0065
20241024121533, GS, 625, 20241115, P, 0, 0, 0, 519.42, -1
20241024121533, GS, 630, 20241115, C, 0, 23, 0.0004, 519.42, 0.0054
20241024121533, GS, 630, 20241115, P, 0, 0, 0, 519.42, -1
20241024121533, GS, 635, 20241115, C, 0, 23, 0.0003, 519.42, 0.0046
20241024121533, GS, 635, 20241115, P, 0, 0, 0, 519.42, -1
20241024121533, GS, 640, 20241115, C, 0, 38, 0.0003, 519.42, 0.0039
20241024121533, GS, 640, 20241115, P, 0, 0, 0, 519.42, -1
20241024121533, GS, 660, 20241115, C, 0, 4, 0.0002, 519.42, 0.0022
20241024121533, GS, 660, 20241115, P, 0, 0, 0, 519.42, -1
20241024121533, GS, 680, 20241115, C, 0, 114, 0.0001, 519.42, 0.0014
20241024121533, GS, 680, 20241115, P, 0, 0, 0, 519.42, -1
20241024121533, GS, 700, 20241115, C, 0, 28, 0.0001, 519.42, 0.0009
20241024121533, GS, 700, 20241115, P, 0, 0, 0, 519.42, -1
20241024121533, GS, 260, 20241122, C, 0, 0, 0, 519.42, 0.9989
20241024121533, GS, 260, 20241122, P, 0, 0, 0, 519.42, -0.0012
20241024121533, GS, 270, 20241122, C, 0, 0, 0, 519.42, 0.9987
20241024121533, GS, 270, 20241122, P, 0, 0, 0, 519.42, -0.0014
20241024121533, GS, 280, 20241122, C, 0, 0, 0, 519.42, 0.9985
20241024121533, GS, 280, 20241122, P, 0, 0, 0, 519.42, -0.0016
20241024121533, GS, 290, 20241122, C, 0, 0, 0, 519.42, 0.9983
20241024121533, GS, 290, 20241122, P, 0, 0, 0, 519.42, -0.0018
20241024121533, GS, 300, 20241122, C, 0, 0, 0.0001, 519.42, 0.998
20241024121533, GS, 300, 20241122, P, 0, 0, 0.0001, 519.42, -0.002
20241024121533, GS, 310, 20241122, C, 0, 0, 0.0001, 519.42, 0.9977
20241024121533, GS, 310, 20241122, P, 0, 0, 0.0001, 519.42, -0.0024
20241024121533, GS, 320, 20241122, C, 0, 0, 0.0001, 519.42, 0.9973
20241024121533, GS, 320, 20241122, P, 0, 0, 0.0001, 519.42, -0.0028
20241024121533, GS, 330, 20241122, C, 0, 0, 0.0001, 519.42, 0.9969
20241024121533, GS, 330, 20241122, P, 0, 0, 0.0001, 519.42, -0.0032
20241024121533, GS, 340, 20241122, C, 0, 0, 0.0001, 519.42, 0.9963
20241024121533, GS, 340, 20241122, P, 0, 0, 0.0001, 519.42, -0.0038
20241024121533, GS, 350, 20241122, C, 0, 0, 0.0002, 519.42, 0.9956
20241024121533, GS, 350, 20241122, P, 0, 0, 0.0002, 519.42, -0.0046
20241024121533, GS, 355, 20241122, C, 0, 0, 0.0002, 519.42, 0.9951
20241024121533, GS, 355, 20241122, P, 0, 0, 0.0002, 519.42, -0.005
20241024121533, GS, 360, 20241122, C, 0, 0, 0.0002, 519.42, 0.9946
20241024121533, GS, 360, 20241122, P, 0, 0, 0.0002, 519.42, -0.0055
20241024121533, GS, 365, 20241122, C, 0, 0, 0.0002, 519.42, 0.9941
20241024121533, GS, 365, 20241122, P, 0, 0, 0.0002, 519.42, -0.006
20241024121533, GS, 370, 20241122, C, 0, 0, 0.0002, 519.42, 0.9935
20241024121533, GS, 370, 20241122, P, 0, 0, 0.0002, 519.42, -0.0066
20241024121533, GS, 375, 20241122, C, 0, 0, 0.0003, 519.42, 0.9928
20241024121533, GS, 375, 20241122, P, 0, 0, 0.0003, 519.42, -0.0074
20241024121533, GS, 380, 20241122, C, 0, 0, 0.0003, 519.42, 0.992
20241024121533, GS, 380, 20241122, P, 0, 1, 0.0003, 519.42, -0.0082
20241024121533, GS, 385, 20241122, C, 0, 0, 0.0004, 519.42, 0.991
20241024121533, GS, 385, 20241122, P, 0, 0, 0.0004, 519.42, -0.0091
20241024121533, GS, 390, 20241122, C, 0, 0, 0.0004, 519.42, 0.99
20241024121533, GS, 390, 20241122, P, 0, 0, 0.0004, 519.42, -0.0102
20241024121533, GS, 395, 20241122, C, 0, 0, 0.0004, 519.42, 0.9888
20241024121533, GS, 395, 20241122, P, 0, 0, 0.0005, 519.42, -0.0114
20241024121533, GS, 400, 20241122, C, 0, 0, 0.0005, 519.42, 0.9873
20241024121533, GS, 400, 20241122, P, 0, 0, 0.0005, 519.42, -0.0128
20241024121533, GS, 405, 20241122, C, 0, 0, 0.0006, 519.42, 0.9857
20241024121533, GS, 405, 20241122, P, 0, 7, 0.0006, 519.42, -0.0145
20241024121533, GS, 410, 20241122, C, 0, 0, 0.0007, 519.42, 0.9837
20241024121533, GS, 410, 20241122, P, 0, 0, 0.0007, 519.42, -0.0165
20241024121533, GS, 415, 20241122, C, 0, 0, 0.0008, 519.42, 0.9814
20241024121533, GS, 415, 20241122, P, 0, 0, 0.0008, 519.42, -0.0188
20241024121533, GS, 420, 20241122, C, 0, 0, 0.0009, 519.42, 0.9787
20241024121533, GS, 420, 20241122, P, 0, 12, 0.0009, 519.42, -0.0215
20241024121533, GS, 425, 20241122, C, 0, 0, 0.001, 519.42, 0.9755
20241024121533, GS, 425, 20241122, P, 0, 6, 0.001, 519.42, -0.0248
20241024121533, GS, 430, 20241122, C, 0, 0, 0.0012, 519.42, 0.9717
20241024121533, GS, 430, 20241122, P, 0, 16, 0.0012, 519.42, -0.0286
20241024121533, GS, 435, 20241122, C, 0, 0, 0.0014, 519.42, 0.9671
20241024121533, GS, 435, 20241122, P, 0, 10, 0.0014, 519.42, -0.0332
20241024121533, GS, 440, 20241122, C, 0, 0, 0.0016, 519.42, 0.9617
20241024121533, GS, 440, 20241122, P, 0, 11, 0.0016, 519.42, -0.0387
20241024121533, GS, 445, 20241122, C, 0, 0, 0.0019, 519.42, 0.9551
20241024121533, GS, 445, 20241122, P, 0, 10, 0.0019, 519.42, -0.0453
20241024121533, GS, 450, 20241122, C, 0, 0, 0.0022, 519.42, 0.9473
20241024121533, GS, 450, 20241122, P, 2, 15, 0.0022, 519.42, -0.0532
20241024121533, GS, 455, 20241122, C, 0, 0, 0.0026, 519.42, 0.9379
20241024121533, GS, 455, 20241122, P, 0, 39, 0.0026, 519.42, -0.0627
20241024121533, GS, 460, 20241122, C, 0, 0, 0.003, 519.42, 0.9265
20241024121533, GS, 460, 20241122, P, 0, 40, 0.003, 519.42, -0.0741
20241024121533, GS, 465, 20241122, C, 0, 0, 0.0035, 519.42, 0.9129
20241024121533, GS, 465, 20241122, P, 0, 28, 0.0035, 519.42, -0.0879
20241024121533, GS, 470, 20241122, C, 0, 0, 0.004, 519.42, 0.8966
20241024121533, GS, 470, 20241122, P, 0, 21, 0.0041, 519.42, -0.1044
20241024121533, GS, 475, 20241122, C, 0, 0, 0.0047, 519.42, 0.8772
20241024121533, GS, 475, 20241122, P, 0, 51, 0.0047, 519.42, -0.1243
20241024121533, GS, 480, 20241122, C, 0, 0, 0.0054, 519.42, 0.8543
20241024121533, GS, 480, 20241122, P, 0, 28, 0.0054, 519.42, -0.1472
20241024121533, GS, 485, 20241122, C, 0, 0, 0.0061, 519.42, 0.8276
20241024121533, GS, 485, 20241122, P, 0, 23, 0.0062, 519.42, -0.1742
20241024121533, GS, 490, 20241122, C, 0, 1, 0.0069, 519.42, 0.7968
20241024121533, GS, 490, 20241122, P, 0, 142, 0.007, 519.42, -0.2055
20241024121533, GS, 495, 20241122, C, 0, 6, 0.0076, 519.42, 0.7619
20241024121533, GS, 495, 20241122, P, 0, 15, 0.0078, 519.42, -0.2413
20241024121533, GS, 500, 20241122, C, 0, 8, 0.0084, 519.42, 0.7229
20241024121533, GS, 500, 20241122, P, 0, 129, 0.0085, 519.42, -0.2811
20241024121533, GS, 505, 20241122, C, 0, 4, 0.0091, 519.42, 0.68
20241024121533, GS, 505, 20241122, P, 0, 18, 0.0093, 519.42, -0.3249
20241024121533, GS, 510, 20241122, C, 0, 21, 0.0097, 519.42, 0.6337
20241024121533, GS, 510, 20241122, P, 30, 12, 0.0099, 519.42, -0.3723
20241024121533, GS, 515, 20241122, C, 0, 29, 0.0102, 519.42, 0.5844
20241024121533, GS, 515, 20241122, P, 2, 21, 0.0104, 519.42, -0.4228
20241024121533, GS, 520, 20241122, C, 1, 44, 0.0105, 519.42, 0.533
20241024121533, GS, 520, 20241122, P, 2, 11, 0.0108, 519.42, -0.4756
20241024121533, GS, 525, 20241122, C, 2, 36, 0.0106, 519.42, 0.4803
20241024121533, GS, 525, 20241122, P, 0, 2, 0.011, 519.42, -0.53
20241024121533, GS, 530, 20241122, C, 1, 55, 0.0106, 519.42, 0.4274
20241024121533, GS, 530, 20241122, P, 0, 13, 0.011, 519.42, -0.5848
20241024121533, GS, 535, 20241122, C, 1, 65, 0.0103, 519.42, 0.3754
20241024121533, GS, 535, 20241122, P, 1, 1, 0.0108, 519.42, -0.6391
20241024121533, GS, 540, 20241122, C, 0, 34, 0.0099, 519.42, 0.3254
20241024121533, GS, 540, 20241122, P, 0, 7, 0.0104, 519.42, -0.6917
20241024121533, GS, 545, 20241122, C, 1, 23, 0.0092, 519.42, 0.2784
20241024121533, GS, 545, 20241122, P, 0, 1, 0.0098, 519.42, -0.7415
20241024121533, GS, 550, 20241122, C, 0, 48, 0.0085, 519.42, 0.2352
20241024121533, GS, 550, 20241122, P, 0, 0, 0.0092, 519.42, -0.7879
20241024121533, GS, 555, 20241122, C, 0, 22, 0.0077, 519.42, 0.1963
20241024121533, GS, 555, 20241122, P, 0, 0, 0.0084, 519.42, -0.8303
20241024121533, GS, 560, 20241122, C, 1, 84, 0.0068, 519.42, 0.1621
20241024121533, GS, 560, 20241122, P, 0, 0, 0.0075, 519.42, -0.8676
20241024121533, GS, 565, 20241122, C, 0, 177, 0.006, 519.42, 0.1325
20241024121533, GS, 565, 20241122, P, 0, 0, 0.0066, 519.42, -0.9003
20241024121533, GS, 570, 20241122, C, 0, 15, 0.0051, 519.42, 0.1074
20241024121533, GS, 570, 20241122, P, 0, 0, 0.0062, 519.42, -0.9295
20241024121533, GS, 575, 20241122, C, 0, 13, 0.0044, 519.42, 0.0866
20241024121533, GS, 575, 20241122, P, 0, 0, 0.0056, 519.42, -0.9554
20241024121533, GS, 580, 20241122, C, 2, 17, 0.0037, 519.42, 0.0696
20241024121533, GS, 580, 20241122, P, 0, 0, 0.0044, 519.42, -0.9756
20241024121533, GS, 585, 20241122, C, 0, 1, 0.0031, 519.42, 0.0557
20241024121533, GS, 585, 20241122, P, 0, 0, 0.0025, 519.42, -0.9896
20241024121533, GS, 590, 20241122, C, 0, 25, 0.0026, 519.42, 0.0445
20241024121533, GS, 590, 20241122, P, 0, 0, 0.0011, 519.42, -0.9965
20241024121533, GS, 595, 20241122, C, 0, 0, 0.0021, 519.42, 0.0356
20241024121533, GS, 595, 20241122, P, 0, 0, 0.0001, 519.42, -0.9995
20241024121533, GS, 600, 20241122, C, 0, 23, 0.0017, 519.42, 0.0285
20241024121533, GS, 600, 20241122, P, 0, 0, 0, 519.42, -1
20241024121533, GS, 610, 20241122, C, 0, 1, 0.0012, 519.42, 0.0185
20241024121533, GS, 610, 20241122, P, 0, 0, 0, 519.42, -1
20241024121533, GS, 620, 20241122, C, 0, 12, 0.0008, 519.42, 0.0123
20241024121533, GS, 620, 20241122, P, 0, 0, 0, 519.42, -1
