20241015, IBTA, 25, 20241018, C, 0, 0, 0.0001, 69.54, 1
20241015, IBTA, 25, 20241018, P, 0, 0, 0.0001, 69.54, -0.0011
20241015, IBTA, 30, 20241018, C, 0, 0, 0.0003, 69.54, 0.9999
20241015, IBTA, 30, 20241018, P, 0, 0, 0.0003, 69.54, -0.0019
20241015, IBTA, 35, 20241018, C, 0, 0, 0.0005, 69.54, 0.9988
20241015, IBTA, 35, 20241018, P, 0, 0, 0.0005, 69.54, -0.003
20241015, IBTA, 40, 20241018, C, 0, 0, 0.0009, 69.54, 0.9968
20241015, IBTA, 40, 20241018, P, 0, 2, 0.0009, 69.54, -0.005
20241015, IBTA, 45, 20241018, C, 0, 0, 0.0017, 69.54, 0.9933
20241015, IBTA, 45, 20241018, P, 0, 6, 0.0017, 69.54, -0.0085
20241015, IBTA, 50, 20241018, C, 0, 5, 0.0034, 69.54, 0.9868
20241015, IBTA, 50, 20241018, P, 0, 16, 0.0034, 69.54, -0.015
20241015, IBTA, 55, 20241018, C, 0, 12, 0.0073, 69.54, 0.9733
20241015, IBTA, 55, 20241018, P, 0, 65, 0.0073, 69.54, -0.0286
20241015, IBTA, 60, 20241018, C, 0, 37, 0.0174, 69.54, 0.9406
20241015, IBTA, 60, 20241018, P, 0, 40, 0.0174, 69.54, -0.0614
20241015, IBTA, 65, 20241018, C, 0, 55, 0.048, 69.54, 0.8398
20241015, IBTA, 65, 20241018, P, 2, 24, 0.0486, 69.54, -0.1633
20241015, IBTA, 70, 20241018, C, 1, 102, 0.0978, 69.54, 0.4846
20241015, IBTA, 70, 20241018, P, 0, 10, 0.1, 69.54, -0.5262
20241015, IBTA, 75, 20241018, C, 0, 47, 0.0495, 69.54, 0.1713
20241015, IBTA, 75, 20241018, P, 0, 0, 0.0501, 69.54, -0.8421
20241015, IBTA, 80, 20241018, C, 0, 8, 0.0225, 69.54, 0.0792
20241015, IBTA, 80, 20241018, P, 0, 0, 0.023, 69.54, -0.9325
20241015, IBTA, 85, 20241018, C, 0, 0, 0.012, 69.54, 0.0448
20241015, IBTA, 85, 20241018, P, 0, 0, 0.0122, 69.54, -0.9656
20241015, IBTA, 35, 20241115, C, 0, 0, 0.0023, 69.54, 0.9718
20241015, IBTA, 35, 20241115, P, 0, 0, 0.0023, 69.54, -0.028
20241015, IBTA, 40, 20241115, C, 0, 0, 0.0035, 69.54, 0.9589
20241015, IBTA, 40, 20241115, P, 0, 0, 0.0036, 69.54, -0.041
20241015, IBTA, 45, 20241115, C, 0, 0, 0.0055, 69.54, 0.9396
20241015, IBTA, 45, 20241115, P, 0, 0, 0.0055, 69.54, -0.0604
20241015, IBTA, 50, 20241115, C, 0, 0, 0.0084, 69.54, 0.9102
20241015, IBTA, 50, 20241115, P, 0, 0, 0.0084, 69.54, -0.0899
20241015, IBTA, 55, 20241115, C, 0, 1, 0.0128, 69.54, 0.8642
20241015, IBTA, 55, 20241115, P, 0, 8, 0.0129, 69.54, -0.1361
20241015, IBTA, 60, 20241115, C, 0, 2, 0.0191, 69.54, 0.7912
20241015, IBTA, 60, 20241115, P, 0, 17, 0.0192, 69.54, -0.2095
20241015, IBTA, 65, 20241115, C, 0, 15, 0.0263, 69.54, 0.6793
20241015, IBTA, 65, 20241115, P, 12, 1, 0.0265, 69.54, -0.3221
20241015, IBTA, 70, 20241115, C, 1, 7, 0.0306, 69.54, 0.5334
20241015, IBTA, 70, 20241115, P, 0, 1, 0.0309, 69.54, -0.4696
20241015, IBTA, 75, 20241115, C, 0, 1, 0.029, 69.54, 0.3914
20241015, IBTA, 75, 20241115, P, 0, 0, 0.0294, 69.54, -0.6133
20241015, IBTA, 80, 20241115, C, 0, 2, 0.0242, 69.54, 0.285
20241015, IBTA, 80, 20241115, P, 0, 0, 0.0246, 69.54, -0.7212
20241015, IBTA, 85, 20241115, C, 0, 0, 0.0193, 69.54, 0.213
20241015, IBTA, 85, 20241115, P, 0, 0, 0.0198, 69.54, -0.7943
20241015, IBTA, 90, 20241115, C, 0, 0, 0.0154, 69.54, 0.1645
20241015, IBTA, 90, 20241115, P, 0, 0, 0.0158, 69.54, -0.8436
20241015, IBTA, 95, 20241115, C, 0, 0, 0.0124, 69.54, 0.131
20241015, IBTA, 95, 20241115, P, 0, 0, 0.0128, 69.54, -0.878
20241015, IBTA, 25, 20241220, C, 0, 0, 0.0012, 69.54, 0.9786
20241015, IBTA, 25, 20241220, P, 0, 0, 0.0012, 69.54, -0.0211
20241015, IBTA, 30, 20241220, C, 0, 3, 0.0019, 69.54, 0.9682
20241015, IBTA, 30, 20241220, P, 0, 24, 0.0019, 69.54, -0.0315
20241015, IBTA, 35, 20241220, C, 0, 8, 0.0029, 69.54, 0.9537
20241015, IBTA, 35, 20241220, P, 0, 1, 0.0029, 69.54, -0.0461
20241015, IBTA, 40, 20241220, C, 0, 100, 0.0042, 69.54, 0.9335
20241015, IBTA, 40, 20241220, P, 0, 3, 0.0042, 69.54, -0.0664
20241015, IBTA, 45, 20241220, C, 0, 0, 0.0061, 69.54, 0.9054
20241015, IBTA, 45, 20241220, P, 0, 8, 0.0061, 69.54, -0.0947
20241015, IBTA, 50, 20241220, C, 0, 14, 0.0085, 69.54, 0.8664
20241015, IBTA, 50, 20241220, P, 0, 28, 0.0085, 69.54, -0.1339
20241015, IBTA, 55, 20241220, C, 0, 12, 0.0114, 69.54, 0.8134
20241015, IBTA, 55, 20241220, P, 0, 19, 0.0115, 69.54, -0.1873
20241015, IBTA, 60, 20241220, C, 0, 28, 0.0147, 69.54, 0.7439
20241015, IBTA, 60, 20241220, P, 0, 0, 0.0148, 69.54, -0.2575
20241015, IBTA, 65, 20241220, C, 0, 40, 0.0177, 69.54, 0.658
20241015, IBTA, 65, 20241220, P, 0, 2, 0.0179, 69.54, -0.3444
20241015, IBTA, 70, 20241220, C, 0, 22, 0.0197, 69.54, 0.5613
20241015, IBTA, 70, 20241220, P, 0, 0, 0.02, 69.54, -0.4425
20241015, IBTA, 75, 20241220, C, 1, 9, 0.0201, 69.54, 0.4643
20241015, IBTA, 75, 20241220, P, 0, 57, 0.0205, 69.54, -0.5413
20241015, IBTA, 80, 20241220, C, 0, 3, 0.0191, 69.54, 0.3768
20241015, IBTA, 80, 20241220, P, 0, 0, 0.0196, 69.54, -0.6307
20241015, IBTA, 85, 20241220, C, 0, 1, 0.0173, 69.54, 0.3042
20241015, IBTA, 85, 20241220, P, 0, 0, 0.0179, 69.54, -0.7056
20241015, IBTA, 90, 20241220, C, 0, 4, 0.0152, 69.54, 0.2465
20241015, IBTA, 90, 20241220, P, 0, 0, 0.0159, 69.54, -0.7653
20241015, IBTA, 95, 20241220, C, 0, 0, 0.0132, 69.54, 0.2016
20241015, IBTA, 95, 20241220, P, 0, 2, 0.014, 69.54, -0.8123
20241015, IBTA, 100, 20241220, C, 0, 0, 0.0114, 69.54, 0.1667
20241015, IBTA, 100, 20241220, P, 0, 0, 0.0122, 69.54, -0.8491
20241015, IBTA, 105, 20241220, C, 0, 0, 0.0099, 69.54, 0.1395
20241015, IBTA, 105, 20241220, P, 0, 0, 0.0107, 69.54, -0.8781
20241015, IBTA, 110, 20241220, C, 0, 15, 0.0085, 69.54, 0.118
20241015, IBTA, 110, 20241220, P, 0, 0, 0.0094, 69.54, -0.9013
20241015, IBTA, 115, 20241220, C, 0, 1, 0.0074, 69.54, 0.1009
20241015, IBTA, 115, 20241220, P, 0, 0, 0.0083, 69.54, -0.9199
20241015, IBTA, 120, 20241220, C, 0, 216, 0.0065, 69.54, 0.0871
20241015, IBTA, 120, 20241220, P, 0, 0, 0.0074, 69.54, -0.9353
20241015, IBTA, 125, 20241220, C, 0, 0, 0.0057, 69.54, 0.0759
20241015, IBTA, 125, 20241220, P, 0, 0, 0.0068, 69.54, -0.9483
20241015, IBTA, 130, 20241220, C, 0, 0, 0.0051, 69.54, 0.0666
20241015, IBTA, 130, 20241220, P, 0, 0, 0.0061, 69.54, -0.9587
20241015, IBTA, 135, 20241220, C, 0, 1, 0.0045, 69.54, 0.0588
20241015, IBTA, 135, 20241220, P, 0, 0, 0.0053, 69.54, -0.9676
20241015, IBTA, 140, 20241220, C, 0, 9, 0.004, 69.54, 0.0524
20241015, IBTA, 140, 20241220, P, 0, 0, 0.0051, 69.54, -0.9763
20241015, IBTA, 25, 20250321, C, 0, 0, 0.0012, 69.54, 0.975
20241015, IBTA, 25, 20250321, P, 0, 0, 0.0012, 69.54, -0.0222
20241015, IBTA, 30, 20250321, C, 0, 209, 0.002, 69.54, 0.9609
20241015, IBTA, 30, 20250321, P, 0, 5, 0.002, 69.54, -0.0364
20241015, IBTA, 35, 20250321, C, 0, 15, 0.0031, 69.54, 0.9409
20241015, IBTA, 35, 20250321, P, 0, 0, 0.0031, 69.54, -0.0566
20241015, IBTA, 40, 20250321, C, 0, 101, 0.0044, 69.54, 0.9138
20241015, IBTA, 40, 20250321, P, 0, 3, 0.0044, 69.54, -0.0839
20241015, IBTA, 45, 20250321, C, 0, 6, 0.0059, 69.54, 0.8785
20241015, IBTA, 45, 20250321, P, 0, 24, 0.006, 69.54, -0.1195
20241015, IBTA, 50, 20250321, C, 0, 33, 0.0076, 69.54, 0.8348
20241015, IBTA, 50, 20250321, P, 0, 5, 0.0077, 69.54, -0.1637
20241015, IBTA, 55, 20250321, C, 1, 1, 0.0094, 69.54, 0.7828
20241015, IBTA, 55, 20250321, P, 7, 0, 0.0095, 69.54, -0.2164
20241015, IBTA, 60, 20250321, C, 0, 2, 0.011, 69.54, 0.7238
20241015, IBTA, 60, 20250321, P, 0, 16, 0.0112, 69.54, -0.2768
20241015, IBTA, 65, 20250321, C, 0, 20, 0.0124, 69.54, 0.6595
20241015, IBTA, 65, 20250321, P, 0, 7, 0.0126, 69.54, -0.3425
20241015, IBTA, 70, 20250321, C, 0, 6, 0.0134, 69.54, 0.5924
20241015, IBTA, 70, 20250321, P, 0, 1, 0.0138, 69.54, -0.4113
20241015, IBTA, 75, 20250321, C, 1, 62, 0.014, 69.54, 0.5251
20241015, IBTA, 75, 20250321, P, 0, 0, 0.0144, 69.54, -0.4809
20241015, IBTA, 80, 20250321, C, 0, 4, 0.0141, 69.54, 0.4598
20241015, IBTA, 80, 20250321, P, 0, 0, 0.0147, 69.54, -0.5488
20241015, IBTA, 85, 20250321, C, 0, 0, 0.0139, 69.54, 0.3984
20241015, IBTA, 85, 20250321, P, 0, 0, 0.0146, 69.54, -0.6132
20241015, IBTA, 90, 20250321, C, 1, 2, 0.0133, 69.54, 0.3424
20241015, IBTA, 90, 20250321, P, 0, 0, 0.0142, 69.54, -0.6727
20241015, IBTA, 95, 20250321, C, 0, 0, 0.0125, 69.54, 0.2922
20241015, IBTA, 95, 20250321, P, 0, 0, 0.0136, 69.54, -0.7268
20241015, IBTA, 100, 20250321, C, 0, 5, 0.0115, 69.54, 0.2481
20241015, IBTA, 100, 20250321, P, 0, 0, 0.0128, 69.54, -0.7753
20241015, IBTA, 30, 20270115, C, 0, 1, 0.002, 69.54, 0.9224
20241015, IBTA, 30, 20270115, P, 0, 0, 0.0021, 69.54, -0.0801
20241015, IBTA, 35, 20270115, C, 0, 0, 0.0025, 69.54, 0.8994
20241015, IBTA, 35, 20270115, P, 0, 0, 0.0026, 69.54, -0.1042
20241015, IBTA, 40, 20270115, C, 0, 0, 0.003, 69.54, 0.8746
20241015, IBTA, 40, 20270115, P, 0, 0, 0.0032, 69.54, -0.1302
20241015, IBTA, 45, 20270115, C, 0, 1, 0.0035, 69.54, 0.8486
20241015, IBTA, 45, 20270115, P, 0, 0, 0.0037, 69.54, -0.1579
20241015, IBTA, 50, 20270115, C, 0, 0, 0.0039, 69.54, 0.8218
20241015, IBTA, 50, 20270115, P, 0, 0, 0.0042, 69.54, -0.1867
20241015, IBTA, 55, 20270115, C, 0, 0, 0.0043, 69.54, 0.7945
20241015, IBTA, 55, 20270115, P, 0, 0, 0.0046, 69.54, -0.2162
20241015, IBTA, 60, 20270115, C, 0, 0, 0.0046, 69.54, 0.7671
20241015, IBTA, 60, 20270115, P, 0, 0, 0.0051, 69.54, -0.2461
20241015, IBTA, 65, 20270115, C, 0, 5, 0.005, 69.54, 0.7398
20241015, IBTA, 65, 20270115, P, 0, 0, 0.0055, 69.54, -0.2762
20241015, IBTA, 70, 20270115, C, 0, 0, 0.0052, 69.54, 0.7129
20241015, IBTA, 70, 20270115, P, 0, 0, 0.0059, 69.54, -0.3061
20241015, IBTA, 75, 20270115, C, 0, 0, 0.0055, 69.54, 0.6865
20241015, IBTA, 75, 20270115, P, 0, 0, 0.0062, 69.54, -0.3357
20241015, IBTA, 80, 20270115, C, 0, 0, 0.0057, 69.54, 0.6609
20241015, IBTA, 80, 20270115, P, 0, 0, 0.0065, 69.54, -0.365
20241015, IBTA, 85, 20270115, C, 0, 0, 0.0058, 69.54, 0.636
20241015, IBTA, 85, 20270115, P, 0, 0, 0.0068, 69.54, -0.3937
20241015, IBTA, 90, 20270115, C, 0, 1, 0.006, 69.54, 0.6121
20241015, IBTA, 90, 20270115, P, 0, 0, 0.007, 69.54, -0.4218
20241015, IBTA, 95, 20270115, C, 0, 0, 0.0061, 69.54, 0.589
20241015, IBTA, 95, 20270115, P, 0, 0, 0.0073, 69.54, -0.4493
