20241023, MCD, 150, 20241025, C, 0, 0, 0, 298.57, 1
20241023, MCD, 150, 20241025, P, 0, 0, 0, 298.57, 0
20241023, MCD, 160, 20241025, C, 0, 0, 0, 298.57, 1
20241023, MCD, 160, 20241025, P, 0, 0, 0, 298.57, 0
20241023, MCD, 165, 20241025, C, 0, 0, 0, 298.57, 1
20241023, MCD, 165, 20241025, P, 0, 0, 0, 298.57, 0
20241023, MCD, 170, 20241025, C, 0, 0, 0, 298.57, 0.9999
20241023, MCD, 170, 20241025, P, 0, 0, 0, 298.57, 0
20241023, MCD, 175, 20241025, C, 0, 0, 0, 298.57, 0.9999
20241023, MCD, 175, 20241025, P, 0, 0, 0, 298.57, 0
20241023, MCD, 180, 20241025, C, 0, 0, 0, 298.57, 0.9999
20241023, MCD, 180, 20241025, P, 0, 0, 0, 298.57, -0.0001
20241023, MCD, 185, 20241025, C, 0, 0, 0, 298.57, 0.9999
20241023, MCD, 185, 20241025, P, 0, 0, 0, 298.57, -0.0001
20241023, MCD, 190, 20241025, C, 0, 0, 0, 298.57, 0.9999
20241023, MCD, 190, 20241025, P, 0, 0, 0, 298.57, -0.0001
20241023, MCD, 195, 20241025, C, 0, 0, 0, 298.57, 0.9998
20241023, MCD, 195, 20241025, P, 0, 0, 0, 298.57, -0.0001
20241023, MCD, 200, 20241025, C, 0, 0, 0, 298.57, 0.9998
20241023, MCD, 200, 20241025, P, 91, 0, 0, 298.57, -0.0002
20241023, MCD, 205, 20241025, C, 0, 0, 0, 298.57, 0.9998
20241023, MCD, 205, 20241025, P, 0, 0, 0, 298.57, -0.0002
20241023, MCD, 210, 20241025, C, 0, 0, 0, 298.57, 0.9997
20241023, MCD, 210, 20241025, P, 0, 0, 0, 298.57, -0.0003
20241023, MCD, 215, 20241025, C, 0, 0, 0, 298.57, 0.9996
20241023, MCD, 215, 20241025, P, 1, 1, 0, 298.57, -0.0003
20241023, MCD, 220, 20241025, C, 0, 0, 0.0001, 298.57, 0.9995
20241023, MCD, 220, 20241025, P, 0, 0, 0.0001, 298.57, -0.0004
20241023, MCD, 225, 20241025, C, 0, 0, 0.0001, 298.57, 0.9994
20241023, MCD, 225, 20241025, P, 0, 0, 0.0001, 298.57, -0.0006
20241023, MCD, 230, 20241025, C, 0, 0, 0.0001, 298.57, 0.9992
20241023, MCD, 230, 20241025, P, 0, 0, 0.0001, 298.57, -0.0008
20241023, MCD, 235, 20241025, C, 0, 12, 0.0001, 298.57, 0.999
20241023, MCD, 235, 20241025, P, 433, 3, 0.0001, 298.57, -0.001
20241023, MCD, 240, 20241025, C, 0, 0, 0.0002, 298.57, 0.9986
20241023, MCD, 240, 20241025, P, 231, 0, 0.0002, 298.57, -0.0014
20241023, MCD, 245, 20241025, C, 0, 0, 0.0003, 298.57, 0.9981
20241023, MCD, 245, 20241025, P, 139, 15, 0.0003, 298.57, -0.0019
20241023, MCD, 250, 20241025, C, 0, 1, 0.0004, 298.57, 0.9974
20241023, MCD, 250, 20241025, P, 747, 17, 0.0004, 298.57, -0.0026
20241023, MCD, 255, 20241025, C, 0, 5, 0.0006, 298.57, 0.9963
20241023, MCD, 255, 20241025, P, 110, 83, 0.0006, 298.57, -0.0037
20241023, MCD, 260, 20241025, C, 0, 1, 0.0009, 298.57, 0.9945
20241023, MCD, 260, 20241025, P, 1010, 220, 0.0009, 298.57, -0.0054
20241023, MCD, 262.5, 20241025, C, 0, 0, 0.0012, 298.57, 0.9934
20241023, MCD, 262.5, 20241025, P, 236, 0, 0.0012, 298.57, -0.0066
20241023, MCD, 265, 20241025, C, 0, 1, 0.0015, 298.57, 0.9918
20241023, MCD, 265, 20241025, P, 1105, 156, 0.0015, 298.57, -0.0081
20241023, MCD, 267.5, 20241025, C, 0, 0, 0.0019, 298.57, 0.9899
20241023, MCD, 267.5, 20241025, P, 545, 0, 0.0019, 298.57, -0.0101
20241023, MCD, 270, 20241025, C, 6, 0, 0.0024, 298.57, 0.9874
20241023, MCD, 270, 20241025, P, 1460, 151, 0.0024, 298.57, -0.0126
20241023, MCD, 272.5, 20241025, C, 0, 0, 0.0031, 298.57, 0.984
20241023, MCD, 272.5, 20241025, P, 1203, 8, 0.0031, 298.57, -0.0159
20241023, MCD, 275, 20241025, C, 4, 13, 0.004, 298.57, 0.9796
20241023, MCD, 275, 20241025, P, 1476, 60, 0.004, 298.57, -0.0204
20241023, MCD, 277.5, 20241025, C, 11, 0, 0.0053, 298.57, 0.9735
20241023, MCD, 277.5, 20241025, P, 878, 0, 0.0053, 298.57, -0.0264
20241023, MCD, 280, 20241025, C, 68, 27, 0.0072, 298.57, 0.965
20241023, MCD, 280, 20241025, P, 3368, 88, 0.0072, 298.57, -0.035
20241023, MCD, 282.5, 20241025, C, 34, 0, 0.0098, 298.57, 0.9526
20241023, MCD, 282.5, 20241025, P, 1848, 34, 0.0098, 298.57, -0.0475
20241023, MCD, 285, 20241025, C, 65, 12, 0.0136, 298.57, 0.9338
20241023, MCD, 285, 20241025, P, 4892, 254, 0.0136, 298.57, -0.0662
20241023, MCD, 287.5, 20241025, C, 65, 0, 0.0191, 298.57, 0.9052
20241023, MCD, 287.5, 20241025, P, 3304, 1195, 0.0192, 298.57, -0.0949
20241023, MCD, 290, 20241025, C, 529, 145, 0.0268, 298.57, 0.8614
20241023, MCD, 290, 20241025, P, 9824, 548, 0.0269, 298.57, -0.1389
20241023, MCD, 292.5, 20241025, C, 613, 0, 0.0366, 298.57, 0.7954
20241023, MCD, 292.5, 20241025, P, 3364, 66, 0.0368, 298.57, -0.2052
20241023, MCD, 295, 20241025, C, 2118, 74, 0.0475, 298.57, 0.7005
20241023, MCD, 295, 20241025, P, 8529, 128, 0.0479, 298.57, -0.3009
20241023, MCD, 297.5, 20241025, C, 1640, 15, 0.056, 298.57, 0.5752
20241023, MCD, 297.5, 20241025, P, 6043, 127, 0.0568, 298.57, -0.4278
20241023, MCD, 300, 20241025, C, 12735, 100, 0.0577, 298.57, 0.4318
20241023, MCD, 300, 20241025, P, 3295, 180, 0.0586, 298.57, -0.5734
20241023, MCD, 302.5, 20241025, C, 3766, 38, 0.0507, 298.57, 0.2965
20241023, MCD, 302.5, 20241025, P, 366, 425, 0.0516, 298.57, -0.7109
20241023, MCD, 305, 20241025, C, 8695, 161, 0.039, 298.57, 0.1911
20241023, MCD, 305, 20241025, P, 224, 339, 0.0396, 298.57, -0.8177
20241023, MCD, 307.5, 20241025, C, 1879, 126, 0.0276, 298.57, 0.1204
20241023, MCD, 307.5, 20241025, P, 647, 945, 0.028, 298.57, -0.8889
20241023, MCD, 310, 20241025, C, 4809, 565, 0.0188, 298.57, 0.0773
20241023, MCD, 310, 20241025, P, 626, 682, 0.0191, 298.57, -0.9321
20241023, MCD, 312.5, 20241025, C, 1384, 126, 0.0129, 298.57, 0.0518
20241023, MCD, 312.5, 20241025, P, 163, 333, 0.013, 298.57, -0.9572
20241023, MCD, 315, 20241025, C, 1966, 486, 0.0091, 298.57, 0.0363
20241023, MCD, 315, 20241025, P, 422, 474, 0.009, 298.57, -0.9721
20241023, MCD, 317.5, 20241025, C, 586, 536, 0.0065, 298.57, 0.0262
20241023, MCD, 317.5, 20241025, P, 14, 204, 0.0062, 298.57, -0.9814
20241023, MCD, 320, 20241025, C, 828, 705, 0.0047, 298.57, 0.0192
20241023, MCD, 320, 20241025, P, 43, 56, 0.0043, 298.57, -0.9876
20241023, MCD, 322.5, 20241025, C, 710, 293, 0.0034, 298.57, 0.0141
20241023, MCD, 322.5, 20241025, P, 1, 1, 0.0029, 298.57, -0.9919
20241023, MCD, 325, 20241025, C, 2302, 608, 0.0025, 298.57, 0.0102
20241023, MCD, 325, 20241025, P, 49, 1, 0.0019, 298.57, -0.995
20241023, MCD, 327.5, 20241025, C, 567, 400, 0.0018, 298.57, 0.0073
20241023, MCD, 327.5, 20241025, P, 1, 0, 0.0012, 298.57, -0.997
20241023, MCD, 330, 20241025, C, 15, 200, 0.0013, 298.57, 0.0051
20241023, MCD, 330, 20241025, P, 0, 0, 0.0007, 298.57, -0.9983
20241023, MCD, 332.5, 20241025, C, 0, 3, 0.0009, 298.57, 0.0036
20241023, MCD, 332.5, 20241025, P, 0, 0, 0.0004, 298.57, -0.9991
20241023, MCD, 335, 20241025, C, 10, 39, 0.0006, 298.57, 0.0025
20241023, MCD, 335, 20241025, P, 0, 0, 0.0002, 298.57, -0.9995
20241023, MCD, 337.5, 20241025, C, 101, 21, 0.0005, 298.57, 0.0018
20241023, MCD, 337.5, 20241025, P, 0, 0, 0.0001, 298.57, -0.9998
20241023, MCD, 340, 20241025, C, 16, 36, 0.0003, 298.57, 0.0013
20241023, MCD, 340, 20241025, P, 0, 0, 0.0001, 298.57, -0.9999
20241023, MCD, 342.5, 20241025, C, 13, 32, 0.0002, 298.57, 0.001
20241023, MCD, 342.5, 20241025, P, 0, 0, 0, 298.57, -0.9999
20241023, MCD, 345, 20241025, C, 0, 3, 0.0002, 298.57, 0.0007
20241023, MCD, 345, 20241025, P, 0, 0, 0, 298.57, -1
20241023, MCD, 347.5, 20241025, C, 0, 0, 0.0001, 298.57, 0.0006
20241023, MCD, 347.5, 20241025, P, 0, 0, 0, 298.57, -1
20241023, MCD, 350, 20241025, C, 4, 2, 0.0001, 298.57, 0.0005
20241023, MCD, 350, 20241025, P, 0, 0, 0, 298.57, -1
20241023, MCD, 352.5, 20241025, C, 0, 0, 0.0001, 298.57, 0.0004
20241023, MCD, 352.5, 20241025, P, 0, 0, 0, 298.57, -1
20241023, MCD, 355, 20241025, C, 0, 4, 0.0001, 298.57, 0.0003
20241023, MCD, 355, 20241025, P, 0, 0, 0, 298.57, -1
20241023, MCD, 357.5, 20241025, C, 0, 0, 0.0001, 298.57, 0.0002
20241023, MCD, 357.5, 20241025, P, 0, 0, 0, 298.57, -1
20241023, MCD, 360, 20241025, C, 0, 2, 0, 298.57, 0.0002
20241023, MCD, 360, 20241025, P, 0, 0, 0, 298.57, -1
20241023, MCD, 365, 20241025, C, 0, 0, 0, 298.57, 0.0001
20241023, MCD, 365, 20241025, P, 0, 0, 0, 298.57, -1
20241023, MCD, 370, 20241025, C, 0, 0, 0, 298.57, 0.0001
20241023, MCD, 370, 20241025, P, 0, 0, 0, 298.57, -1
20241023, MCD, 375, 20241025, C, 0, 0, 0, 298.57, 0.0001
20241023, MCD, 375, 20241025, P, 0, 0, 0, 298.57, -1
20241023, MCD, 380, 20241025, C, 0, 0, 0, 298.57, 0
20241023, MCD, 380, 20241025, P, 0, 0, 0, 298.57, -1
20241023, MCD, 385, 20241025, C, 1, 0, 0, 298.57, 0
20241023, MCD, 385, 20241025, P, 0, 0, 0, 298.57, -1
20241023, MCD, 150, 20241101, C, 0, 0, 0, 298.57, 0.9997
20241023, MCD, 150, 20241101, P, 6, 0, 0, 298.57, -0.0002
20241023, MCD, 160, 20241101, C, 1, 0, 0, 298.57, 0.9996
20241023, MCD, 160, 20241101, P, 0, 0, 0, 298.57, -0.0003
20241023, MCD, 165, 20241101, C, 0, 0, 0, 298.57, 0.9995
20241023, MCD, 165, 20241101, P, 0, 0, 0, 298.57, -0.0004
20241023, MCD, 170, 20241101, C, 0, 0, 0, 298.57, 0.9994
20241023, MCD, 170, 20241101, P, 0, 0, 0, 298.57, -0.0005
20241023, MCD, 175, 20241101, C, 0, 0, 0, 298.57, 0.9993
20241023, MCD, 175, 20241101, P, 0, 0, 0, 298.57, -0.0007
20241023, MCD, 180, 20241101, C, 0, 0, 0.0001, 298.57, 0.9991
20241023, MCD, 180, 20241101, P, 9, 0, 0.0001, 298.57, -0.0008
20241023, MCD, 185, 20241101, C, 0, 0, 0.0001, 298.57, 0.9989
20241023, MCD, 185, 20241101, P, 0, 0, 0.0001, 298.57, -0.001
20241023, MCD, 190, 20241101, C, 0, 0, 0.0001, 298.57, 0.9986
20241023, MCD, 190, 20241101, P, 0, 0, 0.0001, 298.57, -0.0013
20241023, MCD, 195, 20241101, C, 0, 0, 0.0001, 298.57, 0.9983
20241023, MCD, 195, 20241101, P, 1, 0, 0.0001, 298.57, -0.0016
20241023, MCD, 200, 20241101, C, 0, 2, 0.0001, 298.57, 0.9979
20241023, MCD, 200, 20241101, P, 391, 0, 0.0001, 298.57, -0.0021
20241023, MCD, 205, 20241101, C, 0, 0, 0.0002, 298.57, 0.9973
20241023, MCD, 205, 20241101, P, 0, 0, 0.0002, 298.57, -0.0026
20241023, MCD, 210, 20241101, C, 0, 0, 0.0002, 298.57, 0.9966
20241023, MCD, 210, 20241101, P, 0, 0, 0.0002, 298.57, -0.0033
20241023, MCD, 215, 20241101, C, 0, 0, 0.0003, 298.57, 0.9957
20241023, MCD, 215, 20241101, P, 14, 0, 0.0003, 298.57, -0.0042
20241023, MCD, 220, 20241101, C, 0, 0, 0.0004, 298.57, 0.9946
20241023, MCD, 220, 20241101, P, 402, 0, 0.0004, 298.57, -0.0054
20241023, MCD, 225, 20241101, C, 0, 0, 0.0005, 298.57, 0.993
20241023, MCD, 225, 20241101, P, 200, 0, 0.0005, 298.57, -0.0069
20241023, MCD, 230, 20241101, C, 0, 0, 0.0007, 298.57, 0.9911
20241023, MCD, 230, 20241101, P, 639, 1, 0.0007, 298.57, -0.0089
20241023, MCD, 235, 20241101, C, 0, 0, 0.0009, 298.57, 0.9885
20241023, MCD, 235, 20241101, P, 29, 0, 0.0009, 298.57, -0.0115
20241023, MCD, 240, 20241101, C, 0, 0, 0.0012, 298.57, 0.985
20241023, MCD, 240, 20241101, P, 106, 0, 0.0012, 298.57, -0.015
20241023, MCD, 245, 20241101, C, 1, 0, 0.0016, 298.57, 0.9805
20241023, MCD, 245, 20241101, P, 109, 0, 0.0016, 298.57, -0.0196
20241023, MCD, 250, 20241101, C, 0, 0, 0.0021, 298.57, 0.9744
20241023, MCD, 250, 20241101, P, 434, 6, 0.0021, 298.57, -0.0257
20241023, MCD, 255, 20241101, C, 0, 0, 0.0028, 298.57, 0.9662
20241023, MCD, 255, 20241101, P, 331, 29, 0.0028, 298.57, -0.034
20241023, MCD, 260, 20241101, C, 0, 0, 0.0037, 298.57, 0.955
20241023, MCD, 260, 20241101, P, 410, 48, 0.0038, 298.57, -0.0453
20241023, MCD, 265, 20241101, C, 10, 18, 0.005, 298.57, 0.9396
20241023, MCD, 265, 20241101, P, 257, 50, 0.005, 298.57, -0.0608
20241023, MCD, 267.5, 20241101, C, 0, 0, 0.0058, 298.57, 0.9297
20241023, MCD, 267.5, 20241101, P, 56, 16, 0.0058, 298.57, -0.0708
20241023, MCD, 270, 20241101, C, 3, 0, 0.0067, 298.57, 0.9179
20241023, MCD, 270, 20241101, P, 619, 187, 0.0068, 298.57, -0.0827
20241023, MCD, 272.5, 20241101, C, 2, 0, 0.0078, 298.57, 0.9038
20241023, MCD, 272.5, 20241101, P, 150, 0, 0.0078, 298.57, -0.0968
20241023, MCD, 275, 20241101, C, 24, 23, 0.009, 298.57, 0.8869
20241023, MCD, 275, 20241101, P, 745, 368, 0.0091, 298.57, -0.114
20241023, MCD, 277.5, 20241101, C, 0, 0, 0.0104, 298.57, 0.8667
20241023, MCD, 277.5, 20241101, P, 209, 0, 0.0105, 298.57, -0.1345
20241023, MCD, 280, 20241101, C, 66, 11, 0.0119, 298.57, 0.8425
20241023, MCD, 280, 20241101, P, 935, 229, 0.012, 298.57, -0.1587
20241023, MCD, 282.5, 20241101, C, 2, 0, 0.0135, 298.57, 0.8139
20241023, MCD, 282.5, 20241101, P, 177, 5, 0.0137, 298.57, -0.1875
20241023, MCD, 285, 20241101, C, 153, 24, 0.0153, 298.57, 0.7805
20241023, MCD, 285, 20241101, P, 599, 233, 0.0154, 298.57, -0.2213
20241023, MCD, 287.5, 20241101, C, 6, 0, 0.017, 298.57, 0.7421
20241023, MCD, 287.5, 20241101, P, 365, 27, 0.0171, 298.57, -0.2601
20241023, MCD, 290, 20241101, C, 277, 52, 0.0186, 298.57, 0.699
20241023, MCD, 290, 20241101, P, 2699, 236, 0.0188, 298.57, -0.3036
20241023, MCD, 292.5, 20241101, C, 56, 0, 0.02, 298.57, 0.6516
20241023, MCD, 292.5, 20241101, P, 213, 33, 0.0202, 298.57, -0.3516
20241023, MCD, 295, 20241101, C, 942, 28, 0.0212, 298.57, 0.6005
20241023, MCD, 295, 20241101, P, 869, 203, 0.0214, 298.57, -0.4032
20241023, MCD, 297.5, 20241101, C, 397, 8, 0.0219, 298.57, 0.5468
20241023, MCD, 297.5, 20241101, P, 374, 53, 0.0222, 298.57, -0.4575
20241023, MCD, 300, 20241101, C, 2431, 49, 0.0223, 298.57, 0.4916
20241023, MCD, 300, 20241101, P, 1723, 254, 0.0225, 298.57, -0.5133
20241023, MCD, 302.5, 20241101, C, 396, 24, 0.0222, 298.57, 0.4361
20241023, MCD, 302.5, 20241101, P, 115, 347, 0.0224, 298.57, -0.5694
20241023, MCD, 305, 20241101, C, 3645, 114, 0.0216, 298.57, 0.3815
20241023, MCD, 305, 20241101, P, 301, 197, 0.0218, 298.57, -0.6247
20241023, MCD, 307.5, 20241101, C, 314, 20, 0.0207, 298.57, 0.3288
20241023, MCD, 307.5, 20241101, P, 35, 45, 0.0209, 298.57, -0.6779
20241023, MCD, 310, 20241101, C, 1516, 745, 0.0193, 298.57, 0.2792
20241023, MCD, 310, 20241101, P, 147, 119, 0.0195, 298.57, -0.728
20241023, MCD, 312.5, 20241101, C, 438, 28, 0.0177, 298.57, 0.2335
20241023, MCD, 312.5, 20241101, P, 48, 122, 0.0179, 298.57, -0.7742
20241023, MCD, 315, 20241101, C, 737, 347, 0.0159, 298.57, 0.1924
20241023, MCD, 315, 20241101, P, 131, 254, 0.0161, 298.57, -0.8159
20241023, MCD, 317.5, 20241101, C, 799, 157, 0.014, 298.57, 0.1562
20241023, MCD, 317.5, 20241101, P, 16, 69, 0.0142, 298.57, -0.8526
20241023, MCD, 320, 20241101, C, 916, 292, 0.012, 298.57, 0.1249
20241023, MCD, 320, 20241101, P, 8, 38, 0.0124, 298.57, -0.8844
20241023, MCD, 322.5, 20241101, C, 45, 32, 0.0102, 298.57, 0.0991
20241023, MCD, 322.5, 20241101, P, 3, 1, 0.0106, 298.57, -0.9112
20241023, MCD, 325, 20241101, C, 1567, 433, 0.0085, 298.57, 0.0781
20241023, MCD, 325, 20241101, P, 12, 12, 0.0091, 298.57, -0.9333
20241023, MCD, 327.5, 20241101, C, 76, 49, 0.007, 298.57, 0.0613
20241023, MCD, 327.5, 20241101, P, 0, 0, 0.0077, 298.57, -0.9514
20241023, MCD, 330, 20241101, C, 322, 124, 0.0058, 298.57, 0.0482
20241023, MCD, 330, 20241101, P, 2, 2, 0.0065, 298.57, -0.9659
20241023, MCD, 332.5, 20241101, C, 9, 4, 0.0047, 298.57, 0.038
20241023, MCD, 332.5, 20241101, P, 1, 0, 0.0053, 298.57, -0.9772
20241023, MCD, 335, 20241101, C, 29, 37, 0.0038, 298.57, 0.0301
20241023, MCD, 335, 20241101, P, 0, 0, 0.004, 298.57, -0.9854
20241023, MCD, 337.5, 20241101, C, 4, 1, 0.0031, 298.57, 0.024
20241023, MCD, 337.5, 20241101, P, 0, 0, 0.0029, 298.57, -0.9913
20241023, MCD, 340, 20241101, C, 143, 80, 0.0026, 298.57, 0.0194
20241023, MCD, 340, 20241101, P, 0, 0, 0.0019, 298.57, -0.9948
20241023, MCD, 342.5, 20241101, C, 11, 35, 0.0021, 298.57, 0.0157
20241023, MCD, 342.5, 20241101, P, 1, 0, 0.0011, 298.57, -0.9975
20241023, MCD, 345, 20241101, C, 61, 4, 0.0017, 298.57, 0.0128
20241023, MCD, 345, 20241101, P, 0, 0, 0.0007, 298.57, -0.9986
20241023, MCD, 347.5, 20241101, C, 0, 1, 0.0014, 298.57, 0.0105
20241023, MCD, 347.5, 20241101, P, 0, 0, 0.0003, 298.57, -0.9994
20241023, MCD, 350, 20241101, C, 329, 29, 0.0012, 298.57, 0.0086
20241023, MCD, 350, 20241101, P, 0, 1, 0.0001, 298.57, -0.9998
20241023, MCD, 352.5, 20241101, C, 1, 1, 0.001, 298.57, 0.0071
20241023, MCD, 352.5, 20241101, P, 0, 0, 0.0001, 298.57, -0.9999
20241023, MCD, 355, 20241101, C, 0, 4, 0.0008, 298.57, 0.0059
20241023, MCD, 355, 20241101, P, 0, 0, 0, 298.57, -1
20241023, MCD, 357.5, 20241101, C, 0, 0, 0.0007, 298.57, 0.0049
20241023, MCD, 357.5, 20241101, P, 0, 0, 0, 298.57, -1
20241023, MCD, 360, 20241101, C, 0, 0, 0.0006, 298.57, 0.0041
20241023, MCD, 360, 20241101, P, 0, 0, 0, 298.57, -1
20241023, MCD, 365, 20241101, C, 1, 0, 0.0004, 298.57, 0.003
20241023, MCD, 365, 20241101, P, 0, 0, 0, 298.57, -1
20241023, MCD, 370, 20241101, C, 8, 5, 0.0003, 298.57, 0.0022
20241023, MCD, 370, 20241101, P, 0, 0, 0, 298.57, -1
20241023, MCD, 375, 20241101, C, 56, 0, 0.0002, 298.57, 0.0016
20241023, MCD, 375, 20241101, P, 0, 0, 0, 298.57, -1
20241023, MCD, 380, 20241101, C, 0, 0, 0.0002, 298.57, 0.0012
20241023, MCD, 380, 20241101, P, 0, 0, 0, 298.57, -1
20241023, MCD, 385, 20241101, C, 1, 0, 0.0001, 298.57, 0.0008
20241023, MCD, 385, 20241101, P, 0, 0, 0, 298.57, -1
20241023, MCD, 160, 20241108, C, 0, 0, 0.0001, 298.57, 0.9987
20241023, MCD, 160, 20241108, P, 0, 0, 0.0001, 298.57, -0.0011
20241023, MCD, 165, 20241108, C, 0, 0, 0.0001, 298.57, 0.9985
20241023, MCD, 165, 20241108, P, 4, 0, 0.0001, 298.57, -0.0013
20241023, MCD, 170, 20241108, C, 0, 0, 0.0001, 298.57, 0.9983
20241023, MCD, 170, 20241108, P, 0, 0, 0.0001, 298.57, -0.0016
20241023, MCD, 175, 20241108, C, 0, 0, 0.0001, 298.57, 0.998
20241023, MCD, 175, 20241108, P, 1, 0, 0.0001, 298.57, -0.0019
20241023, MCD, 180, 20241108, C, 0, 0, 0.0001, 298.57, 0.9976
20241023, MCD, 180, 20241108, P, 0, 0, 0.0001, 298.57, -0.0022
20241023, MCD, 185, 20241108, C, 0, 0, 0.0001, 298.57, 0.9972
20241023, MCD, 185, 20241108, P, 0, 0, 0.0001, 298.57, -0.0027
20241023, MCD, 190, 20241108, C, 0, 0, 0.0002, 298.57, 0.9967
20241023, MCD, 190, 20241108, P, 0, 0, 0.0002, 298.57, -0.0032
20241023, MCD, 195, 20241108, C, 0, 0, 0.0002, 298.57, 0.996
20241023, MCD, 195, 20241108, P, 0, 0, 0.0002, 298.57, -0.0038
20241023, MCD, 200, 20241108, C, 0, 0, 0.0003, 298.57, 0.9953
20241023, MCD, 200, 20241108, P, 4, 0, 0.0003, 298.57, -0.0046
20241023, MCD, 205, 20241108, C, 0, 0, 0.0003, 298.57, 0.9944
20241023, MCD, 205, 20241108, P, 0, 0, 0.0003, 298.57, -0.0055
20241023, MCD, 210, 20241108, C, 0, 0, 0.0004, 298.57, 0.9932
20241023, MCD, 210, 20241108, P, 0, 0, 0.0004, 298.57, -0.0066
20241023, MCD, 215, 20241108, C, 0, 0, 0.0005, 298.57, 0.9918
20241023, MCD, 215, 20241108, P, 0, 0, 0.0005, 298.57, -0.008
20241023, MCD, 220, 20241108, C, 0, 0, 0.0006, 298.57, 0.9901
20241023, MCD, 220, 20241108, P, 0, 0, 0.0006, 298.57, -0.0098
20241023, MCD, 225, 20241108, C, 0, 0, 0.0008, 298.57, 0.9879
20241023, MCD, 225, 20241108, P, 0, 0, 0.0008, 298.57, -0.0119
20241023, MCD, 230, 20241108, C, 0, 0, 0.001, 298.57, 0.9852
20241023, MCD, 230, 20241108, P, 23, 0, 0.001, 298.57, -0.0147
20241023, MCD, 235, 20241108, C, 0, 0, 0.0012, 298.57, 0.9818
20241023, MCD, 235, 20241108, P, 4, 0, 0.0012, 298.57, -0.0181
20241023, MCD, 240, 20241108, C, 0, 0, 0.0016, 298.57, 0.9775
20241023, MCD, 240, 20241108, P, 2, 0, 0.0016, 298.57, -0.0225
20241023, MCD, 245, 20241108, C, 0, 0, 0.002, 298.57, 0.9719
20241023, MCD, 245, 20241108, P, 5, 0, 0.002, 298.57, -0.0281
20241023, MCD, 250, 20241108, C, 0, 0, 0.0025, 298.57, 0.9647
20241023, MCD, 250, 20241108, P, 38, 3, 0.0026, 298.57, -0.0353
20241023, MCD, 255, 20241108, C, 0, 0, 0.0032, 298.57, 0.9552
20241023, MCD, 255, 20241108, P, 30, 0, 0.0033, 298.57, -0.0449
20241023, MCD, 260, 20241108, C, 1, 0, 0.0042, 298.57, 0.9426
20241023, MCD, 260, 20241108, P, 60, 3, 0.0042, 298.57, -0.0576
20241023, MCD, 265, 20241108, C, 5, 5, 0.0054, 298.57, 0.9254
20241023, MCD, 265, 20241108, P, 85, 2, 0.0055, 298.57, -0.075
20241023, MCD, 270, 20241108, C, 1, 0, 0.007, 298.57, 0.9017
20241023, MCD, 270, 20241108, P, 96, 13, 0.0071, 298.57, -0.0988
20241023, MCD, 275, 20241108, C, 4, 0, 0.0091, 298.57, 0.8686
20241023, MCD, 275, 20241108, P, 131, 6, 0.0092, 298.57, -0.1321
20241023, MCD, 280, 20241108, C, 4, 0, 0.0116, 298.57, 0.8232
20241023, MCD, 280, 20241108, P, 300, 26, 0.0117, 298.57, -0.1783
20241023, MCD, 285, 20241108, C, 8, 5, 0.0144, 298.57, 0.763
20241023, MCD, 285, 20241108, P, 1700, 31, 0.0145, 298.57, -0.2392
20241023, MCD, 290, 20241108, C, 118, 3, 0.017, 298.57, 0.6873
20241023, MCD, 290, 20241108, P, 1915, 147, 0.0172, 298.57, -0.3154
20241023, MCD, 292.5, 20241108, C, 15, 0, 0.0181, 298.57, 0.6442
20241023, MCD, 292.5, 20241108, P, 54, 1, 0.0184, 298.57, -0.359
20241023, MCD, 295, 20241108, C, 156, 3, 0.0191, 298.57, 0.5981
20241023, MCD, 295, 20241108, P, 213, 25, 0.0193, 298.57, -0.4058
20241023, MCD, 297.5, 20241108, C, 240, 0, 0.0198, 298.57, 0.5498
20241023, MCD, 297.5, 20241108, P, 1586, 8, 0.02, 298.57, -0.4548
20241023, MCD, 300, 20241108, C, 491, 44, 0.0201, 298.57, 0.5001
20241023, MCD, 300, 20241108, P, 388, 349, 0.0205, 298.57, -0.5054
20241023, MCD, 302.5, 20241108, C, 77, 0, 0.0202, 298.57, 0.4496
20241023, MCD, 302.5, 20241108, P, 43, 1, 0.0206, 298.57, -0.5568
20241023, MCD, 305, 20241108, C, 302, 156, 0.0199, 298.57, 0.3995
20241023, MCD, 305, 20241108, P, 16, 18, 0.0203, 298.57, -0.608
20241023, MCD, 307.5, 20241108, C, 110, 0, 0.0193, 298.57, 0.3504
20241023, MCD, 307.5, 20241108, P, 11, 1, 0.0197, 298.57, -0.6583
20241023, MCD, 310, 20241108, C, 715, 43, 0.0183, 298.57, 0.3033
20241023, MCD, 310, 20241108, P, 18, 44, 0.0188, 298.57, -0.7067
20241023, MCD, 312.5, 20241108, C, 47, 0, 0.0171, 298.57, 0.2589
20241023, MCD, 312.5, 20241108, P, 5, 6, 0.0176, 298.57, -0.7524
20241023, MCD, 315, 20241108, C, 282, 44, 0.0157, 298.57, 0.218
20241023, MCD, 315, 20241108, P, 11, 22, 0.0162, 298.57, -0.7947
20241023, MCD, 317.5, 20241108, C, 53, 7, 0.0141, 298.57, 0.1805
20241023, MCD, 317.5, 20241108, P, 0, 0, 0.0146, 298.57, -0.8331
20241023, MCD, 320, 20241108, C, 310, 84, 0.0125, 298.57, 0.1483
20241023, MCD, 320, 20241108, P, 0, 5, 0.0131, 298.57, -0.8673
20241023, MCD, 322.5, 20241108, C, 12, 3, 0.0108, 298.57, 0.12
20241023, MCD, 322.5, 20241108, P, 0, 0, 0.0116, 298.57, -0.8972
20241023, MCD, 325, 20241108, C, 27, 30, 0.0092, 298.57, 0.0958
20241023, MCD, 325, 20241108, P, 0, 1, 0.01, 298.57, -0.923
20241023, MCD, 327.5, 20241108, C, 43, 2, 0.0078, 298.57, 0.0761
20241023, MCD, 327.5, 20241108, P, 0, 0, 0.009, 298.57, -0.945
20241023, MCD, 330, 20241108, C, 106, 45, 0.0065, 298.57, 0.0601
20241023, MCD, 330, 20241108, P, 1, 1, 0.0078, 298.57, -0.9633
20241023, MCD, 335, 20241108, C, 3, 20, 0.0044, 298.57, 0.0377
20241023, MCD, 335, 20241108, P, 0, 0, 0.0044, 298.57, -0.9887
20241023, MCD, 340, 20241108, C, 2, 18, 0.003, 298.57, 0.0246
20241023, MCD, 340, 20241108, P, 0, 0, 0.0012, 298.57, -0.998
20241023, MCD, 345, 20241108, C, 50, 3, 0.0022, 298.57, 0.0172
20241023, MCD, 345, 20241108, P, 2, 0, 0, 298.57, -1
20241023, MCD, 350, 20241108, C, 0, 10, 0.0016, 298.57, 0.0128
20241023, MCD, 350, 20241108, P, 3, 3, 0, 298.57, -1
20241023, MCD, 355, 20241108, C, 115, 12, 0.0012, 298.57, 0.0101
20241023, MCD, 355, 20241108, P, 0, 0, 0, 298.57, -1
20241023, MCD, 360, 20241108, C, 0, 0, 0.001, 298.57, 0.0083
20241023, MCD, 360, 20241108, P, 0, 0, 0, 298.57, -1
20241023, MCD, 365, 20241108, C, 0, 0, 0.0008, 298.57, 0.0069
20241023, MCD, 365, 20241108, P, 0, 0, 0, 298.57, -1
20241023, MCD, 370, 20241108, C, 0, 0, 0.0007, 298.57, 0.0058
20241023, MCD, 370, 20241108, P, 0, 0, 0, 298.57, -1
20241023, MCD, 375, 20241108, C, 0, 0, 0.0006, 298.57, 0.0049
20241023, MCD, 375, 20241108, P, 0, 0, 0, 298.57, -1
20241023, MCD, 380, 20241108, C, 0, 0, 0.0005, 298.57, 0.0042
20241023, MCD, 380, 20241108, P, 0, 0, 0, 298.57, -1
20241023, MCD, 385, 20241108, C, 0, 0, 0.0004, 298.57, 0.0036
20241023, MCD, 385, 20241108, P, 0, 0, 0, 298.57, -1
20241023, MCD, 175, 20241115, C, 0, 0, 0.0001, 298.57, 0.9973
20241023, MCD, 175, 20241115, P, 25, 1, 0.0001, 298.57, -0.0024
20241023, MCD, 180, 20241115, C, 0, 0, 0.0001, 298.57, 0.9968
20241023, MCD, 180, 20241115, P, 0, 0, 0.0001, 298.57, -0.0029
20241023, MCD, 185, 20241115, C, 0, 0, 0.0002, 298.57, 0.9963
20241023, MCD, 185, 20241115, P, 1, 0, 0.0002, 298.57, -0.0034
20241023, MCD, 190, 20241115, C, 0, 0, 0.0002, 298.57, 0.9957
20241023, MCD, 190, 20241115, P, 0, 2, 0.0002, 298.57, -0.004
20241023, MCD, 195, 20241115, C, 0, 0, 0.0003, 298.57, 0.995
20241023, MCD, 195, 20241115, P, 0, 0, 0.0003, 298.57, -0.0047
20241023, MCD, 200, 20241115, C, 0, 0, 0.0003, 298.57, 0.9942
20241023, MCD, 200, 20241115, P, 1032, 0, 0.0003, 298.57, -0.0056
20241023, MCD, 205, 20241115, C, 0, 0, 0.0004, 298.57, 0.9931
20241023, MCD, 205, 20241115, P, 11, 11, 0.0004, 298.57, -0.0066
20241023, MCD, 210, 20241115, C, 0, 0, 0.0005, 298.57, 0.9918
20241023, MCD, 210, 20241115, P, 4, 41, 0.0005, 298.57, -0.0079
20241023, MCD, 215, 20241115, C, 0, 0, 0.0006, 298.57, 0.9903
20241023, MCD, 215, 20241115, P, 81, 41, 0.0006, 298.57, -0.0094
20241023, MCD, 220, 20241115, C, 0, 8, 0.0007, 298.57, 0.9884
20241023, MCD, 220, 20241115, P, 39, 73, 0.0007, 298.57, -0.0113
20241023, MCD, 225, 20241115, C, 0, 0, 0.0009, 298.57, 0.9861
20241023, MCD, 225, 20241115, P, 5, 15, 0.0009, 298.57, -0.0136
20241023, MCD, 230, 20241115, C, 0, 2, 0.0011, 298.57, 0.9832
20241023, MCD, 230, 20241115, P, 56, 135, 0.0011, 298.57, -0.0166
20241023, MCD, 235, 20241115, C, 2, 0, 0.0013, 298.57, 0.9796
20241023, MCD, 235, 20241115, P, 45, 17, 0.0013, 298.57, -0.0202
20241023, MCD, 240, 20241115, C, 0, 0, 0.0017, 298.57, 0.9749
20241023, MCD, 240, 20241115, P, 445, 1385, 0.0017, 298.57, -0.0249
20241023, MCD, 245, 20241115, C, 0, 0, 0.0021, 298.57, 0.969
20241023, MCD, 245, 20241115, P, 146, 50, 0.0021, 298.57, -0.0309
20241023, MCD, 250, 20241115, C, 0, 8, 0.0026, 298.57, 0.9612
20241023, MCD, 250, 20241115, P, 178, 247, 0.0027, 298.57, -0.0388
20241023, MCD, 255, 20241115, C, 0, 15, 0.0034, 298.57, 0.951
20241023, MCD, 255, 20241115, P, 255, 2450, 0.0034, 298.57, -0.0491
20241023, MCD, 260, 20241115, C, 1, 17, 0.0043, 298.57, 0.9372
20241023, MCD, 260, 20241115, P, 840, 775, 0.0044, 298.57, -0.0629
20241023, MCD, 265, 20241115, C, 3, 23, 0.0056, 298.57, 0.9185
20241023, MCD, 265, 20241115, P, 2377, 544, 0.0056, 298.57, -0.0819
20241023, MCD, 270, 20241115, C, 0, 42, 0.0071, 298.57, 0.893
20241023, MCD, 270, 20241115, P, 1153, 640, 0.0072, 298.57, -0.1077
20241023, MCD, 275, 20241115, C, 33, 258, 0.0091, 298.57, 0.8585
20241023, MCD, 275, 20241115, P, 1358, 235, 0.0092, 298.57, -0.1426
20241023, MCD, 280, 20241115, C, 38, 662, 0.0113, 298.57, 0.8127
20241023, MCD, 280, 20241115, P, 2304, 695, 0.0114, 298.57, -0.1887
20241023, MCD, 285, 20241115, C, 36, 126, 0.0137, 298.57, 0.7539
20241023, MCD, 285, 20241115, P, 907, 1012, 0.0139, 298.57, -0.2482
20241023, MCD, 290, 20241115, C, 151, 895, 0.016, 298.57, 0.6819
20241023, MCD, 290, 20241115, P, 982, 652, 0.0163, 298.57, -0.3213
20241023, MCD, 292.5, 20241115, C, 110, 0, 0.017, 298.57, 0.6413
20241023, MCD, 292.5, 20241115, P, 170, 23, 0.0173, 298.57, -0.3625
20241023, MCD, 295, 20241115, C, 620, 380, 0.0179, 298.57, 0.5981
20241023, MCD, 295, 20241115, P, 778, 656, 0.0182, 298.57, -0.4064
20241023, MCD, 297.5, 20241115, C, 383, 0, 0.0185, 298.57, 0.5529
20241023, MCD, 297.5, 20241115, P, 351, 12, 0.0189, 298.57, -0.4525
20241023, MCD, 300, 20241115, C, 2478, 783, 0.0189, 298.57, 0.5062
20241023, MCD, 300, 20241115, P, 1175, 1550, 0.0193, 298.57, -0.5002
20241023, MCD, 302.5, 20241115, C, 281, 0, 0.019, 298.57, 0.4587
20241023, MCD, 302.5, 20241115, P, 116, 16, 0.0195, 298.57, -0.5488
20241023, MCD, 305, 20241115, C, 1192, 1157, 0.0189, 298.57, 0.4112
20241023, MCD, 305, 20241115, P, 608, 1008, 0.0194, 298.57, -0.5977
20241023, MCD, 307.5, 20241115, C, 79, 0, 0.0184, 298.57, 0.3644
20241023, MCD, 307.5, 20241115, P, 25, 6, 0.019, 298.57, -0.6459
20241023, MCD, 310, 20241115, C, 747, 678, 0.0177, 298.57, 0.3192
20241023, MCD, 310, 20241115, P, 1342, 1486, 0.0183, 298.57, -0.6928
20241023, MCD, 312.5, 20241115, C, 48, 28, 0.0167, 298.57, 0.2763
20241023, MCD, 312.5, 20241115, P, 1, 45, 0.0174, 298.57, -0.7376
20241023, MCD, 315, 20241115, C, 1275, 1065, 0.0155, 298.57, 0.2363
20241023, MCD, 315, 20241115, P, 107, 555, 0.0162, 298.57, -0.7795
20241023, MCD, 317.5, 20241115, C, 35, 144, 0.0141, 298.57, 0.1999
20241023, MCD, 317.5, 20241115, P, 2, 15, 0.0149, 298.57, -0.8181
20241023, MCD, 320, 20241115, C, 950, 977, 0.0127, 298.57, 0.1673
20241023, MCD, 320, 20241115, P, 6, 30, 0.0136, 298.57, -0.8528
20241023, MCD, 322.5, 20241115, C, 89, 12, 0.0112, 298.57, 0.1388
20241023, MCD, 322.5, 20241115, P, 3, 0, 0.0122, 298.57, -0.8832
20241023, MCD, 325, 20241115, C, 417, 402, 0.0098, 298.57, 0.1145
20241023, MCD, 325, 20241115, P, 16, 16, 0.0109, 298.57, -0.9101
20241023, MCD, 327.5, 20241115, C, 193, 5, 0.0085, 298.57, 0.0941
20241023, MCD, 327.5, 20241115, P, 0, 0, 0.0099, 298.57, -0.9333
20241023, MCD, 330, 20241115, C, 791, 1049, 0.0073, 298.57, 0.0771
20241023, MCD, 330, 20241115, P, 0, 4, 0.009, 298.57, -0.9525
20241023, MCD, 335, 20241115, C, 43, 175, 0.0053, 298.57, 0.053
20241023, MCD, 335, 20241115, P, 0, 0, 0.0062, 298.57, -0.9807
20241023, MCD, 340, 20241115, C, 77, 122, 0.004, 298.57, 0.0381
20241023, MCD, 340, 20241115, P, 2, 0, 0.0027, 298.57, -0.9936
20241023, MCD, 345, 20241115, C, 29, 31, 0.003, 298.57, 0.0289
20241023, MCD, 345, 20241115, P, 7, 0, 0.001, 298.57, -0.998
20241023, MCD, 350, 20241115, C, 12, 186, 0.0024, 298.57, 0.0231
20241023, MCD, 350, 20241115, P, 0, 0, 0.0003, 298.57, -0.9994
20241023, MCD, 355, 20241115, C, 1, 22, 0.0019, 298.57, 0.0192
20241023, MCD, 355, 20241115, P, 0, 0, 0, 298.57, -1
20241023, MCD, 360, 20241115, C, 14, 60, 0.0016, 298.57, 0.0163
20241023, MCD, 360, 20241115, P, 0, 0, 0, 298.57, -1
20241023, MCD, 365, 20241115, C, 0, 3, 0.0014, 298.57, 0.014
20241023, MCD, 365, 20241115, P, 0, 0, 0, 298.57, -1
20241023, MCD, 370, 20241115, C, 0, 0, 0.0012, 298.57, 0.0122
20241023, MCD, 370, 20241115, P, 0, 0, 0, 298.57, -1
20241023, MCD, 375, 20241115, C, 5, 5, 0.001, 298.57, 0.0107
20241023, MCD, 375, 20241115, P, 0, 0, 0, 298.57, -1
20241023, MCD, 380, 20241115, C, 0, 0, 0.0008, 298.57, 0.0094
20241023, MCD, 380, 20241115, P, 0, 0, 0, 298.57, -1
20241023, MCD, 385, 20241115, C, 0, 0, 0.0007, 298.57, 0.0084
20241023, MCD, 385, 20241115, P, 0, 0, 0, 298.57, -1
20241023, MCD, 390, 20241115, C, 0, 8, 0.0006, 298.57, 0.0075
20241023, MCD, 390, 20241115, P, 0, 0, 0, 298.57, -1
20241023, MCD, 395, 20241115, C, 0, 1, 0.0006, 298.57, 0.0067
20241023, MCD, 395, 20241115, P, 0, 0, 0, 298.57, -1
20241023, MCD, 160, 20241122, C, 0, 0, 0.0001, 298.57, 0.997
20241023, MCD, 160, 20241122, P, 0, 0, 0.0001, 298.57, -0.0027
20241023, MCD, 165, 20241122, C, 0, 0, 0.0001, 298.57, 0.9966
20241023, MCD, 165, 20241122, P, 0, 0, 0.0001, 298.57, -0.0031
20241023, MCD, 170, 20241122, C, 0, 0, 0.0002, 298.57, 0.9962
20241023, MCD, 170, 20241122, P, 0, 0, 0.0002, 298.57, -0.0035
20241023, MCD, 175, 20241122, C, 0, 0, 0.0002, 298.57, 0.9956
20241023, MCD, 175, 20241122, P, 0, 0, 0.0002, 298.57, -0.0041
20241023, MCD, 180, 20241122, C, 0, 0, 0.0002, 298.57, 0.995
20241023, MCD, 180, 20241122, P, 0, 0, 0.0002, 298.57, -0.0047
20241023, MCD, 185, 20241122, C, 0, 0, 0.0003, 298.57, 0.9943
20241023, MCD, 185, 20241122, P, 0, 0, 0.0003, 298.57, -0.0054
20241023, MCD, 190, 20241122, C, 0, 0, 0.0003, 298.57, 0.9935
20241023, MCD, 190, 20241122, P, 0, 0, 0.0003, 298.57, -0.0062
20241023, MCD, 195, 20241122, C, 0, 0, 0.0004, 298.57, 0.9926
20241023, MCD, 195, 20241122, P, 0, 0, 0.0004, 298.57, -0.0072
20241023, MCD, 200, 20241122, C, 0, 0, 0.0004, 298.57, 0.9914
20241023, MCD, 200, 20241122, P, 0, 0, 0.0004, 298.57, -0.0083
20241023, MCD, 205, 20241122, C, 0, 0, 0.0005, 298.57, 0.9901
20241023, MCD, 205, 20241122, P, 0, 0, 0.0005, 298.57, -0.0096
20241023, MCD, 210, 20241122, C, 0, 0, 0.0006, 298.57, 0.9886
20241023, MCD, 210, 20241122, P, 0, 0, 0.0006, 298.57, -0.0112
20241023, MCD, 215, 20241122, C, 0, 0, 0.0007, 298.57, 0.9867
20241023, MCD, 215, 20241122, P, 0, 0, 0.0007, 298.57, -0.0131
20241023, MCD, 220, 20241122, C, 0, 0, 0.0009, 298.57, 0.9844
20241023, MCD, 220, 20241122, P, 0, 0, 0.0009, 298.57, -0.0153
20241023, MCD, 225, 20241122, C, 0, 0, 0.001, 298.57, 0.9817
20241023, MCD, 225, 20241122, P, 0, 0, 0.001, 298.57, -0.0181
20241023, MCD, 230, 20241122, C, 0, 0, 0.0013, 298.57, 0.9784
20241023, MCD, 230, 20241122, P, 2, 0, 0.0013, 298.57, -0.0214
20241023, MCD, 235, 20241122, C, 0, 0, 0.0015, 298.57, 0.9743
20241023, MCD, 235, 20241122, P, 0, 0, 0.0015, 298.57, -0.0255
20241023, MCD, 240, 20241122, C, 0, 0, 0.0019, 298.57, 0.9692
20241023, MCD, 240, 20241122, P, 2, 0, 0.0019, 298.57, -0.0307
20241023, MCD, 245, 20241122, C, 0, 0, 0.0023, 298.57, 0.9628
20241023, MCD, 245, 20241122, P, 7, 6, 0.0023, 298.57, -0.0372
20241023, MCD, 250, 20241122, C, 0, 0, 0.0029, 298.57, 0.9544
20241023, MCD, 250, 20241122, P, 35, 9, 0.0029, 298.57, -0.0456
20241023, MCD, 255, 20241122, C, 0, 3, 0.0036, 298.57, 0.9436
20241023, MCD, 255, 20241122, P, 1, 6, 0.0036, 298.57, -0.0566
20241023, MCD, 260, 20241122, C, 1, 0, 0.0045, 298.57, 0.9292
20241023, MCD, 260, 20241122, P, 26, 0, 0.0046, 298.57, -0.0712
20241023, MCD, 265, 20241122, C, 0, 1, 0.0057, 298.57, 0.9098
20241023, MCD, 265, 20241122, P, 62, 9, 0.0058, 298.57, -0.0908
20241023, MCD, 270, 20241122, C, 1, 1, 0.0072, 298.57, 0.8839
20241023, MCD, 270, 20241122, P, 891, 19, 0.0073, 298.57, -0.1171
20241023, MCD, 275, 20241122, C, 1, 5, 0.009, 298.57, 0.8492
20241023, MCD, 275, 20241122, P, 390, 6, 0.0091, 298.57, -0.1523
20241023, MCD, 280, 20241122, C, 6, 0, 0.011, 298.57, 0.8039
20241023, MCD, 280, 20241122, P, 365, 12, 0.0112, 298.57, -0.1982
20241023, MCD, 285, 20241122, C, 1, 8, 0.0132, 298.57, 0.7468
20241023, MCD, 285, 20241122, P, 57, 59, 0.0134, 298.57, -0.2563
20241023, MCD, 290, 20241122, C, 93, 11, 0.0152, 298.57, 0.6779
20241023, MCD, 290, 20241122, P, 116, 21, 0.0155, 298.57, -0.3266
20241023, MCD, 295, 20241122, C, 88, 1, 0.0168, 298.57, 0.5988
20241023, MCD, 295, 20241122, P, 112, 40, 0.0172, 298.57, -0.4068
20241023, MCD, 300, 20241122, C, 223, 13, 0.0177, 298.57, 0.5127
20241023, MCD, 300, 20241122, P, 91, 41, 0.0182, 298.57, -0.4951
20241023, MCD, 305, 20241122, C, 319, 5, 0.0178, 298.57, 0.4236
20241023, MCD, 305, 20241122, P, 65, 27, 0.0184, 298.57, -0.587
20241023, MCD, 310, 20241122, C, 392, 83, 0.0169, 298.57, 0.3365
20241023, MCD, 310, 20241122, P, 72, 70, 0.0177, 298.57, -0.6779
20241023, MCD, 315, 20241122, C, 176, 13, 0.0151, 298.57, 0.2565
20241023, MCD, 315, 20241122, P, 4, 12, 0.0161, 298.57, -0.7627
20241023, MCD, 320, 20241122, C, 96, 48, 0.0128, 298.57, 0.1878
20241023, MCD, 320, 20241122, P, 6, 15, 0.0139, 298.57, -0.8367
20241023, MCD, 325, 20241122, C, 79, 32, 0.0103, 298.57, 0.1331
20241023, MCD, 325, 20241122, P, 2, 0, 0.0116, 298.57, -0.8971
20241023, MCD, 330, 20241122, C, 77, 46, 0.0079, 298.57, 0.0924
20241023, MCD, 330, 20241122, P, 0, 0, 0.0098, 298.57, -0.9443
20241023, MCD, 335, 20241122, C, 2, 6, 0.0059, 298.57, 0.0647
20241023, MCD, 335, 20241122, P, 0, 0, 0.007, 298.57, -0.9774
20241023, MCD, 340, 20241122, C, 28, 25, 0.0044, 298.57, 0.0466
20241023, MCD, 340, 20241122, P, 0, 0, 0.0031, 298.57, -0.9939
20241023, MCD, 345, 20241122, C, 2, 2, 0.0034, 298.57, 0.0352
20241023, MCD, 345, 20241122, P, 0, 0, 0.0004, 298.57, -0.9992
20241023, MCD, 350, 20241122, C, 9, 2, 0.0027, 298.57, 0.0278
20241023, MCD, 350, 20241122, P, 0, 0, 0, 298.57, -1
20241023, MCD, 355, 20241122, C, 0, 0, 0.0022, 298.57, 0.023
20241023, MCD, 355, 20241122, P, 0, 0, 0, 298.57, -1
20241023, MCD, 360, 20241122, C, 0, 10, 0.0018, 298.57, 0.0195
20241023, MCD, 360, 20241122, P, 0, 0, 0, 298.57, -1
20241023, MCD, 365, 20241122, C, 0, 0, 0.0015, 298.57, 0.0168
20241023, MCD, 365, 20241122, P, 0, 0, 0, 298.57, -1
20241023, MCD, 370, 20241122, C, 0, 0, 0.0013, 298.57, 0.0148
20241023, MCD, 370, 20241122, P, 0, 0, 0, 298.57, -1
20241023, MCD, 375, 20241122, C, 0, 0, 0.0011, 298.57, 0.013
20241023, MCD, 375, 20241122, P, 0, 0, 0, 298.57, -1
20241023, MCD, 380, 20241122, C, 0, 0, 0.001, 298.57, 0.0116
20241023, MCD, 380, 20241122, P, 0, 0, 0, 298.57, -1
20241023, MCD, 385, 20241122, C, 0, 0, 0.0009, 298.57, 0.0104
20241023, MCD, 385, 20241122, P, 0, 0, 0, 298.57, -1
20241023, MCD, 160, 20241129, C, 0, 0, 0.0001, 298.57, 0.9959
20241023, MCD, 160, 20241129, P, 0, 0, 0.0001, 298.57, -0.0038
20241023, MCD, 165, 20241129, C, 0, 0, 0.0002, 298.57, 0.9954
20241023, MCD, 165, 20241129, P, 0, 0, 0.0002, 298.57, -0.0043
20241023, MCD, 170, 20241129, C, 0, 0, 0.0002, 298.57, 0.9948
20241023, MCD, 170, 20241129, P, 0, 0, 0.0002, 298.57, -0.0049
20241023, MCD, 175, 20241129, C, 0, 0, 0.0002, 298.57, 0.9942
20241023, MCD, 175, 20241129, P, 0, 0, 0.0002, 298.57, -0.0056
20241023, MCD, 180, 20241129, C, 0, 0, 0.0003, 298.57, 0.9934
20241023, MCD, 180, 20241129, P, 0, 0, 0.0003, 298.57, -0.0063
20241023, MCD, 185, 20241129, C, 0, 0, 0.0003, 298.57, 0.9926
20241023, MCD, 185, 20241129, P, 0, 0, 0.0003, 298.57, -0.0072
20241023, MCD, 190, 20241129, C, 0, 0, 0.0004, 298.57, 0.9916
20241023, MCD, 190, 20241129, P, 0, 0, 0.0004, 298.57, -0.0082
20241023, MCD, 195, 20241129, C, 0, 0, 0.0004, 298.57, 0.9905
20241023, MCD, 195, 20241129, P, 0, 0, 0.0004, 298.57, -0.0093
20241023, MCD, 200, 20241129, C, 0, 0, 0.0005, 298.57, 0.9892
20241023, MCD, 200, 20241129, P, 8, 0, 0.0005, 298.57, -0.0106
20241023, MCD, 205, 20241129, C, 0, 0, 0.0006, 298.57, 0.9876
20241023, MCD, 205, 20241129, P, 0, 0, 0.0006, 298.57, -0.0122
20241023, MCD, 210, 20241129, C, 0, 0, 0.0007, 298.57, 0.9858
20241023, MCD, 210, 20241129, P, 0, 0, 0.0007, 298.57, -0.014
20241023, MCD, 215, 20241129, C, 0, 0, 0.0008, 298.57, 0.9837
20241023, MCD, 215, 20241129, P, 0, 0, 0.0008, 298.57, -0.0161
20241023, MCD, 220, 20241129, C, 0, 0, 0.001, 298.57, 0.9812
20241023, MCD, 220, 20241129, P, 0, 0, 0.001, 298.57, -0.0186
20241023, MCD, 225, 20241129, C, 0, 0, 0.0012, 298.57, 0.9782
20241023, MCD, 225, 20241129, P, 2, 0, 0.0012, 298.57, -0.0217
20241023, MCD, 230, 20241129, C, 0, 0, 0.0014, 298.57, 0.9746
20241023, MCD, 230, 20241129, P, 0, 0, 0.0014, 298.57, -0.0253
20241023, MCD, 235, 20241129, C, 0, 0, 0.0017, 298.57, 0.9702
20241023, MCD, 235, 20241129, P, 20, 0, 0.0017, 298.57, -0.0298
20241023, MCD, 240, 20241129, C, 0, 0, 0.002, 298.57, 0.9647
20241023, MCD, 240, 20241129, P, 33, 0, 0.002, 298.57, -0.0353
20241023, MCD, 245, 20241129, C, 0, 0, 0.0025, 298.57, 0.9578
20241023, MCD, 245, 20241129, P, 20, 0, 0.0025, 298.57, -0.0422
20241023, MCD, 250, 20241129, C, 0, 0, 0.003, 298.57, 0.9491
20241023, MCD, 250, 20241129, P, 29, 0, 0.0031, 298.57, -0.0511
20241023, MCD, 255, 20241129, C, 0, 0, 0.0037, 298.57, 0.9378
20241023, MCD, 255, 20241129, P, 22, 0, 0.0038, 298.57, -0.0625
20241023, MCD, 260, 20241129, C, 0, 0, 0.0046, 298.57, 0.9228
20241023, MCD, 260, 20241129, P, 41, 2, 0.0047, 298.57, -0.0777
20241023, MCD, 265, 20241129, C, 0, 3, 0.0058, 298.57, 0.9031
20241023, MCD, 265, 20241129, P, 25, 8, 0.0058, 298.57, -0.0978
20241023, MCD, 270, 20241129, C, 3, 1, 0.0072, 298.57, 0.8768
20241023, MCD, 270, 20241129, P, 429, 3, 0.0073, 298.57, -0.1243
20241023, MCD, 275, 20241129, C, 28, 18, 0.0088, 298.57, 0.8423
20241023, MCD, 275, 20241129, P, 392, 11, 0.009, 298.57, -0.1596
20241023, MCD, 280, 20241129, C, 4, 1, 0.0107, 298.57, 0.7978
20241023, MCD, 280, 20241129, P, 375, 51, 0.0109, 298.57, -0.2046
20241023, MCD, 285, 20241129, C, 0, 3, 0.0127, 298.57, 0.7424
20241023, MCD, 285, 20241129, P, 99, 15, 0.013, 298.57, -0.2615
20241023, MCD, 290, 20241129, C, 23, 0, 0.0146, 298.57, 0.6762
20241023, MCD, 290, 20241129, P, 95, 17, 0.0149, 298.57, -0.3293
20241023, MCD, 295, 20241129, C, 54, 1, 0.016, 298.57, 0.6007
20241023, MCD, 295, 20241129, P, 41, 17, 0.0164, 298.57, -0.4063
20241023, MCD, 300, 20241129, C, 398, 34, 0.0169, 298.57, 0.5187
20241023, MCD, 300, 20241129, P, 82, 38, 0.0174, 298.57, -0.4909
20241023, MCD, 305, 20241129, C, 79, 57, 0.017, 298.57, 0.4338
20241023, MCD, 305, 20241129, P, 32, 21, 0.0177, 298.57, -0.5791
20241023, MCD, 310, 20241129, C, 51, 23, 0.0163, 298.57, 0.3503
20241023, MCD, 310, 20241129, P, 6, 17, 0.0172, 298.57, -0.667
20241023, MCD, 315, 20241129, C, 83, 28, 0.0148, 298.57, 0.2726
20241023, MCD, 315, 20241129, P, 3, 11, 0.016, 298.57, -0.7501
20241023, MCD, 320, 20241129, C, 97, 31, 0.0128, 298.57, 0.2041
20241023, MCD, 320, 20241129, P, 4, 12, 0.0141, 298.57, -0.8244
20241023, MCD, 325, 20241129, C, 56, 50, 0.0105, 298.57, 0.1485
20241023, MCD, 325, 20241129, P, 0, 0, 0.012, 298.57, -0.8867
20241023, MCD, 330, 20241129, C, 39, 31, 0.0083, 298.57, 0.1059
20241023, MCD, 330, 20241129, P, 1, 0, 0.0108, 298.57, -0.9382
20241023, MCD, 335, 20241129, C, 20, 3, 0.0064, 298.57, 0.0754
20241023, MCD, 335, 20241129, P, 0, 0, 0.0075, 298.57, -0.9758
20241023, MCD, 340, 20241129, C, 11, 4, 0.0049, 298.57, 0.0547
20241023, MCD, 340, 20241129, P, 0, 0, 0.0028, 298.57, -0.9942
20241023, MCD, 345, 20241129, C, 7, 3, 0.0038, 298.57, 0.041
20241023, MCD, 345, 20241129, P, 0, 0, 0.0002, 298.57, -0.9996
20241023, MCD, 350, 20241129, C, 0, 6, 0.003, 298.57, 0.0321
20241023, MCD, 350, 20241129, P, 0, 0, 0, 298.57, -1
20241023, MCD, 355, 20241129, C, 0, 0, 0.0024, 298.57, 0.0261
20241023, MCD, 355, 20241129, P, 2, 0, 0, 298.57, -1
20241023, MCD, 360, 20241129, C, 0, 0, 0.002, 298.57, 0.022
20241023, MCD, 360, 20241129, P, 0, 0, 0, 298.57, -1
20241023, MCD, 365, 20241129, C, 0, 0, 0.0017, 298.57, 0.0189
20241023, MCD, 365, 20241129, P, 0, 0, 0, 298.57, -1
20241023, MCD, 370, 20241129, C, 0, 0, 0.0014, 298.57, 0.0165
20241023, MCD, 370, 20241129, P, 0, 0, 0, 298.57, -1
20241023, MCD, 375, 20241129, C, 0, 0, 0.0012, 298.57, 0.0146
20241023, MCD, 375, 20241129, P, 0, 0, 0, 298.57, -1
20241023, MCD, 380, 20241129, C, 0, 0, 0.0011, 298.57, 0.0131
20241023, MCD, 380, 20241129, P, 0, 0, 0, 298.57, -1
20241023, MCD, 385, 20241129, C, 0, 0, 0.001, 298.57, 0.0118
20241023, MCD, 385, 20241129, P, 0, 0, 0, 298.57, -1
20241023, MCD, 130, 20241220, C, 0, 0, 0, 298.57, 0.9988
20241023, MCD, 130, 20241220, P, 20, 2, 0.0001, 298.57, -0.0026
20241023, MCD, 135, 20241220, C, 0, 0, 0.0001, 298.57, 0.9985
20241023, MCD, 135, 20241220, P, 0, 0, 0.0001, 298.57, -0.0029
20241023, MCD, 140, 20241220, C, 0, 0, 0.0001, 298.57, 0.9983
20241023, MCD, 140, 20241220, P, 1, 17, 0.0001, 298.57, -0.0032
20241023, MCD, 145, 20241220, C, 0, 8, 0.0001, 298.57, 0.998
20241023, MCD, 145, 20241220, P, 0, 0, 0.0001, 298.57, -0.0036
20241023, MCD, 150, 20241220, C, 0, 0, 0.0001, 298.57, 0.9978
20241023, MCD, 150, 20241220, P, 16, 7, 0.0001, 298.57, -0.0041
20241023, MCD, 155, 20241220, C, 0, 0, 0.0001, 298.57, 0.9974
20241023, MCD, 155, 20241220, P, 0, 4, 0.0002, 298.57, -0.0046
20241023, MCD, 160, 20241220, C, 0, 0, 0.0001, 298.57, 0.997
20241023, MCD, 160, 20241220, P, 0, 0, 0.0002, 298.57, -0.0052
20241023, MCD, 165, 20241220, C, 0, 0, 0.0002, 298.57, 0.9965
20241023, MCD, 165, 20241220, P, 0, 16, 0.0002, 298.57, -0.0058
20241023, MCD, 170, 20241220, C, 0, 0, 0.0002, 298.57, 0.996
20241023, MCD, 170, 20241220, P, 0, 4, 0.0003, 298.57, -0.0066
20241023, MCD, 175, 20241220, C, 0, 0, 0.0002, 298.57, 0.9954
20241023, MCD, 175, 20241220, P, 0, 23, 0.0003, 298.57, -0.0074
20241023, MCD, 180, 20241220, C, 0, 0, 0.0003, 298.57, 0.9947
20241023, MCD, 180, 20241220, P, 15, 44, 0.0004, 298.57, -0.0084
20241023, MCD, 185, 20241220, C, 0, 3, 0.0003, 298.57, 0.9938
20241023, MCD, 185, 20241220, P, 0, 40, 0.0004, 298.57, -0.0095
20241023, MCD, 190, 20241220, C, 0, 0, 0.0004, 298.57, 0.9929
20241023, MCD, 190, 20241220, P, 1, 29, 0.0005, 298.57, -0.0108
20241023, MCD, 195, 20241220, C, 0, 0, 0.0004, 298.57, 0.9918
20241023, MCD, 195, 20241220, P, 0, 11, 0.0005, 298.57, -0.0123
20241023, MCD, 200, 20241220, C, 0, 18, 0.0005, 298.57, 0.9904
20241023, MCD, 200, 20241220, P, 6, 250, 0.0006, 298.57, -0.014
20241023, MCD, 205, 20241220, C, 0, 2, 0.0006, 298.57, 0.9888
20241023, MCD, 205, 20241220, P, 0, 116, 0.0007, 298.57, -0.016
20241023, MCD, 210, 20241220, C, 0, 2, 0.0007, 298.57, 0.9869
20241023, MCD, 210, 20241220, P, 29, 293, 0.0009, 298.57, -0.0184
20241023, MCD, 215, 20241220, C, 0, 10, 0.0008, 298.57, 0.9847
20241023, MCD, 215, 20241220, P, 6, 393, 0.001, 298.57, -0.0212
20241023, MCD, 220, 20241220, C, 10, 45, 0.001, 298.57, 0.9819
20241023, MCD, 220, 20241220, P, 11, 228, 0.0012, 298.57, -0.0245
20241023, MCD, 225, 20241220, C, 0, 28, 0.0012, 298.57, 0.9786
20241023, MCD, 225, 20241220, P, 108, 183, 0.0014, 298.57, -0.0284
20241023, MCD, 230, 20241220, C, 0, 94, 0.0014, 298.57, 0.9746
20241023, MCD, 230, 20241220, P, 76, 1578, 0.0017, 298.57, -0.0332
20241023, MCD, 235, 20241220, C, 1, 30, 0.0018, 298.57, 0.9695
20241023, MCD, 235, 20241220, P, 55, 866, 0.002, 298.57, -0.0392
20241023, MCD, 240, 20241220, C, 1, 40, 0.0022, 298.57, 0.9632
20241023, MCD, 240, 20241220, P, 92, 652, 0.0024, 298.57, -0.0464
20241023, MCD, 245, 20241220, C, 0, 215, 0.0026, 298.57, 0.9551
20241023, MCD, 245, 20241220, P, 46, 589, 0.0029, 298.57, -0.0555
20241023, MCD, 250, 20241220, C, 2, 727, 0.0032, 298.57, 0.9447
20241023, MCD, 250, 20241220, P, 918, 814, 0.0035, 298.57, -0.0673
20241023, MCD, 255, 20241220, C, 3, 1029, 0.004, 298.57, 0.9312
20241023, MCD, 255, 20241220, P, 115, 849, 0.0043, 298.57, -0.0819
20241023, MCD, 260, 20241220, C, 10, 307, 0.0049, 298.57, 0.9138
20241023, MCD, 260, 20241220, P, 574, 532, 0.0052, 298.57, -0.1007
20241023, MCD, 265, 20241220, C, 19, 604, 0.0061, 298.57, 0.8912
20241023, MCD, 265, 20241220, P, 231, 570, 0.0063, 298.57, -0.1246
20241023, MCD, 270, 20241220, C, 38, 1037, 0.0074, 298.57, 0.8622
20241023, MCD, 270, 20241220, P, 745, 1631, 0.0076, 298.57, -0.1548
20241023, MCD, 275, 20241220, C, 44, 898, 0.0089, 298.57, 0.8256
20241023, MCD, 275, 20241220, P, 678, 673, 0.0091, 298.57, -0.1924
20241023, MCD, 280, 20241220, C, 85, 576, 0.0106, 298.57, 0.7804
20241023, MCD, 280, 20241220, P, 642, 969, 0.0107, 298.57, -0.2381
20241023, MCD, 285, 20241220, C, 66, 556, 0.0122, 298.57, 0.726
20241023, MCD, 285, 20241220, P, 380, 509, 0.0122, 298.57, -0.2933
20241023, MCD, 290, 20241220, C, 474, 1033, 0.0137, 298.57, 0.6628
20241023, MCD, 290, 20241220, P, 356, 641, 0.0136, 298.57, -0.3566
20241023, MCD, 295, 20241220, C, 893, 575, 0.0148, 298.57, 0.5924
20241023, MCD, 295, 20241220, P, 458, 245, 0.0147, 298.57, -0.4265
20241023, MCD, 300, 20241220, C, 2977, 1445, 0.0154, 298.57, 0.5171
20241023, MCD, 300, 20241220, P, 355, 397, 0.0154, 298.57, -0.5016
20241023, MCD, 305, 20241220, C, 637, 898, 0.0155, 298.57, 0.4397
20241023, MCD, 305, 20241220, P, 420, 774, 0.0154, 298.57, -0.5787
20241023, MCD, 310, 20241220, C, 497, 942, 0.015, 298.57, 0.3633
20241023, MCD, 310, 20241220, P, 203, 396, 0.0149, 298.57, -0.6549
20241023, MCD, 315, 20241220, C, 526, 588, 0.0139, 298.57, 0.2911
20241023, MCD, 315, 20241220, P, 162, 336, 0.0137, 298.57, -0.7267
20241023, MCD, 320, 20241220, C, 1151, 932, 0.0123, 298.57, 0.226
20241023, MCD, 320, 20241220, P, 161, 261, 0.0121, 298.57, -0.791
20241023, MCD, 325, 20241220, C, 541, 351, 0.0105, 298.57, 0.1701
20241023, MCD, 325, 20241220, P, 1, 14, 0.0102, 298.57, -0.8454
20241023, MCD, 330, 20241220, C, 500, 293, 0.0086, 298.57, 0.1256
20241023, MCD, 330, 20241220, P, 27, 28, 0.0082, 298.57, -0.8887
20241023, MCD, 335, 20241220, C, 85, 642, 0.0068, 298.57, 0.091
20241023, MCD, 335, 20241220, P, 0, 3, 0.0064, 298.57, -0.9213
20241023, MCD, 340, 20241220, C, 56, 228, 0.0053, 298.57, 0.0659
20241023, MCD, 340, 20241220, P, 29, 25, 0.0048, 298.57, -0.9446
20241023, MCD, 345, 20241220, C, 23, 89, 0.004, 298.57, 0.0481
20241023, MCD, 345, 20241220, P, 0, 0, 0.0051, 298.57, -0.9641
20241023, MCD, 350, 20241220, C, 111, 140, 0.0031, 298.57, 0.0355
20241023, MCD, 350, 20241220, P, 0, 0, 0.0064, 298.57, -0.9857
20241023, MCD, 355, 20241220, C, 22, 29, 0.0024, 298.57, 0.0268
20241023, MCD, 355, 20241220, P, 0, 0, 0.0008, 298.57, -0.9981
20241023, MCD, 360, 20241220, C, 14, 28, 0.0019, 298.57, 0.0209
20241023, MCD, 360, 20241220, P, 0, 0, 0, 298.57, -1
20241023, MCD, 365, 20241220, C, 7, 21, 0.0015, 298.57, 0.0165
20241023, MCD, 365, 20241220, P, 0, 0, 0, 298.57, -1
20241023, MCD, 370, 20241220, C, 6, 12, 0.0012, 298.57, 0.0133
20241023, MCD, 370, 20241220, P, 0, 0, 0, 298.57, -1
20241023, MCD, 380, 20241220, C, 26, 23, 0.0008, 298.57, 0.0093
20241023, MCD, 380, 20241220, P, 2, 0, 0, 298.57, -1
20241023, MCD, 120, 20250117, C, 0, 3, 0, 298.57, 0.9988
20241023, MCD, 120, 20250117, P, 0, 517, 0.0001, 298.57, -0.0028
20241023, MCD, 125, 20250117, C, 0, 2, 0.0001, 298.57, 0.9986
20241023, MCD, 125, 20250117, P, 0, 125, 0.0001, 298.57, -0.0032
20241023, MCD, 130, 20250117, C, 0, 10, 0.0001, 298.57, 0.9983
20241023, MCD, 130, 20250117, P, 0, 204, 0.0001, 298.57, -0.0036
20241023, MCD, 135, 20250117, C, 0, 0, 0.0001, 298.57, 0.998
20241023, MCD, 135, 20250117, P, 43, 128, 0.0001, 298.57, -0.004
20241023, MCD, 140, 20250117, C, 0, 2, 0.0001, 298.57, 0.9977
20241023, MCD, 140, 20250117, P, 0, 567, 0.0001, 298.57, -0.0045
20241023, MCD, 145, 20250117, C, 2, 6, 0.0001, 298.57, 0.9973
20241023, MCD, 145, 20250117, P, 3, 44, 0.0002, 298.57, -0.005
20241023, MCD, 150, 20250117, C, 0, 15, 0.0001, 298.57, 0.9968
20241023, MCD, 150, 20250117, P, 1, 431, 0.0002, 298.57, -0.0056
20241023, MCD, 155, 20250117, C, 0, 6, 0.0002, 298.57, 0.9963
20241023, MCD, 155, 20250117, P, 32, 89, 0.0002, 298.57, -0.0062
20241023, MCD, 160, 20250117, C, 0, 4, 0.0002, 298.57, 0.9956
20241023, MCD, 160, 20250117, P, 2, 235, 0.0002, 298.57, -0.007
20241023, MCD, 165, 20250117, C, 0, 12, 0.0002, 298.57, 0.995
20241023, MCD, 165, 20250117, P, 9, 192, 0.0003, 298.57, -0.0078
20241023, MCD, 170, 20250117, C, 0, 10, 0.0003, 298.57, 0.9941
20241023, MCD, 170, 20250117, P, 12, 238, 0.0003, 298.57, -0.0088
20241023, MCD, 175, 20250117, C, 0, 5, 0.0003, 298.57, 0.9932
20241023, MCD, 175, 20250117, P, 5, 360, 0.0004, 298.57, -0.0098
20241023, MCD, 180, 20250117, C, 0, 17, 0.0004, 298.57, 0.992
20241023, MCD, 180, 20250117, P, 1, 723, 0.0004, 298.57, -0.011
20241023, MCD, 185, 20250117, C, 0, 9, 0.0004, 298.57, 0.9908
20241023, MCD, 185, 20250117, P, 14, 62, 0.0005, 298.57, -0.0124
20241023, MCD, 190, 20250117, C, 0, 2, 0.0005, 298.57, 0.9892
20241023, MCD, 190, 20250117, P, 0, 140, 0.0006, 298.57, -0.014
20241023, MCD, 195, 20250117, C, 0, 178, 0.0006, 298.57, 0.9875
20241023, MCD, 195, 20250117, P, 3, 464, 0.0006, 298.57, -0.0158
20241023, MCD, 200, 20250117, C, 0, 50, 0.0007, 298.57, 0.9854
20241023, MCD, 200, 20250117, P, 172, 662, 0.0007, 298.57, -0.0178
20241023, MCD, 205, 20250117, C, 0, 6, 0.0008, 298.57, 0.983
20241023, MCD, 205, 20250117, P, 63, 234, 0.0008, 298.57, -0.0202
20241023, MCD, 210, 20250117, C, 0, 15, 0.0009, 298.57, 0.9802
20241023, MCD, 210, 20250117, P, 0, 956, 0.001, 298.57, -0.023
20241023, MCD, 215, 20250117, C, 0, 11, 0.0011, 298.57, 0.9768
20241023, MCD, 215, 20250117, P, 64, 1228, 0.0011, 298.57, -0.0263
20241023, MCD, 220, 20250117, C, 0, 52, 0.0013, 298.57, 0.9727
20241023, MCD, 220, 20250117, P, 70, 634, 0.0013, 298.57, -0.0302
20241023, MCD, 225, 20250117, C, 0, 55, 0.0015, 298.57, 0.9679
20241023, MCD, 225, 20250117, P, 8, 1483, 0.0016, 298.57, -0.0348
20241023, MCD, 230, 20250117, C, 0, 174, 0.0018, 298.57, 0.9621
20241023, MCD, 230, 20250117, P, 266, 893, 0.0018, 298.57, -0.0404
20241023, MCD, 235, 20250117, C, 0, 103, 0.0022, 298.57, 0.955
20241023, MCD, 235, 20250117, P, 14, 1940, 0.0022, 298.57, -0.0472
20241023, MCD, 240, 20250117, C, 2, 124, 0.0026, 298.57, 0.9464
20241023, MCD, 240, 20250117, P, 145, 2348, 0.0026, 298.57, -0.0555
20241023, MCD, 245, 20250117, C, 1, 92, 0.003, 298.57, 0.9358
20241023, MCD, 245, 20250117, P, 169, 968, 0.0031, 298.57, -0.0659
20241023, MCD, 250, 20250117, C, 23, 588, 0.0036, 298.57, 0.9229
20241023, MCD, 250, 20250117, P, 313, 1423, 0.0037, 298.57, -0.0788
20241023, MCD, 255, 20250117, C, 1, 1071, 0.0043, 298.57, 0.9071
20241023, MCD, 255, 20250117, P, 35, 1360, 0.0044, 298.57, -0.0951
20241023, MCD, 260, 20250117, C, 6, 656, 0.0051, 298.57, 0.8876
20241023, MCD, 260, 20250117, P, 2326, 2128, 0.0052, 298.57, -0.1151
20241023, MCD, 265, 20250117, C, 23, 435, 0.0061, 298.57, 0.8634
20241023, MCD, 265, 20250117, P, 120, 2542, 0.0062, 298.57, -0.1401
20241023, MCD, 270, 20250117, C, 39, 956, 0.0072, 298.57, 0.8339
20241023, MCD, 270, 20250117, P, 534, 2197, 0.0074, 298.57, -0.1705
20241023, MCD, 275, 20250117, C, 19, 703, 0.0083, 298.57, 0.7984
20241023, MCD, 275, 20250117, P, 1233, 828, 0.0086, 298.57, -0.2074
20241023, MCD, 280, 20250117, C, 280, 2195, 0.0095, 298.57, 0.7563
20241023, MCD, 280, 20250117, P, 410, 2096, 0.0099, 298.57, -0.2515
20241023, MCD, 285, 20250117, C, 34, 728, 0.0107, 298.57, 0.7075
20241023, MCD, 285, 20250117, P, 299, 709, 0.0112, 298.57, -0.3022
20241023, MCD, 290, 20250117, C, 200, 1667, 0.0118, 298.57, 0.6524
20241023, MCD, 290, 20250117, P, 820, 849, 0.0124, 298.57, -0.3601
20241023, MCD, 295, 20250117, C, 660, 893, 0.0127, 298.57, 0.592
20241023, MCD, 295, 20250117, P, 1328, 521, 0.0133, 298.57, -0.4238
20241023, MCD, 300, 20250117, C, 1161, 3610, 0.0133, 298.57, 0.5278
20241023, MCD, 300, 20250117, P, 1269, 509, 0.014, 298.57, -0.4919
20241023, MCD, 305, 20250117, C, 385, 1577, 0.0135, 298.57, 0.4613
20241023, MCD, 305, 20250117, P, 656, 469, 0.0142, 298.57, -0.5624
20241023, MCD, 310, 20250117, C, 304, 2222, 0.0133, 298.57, 0.3945
20241023, MCD, 310, 20250117, P, 571, 465, 0.014, 298.57, -0.6333
20241023, MCD, 315, 20250117, C, 240, 1234, 0.0127, 298.57, 0.3292
20241023, MCD, 315, 20250117, P, 108, 144, 0.0133, 298.57, -0.7018
20241023, MCD, 320, 20250117, C, 298, 2315, 0.0118, 298.57, 0.2689
20241023, MCD, 320, 20250117, P, 46, 163, 0.0121, 298.57, -0.7654
20241023, MCD, 325, 20250117, C, 396, 3063, 0.0106, 298.57, 0.2142
20241023, MCD, 325, 20250117, P, 100, 168, 0.0106, 298.57, -0.8216
20241023, MCD, 330, 20250117, C, 394, 4818, 0.0091, 298.57, 0.1671
20241023, MCD, 330, 20250117, P, 2, 0, 0.0089, 298.57, -0.8685
20241023, MCD, 335, 20250117, C, 90, 902, 0.0077, 298.57, 0.1283
20241023, MCD, 335, 20250117, P, 10, 12, 0.0071, 298.57, -0.9056
20241023, MCD, 340, 20250117, C, 2151, 572, 0.0063, 298.57, 0.0974
20241023, MCD, 340, 20250117, P, 2, 0, 0.0056, 298.57, -0.9334
20241023, MCD, 345, 20250117, C, 33, 457, 0.0051, 298.57, 0.0739
20241023, MCD, 345, 20250117, P, 0, 1, 0.0042, 298.57, -0.9534
20241023, MCD, 350, 20250117, C, 131, 687, 0.0041, 298.57, 0.0563
20241023, MCD, 350, 20250117, P, 0, 0, 0.0066, 298.57, -0.9758
20241023, MCD, 360, 20250117, C, 14, 577, 0.0026, 298.57, 0.0339
20241023, MCD, 360, 20250117, P, 0, 0, 0, 298.57, -1
20241023, MCD, 370, 20250117, C, 48, 276, 0.0017, 298.57, 0.0218
20241023, MCD, 370, 20250117, P, 0, 0, 0, 298.57, -1
20241023, MCD, 380, 20250117, C, 13, 189, 0.0012, 298.57, 0.0149
20241023, MCD, 380, 20250117, P, 0, 0, 0, 298.57, -1
20241023, MCD, 390, 20250117, C, 8, 177, 0.0009, 298.57, 0.0109
20241023, MCD, 390, 20250117, P, 0, 0, 0, 298.57, -1
20241023, MCD, 400, 20250117, C, 14, 392, 0.0007, 298.57, 0.0084
20241023, MCD, 400, 20250117, P, 0, 0, 0, 298.57, -1
20241023, MCD, 410, 20250117, C, 0, 548, 0.0005, 298.57, 0.0068
20241023, MCD, 410, 20250117, P, 0, 0, 0, 298.57, -1
20241023, MCD, 420, 20250117, C, 1, 38, 0.0004, 298.57, 0.0057
20241023, MCD, 420, 20250117, P, 0, 0, 0, 298.57, -1
20241023, MCD, 430, 20250117, C, 0, 80, 0.0004, 298.57, 0.0049
20241023, MCD, 430, 20250117, P, 0, 0, 0, 298.57, -1
20241023, MCD, 440, 20250117, C, 0, 574, 0.0003, 298.57, 0.0042
20241023, MCD, 440, 20250117, P, 0, 0, 0, 298.57, -1
20241023, MCD, 125, 20250321, C, 0, 0, 0.0001, 298.57, 0.9969
20241023, MCD, 125, 20250321, P, 0, 2, 0.0001, 298.57, -0.0052
20241023, MCD, 130, 20250321, C, 0, 0, 0.0001, 298.57, 0.996
20241023, MCD, 130, 20250321, P, 4, 85, 0.0002, 298.57, -0.0058
20241023, MCD, 135, 20250321, C, 0, 0, 0.0001, 298.57, 0.9952
20241023, MCD, 135, 20250321, P, 0, 3, 0.0002, 298.57, -0.0065
20241023, MCD, 140, 20250321, C, 0, 0, 0.0002, 298.57, 0.9946
20241023, MCD, 140, 20250321, P, 0, 7, 0.0002, 298.57, -0.0072
20241023, MCD, 145, 20250321, C, 0, 0, 0.0002, 298.57, 0.9939
20241023, MCD, 145, 20250321, P, 0, 0, 0.0002, 298.57, -0.0081
20241023, MCD, 150, 20250321, C, 0, 1, 0.0002, 298.57, 0.993
20241023, MCD, 150, 20250321, P, 0, 3, 0.0003, 298.57, -0.0091
20241023, MCD, 155, 20250321, C, 0, 24, 0.0003, 298.57, 0.9921
20241023, MCD, 155, 20250321, P, 3, 5, 0.0003, 298.57, -0.0101
20241023, MCD, 160, 20250321, C, 0, 2, 0.0003, 298.57, 0.991
20241023, MCD, 160, 20250321, P, 0, 1, 0.0003, 298.57, -0.0113
20241023, MCD, 165, 20250321, C, 0, 0, 0.0003, 298.57, 0.9899
20241023, MCD, 165, 20250321, P, 0, 29, 0.0004, 298.57, -0.0127
20241023, MCD, 170, 20250321, C, 0, 0, 0.0004, 298.57, 0.9886
20241023, MCD, 170, 20250321, P, 0, 8, 0.0004, 298.57, -0.0142
20241023, MCD, 175, 20250321, C, 0, 0, 0.0004, 298.57, 0.987
20241023, MCD, 175, 20250321, P, 0, 4, 0.0005, 298.57, -0.0159
20241023, MCD, 180, 20250321, C, 0, 0, 0.0005, 298.57, 0.9853
20241023, MCD, 180, 20250321, P, 0, 2, 0.0006, 298.57, -0.0178
20241023, MCD, 185, 20250321, C, 0, 1, 0.0006, 298.57, 0.9834
20241023, MCD, 185, 20250321, P, 0, 12, 0.0006, 298.57, -0.02
20241023, MCD, 190, 20250321, C, 0, 1, 0.0007, 298.57, 0.9812
20241023, MCD, 190, 20250321, P, 12, 67, 0.0007, 298.57, -0.0225
20241023, MCD, 195, 20250321, C, 1, 1, 0.0008, 298.57, 0.9786
20241023, MCD, 195, 20250321, P, 0, 53, 0.0008, 298.57, -0.0253
20241023, MCD, 200, 20250321, C, 8, 7, 0.0009, 298.57, 0.9757
20241023, MCD, 200, 20250321, P, 9, 50, 0.001, 298.57, -0.0286
20241023, MCD, 205, 20250321, C, 0, 0, 0.001, 298.57, 0.9723
20241023, MCD, 205, 20250321, P, 0, 344, 0.0011, 298.57, -0.0323
20241023, MCD, 210, 20250321, C, 0, 6, 0.0012, 298.57, 0.9684
20241023, MCD, 210, 20250321, P, 16, 70, 0.0013, 298.57, -0.0367
20241023, MCD, 215, 20250321, C, 0, 330, 0.0014, 298.57, 0.9637
20241023, MCD, 215, 20250321, P, 11, 80, 0.0015, 298.57, -0.0417
20241023, MCD, 220, 20250321, C, 0, 7, 0.0016, 298.57, 0.9583
20241023, MCD, 220, 20250321, P, 81, 334, 0.0017, 298.57, -0.0477
20241023, MCD, 225, 20250321, C, 0, 3, 0.0018, 298.57, 0.9518
20241023, MCD, 225, 20250321, P, 11, 216, 0.002, 298.57, -0.0547
20241023, MCD, 230, 20250321, C, 2, 9, 0.0021, 298.57, 0.9441
20241023, MCD, 230, 20250321, P, 5, 380, 0.0022, 298.57, -0.063
20241023, MCD, 235, 20250321, C, 0, 13, 0.0024, 298.57, 0.935
20241023, MCD, 235, 20250321, P, 6, 72, 0.0026, 298.57, -0.0726
20241023, MCD, 240, 20250321, C, 0, 32, 0.0028, 298.57, 0.924
20241023, MCD, 240, 20250321, P, 79, 875, 0.003, 298.57, -0.0844
20241023, MCD, 245, 20250321, C, 1, 18, 0.0033, 298.57, 0.9109
20241023, MCD, 245, 20250321, P, 34, 270, 0.0035, 298.57, -0.0984
20241023, MCD, 250, 20250321, C, 4, 38, 0.0038, 298.57, 0.8953
20241023, MCD, 250, 20250321, P, 108, 339, 0.004, 298.57, -0.1148
20241023, MCD, 255, 20250321, C, 1, 96, 0.0044, 298.57, 0.8769
20241023, MCD, 255, 20250321, P, 21, 177, 0.0046, 298.57, -0.1342
20241023, MCD, 260, 20250321, C, 0, 65, 0.005, 298.57, 0.8551
20241023, MCD, 260, 20250321, P, 113, 493, 0.0052, 298.57, -0.1567
20241023, MCD, 265, 20250321, C, 21, 192, 0.0057, 298.57, 0.8299
20241023, MCD, 265, 20250321, P, 30, 722, 0.0059, 298.57, -0.183
20241023, MCD, 270, 20250321, C, 14, 274, 0.0065, 298.57, 0.8007
20241023, MCD, 270, 20250321, P, 30, 198, 0.0067, 298.57, -0.213
20241023, MCD, 275, 20250321, C, 11, 266, 0.0072, 298.57, 0.7675
20241023, MCD, 275, 20250321, P, 60, 358, 0.0074, 298.57, -0.2472
20241023, MCD, 280, 20250321, C, 50, 738, 0.008, 298.57, 0.7304
20241023, MCD, 280, 20250321, P, 268, 210, 0.0082, 298.57, -0.2851
20241023, MCD, 285, 20250321, C, 20, 142, 0.0087, 298.57, 0.6894
20241023, MCD, 285, 20250321, P, 67, 231, 0.0089, 298.57, -0.3271
20241023, MCD, 290, 20250321, C, 153, 268, 0.0093, 298.57, 0.645
20241023, MCD, 290, 20250321, P, 296, 344, 0.0096, 298.57, -0.3728
20241023, MCD, 295, 20250321, C, 102, 153, 0.0099, 298.57, 0.5975
20241023, MCD, 295, 20250321, P, 178, 179, 0.0101, 298.57, -0.4216
20241023, MCD, 300, 20250321, C, 393, 755, 0.0102, 298.57, 0.5478
20241023, MCD, 300, 20250321, P, 194, 745, 0.0106, 298.57, -0.4736
20241023, MCD, 305, 20250321, C, 136, 319, 0.0105, 298.57, 0.4962
20241023, MCD, 305, 20250321, P, 32, 91, 0.011, 298.57, -0.5274
20241023, MCD, 310, 20250321, C, 257, 331, 0.0105, 298.57, 0.4442
20241023, MCD, 310, 20250321, P, 34, 181, 0.0111, 298.57, -0.5821
20241023, MCD, 315, 20250321, C, 160, 135, 0.0104, 298.57, 0.3931
20241023, MCD, 315, 20250321, P, 6, 132, 0.0111, 298.57, -0.6377
20241023, MCD, 320, 20250321, C, 143, 317, 0.0101, 298.57, 0.343
20241023, MCD, 320, 20250321, P, 6, 11, 0.0109, 298.57, -0.6923
20241023, MCD, 325, 20250321, C, 138, 132, 0.0096, 298.57, 0.2953
20241023, MCD, 325, 20250321, P, 3, 11, 0.0104, 298.57, -0.7448
20241023, MCD, 330, 20250321, C, 139, 317, 0.0089, 298.57, 0.2508
20241023, MCD, 330, 20250321, P, 0, 2, 0.0096, 298.57, -0.7936
20241023, MCD, 335, 20250321, C, 100, 317, 0.0081, 298.57, 0.2104
20241023, MCD, 335, 20250321, P, 0, 0, 0.0086, 298.57, -0.8373
20241023, MCD, 340, 20250321, C, 38, 374, 0.0073, 298.57, 0.1752
20241023, MCD, 340, 20250321, P, 3, 4, 0.0075, 298.57, -0.875
20241023, MCD, 345, 20250321, C, 6, 108, 0.0065, 298.57, 0.1446
20241023, MCD, 345, 20250321, P, 0, 0, 0.0063, 298.57, -0.9061
20241023, MCD, 350, 20250321, C, 21, 41, 0.0056, 298.57, 0.1186
20241023, MCD, 350, 20250321, P, 0, 0, 0.0051, 298.57, -0.9308
20241023, MCD, 355, 20250321, C, 5, 30, 0.0049, 298.57, 0.0975
20241023, MCD, 355, 20250321, P, 0, 0, 0.0055, 298.57, -0.954
20241023, MCD, 360, 20250321, C, 2, 15, 0.0042, 298.57, 0.08
20241023, MCD, 360, 20250321, P, 0, 0, 0.0059, 298.57, -0.9766
20241023, MCD, 370, 20250321, C, 3, 30, 0.0031, 298.57, 0.0552
20241023, MCD, 370, 20250321, P, 0, 0, 0, 298.57, -1
20241023, MCD, 380, 20250321, C, 10, 11, 0.0023, 298.57, 0.0395
20241023, MCD, 380, 20250321, P, 0, 0, 0, 298.57, -1
20241023, MCD, 390, 20250321, C, 4, 15, 0.0017, 298.57, 0.0295
20241023, MCD, 390, 20250321, P, 0, 0, 0, 298.57, -1
20241023, MCD, 400, 20250321, C, 0, 13, 0.0013, 298.57, 0.023
20241023, MCD, 400, 20250321, P, 0, 0, 0, 298.57, -1
20241023, MCD, 410, 20250321, C, 0, 26, 0.0011, 298.57, 0.0185
20241023, MCD, 410, 20250321, P, 0, 0, 0, 298.57, -1
20241023, MCD, 420, 20250321, C, 1, 25, 0.0009, 298.57, 0.0154
20241023, MCD, 420, 20250321, P, 0, 0, 0, 298.57, -1
20241023, MCD, 125, 20250620, C, 0, 34, 0.0002, 298.57, 0.9951
20241023, MCD, 125, 20250620, P, 0, 199, 0.0002, 298.57, -0.0086
20241023, MCD, 130, 20250620, C, 0, 3, 0.0002, 298.57, 0.9937
20241023, MCD, 130, 20250620, P, 0, 66, 0.0002, 298.57, -0.0095
20241023, MCD, 135, 20250620, C, 0, 0, 0.0002, 298.57, 0.992
20241023, MCD, 135, 20250620, P, 0, 27, 0.0002, 298.57, -0.0106
20241023, MCD, 140, 20250620, C, 0, 0, 0.0002, 298.57, 0.9906
20241023, MCD, 140, 20250620, P, 0, 24, 0.0003, 298.57, -0.0117
20241023, MCD, 145, 20250620, C, 0, 0, 0.0003, 298.57, 0.9895
20241023, MCD, 145, 20250620, P, 0, 66, 0.0003, 298.57, -0.013
20241023, MCD, 150, 20250620, C, 0, 2, 0.0003, 298.57, 0.9882
20241023, MCD, 150, 20250620, P, 0, 52, 0.0004, 298.57, -0.0144
20241023, MCD, 155, 20250620, C, 0, 0, 0.0004, 298.57, 0.9868
20241023, MCD, 155, 20250620, P, 1, 94, 0.0004, 298.57, -0.016
20241023, MCD, 160, 20250620, C, 1, 1, 0.0004, 298.57, 0.9852
20241023, MCD, 160, 20250620, P, 1, 218, 0.0004, 298.57, -0.0177
20241023, MCD, 165, 20250620, C, 0, 1, 0.0005, 298.57, 0.9834
20241023, MCD, 165, 20250620, P, 0, 4, 0.0005, 298.57, -0.0197
20241023, MCD, 170, 20250620, C, 0, 0, 0.0005, 298.57, 0.9814
20241023, MCD, 170, 20250620, P, 0, 86, 0.0006, 298.57, -0.0218
20241023, MCD, 175, 20250620, C, 0, 0, 0.0006, 298.57, 0.9792
20241023, MCD, 175, 20250620, P, 0, 24, 0.0006, 298.57, -0.0242
20241023, MCD, 180, 20250620, C, 0, 2, 0.0007, 298.57, 0.9767
20241023, MCD, 180, 20250620, P, 0, 116, 0.0007, 298.57, -0.0269
20241023, MCD, 185, 20250620, C, 0, 4, 0.0008, 298.57, 0.9738
20241023, MCD, 185, 20250620, P, 1, 90, 0.0008, 298.57, -0.0301
20241023, MCD, 190, 20250620, C, 0, 4, 0.0009, 298.57, 0.9706
20241023, MCD, 190, 20250620, P, 1, 46, 0.0009, 298.57, -0.0336
20241023, MCD, 195, 20250620, C, 0, 1, 0.001, 298.57, 0.967
20241023, MCD, 195, 20250620, P, 3, 54, 0.001, 298.57, -0.0373
20241023, MCD, 200, 20250620, C, 2, 14, 0.0011, 298.57, 0.9628
20241023, MCD, 200, 20250620, P, 37, 570, 0.0012, 298.57, -0.042
20241023, MCD, 205, 20250620, C, 0, 4, 0.0012, 298.57, 0.958
20241023, MCD, 205, 20250620, P, 2, 420, 0.0013, 298.57, -0.0471
20241023, MCD, 210, 20250620, C, 0, 13, 0.0014, 298.57, 0.9525
20241023, MCD, 210, 20250620, P, 4, 131, 0.0015, 298.57, -0.0529
20241023, MCD, 215, 20250620, C, 0, 4, 0.0016, 298.57, 0.9462
20241023, MCD, 215, 20250620, P, 55, 509, 0.0017, 298.57, -0.0596
20241023, MCD, 220, 20250620, C, 0, 34, 0.0018, 298.57, 0.9388
20241023, MCD, 220, 20250620, P, 24, 424, 0.0019, 298.57, -0.0675
20241023, MCD, 225, 20250620, C, 0, 20, 0.0021, 298.57, 0.9304
20241023, MCD, 225, 20250620, P, 11, 412, 0.0022, 298.57, -0.0764
20241023, MCD, 230, 20250620, C, 0, 40, 0.0024, 298.57, 0.9207
20241023, MCD, 230, 20250620, P, 38, 839, 0.0025, 298.57, -0.0866
20241023, MCD, 235, 20250620, C, 0, 21, 0.0027, 298.57, 0.9094
20241023, MCD, 235, 20250620, P, 4, 522, 0.0028, 298.57, -0.0985
20241023, MCD, 240, 20250620, C, 3, 75, 0.003, 298.57, 0.8965
20241023, MCD, 240, 20250620, P, 7, 1070, 0.0032, 298.57, -0.1121
20241023, MCD, 245, 20250620, C, 0, 121, 0.0034, 298.57, 0.8816
20241023, MCD, 245, 20250620, P, 6, 188, 0.0035, 298.57, -0.1276
20241023, MCD, 250, 20250620, C, 3, 1022, 0.0038, 298.57, 0.8647
20241023, MCD, 250, 20250620, P, 37, 710, 0.004, 298.57, -0.1451
20241023, MCD, 255, 20250620, C, 3, 116, 0.0042, 298.57, 0.8456
20241023, MCD, 255, 20250620, P, 21, 354, 0.0044, 298.57, -0.165
20241023, MCD, 260, 20250620, C, 23, 344, 0.0047, 298.57, 0.824
20241023, MCD, 260, 20250620, P, 46, 484, 0.0049, 298.57, -0.1876
20241023, MCD, 265, 20250620, C, 2, 71, 0.0052, 298.57, 0.7999
20241023, MCD, 265, 20250620, P, 8, 216, 0.0054, 298.57, -0.2127
20241023, MCD, 270, 20250620, C, 3, 350, 0.0057, 298.57, 0.7732
20241023, MCD, 270, 20250620, P, 33, 232, 0.0059, 298.57, -0.2404
20241023, MCD, 275, 20250620, C, 1, 299, 0.0062, 298.57, 0.7439
20241023, MCD, 275, 20250620, P, 79, 211, 0.0064, 298.57, -0.2707
20241023, MCD, 280, 20250620, C, 36, 1062, 0.0067, 298.57, 0.7121
20241023, MCD, 280, 20250620, P, 36, 651, 0.0069, 298.57, -0.3037
20241023, MCD, 285, 20250620, C, 4, 191, 0.0072, 298.57, 0.6779
20241023, MCD, 285, 20250620, P, 1, 284, 0.0074, 298.57, -0.3396
20241023, MCD, 290, 20250620, C, 31, 139, 0.0076, 298.57, 0.6416
20241023, MCD, 290, 20250620, P, 44, 107, 0.0079, 298.57, -0.3773
20241023, MCD, 295, 20250620, C, 105, 134, 0.0079, 298.57, 0.6035
20241023, MCD, 295, 20250620, P, 25, 175, 0.0083, 298.57, -0.4174
20241023, MCD, 300, 20250620, C, 243, 2176, 0.0082, 298.57, 0.5637
20241023, MCD, 300, 20250620, P, 120, 115, 0.0086, 298.57, -0.4594
20241023, MCD, 305, 20250620, C, 31, 276, 0.0084, 298.57, 0.523
20241023, MCD, 305, 20250620, P, 25, 38, 0.009, 298.57, -0.5031
20241023, MCD, 310, 20250620, C, 40, 399, 0.0085, 298.57, 0.4814
20241023, MCD, 310, 20250620, P, 6, 11, 0.0092, 298.57, -0.5481
20241023, MCD, 315, 20250620, C, 42, 170, 0.0086, 298.57, 0.4398
20241023, MCD, 315, 20250620, P, 45, 42, 0.0094, 298.57, -0.5943
20241023, MCD, 320, 20250620, C, 1070, 286, 0.0085, 298.57, 0.3985
20241023, MCD, 320, 20250620, P, 9, 11, 0.0095, 298.57, -0.6409
20241023, MCD, 325, 20250620, C, 16, 102, 0.0083, 298.57, 0.3576
20241023, MCD, 325, 20250620, P, 0, 18, 0.0094, 298.57, -0.6876
20241023, MCD, 330, 20250620, C, 37, 405, 0.008, 298.57, 0.3189
20241023, MCD, 330, 20250620, P, 4, 6, 0.0093, 298.57, -0.7338
20241023, MCD, 335, 20250620, C, 8, 144, 0.0077, 298.57, 0.2816
20241023, MCD, 335, 20250620, P, 0, 0, 0.0089, 298.57, -0.778
20241023, MCD, 340, 20250620, C, 11, 484, 0.0072, 298.57, 0.2468
20241023, MCD, 340, 20250620, P, 1, 3, 0.0083, 298.57, -0.8195
20241023, MCD, 345, 20250620, C, 17, 155, 0.0067, 298.57, 0.2148
20241023, MCD, 345, 20250620, P, 4, 1, 0.0075, 298.57, -0.8572
20241023, MCD, 350, 20250620, C, 59, 337, 0.0062, 298.57, 0.1854
20241023, MCD, 350, 20250620, P, 0, 0, 0.0066, 298.57, -0.8901
20241023, MCD, 355, 20250620, C, 0, 1, 0.0057, 298.57, 0.1598
20241023, MCD, 355, 20250620, P, 0, 0, 0.0056, 298.57, -0.9176
20241023, MCD, 360, 20250620, C, 8, 130, 0.0051, 298.57, 0.1369
20241023, MCD, 360, 20250620, P, 0, 0, 0.0046, 298.57, -0.9398
20241023, MCD, 365, 20250620, C, 6, 5, 0.0046, 298.57, 0.1171
20241023, MCD, 365, 20250620, P, 0, 0, 0.0052, 298.57, -0.9631
20241023, MCD, 370, 20250620, C, 0, 130, 0.0041, 298.57, 0.1002
20241023, MCD, 370, 20250620, P, 0, 0, 0.0048, 298.57, -0.9812
20241023, MCD, 375, 20250620, C, 1, 0, 0.0036, 298.57, 0.0859
20241023, MCD, 375, 20250620, P, 0, 0, 0.0014, 298.57, -0.9947
20241023, MCD, 380, 20250620, C, 9, 133, 0.0032, 298.57, 0.074
20241023, MCD, 380, 20250620, P, 0, 0, 0, 298.57, -1
20241023, MCD, 385, 20250620, C, 10, 0, 0.0029, 298.57, 0.064
20241023, MCD, 385, 20250620, P, 0, 0, 0, 298.57, -1
20241023, MCD, 390, 20250620, C, 9, 55, 0.0025, 298.57, 0.0557
20241023, MCD, 390, 20250620, P, 0, 0, 0, 298.57, -1
20241023, MCD, 395, 20250620, C, 0, 0, 0.0023, 298.57, 0.0489
20241023, MCD, 395, 20250620, P, 0, 0, 0, 298.57, -1
20241023, MCD, 400, 20250620, C, 2, 21, 0.002, 298.57, 0.0432
20241023, MCD, 400, 20250620, P, 0, 0, 0, 298.57, -1
20241023, MCD, 405, 20250620, C, 1, 0, 0.0018, 298.57, 0.0384
20241023, MCD, 405, 20250620, P, 0, 0, 0, 298.57, -1
20241023, MCD, 410, 20250620, C, 0, 16, 0.0016, 298.57, 0.0345
20241023, MCD, 410, 20250620, P, 0, 0, 0, 298.57, -1
20241023, MCD, 415, 20250620, C, 0, 1, 0.0015, 298.57, 0.0312
20241023, MCD, 415, 20250620, P, 0, 0, 0, 298.57, -1
20241023, MCD, 420, 20250620, C, 0, 49, 0.0014, 298.57, 0.0284
20241023, MCD, 420, 20250620, P, 0, 0, 0, 298.57, -1
20241023, MCD, 430, 20250620, C, 1, 19, 0.0011, 298.57, 0.0238
20241023, MCD, 430, 20250620, P, 0, 0, 0, 298.57, -1
20241023, MCD, 440, 20250620, C, 0, 8, 0.001, 298.57, 0.0205
20241023, MCD, 440, 20250620, P, 0, 0, 0, 298.57, -1
20241023, MCD, 145, 20250919, C, 0, 0, 0.0004, 298.57, 0.986
20241023, MCD, 145, 20250919, P, 1, 0, 0.0004, 298.57, -0.0174
20241023, MCD, 150, 20250919, C, 0, 0, 0.0004, 298.57, 0.9843
20241023, MCD, 150, 20250919, P, 0, 0, 0.0004, 298.57, -0.0192
20241023, MCD, 155, 20250919, C, 0, 0, 0.0004, 298.57, 0.9825
20241023, MCD, 155, 20250919, P, 0, 1, 0.0005, 298.57, -0.0211
20241023, MCD, 160, 20250919, C, 0, 0, 0.0005, 298.57, 0.9805
20241023, MCD, 160, 20250919, P, 0, 0, 0.0005, 298.57, -0.0233
20241023, MCD, 165, 20250919, C, 0, 0, 0.0006, 298.57, 0.9782
20241023, MCD, 165, 20250919, P, 0, 0, 0.0006, 298.57, -0.0256
20241023, MCD, 170, 20250919, C, 0, 0, 0.0006, 298.57, 0.9757
20241023, MCD, 170, 20250919, P, 0, 0, 0.0007, 298.57, -0.0284
20241023, MCD, 175, 20250919, C, 0, 0, 0.0007, 298.57, 0.9729
20241023, MCD, 175, 20250919, P, 0, 0, 0.0007, 298.57, -0.0313
20241023, MCD, 180, 20250919, C, 0, 0, 0.0008, 298.57, 0.9698
20241023, MCD, 180, 20250919, P, 0, 0, 0.0008, 298.57, -0.0346
20241023, MCD, 185, 20250919, C, 0, 0, 0.0009, 298.57, 0.9663
20241023, MCD, 185, 20250919, P, 0, 0, 0.0009, 298.57, -0.0384
20241023, MCD, 190, 20250919, C, 0, 0, 0.001, 298.57, 0.9622
20241023, MCD, 190, 20250919, P, 3, 0, 0.001, 298.57, -0.0426
20241023, MCD, 195, 20250919, C, 0, 0, 0.0011, 298.57, 0.9577
20241023, MCD, 195, 20250919, P, 10, 8, 0.0012, 298.57, -0.0475
20241023, MCD, 200, 20250919, C, 0, 0, 0.0012, 298.57, 0.9527
20241023, MCD, 200, 20250919, P, 48, 15, 0.0013, 298.57, -0.0528
20241023, MCD, 210, 20250919, C, 0, 0, 0.0016, 298.57, 0.9403
20241023, MCD, 210, 20250919, P, 0, 17, 0.0016, 298.57, -0.0659
20241023, MCD, 220, 20250919, C, 0, 0, 0.002, 298.57, 0.9244
20241023, MCD, 220, 20250919, P, 5, 9, 0.002, 298.57, -0.0826
20241023, MCD, 225, 20250919, C, 0, 0, 0.0022, 298.57, 0.9148
20241023, MCD, 225, 20250919, P, 8, 1, 0.0023, 298.57, -0.0927
20241023, MCD, 230, 20250919, C, 0, 0, 0.0024, 298.57, 0.904
20241023, MCD, 230, 20250919, P, 5, 131, 0.0026, 298.57, -0.104
20241023, MCD, 235, 20250919, C, 0, 0, 0.0027, 298.57, 0.8918
20241023, MCD, 235, 20250919, P, 2, 20, 0.0028, 298.57, -0.1168
20241023, MCD, 240, 20250919, C, 0, 0, 0.003, 298.57, 0.8781
20241023, MCD, 240, 20250919, P, 4, 41, 0.0031, 298.57, -0.1311
20241023, MCD, 245, 20250919, C, 0, 0, 0.0033, 298.57, 0.8629
20241023, MCD, 245, 20250919, P, 93, 112, 0.0035, 298.57, -0.1471
20241023, MCD, 250, 20250919, C, 3, 0, 0.0037, 298.57, 0.8458
20241023, MCD, 250, 20250919, P, 96, 130, 0.0038, 298.57, -0.1649
20241023, MCD, 255, 20250919, C, 6, 0, 0.004, 298.57, 0.8269
20241023, MCD, 255, 20250919, P, 34, 46, 0.0042, 298.57, -0.1846
20241023, MCD, 260, 20250919, C, 1, 0, 0.0044, 298.57, 0.8061
20241023, MCD, 260, 20250919, P, 8, 9, 0.0046, 298.57, -0.2062
20241023, MCD, 265, 20250919, C, 1, 10, 0.0048, 298.57, 0.7834
20241023, MCD, 265, 20250919, P, 0, 62, 0.005, 298.57, -0.2299
20241023, MCD, 270, 20250919, C, 2, 33, 0.0052, 298.57, 0.7588
20241023, MCD, 270, 20250919, P, 168, 83, 0.0054, 298.57, -0.2556
20241023, MCD, 275, 20250919, C, 6, 22, 0.0055, 298.57, 0.7322
20241023, MCD, 275, 20250919, P, 20, 126, 0.0058, 298.57, -0.2836
20241023, MCD, 280, 20250919, C, 83, 93, 0.0059, 298.57, 0.704
20241023, MCD, 280, 20250919, P, 9, 17, 0.0062, 298.57, -0.3133
20241023, MCD, 285, 20250919, C, 6, 19, 0.0062, 298.57, 0.674
20241023, MCD, 285, 20250919, P, 8, 148, 0.0065, 298.57, -0.3448
20241023, MCD, 290, 20250919, C, 8, 34, 0.0065, 298.57, 0.6426
20241023, MCD, 290, 20250919, P, 26, 116, 0.0069, 298.57, -0.3781
20241023, MCD, 295, 20250919, C, 24, 29, 0.0068, 298.57, 0.6098
20241023, MCD, 295, 20250919, P, 26, 48, 0.0072, 298.57, -0.4131
20241023, MCD, 300, 20250919, C, 83, 57, 0.007, 298.57, 0.5759
20241023, MCD, 300, 20250919, P, 32, 101, 0.0075, 298.57, -0.4494
20241023, MCD, 305, 20250919, C, 4, 11, 0.0072, 298.57, 0.5412
20241023, MCD, 305, 20250919, P, 6, 128, 0.0077, 298.57, -0.4872
20241023, MCD, 310, 20250919, C, 39, 60, 0.0073, 298.57, 0.5059
20241023, MCD, 310, 20250919, P, 15, 69, 0.008, 298.57, -0.5259
20241023, MCD, 315, 20250919, C, 13, 19, 0.0074, 298.57, 0.4704
20241023, MCD, 315, 20250919, P, 4, 71, 0.0082, 298.57, -0.5658
20241023, MCD, 320, 20250919, C, 9, 562, 0.0074, 298.57, 0.4348
20241023, MCD, 320, 20250919, P, 0, 37, 0.0083, 298.57, -0.6063
20241023, MCD, 325, 20250919, C, 5, 19, 0.0073, 298.57, 0.3999
20241023, MCD, 325, 20250919, P, 0, 32, 0.0084, 298.57, -0.6475
20241023, MCD, 330, 20250919, C, 4, 10, 0.0072, 298.57, 0.3654
20241023, MCD, 330, 20250919, P, 0, 6, 0.0085, 298.57, -0.6889
20241023, MCD, 335, 20250919, C, 1, 9, 0.007, 298.57, 0.3321
20241023, MCD, 335, 20250919, P, 0, 3, 0.0085, 298.57, -0.7302
20241023, MCD, 340, 20250919, C, 3, 14, 0.0068, 298.57, 0.3
20241023, MCD, 340, 20250919, P, 0, 3, 0.0083, 298.57, -0.7704
20241023, MCD, 345, 20250919, C, 0, 4, 0.0065, 298.57, 0.2698
20241023, MCD, 345, 20250919, P, 0, 1, 0.0079, 298.57, -0.809
20241023, MCD, 350, 20250919, C, 3, 15, 0.0062, 298.57, 0.2412
20241023, MCD, 350, 20250919, P, 0, 0, 0.0074, 298.57, -0.8449
20241023, MCD, 360, 20250919, C, 2, 19, 0.0054, 298.57, 0.1906
20241023, MCD, 360, 20250919, P, 0, 0, 0.0058, 298.57, -0.9054
20241023, MCD, 370, 20250919, C, 2, 38, 0.0046, 298.57, 0.1489
20241023, MCD, 370, 20250919, P, 0, 0, 0.0047, 298.57, -0.9511
20241023, MCD, 380, 20250919, C, 7, 41, 0.0039, 298.57, 0.1158
20241023, MCD, 380, 20250919, P, 0, 0, 0.0031, 298.57, -0.986
20241023, MCD, 390, 20250919, C, 0, 1, 0.0032, 298.57, 0.0906
20241023, MCD, 390, 20250919, P, 0, 0, 0, 298.57, -1
20241023, MCD, 400, 20250919, C, 7, 15, 0.0027, 298.57, 0.0717
20241023, MCD, 400, 20250919, P, 0, 0, 0, 298.57, -1
20241023, MCD, 410, 20250919, C, 0, 73, 0.0022, 298.57, 0.0577
20241023, MCD, 410, 20250919, P, 0, 0, 0, 298.57, -1
20241023, MCD, 420, 20250919, C, 0, 3, 0.0019, 298.57, 0.0473
20241023, MCD, 420, 20250919, P, 0, 0, 0, 298.57, -1
20241023, MCD, 430, 20250919, C, 0, 12, 0.0016, 298.57, 0.0395
20241023, MCD, 430, 20250919, P, 0, 0, 0, 298.57, -1
20241023, MCD, 440, 20250919, C, 0, 13, 0.0013, 298.57, 0.0337
20241023, MCD, 440, 20250919, P, 0, 0, 0, 298.57, -1
20241023, MCD, 450, 20250919, C, 4, 0, 0.0012, 298.57, 0.0292
20241023, MCD, 450, 20250919, P, 0, 0, 0, 298.57, -1
20241023, MCD, 125, 20260116, C, 1, 20, 0.0002, 298.57, 0.994
20241023, MCD, 125, 20260116, P, 7, 180, 0.0003, 298.57, -0.0138
20241023, MCD, 130, 20260116, C, 0, 1, 0.0003, 298.57, 0.9914
20241023, MCD, 130, 20260116, P, 0, 320, 0.0003, 298.57, -0.0153
20241023, MCD, 135, 20260116, C, 0, 2, 0.0003, 298.57, 0.988
20241023, MCD, 135, 20260116, P, 0, 33, 0.0003, 298.57, -0.0169
20241023, MCD, 140, 20260116, C, 0, 2, 0.0004, 298.57, 0.9854
20241023, MCD, 140, 20260116, P, 0, 7031, 0.0004, 298.57, -0.0186
20241023, MCD, 145, 20260116, C, 0, 2, 0.0004, 298.57, 0.9836
20241023, MCD, 145, 20260116, P, 0, 83, 0.0004, 298.57, -0.0206
20241023, MCD, 150, 20260116, C, 4, 5, 0.0004, 298.57, 0.9815
20241023, MCD, 150, 20260116, P, 0, 38, 0.0005, 298.57, -0.0227
20241023, MCD, 155, 20260116, C, 0, 3, 0.0005, 298.57, 0.9792
20241023, MCD, 155, 20260116, P, 2, 205, 0.0005, 298.57, -0.0251
20241023, MCD, 160, 20260116, C, 0, 2, 0.0006, 298.57, 0.9767
20241023, MCD, 160, 20260116, P, 0, 73, 0.0006, 298.57, -0.0277
20241023, MCD, 165, 20260116, C, 0, 1, 0.0006, 298.57, 0.9739
20241023, MCD, 165, 20260116, P, 0, 156, 0.0007, 298.57, -0.0307
20241023, MCD, 170, 20260116, C, 0, 1, 0.0007, 298.57, 0.9708
20241023, MCD, 170, 20260116, P, 9, 55, 0.0007, 298.57, -0.0339
20241023, MCD, 175, 20260116, C, 0, 2, 0.0008, 298.57, 0.9673
20241023, MCD, 175, 20260116, P, 3, 108, 0.0008, 298.57, -0.0376
20241023, MCD, 180, 20260116, C, 0, 5, 0.0009, 298.57, 0.9633
20241023, MCD, 180, 20260116, P, 0, 276, 0.0009, 298.57, -0.0417
20241023, MCD, 185, 20260116, C, 0, 1, 0.001, 298.57, 0.959
20241023, MCD, 185, 20260116, P, 3, 70, 0.001, 298.57, -0.0463
20241023, MCD, 190, 20260116, C, 0, 2, 0.0011, 298.57, 0.954
20241023, MCD, 190, 20260116, P, 26, 61, 0.0011, 298.57, -0.0514
20241023, MCD, 195, 20260116, C, 0, 4, 0.0012, 298.57, 0.9485
20241023, MCD, 195, 20260116, P, 0, 36, 0.0013, 298.57, -0.0572
20241023, MCD, 200, 20260116, C, 67, 272, 0.0013, 298.57, 0.9423
20241023, MCD, 200, 20260116, P, 30, 542, 0.0014, 298.57, -0.0636
20241023, MCD, 205, 20260116, C, 0, 9, 0.0015, 298.57, 0.9353
20241023, MCD, 205, 20260116, P, 1, 282, 0.0016, 298.57, -0.0707
20241023, MCD, 210, 20260116, C, 0, 9, 0.0017, 298.57, 0.9276
20241023, MCD, 210, 20260116, P, 1, 396, 0.0017, 298.57, -0.0787
20241023, MCD, 215, 20260116, C, 1, 13, 0.0018, 298.57, 0.9189
20241023, MCD, 215, 20260116, P, 6, 262, 0.0019, 298.57, -0.0877
20241023, MCD, 220, 20260116, C, 1, 18, 0.002, 298.57, 0.9093
20241023, MCD, 220, 20260116, P, 1, 608, 0.0021, 298.57, -0.0976
20241023, MCD, 225, 20260116, C, 0, 36, 0.0022, 298.57, 0.8986
20241023, MCD, 225, 20260116, P, 3, 144, 0.0023, 298.57, -0.1086
20241023, MCD, 230, 20260116, C, 0, 53, 0.0025, 298.57, 0.8868
20241023, MCD, 230, 20260116, P, 12, 947, 0.0026, 298.57, -0.1208
20241023, MCD, 235, 20260116, C, 0, 10, 0.0027, 298.57, 0.8737
20241023, MCD, 235, 20260116, P, 0, 85, 0.0028, 298.57, -0.1342
20241023, MCD, 240, 20260116, C, 3, 313, 0.003, 298.57, 0.8594
20241023, MCD, 240, 20260116, P, 9, 146, 0.0031, 298.57, -0.149
20241023, MCD, 245, 20260116, C, 0, 23, 0.0032, 298.57, 0.8438
20241023, MCD, 245, 20260116, P, 19, 97, 0.0033, 298.57, -0.1652
20241023, MCD, 250, 20260116, C, 22, 274, 0.0035, 298.57, 0.8267
20241023, MCD, 250, 20260116, P, 40, 677, 0.0036, 298.57, -0.1827
20241023, MCD, 255, 20260116, C, 0, 69, 0.0038, 298.57, 0.8084
20241023, MCD, 255, 20260116, P, 4, 146, 0.0039, 298.57, -0.2018
20241023, MCD, 260, 20260116, C, 5, 836, 0.0041, 298.57, 0.7885
20241023, MCD, 260, 20260116, P, 16, 692, 0.0042, 298.57, -0.2225
20241023, MCD, 265, 20260116, C, 0, 95, 0.0044, 298.57, 0.7673
20241023, MCD, 265, 20260116, P, 8, 81, 0.0045, 298.57, -0.2447
20241023, MCD, 270, 20260116, C, 5, 663, 0.0046, 298.57, 0.7448
20241023, MCD, 270, 20260116, P, 15, 112, 0.0048, 298.57, -0.2683
20241023, MCD, 275, 20260116, C, 1, 634, 0.0049, 298.57, 0.721
20241023, MCD, 275, 20260116, P, 44, 422, 0.0052, 298.57, -0.2935
20241023, MCD, 280, 20260116, C, 21, 611, 0.0052, 298.57, 0.6959
20241023, MCD, 280, 20260116, P, 44, 84, 0.0054, 298.57, -0.3201
20241023, MCD, 285, 20260116, C, 5, 60, 0.0054, 298.57, 0.6697
20241023, MCD, 285, 20260116, P, 10, 154, 0.0057, 298.57, -0.348
20241023, MCD, 290, 20260116, C, 29, 875, 0.0056, 298.57, 0.6426
20241023, MCD, 290, 20260116, P, 16, 223, 0.006, 298.57, -0.3772
20241023, MCD, 295, 20260116, C, 21, 125, 0.0058, 298.57, 0.6145
20241023, MCD, 295, 20260116, P, 6, 166, 0.0063, 298.57, -0.4077
20241023, MCD, 300, 20260116, C, 112, 871, 0.006, 298.57, 0.5857
20241023, MCD, 300, 20260116, P, 71, 274, 0.0065, 298.57, -0.4395
20241023, MCD, 305, 20260116, C, 8, 515, 0.0062, 298.57, 0.5565
20241023, MCD, 305, 20260116, P, 4, 24, 0.0067, 298.57, -0.472
20241023, MCD, 310, 20260116, C, 22, 105, 0.0063, 298.57, 0.5267
20241023, MCD, 310, 20260116, P, 28, 11, 0.0069, 298.57, -0.5055
20241023, MCD, 315, 20260116, C, 30, 1003, 0.0064, 298.57, 0.4967
20241023, MCD, 315, 20260116, P, 12, 31, 0.0071, 298.57, -0.54
20241023, MCD, 320, 20260116, C, 33, 137, 0.0064, 298.57, 0.4666
20241023, MCD, 320, 20260116, P, 7, 14, 0.0073, 298.57, -0.5752
20241023, MCD, 325, 20260116, C, 4, 266, 0.0064, 298.57, 0.4365
20241023, MCD, 325, 20260116, P, 0, 2, 0.0074, 298.57, -0.6113
20241023, MCD, 330, 20260116, C, 28, 81, 0.0064, 298.57, 0.4067
20241023, MCD, 330, 20260116, P, 0, 4, 0.0076, 298.57, -0.6477
20241023, MCD, 335, 20260116, C, 2, 18, 0.0063, 298.57, 0.3775
20241023, MCD, 335, 20260116, P, 0, 0, 0.0077, 298.57, -0.6852
20241023, MCD, 340, 20260116, C, 2, 56, 0.0062, 298.57, 0.349
20241023, MCD, 340, 20260116, P, 0, 2, 0.0078, 298.57, -0.7223
20241023, MCD, 345, 20260116, C, 2, 102, 0.006, 298.57, 0.3213
20241023, MCD, 345, 20260116, P, 0, 1, 0.0078, 298.57, -0.76
20241023, MCD, 350, 20260116, C, 56, 906, 0.0058, 298.57, 0.2948
20241023, MCD, 350, 20260116, P, 0, 2, 0.0076, 298.57, -0.7961
20241023, MCD, 360, 20260116, C, 4, 170, 0.0054, 298.57, 0.2454
20241023, MCD, 360, 20260116, P, 0, 2, 0.0067, 298.57, -0.8634
20241023, MCD, 370, 20260116, C, 10, 267, 0.0049, 298.57, 0.202
20241023, MCD, 370, 20260116, P, 0, 1, 0.0052, 298.57, -0.9175
20241023, MCD, 380, 20260116, C, 4, 117, 0.0043, 298.57, 0.1648
20241023, MCD, 380, 20260116, P, 0, 0, 0.0049, 298.57, -0.9621
20241023, MCD, 390, 20260116, C, 2, 19, 0.0038, 298.57, 0.134
20241023, MCD, 390, 20260116, P, 0, 0, 0.0017, 298.57, -0.991
20241023, MCD, 400, 20260116, C, 35, 145, 0.0032, 298.57, 0.1091
20241023, MCD, 400, 20260116, P, 0, 0, 0, 298.57, -1
20241023, MCD, 410, 20260116, C, 8, 56, 0.0028, 298.57, 0.0892
20241023, MCD, 410, 20260116, P, 0, 0, 0, 298.57, -1
20241023, MCD, 420, 20260116, C, 2, 201, 0.0024, 298.57, 0.0735
20241023, MCD, 420, 20260116, P, 0, 0, 0, 298.57, -1
20241023, MCD, 430, 20260116, C, 3, 17, 0.002, 298.57, 0.0613
20241023, MCD, 430, 20260116, P, 0, 0, 0, 298.57, -1
20241023, MCD, 440, 20260116, C, 0, 47, 0.0018, 298.57, 0.0517
20241023, MCD, 440, 20260116, P, 0, 5, 0, 298.57, -1
20241023, MCD, 450, 20260116, C, 4, 277, 0.0015, 298.57, 0.0441
20241023, MCD, 450, 20260116, P, 0, 0, 0, 298.57, -1
20241023, MCD, 460, 20260116, C, 0, 1, 0.0013, 298.57, 0.0381
20241023, MCD, 460, 20260116, P, 0, 0, 0, 298.57, -1
20241023, MCD, 470, 20260116, C, 0, 0, 0.0012, 298.57, 0.0333
20241023, MCD, 470, 20260116, P, 0, 0, 0, 298.57, -1
20241023, MCD, 135, 20261218, C, 0, 0, 0.0004, 298.57, 0.9862
20241023, MCD, 135, 20261218, P, 0, 27, 0.0004, 298.57, -0.0269
20241023, MCD, 140, 20261218, C, 0, 0, 0.0005, 298.57, 0.9803
20241023, MCD, 140, 20261218, P, 0, 2, 0.0005, 298.57, -0.0298
20241023, MCD, 145, 20261218, C, 0, 0, 0.0005, 298.57, 0.9747
20241023, MCD, 145, 20261218, P, 0, 0, 0.0006, 298.57, -0.0329
20241023, MCD, 150, 20261218, C, 0, 1, 0.0006, 298.57, 0.971
20241023, MCD, 150, 20261218, P, 4, 9, 0.0006, 298.57, -0.0363
20241023, MCD, 155, 20261218, C, 0, 0, 0.0006, 298.57, 0.9673
20241023, MCD, 155, 20261218, P, 0, 1, 0.0007, 298.57, -0.04
20241023, MCD, 160, 20261218, C, 0, 0, 0.0007, 298.57, 0.9633
20241023, MCD, 160, 20261218, P, 0, 1, 0.0007, 298.57, -0.0441
20241023, MCD, 165, 20261218, C, 0, 0, 0.0008, 298.57, 0.9589
20241023, MCD, 165, 20261218, P, 3, 0, 0.0008, 298.57, -0.0486
20241023, MCD, 170, 20261218, C, 0, 3, 0.0009, 298.57, 0.9542
20241023, MCD, 170, 20261218, P, 0, 3, 0.0009, 298.57, -0.0536
20241023, MCD, 175, 20261218, C, 0, 0, 0.0009, 298.57, 0.9491
20241023, MCD, 175, 20261218, P, 0, 2, 0.001, 298.57, -0.0589
20241023, MCD, 180, 20261218, C, 0, 1, 0.001, 298.57, 0.9434
20241023, MCD, 180, 20261218, P, 0, 7, 0.0011, 298.57, -0.0648
20241023, MCD, 185, 20261218, C, 0, 0, 0.0011, 298.57, 0.9372
20241023, MCD, 185, 20261218, P, 0, 2, 0.0012, 298.57, -0.0712
20241023, MCD, 190, 20261218, C, 0, 0, 0.0012, 298.57, 0.9305
20241023, MCD, 190, 20261218, P, 0, 26, 0.0013, 298.57, -0.0781
20241023, MCD, 195, 20261218, C, 0, 0, 0.0014, 298.57, 0.9232
20241023, MCD, 195, 20261218, P, 0, 3, 0.0014, 298.57, -0.0857
20241023, MCD, 200, 20261218, C, 0, 0, 0.0015, 298.57, 0.9152
20241023, MCD, 200, 20261218, P, 12, 76, 0.0015, 298.57, -0.0939
20241023, MCD, 205, 20261218, C, 0, 0, 0.0016, 298.57, 0.9067
20241023, MCD, 205, 20261218, P, 0, 0, 0.0016, 298.57, -0.1027
20241023, MCD, 210, 20261218, C, 0, 0, 0.0017, 298.57, 0.8975
20241023, MCD, 210, 20261218, P, 0, 10, 0.0018, 298.57, -0.1123
20241023, MCD, 215, 20261218, C, 0, 0, 0.0019, 298.57, 0.8876
20241023, MCD, 215, 20261218, P, 0, 0, 0.0019, 298.57, -0.1225
20241023, MCD, 220, 20261218, C, 0, 2, 0.002, 298.57, 0.877
20241023, MCD, 220, 20261218, P, 3, 18, 0.0021, 298.57, -0.1335
20241023, MCD, 225, 20261218, C, 0, 0, 0.0022, 298.57, 0.8657
20241023, MCD, 225, 20261218, P, 0, 11, 0.0022, 298.57, -0.1453
20241023, MCD, 230, 20261218, C, 0, 2, 0.0023, 298.57, 0.8537
20241023, MCD, 230, 20261218, P, 2, 5, 0.0024, 298.57, -0.1578
20241023, MCD, 235, 20261218, C, 0, 0, 0.0025, 298.57, 0.8408
20241023, MCD, 235, 20261218, P, 1, 10, 0.0026, 298.57, -0.1712
20241023, MCD, 240, 20261218, C, 0, 0, 0.0026, 298.57, 0.8273
20241023, MCD, 240, 20261218, P, 2, 14, 0.0027, 298.57, -0.1854
20241023, MCD, 245, 20261218, C, 0, 1, 0.0028, 298.57, 0.8131
20241023, MCD, 245, 20261218, P, 0, 1, 0.0029, 298.57, -0.2003
20241023, MCD, 250, 20261218, C, 1, 2, 0.003, 298.57, 0.7981
20241023, MCD, 250, 20261218, P, 1, 4, 0.0031, 298.57, -0.2161
20241023, MCD, 255, 20261218, C, 0, 6, 0.0031, 298.57, 0.7824
20241023, MCD, 255, 20261218, P, 0, 0, 0.0032, 298.57, -0.2327
20241023, MCD, 260, 20261218, C, 0, 62, 0.0033, 298.57, 0.766
20241023, MCD, 260, 20261218, P, 5, 14, 0.0034, 298.57, -0.25
20241023, MCD, 265, 20261218, C, 3, 13, 0.0034, 298.57, 0.749
20241023, MCD, 265, 20261218, P, 34, 9, 0.0036, 298.57, -0.2682
20241023, MCD, 270, 20261218, C, 5, 211, 0.0036, 298.57, 0.7313
20241023, MCD, 270, 20261218, P, 0, 71, 0.0038, 298.57, -0.2871
20241023, MCD, 275, 20261218, C, 3, 1, 0.0037, 298.57, 0.713
20241023, MCD, 275, 20261218, P, 2, 13, 0.0039, 298.57, -0.3068
20241023, MCD, 280, 20261218, C, 0, 3, 0.0039, 298.57, 0.6942
20241023, MCD, 280, 20261218, P, 2, 67, 0.0041, 298.57, -0.3272
20241023, MCD, 285, 20261218, C, 0, 84, 0.004, 298.57, 0.6749
20241023, MCD, 285, 20261218, P, 0, 6, 0.0043, 298.57, -0.3483
20241023, MCD, 290, 20261218, C, 8, 1106, 0.0041, 298.57, 0.6552
20241023, MCD, 290, 20261218, P, 7, 75, 0.0044, 298.57, -0.3701
20241023, MCD, 295, 20261218, C, 0, 13, 0.0042, 298.57, 0.635
20241023, MCD, 295, 20261218, P, 30, 16, 0.0046, 298.57, -0.3926
20241023, MCD, 300, 20261218, C, 17, 143, 0.0044, 298.57, 0.6144
20241023, MCD, 300, 20261218, P, 138, 84, 0.0048, 298.57, -0.4158
20241023, MCD, 305, 20261218, C, 1, 27, 0.0044, 298.57, 0.5936
20241023, MCD, 305, 20261218, P, 1, 13, 0.0049, 298.57, -0.4397
20241023, MCD, 310, 20261218, C, 6, 16, 0.0045, 298.57, 0.5725
20241023, MCD, 310, 20261218, P, 0, 3, 0.0051, 298.57, -0.464
20241023, MCD, 315, 20261218, C, 1, 29, 0.0046, 298.57, 0.5511
20241023, MCD, 315, 20261218, P, 0, 8, 0.0052, 298.57, -0.4891
20241023, MCD, 320, 20261218, C, 140, 15, 0.0047, 298.57, 0.5297
20241023, MCD, 320, 20261218, P, 0, 42, 0.0054, 298.57, -0.5149
20241023, MCD, 325, 20261218, C, 0, 3, 0.0047, 298.57, 0.5082
20241023, MCD, 325, 20261218, P, 0, 5, 0.0055, 298.57, -0.541
20241023, MCD, 330, 20261218, C, 0, 19, 0.0048, 298.57, 0.4866
20241023, MCD, 330, 20261218, P, 0, 88, 0.0056, 298.57, -0.5678
20241023, MCD, 335, 20261218, C, 0, 1, 0.0048, 298.57, 0.4652
20241023, MCD, 335, 20261218, P, 0, 6, 0.0058, 298.57, -0.5954
20241023, MCD, 340, 20261218, C, 0, 4, 0.0048, 298.57, 0.444
20241023, MCD, 340, 20261218, P, 0, 0, 0.0059, 298.57, -0.6233
20241023, MCD, 345, 20261218, C, 0, 5, 0.0048, 298.57, 0.4227
20241023, MCD, 345, 20261218, P, 0, 0, 0.0061, 298.57, -0.652
20241023, MCD, 350, 20261218, C, 0, 10, 0.0048, 298.57, 0.4019
20241023, MCD, 350, 20261218, P, 0, 2, 0.0062, 298.57, -0.6813
20241023, MCD, 355, 20261218, C, 1, 5, 0.0047, 298.57, 0.3815
20241023, MCD, 355, 20261218, P, 0, 0, 0.0064, 298.57, -0.7107
20241023, MCD, 360, 20261218, C, 1, 48, 0.0046, 298.57, 0.3614
20241023, MCD, 360, 20261218, P, 0, 0, 0.0065, 298.57, -0.7409
20241023, MCD, 365, 20261218, C, 0, 6, 0.0046, 298.57, 0.3417
20241023, MCD, 365, 20261218, P, 0, 0, 0.0065, 298.57, -0.771
20241023, MCD, 370, 20261218, C, 5, 1102, 0.0045, 298.57, 0.3227
20241023, MCD, 370, 20261218, P, 0, 0, 0.0064, 298.57, -0.8003
20241023, MCD, 375, 20261218, C, 0, 0, 0.0044, 298.57, 0.3042
20241023, MCD, 375, 20261218, P, 0, 0, 0.0062, 298.57, -0.8291
20241023, MCD, 380, 20261218, C, 0, 107, 0.0043, 298.57, 0.2862
20241023, MCD, 380, 20261218, P, 0, 1, 0.0059, 298.57, -0.8562
20241023, MCD, 390, 20261218, C, 0, 1, 0.0041, 298.57, 0.2529
20241023, MCD, 390, 20261218, P, 0, 0, 0.0062, 298.57, -0.9126
20241023, MCD, 400, 20261218, C, 2, 2, 0.0038, 298.57, 0.2222
20241023, MCD, 400, 20261218, P, 0, 0, 0.0057, 298.57, -0.9596
20241023, MCD, 410, 20261218, C, 1, 6, 0.0036, 298.57, 0.1948
20241023, MCD, 410, 20261218, P, 0, 0, 0.0015, 298.57, -0.9897
20241023, MCD, 420, 20261218, C, 0, 0, 0.0033, 298.57, 0.1704
20241023, MCD, 420, 20261218, P, 0, 0, 0, 298.57, -1
20241023, MCD, 430, 20261218, C, 0, 1, 0.003, 298.57, 0.1491
20241023, MCD, 430, 20261218, P, 0, 0, 0, 298.57, -1
20241023, MCD, 440, 20261218, C, 0, 0, 0.0027, 298.57, 0.1304
20241023, MCD, 440, 20261218, P, 0, 0, 0, 298.57, -1
20241023, MCD, 450, 20261218, C, 0, 0, 0.0025, 298.57, 0.1145
20241023, MCD, 450, 20261218, P, 0, 0, 0, 298.57, -1
20241023, MCD, 460, 20261218, C, 0, 0, 0.0023, 298.57, 0.1007
20241023, MCD, 460, 20261218, P, 0, 0, 0, 298.57, -1
20241023, MCD, 470, 20261218, C, 6, 0, 0.0021, 298.57, 0.089
20241023, MCD, 470, 20261218, P, 0, 0, 0, 298.57, -1
20241023, MCD, 150, 20270115, C, 0, 0, 0.0006, 298.57, 0.9691
20241023, MCD, 150, 20270115, P, 61, 1, 0.0006, 298.57, -0.0381
20241023, MCD, 155, 20270115, C, 0, 0, 0.0006, 298.57, 0.9653
20241023, MCD, 155, 20270115, P, 0, 0, 0.0007, 298.57, -0.0421
20241023, MCD, 160, 20270115, C, 0, 1, 0.0007, 298.57, 0.9612
20241023, MCD, 160, 20270115, P, 0, 0, 0.0008, 298.57, -0.0463
20241023, MCD, 165, 20270115, C, 0, 1, 0.0008, 298.57, 0.9566
20241023, MCD, 165, 20270115, P, 0, 1, 0.0008, 298.57, -0.051
20241023, MCD, 170, 20270115, C, 0, 0, 0.0009, 298.57, 0.9516
20241023, MCD, 170, 20270115, P, 2, 0, 0.0009, 298.57, -0.056
20241023, MCD, 175, 20270115, C, 0, 0, 0.001, 298.57, 0.9463
20241023, MCD, 175, 20270115, P, 6, 0, 0.001, 298.57, -0.0616
20241023, MCD, 180, 20270115, C, 0, 0, 0.001, 298.57, 0.9404
20241023, MCD, 180, 20270115, P, 2, 2, 0.0011, 298.57, -0.0676
20241023, MCD, 185, 20270115, C, 0, 0, 0.0012, 298.57, 0.934
20241023, MCD, 185, 20270115, P, 0, 0, 0.0012, 298.57, -0.0741
20241023, MCD, 190, 20270115, C, 0, 0, 0.0013, 298.57, 0.9271
20241023, MCD, 190, 20270115, P, 0, 1, 0.0013, 298.57, -0.0812
20241023, MCD, 195, 20270115, C, 0, 0, 0.0014, 298.57, 0.9197
20241023, MCD, 195, 20270115, P, 0, 0, 0.0014, 298.57, -0.0888
20241023, MCD, 200, 20270115, C, 1, 1, 0.0015, 298.57, 0.9116
20241023, MCD, 200, 20270115, P, 4, 0, 0.0015, 298.57, -0.0971
20241023, MCD, 210, 20270115, C, 60, 1, 0.0017, 298.57, 0.8936
20241023, MCD, 210, 20270115, P, 5, 9, 0.0018, 298.57, -0.1156
20241023, MCD, 220, 20270115, C, 0, 0, 0.002, 298.57, 0.8729
20241023, MCD, 220, 20270115, P, 2, 0, 0.0021, 298.57, -0.1368
20241023, MCD, 230, 20270115, C, 3, 0, 0.0023, 298.57, 0.8495
20241023, MCD, 230, 20270115, P, 58, 0, 0.0024, 298.57, -0.161
20241023, MCD, 240, 20270115, C, 3, 0, 0.0026, 298.57, 0.8232
20241023, MCD, 240, 20270115, P, 15, 100, 0.0027, 298.57, -0.1883
20241023, MCD, 250, 20270115, C, 2, 1, 0.0029, 298.57, 0.7942
20241023, MCD, 250, 20270115, P, 12, 0, 0.003, 298.57, -0.2186
20241023, MCD, 260, 20270115, C, 1, 3, 0.0032, 298.57, 0.7626
20241023, MCD, 260, 20270115, P, 6, 1, 0.0034, 298.57, -0.2519
20241023, MCD, 270, 20270115, C, 11, 12, 0.0035, 298.57, 0.7285
20241023, MCD, 270, 20270115, P, 5, 6, 0.0037, 298.57, -0.2883
20241023, MCD, 280, 20270115, C, 6, 1, 0.0038, 298.57, 0.6922
20241023, MCD, 280, 20270115, P, 7, 22, 0.004, 298.57, -0.3276
20241023, MCD, 290, 20270115, C, 30, 3, 0.004, 298.57, 0.654
20241023, MCD, 290, 20270115, P, 51, 2, 0.0044, 298.57, -0.3696
20241023, MCD, 300, 20270115, C, 20, 4, 0.0042, 298.57, 0.6143
20241023, MCD, 300, 20270115, P, 25, 14, 0.0047, 298.57, -0.4143
20241023, MCD, 310, 20270115, C, 35, 88, 0.0044, 298.57, 0.5735
20241023, MCD, 310, 20270115, P, 5, 11, 0.005, 298.57, -0.4614
20241023, MCD, 320, 20270115, C, 12, 23, 0.0046, 298.57, 0.532
20241023, MCD, 320, 20270115, P, 2, 9, 0.0052, 298.57, -0.5109
20241023, MCD, 330, 20270115, C, 9, 3, 0.0046, 298.57, 0.4903
20241023, MCD, 330, 20270115, P, 0, 2, 0.0055, 298.57, -0.5627
20241023, MCD, 340, 20270115, C, 200, 6, 0.0047, 298.57, 0.4489
20241023, MCD, 340, 20270115, P, 0, 1, 0.0058, 298.57, -0.6167
20241023, MCD, 350, 20270115, C, 8, 5, 0.0046, 298.57, 0.4081
20241023, MCD, 350, 20270115, P, 0, 1, 0.0061, 298.57, -0.6731
20241023, MCD, 360, 20270115, C, 1, 10, 0.0046, 298.57, 0.3687
20241023, MCD, 360, 20270115, P, 0, 0, 0.0064, 298.57, -0.7318
20241023, MCD, 370, 20270115, C, 3, 4, 0.0044, 298.57, 0.331
20241023, MCD, 370, 20270115, P, 0, 0, 0.0064, 298.57, -0.7903
20241023, MCD, 380, 20270115, C, 0, 0, 0.0043, 298.57, 0.2955
20241023, MCD, 380, 20270115, P, 0, 0, 0.006, 298.57, -0.8464
20241023, MCD, 390, 20270115, C, 0, 0, 0.004, 298.57, 0.2625
20241023, MCD, 390, 20270115, P, 3, 3, 0.006, 298.57, -0.9015
20241023, MCD, 400, 20270115, C, 4, 3, 0.0038, 298.57, 0.2324
20241023, MCD, 400, 20270115, P, 0, 0, 0.0064, 298.57, -0.9511
20241023, MCD, 410, 20270115, C, 0, 0, 0.0036, 298.57, 0.2052
20241023, MCD, 410, 20270115, P, 0, 0, 0.0022, 298.57, -0.9838
20241023, MCD, 420, 20270115, C, 0, 0, 0.0033, 298.57, 0.181
20241023, MCD, 420, 20270115, P, 0, 0, 0, 298.57, -1
20241023, MCD, 430, 20270115, C, 0, 51, 0.0031, 298.57, 0.1596
20241023, MCD, 430, 20270115, P, 0, 0, 0, 298.57, -1
20241023, MCD, 440, 20270115, C, 0, 0, 0.0028, 298.57, 0.1408
20241023, MCD, 440, 20270115, P, 0, 0, 0, 298.57, -1
20241023, MCD, 450, 20270115, C, 0, 4, 0.0026, 298.57, 0.1246
20241023, MCD, 450, 20270115, P, 0, 0, 0, 298.57, -1
20241023, MCD, 460, 20270115, C, 1, 0, 0.0024, 298.57, 0.1105
20241023, MCD, 460, 20270115, P, 0, 0, 0, 298.57, -1
20241023, MCD, 470, 20270115, C, 16, 1, 0.0022, 298.57, 0.0984
20241023, MCD, 470, 20270115, P, 0, 0, 0, 298.57, -1
