20241014, OPEN, 0.5, 20241018, C, 0, 0, 0.0171, 1.93
20241014, OPEN, 0.5, 20241018, P, 0, 0, 0.0167, 1.93
20241014, OPEN, 1, 20241018, C, 1, 35, 0.0704, 1.93
20241014, OPEN, 1, 20241018, P, 0, 31, 0.0698, 1.93
20241014, OPEN, 1.5, 20241018, C, 277, 339, 0.3671, 1.93
20241014, OPEN, 1.5, 20241018, P, 123, 2762, 0.3657, 1.93
20241014, OPEN, 2, 20241018, C, 3658, 9657, 2.139, 1.93
20241014, OPEN, 2, 20241018, P, 287, 4842, 2.1372, 1.93
20241014, OPEN, 2.5, 20241018, C, 784, 16035, 0.4646, 1.93
20241014, OPEN, 2.5, 20241018, P, 22, 444, 0.4658, 1.93
20241014, OPEN, 3, 20241018, C, 0, 28492, 0.2055, 1.93
20241014, OPEN, 3, 20241018, P, 0, 15, 0.2066, 1.93
20241014, OPEN, 3.5, 20241018, C, 0, 1709, 0.1171, 1.93
20241014, OPEN, 3.5, 20241018, P, 0, 0, 0.1184, 1.93
20241014, OPEN, 4, 20241018, C, 0, 178, 0.0758, 1.93
20241014, OPEN, 4, 20241018, P, 0, 0, 0.0774, 1.93
20241014, OPEN, 4.5, 20241018, C, 0, 116, 0.053, 1.93
20241014, OPEN, 4.5, 20241018, P, 0, 0, 0.0549, 1.93
20241014, OPEN, 0.5, 20241025, C, 0, 2, 0.019, 1.93
20241014, OPEN, 0.5, 20241025, P, 0, 0, 0.0181, 1.93
20241014, OPEN, 1, 20241025, C, 0, 56, 0.0779, 1.93
20241014, OPEN, 1, 20241025, P, 0, 37, 0.076, 1.93
20241014, OPEN, 1.5, 20241025, C, 36, 548, 0.418, 1.93
20241014, OPEN, 1.5, 20241025, P, 119, 190, 0.4155, 1.93
20241014, OPEN, 2, 20241025, C, 762, 1890, 1.2984, 1.93
20241014, OPEN, 2, 20241025, P, 23, 1306, 1.2986, 1.93
20241014, OPEN, 2.5, 20241025, C, 153, 9472, 0.5135, 1.93
20241014, OPEN, 2.5, 20241025, P, 0, 88, 0.516, 1.93
20241014, OPEN, 3, 20241025, C, 7, 9541, 0.208, 1.93
20241014, OPEN, 3, 20241025, P, 1, 3, 0.2122, 1.93
20241014, OPEN, 3.5, 20241025, C, 0, 16, 0.0956, 1.93
20241014, OPEN, 3.5, 20241025, P, 0, 0, 0.1008, 1.93
20241014, OPEN, 4, 20241025, C, 0, 2, 0.048, 1.93
20241014, OPEN, 4, 20241025, P, 0, 2, 0.0551, 1.93
20241014, OPEN, 4.5, 20241025, C, 0, 1, 0.0256, 1.93
20241014, OPEN, 4.5, 20241025, P, 0, 0, 0.0268, 1.93
20241014, OPEN, 0.5, 20241101, C, 0, 3, 0.0194, 1.93
20241014, OPEN, 0.5, 20241101, P, 0, 0, 0.0195, 1.93
20241014, OPEN, 1, 20241101, C, 0, 8, 0.0913, 1.93
20241014, OPEN, 1, 20241101, P, 18, 50, 0.0917, 1.93
20241014, OPEN, 1.5, 20241101, C, 6, 95, 0.4279, 1.93
20241014, OPEN, 1.5, 20241101, P, 69, 433, 0.4312, 1.93
20241014, OPEN, 2, 20241101, C, 411, 806, 0.9705, 1.93
20241014, OPEN, 2, 20241101, P, 154, 1459, 0.9834, 1.93
20241014, OPEN, 2.5, 20241101, C, 98, 1378, 0.5498, 1.93
20241014, OPEN, 2.5, 20241101, P, 0, 67, 0.5726, 1.93
20241014, OPEN, 3, 20241101, C, 25, 425, 0.1921, 1.93
20241014, OPEN, 3, 20241101, P, 0, 0, 0.2108, 1.93
20241014, OPEN, 3.5, 20241101, C, 0, 197, 0.0636, 1.93
20241014, OPEN, 3.5, 20241101, P, 0, 0, 0, 1.93
20241014, OPEN, 4, 20241101, C, 0, 62, 0.0218, 1.93
20241014, OPEN, 4, 20241101, P, 0, 0, 0, 1.93
20241014, OPEN, 4.5, 20241101, C, 0, 0, 0.0078, 1.93
20241014, OPEN, 4.5, 20241101, P, 0, 0, 0, 1.93
20241014, OPEN, 0.5, 20241108, C, 0, 0, 0.0217, 1.93
20241014, OPEN, 0.5, 20241108, P, 0, 0, 0.0186, 1.93
20241014, OPEN, 1, 20241108, C, 0, 2, 0.1137, 1.93
20241014, OPEN, 1, 20241108, P, 0, 598, 0.1091, 1.93
20241014, OPEN, 1.5, 20241108, C, 4, 866, 0.4077, 1.93
20241014, OPEN, 1.5, 20241108, P, 136, 1373, 0.4036, 1.93
20241014, OPEN, 2, 20241108, C, 1226, 621, 0.6325, 1.93
20241014, OPEN, 2, 20241108, P, 56, 404, 0.631, 1.93
20241014, OPEN, 2.5, 20241108, C, 290, 28, 0.5017, 1.93
20241014, OPEN, 2.5, 20241108, P, 0, 129, 0.5028, 1.93
20241014, OPEN, 3, 20241108, C, 32, 4, 0.3334, 1.93
20241014, OPEN, 3, 20241108, P, 0, 0, 0.3366, 1.93
20241014, OPEN, 3.5, 20241108, C, 0, 4, 0.219, 1.93
20241014, OPEN, 3.5, 20241108, P, 0, 0, 0.2236, 1.93
20241014, OPEN, 4, 20241108, C, 0, 62, 0.1473, 1.93
20241014, OPEN, 4, 20241108, P, 0, 0, 0.1536, 1.93
20241014, OPEN, 0.5, 20241115, C, 0, 59, 0.0242, 1.93
20241014, OPEN, 0.5, 20241115, P, 0, 10, 0.0242, 1.93
20241014, OPEN, 1, 20241115, C, 0, 283, 0.1198, 1.93
20241014, OPEN, 1, 20241115, P, 7, 2798, 0.1201, 1.93
20241014, OPEN, 1.5, 20241115, C, 6, 803, 0.3736, 1.93
20241014, OPEN, 1.5, 20241115, P, 134, 2603, 0.3748, 1.93
20241014, OPEN, 2, 20241115, C, 614, 3914, 0.5671, 1.93
20241014, OPEN, 2, 20241115, P, 168, 4876, 0.5706, 1.93
20241014, OPEN, 2.5, 20241115, C, 318, 19192, 0.4817, 1.93
20241014, OPEN, 2.5, 20241115, P, 1, 1722, 0.4874, 1.93
20241014, OPEN, 3, 20241115, C, 180, 36785, 0.3475, 1.93
20241014, OPEN, 3, 20241115, P, 5, 558, 0.3546, 1.93
20241014, OPEN, 3.5, 20241115, C, 1, 19469, 0.2476, 1.93
20241014, OPEN, 3.5, 20241115, P, 0, 35, 0.256, 1.93
20241014, OPEN, 4, 20241115, C, 153, 2517, 0.1802, 1.93
20241014, OPEN, 4, 20241115, P, 0, 107, 0.1902, 1.93
20241014, OPEN, 4.5, 20241115, C, 25, 2828, 0.1345, 1.93
20241014, OPEN, 4.5, 20241115, P, 0, 51, 0.146, 1.93
20241014, OPEN, 5, 20241115, C, 331, 2437, 0.1029, 1.93
20241014, OPEN, 5, 20241115, P, 0, 0, 0.1147, 1.93
20241014, OPEN, 5.5, 20241115, C, 0, 10880, 0.0805, 1.93
20241014, OPEN, 5.5, 20241115, P, 0, 0, 0.0966, 1.93
20241014, OPEN, 0.5, 20241122, C, 0, 0, 0.0258, 1.93
20241014, OPEN, 0.5, 20241122, P, 0, 0, 0.0223, 1.93
20241014, OPEN, 1, 20241122, C, 5, 15, 0.1208, 1.93
20241014, OPEN, 1, 20241122, P, 0, 110, 0.1164, 1.93
20241014, OPEN, 1.5, 20241122, C, 11, 169, 0.3778, 1.93
20241014, OPEN, 1.5, 20241122, P, 138, 32, 0.3748, 1.93
20241014, OPEN, 2, 20241122, C, 67, 52, 0.538, 1.93
20241014, OPEN, 2, 20241122, P, 5, 59, 0.5381, 1.93
20241014, OPEN, 2.5, 20241122, C, 6, 93, 0.4667, 1.93
20241014, OPEN, 2.5, 20241122, P, 0, 3, 0.4697, 1.93
20241014, OPEN, 3, 20241122, C, 0, 311, 0.3427, 1.93
20241014, OPEN, 3, 20241122, P, 0, 0, 0.3483, 1.93
20241014, OPEN, 3.5, 20241122, C, 0, 9, 0.2401, 1.93
20241014, OPEN, 3.5, 20241122, P, 0, 0, 0.248, 1.93
20241014, OPEN, 0.5, 20241129, C, 0, 0, 0.0226, 1.93
20241014, OPEN, 0.5, 20241129, P, 0, 0, 0.0227, 1.93
20241014, OPEN, 1, 20241129, C, 0, 0, 0.1167, 1.93
20241014, OPEN, 1, 20241129, P, 0, 0, 0.1171, 1.93
20241014, OPEN, 1.5, 20241129, C, 4, 1, 0.3568, 1.93
20241014, OPEN, 1.5, 20241129, P, 5, 0, 0.3586, 1.93
20241014, OPEN, 2, 20241129, C, 66, 1, 0.5, 1.93
20241014, OPEN, 2, 20241129, P, 13, 1, 0.5046, 1.93
20241014, OPEN, 2.5, 20241129, C, 7, 0, 0.4519, 1.93
20241014, OPEN, 2.5, 20241129, P, 20, 0, 0.4595, 1.93
20241014, OPEN, 3, 20241129, C, 6, 0, 0.3504, 1.93
20241014, OPEN, 3, 20241129, P, 1, 0, 0.3608, 1.93
20241014, OPEN, 3.5, 20241129, C, 0, 1, 0.2584, 1.93
20241014, OPEN, 3.5, 20241129, P, 0, 0, 0.2714, 1.93
20241014, OPEN, 0.5, 20250117, C, 0, 418, 0.0253, 1.93
20241014, OPEN, 0.5, 20250117, P, 0, 1060, 0.0254, 1.93
20241014, OPEN, 1, 20250117, C, 8, 4925, 0.127, 1.93
20241014, OPEN, 1, 20250117, P, 5, 16655, 0.1278, 1.93
20241014, OPEN, 1.5, 20250117, C, 46, 2395, 0.2769, 1.93
20241014, OPEN, 1.5, 20250117, P, 75, 7791, 0.2797, 1.93
20241014, OPEN, 2, 20250117, C, 518, 11050, 0.3674, 1.93
20241014, OPEN, 2, 20250117, P, 30, 16262, 0.3735, 1.93
20241014, OPEN, 2.5, 20250117, C, 237, 13718, 0.3679, 1.93
20241014, OPEN, 2.5, 20250117, P, 0, 1918, 0.3778, 1.93
20241014, OPEN, 3, 20250117, C, 547, 32394, 0.3259, 1.93
20241014, OPEN, 3, 20250117, P, 9, 2414, 0.3397, 1.93
20241014, OPEN, 3.5, 20250117, C, 55, 38156, 0.2773, 1.93
20241014, OPEN, 3.5, 20250117, P, 0, 1209, 0.2948, 1.93
20241014, OPEN, 4, 20250117, C, 170, 38698, 0.2344, 1.93
20241014, OPEN, 4, 20250117, P, 11, 1131, 0.2554, 1.93
20241014, OPEN, 4.5, 20250117, C, 0, 2254, 0.1995, 1.93
20241014, OPEN, 4.5, 20250117, P, 0, 51, 0.2232, 1.93
20241014, OPEN, 5, 20250117, C, 134, 38417, 0.1718, 1.93
20241014, OPEN, 5, 20250117, P, 10, 1453, 0.1984, 1.93
20241014, OPEN, 5.5, 20250117, C, 3, 3347, 0.1495, 1.93
20241014, OPEN, 5.5, 20250117, P, 0, 17, 0.1795, 1.93
20241014, OPEN, 7, 20250117, C, 4, 9971, 0.105, 1.93
20241014, OPEN, 7, 20250117, P, 0, 15, 0.1458, 1.93
20241014, OPEN, 10, 20250117, C, 2, 43610, 0.0631, 1.93
20241014, OPEN, 10, 20250117, P, 0, 0, 0.0082, 1.93
20241014, OPEN, 0.5, 20250221, C, 0, 58, 0.0248, 1.93
20241014, OPEN, 0.5, 20250221, P, 0, 0, 0.0249, 1.93
20241014, OPEN, 1, 20250221, C, 0, 389, 0.1253, 1.93
20241014, OPEN, 1, 20250221, P, 0, 240, 0.1262, 1.93
20241014, OPEN, 1.5, 20250221, C, 4, 403, 0.2363, 1.93
20241014, OPEN, 1.5, 20250221, P, 0, 1077, 0.2392, 1.93
20241014, OPEN, 2, 20250221, C, 82, 1174, 0.2978, 1.93
20241014, OPEN, 2, 20250221, P, 12, 906, 0.3037, 1.93
20241014, OPEN, 2.5, 20250221, C, 12, 2141, 0.3106, 1.93
20241014, OPEN, 2.5, 20250221, P, 0, 1467, 0.3201, 1.93
20241014, OPEN, 3, 20250221, C, 63, 35163, 0.2952, 1.93
20241014, OPEN, 3, 20250221, P, 0, 139, 0.3088, 1.93
20241014, OPEN, 3.5, 20250221, C, 260, 49338, 0.268, 1.93
20241014, OPEN, 3.5, 20250221, P, 0, 25, 0.286, 1.93
20241014, OPEN, 4, 20250221, C, 0, 1150, 0.238, 1.93
20241014, OPEN, 4, 20250221, P, 0, 21, 0.2607, 1.93
20241014, OPEN, 4.5, 20250221, C, 0, 4338, 0.2093, 1.93
20241014, OPEN, 4.5, 20250221, P, 0, 0, 0.2372, 1.93
20241014, OPEN, 0.5, 20250516, C, 0, 4, 0.033, 1.93
20241014, OPEN, 0.5, 20250516, P, 0, 0, 0.0333, 1.93
20241014, OPEN, 1, 20250516, C, 2, 240, 0.1119, 1.93
20241014, OPEN, 1, 20250516, P, 0, 57, 0.1133, 1.93
20241014, OPEN, 1.5, 20250516, C, 116, 169, 0.1798, 1.93
20241014, OPEN, 1.5, 20250516, P, 2, 38, 0.1834, 1.93
20241014, OPEN, 2, 20250516, C, 6, 538, 0.2211, 1.93
20241014, OPEN, 2, 20250516, P, 10, 149, 0.2277, 1.93
20241014, OPEN, 2.5, 20250516, C, 183, 2686, 0.2397, 1.93
20241014, OPEN, 2.5, 20250516, P, 0, 0, 0.25, 1.93
20241014, OPEN, 3, 20250516, C, 0, 342, 0.2429, 1.93
20241014, OPEN, 3, 20250516, P, 0, 1, 0.2576, 1.93
20241014, OPEN, 3.5, 20250516, C, 0, 121, 0.2368, 1.93
20241014, OPEN, 3.5, 20250516, P, 0, 0, 0.2562, 1.93
20241014, OPEN, 4, 20250516, C, 0, 51, 0.2255, 1.93
20241014, OPEN, 4, 20250516, P, 0, 0, 0.2502, 1.93
20241014, OPEN, 4.5, 20250516, C, 0, 10, 0.2117, 1.93
20241014, OPEN, 4.5, 20250516, P, 0, 0, 0.2426, 1.93
20241014, OPEN, 0.5, 20260116, C, 1, 682, 0.035, 1.93
20241014, OPEN, 0.5, 20260116, P, 0, 2493, 0.0356, 1.93
20241014, OPEN, 1, 20260116, C, 3, 1694, 0.0806, 1.93
20241014, OPEN, 1, 20260116, P, 2, 1369, 0.0831, 1.93
20241014, OPEN, 1.5, 20260116, C, 3, 2350, 0.1175, 1.93
20241014, OPEN, 1.5, 20260116, P, 18, 2063, 0.1228, 1.93
20241014, OPEN, 2, 20260116, C, 37, 5866, 0.1432, 1.93
20241014, OPEN, 2, 20260116, P, 25, 1152, 0.152, 1.93
20241014, OPEN, 2.5, 20260116, C, 20, 3103, 0.1596, 1.93
20241014, OPEN, 2.5, 20260116, P, 0, 543, 0.1727, 1.93
20241014, OPEN, 3, 20260116, C, 92, 7989, 0.1693, 1.93
20241014, OPEN, 3, 20260116, P, 0, 940, 0.1872, 1.93
20241014, OPEN, 3.5, 20260116, C, 0, 1308, 0.1742, 1.93
20241014, OPEN, 3.5, 20260116, P, 0, 239, 0.1976, 1.93
20241014, OPEN, 4, 20260116, C, 21, 3126, 0.176, 1.93
20241014, OPEN, 4, 20260116, P, 20, 756, 0.2051, 1.93
20241014, OPEN, 4.5, 20260116, C, 51, 1051, 0.1755, 1.93
20241014, OPEN, 4.5, 20260116, P, 0, 109, 0.2111, 1.93
20241014, OPEN, 5, 20260116, C, 126, 36642, 0.1736, 1.93
20241014, OPEN, 5, 20260116, P, 0, 382, 0.2157, 1.93
20241014, OPEN, 5.5, 20260116, C, 6, 11991, 0.1707, 1.93
20241014, OPEN, 5.5, 20260116, P, 0, 96, 0.22, 1.93
20241014, OPEN, 7, 20260116, C, 61, 16288, 0.159, 1.93
20241014, OPEN, 7, 20260116, P, 0, 451, 0.2344, 1.93
20241014, OPEN, 0.5, 20270115, C, 0, 306, 0.0273, 1.93
20241014, OPEN, 0.5, 20270115, P, 0, 10, 0.0286, 1.93
20241014, OPEN, 1, 20270115, C, 0, 43, 0.0551, 1.93
20241014, OPEN, 1, 20270115, P, 1, 49, 0.059, 1.93
20241014, OPEN, 1.5, 20270115, C, 0, 13, 0.0768, 1.93
20241014, OPEN, 1.5, 20270115, P, 10, 21, 0.0843, 1.93
20241014, OPEN, 2, 20270115, C, 52, 420, 0.0929, 1.93
20241014, OPEN, 2, 20270115, P, 1, 30, 0.1046, 1.93
20241014, OPEN, 2.5, 20270115, C, 0, 228, 0.1046, 1.93
20241014, OPEN, 2.5, 20270115, P, 0, 17, 0.1211, 1.93
20241014, OPEN, 3, 20270115, C, 0, 263, 0.1131, 1.93
20241014, OPEN, 3, 20270115, P, 1, 3, 0.1349, 1.93
20241014, OPEN, 3.5, 20270115, C, 0, 323, 0.1194, 1.93
20241014, OPEN, 3.5, 20270115, P, 0, 8, 0.1468, 1.93
20241014, OPEN, 4, 20270115, C, 3, 59, 0.1239, 1.93
20241014, OPEN, 4, 20270115, P, 0, 4, 0.1573, 1.93
20241015, OPEN, 0.5, 20241018, C, 0, 0, 0.0159, 1.895, 0.9946
20241015, OPEN, 0.5, 20241018, P, 0, 0, 0.0159, 1.895, -0.0066
20241015, OPEN, 1, 20241018, C, 0, 35, 0.0729, 1.895, 0.9821
20241015, OPEN, 1, 20241018, P, 0, 31, 0.0729, 1.895, -0.0191
20241015, OPEN, 1.5, 20241018, C, 26, 375, 0.4111, 1.895, 0.9345
20241015, OPEN, 1.5, 20241018, P, 201, 2877, 0.4118, 1.895, -0.0668
20241015, OPEN, 2, 20241018, C, 1400, 11030, 2.0226, 1.895, 0.2997
20241015, OPEN, 2, 20241018, P, 182, 5046, 2.0433, 1.895, -0.7073
20241015, OPEN, 2.5, 20241018, C, 12, 16298, 0.4245, 1.895, 0.079
20241015, OPEN, 2.5, 20241018, P, 3, 425, 0.4251, 1.895, -0.9256
20241015, OPEN, 3, 20241018, C, 21, 28492, 0.1899, 1.895, 0.0416
20241015, OPEN, 3, 20241018, P, 0, 15, 0.1915, 1.895, -0.9622
20241015, OPEN, 3.5, 20241018, C, 0, 1709, 0.1106, 1.895, 0.0269
20241015, OPEN, 3.5, 20241018, P, 0, 0, 0.1123, 1.895, -0.9766
20241015, OPEN, 4, 20241018, C, 0, 178, 0.0735, 1.895, 0.0192
20241015, OPEN, 4, 20241018, P, 0, 0, 0.0747, 1.895, -0.9842
20241015, OPEN, 4.5, 20241018, C, 0, 116, 0.0529, 1.895, 0.0145
20241015, OPEN, 4.5, 20241018, P, 0, 0, 0.053, 1.895, -0.9887
20241015, OPEN, 0.5, 20241025, C, 0, 2, 0.02, 1.895, 0.9924
20241015, OPEN, 0.5, 20241025, P, 0, 0, 0.02, 1.895, -0.0093
20241015, OPEN, 1, 20241025, C, 0, 56, 0.0826, 1.895, 0.9782
20241015, OPEN, 1, 20241025, P, 0, 37, 0.0828, 1.895, -0.0236
20241015, OPEN, 1.5, 20241025, C, 204, 581, 0.4578, 1.895, 0.9061
20241015, OPEN, 1.5, 20241025, P, 0, 108, 0.4598, 1.895, -0.096
20241015, OPEN, 2, 20241025, C, 208, 2201, 1.2607, 1.895, 0.4112
20241015, OPEN, 2, 20241025, P, 53, 1315, 1.2698, 1.895, -0.5942
20241015, OPEN, 2.5, 20241025, C, 373, 9518, 0.4929, 1.895, 0.1181
20241015, OPEN, 2.5, 20241025, P, 0, 88, 0.5029, 1.895, -0.8888
20241015, OPEN, 3, 20241025, C, 0, 9541, 0.194, 1.895, 0.043
20241015, OPEN, 3, 20241025, P, 0, 3, 0.2048, 1.895, -0.9654
20241015, OPEN, 3.5, 20241025, C, 1, 16, 0.085, 1.895, 0.018
20241015, OPEN, 3.5, 20241025, P, 0, 0, 0.0879, 1.895, -0.9915
20241015, OPEN, 4, 20241025, C, 0, 2, 0.0403, 1.895, 0.0082
20241015, OPEN, 4, 20241025, P, 0, 2, 0.0154, 1.895, -0.999
20241015, OPEN, 4.5, 20241025, C, 0, 1, 0.0202, 1.895, 0.004
20241015, OPEN, 4.5, 20241025, P, 0, 0, 0, 1.895, -1
20241015, OPEN, 0.5, 20241101, C, 0, 3, 0.0246, 1.895, 0.9883
20241015, OPEN, 0.5, 20241101, P, 1, 0, 0.0247, 1.895, -0.0129
20241015, OPEN, 1, 20241101, C, 0, 8, 0.1023, 1.895, 0.9663
20241015, OPEN, 1, 20241101, P, 0, 68, 0.1025, 1.895, -0.035
20241015, OPEN, 1.5, 20241101, C, 0, 99, 0.4744, 1.895, 0.8722
20241015, OPEN, 1.5, 20241101, P, 55, 444, 0.4767, 1.895, -0.1296
20241015, OPEN, 2, 20241101, C, 122, 944, 1.0719, 1.895, 0.4378
20241015, OPEN, 2, 20241101, P, 68, 1331, 1.0807, 1.895, -0.567
20241015, OPEN, 2.5, 20241101, C, 27, 1423, 0.5233, 1.895, 0.154
20241015, OPEN, 2.5, 20241101, P, 0, 67, 0.5317, 1.895, -0.8528
20241015, OPEN, 3, 20241101, C, 0, 425, 0.245, 1.895, 0.0664
20241015, OPEN, 3, 20241101, P, 0, 0, 0.2568, 1.895, -0.9421
20241015, OPEN, 3.5, 20241101, C, 0, 197, 0.1259, 1.895, 0.0328
20241015, OPEN, 3.5, 20241101, P, 0, 0, 0.1412, 1.895, -0.9774
20241015, OPEN, 4, 20241101, C, 0, 62, 0.0698, 1.895, 0.0177
20241015, OPEN, 4, 20241101, P, 0, 0, 0.0705, 1.895, -0.9936
20241015, OPEN, 4.5, 20241101, C, 0, 0, 0.0409, 1.895, 0.0101
20241015, OPEN, 4.5, 20241101, P, 0, 0, 0.0143, 1.895, -0.9991
20241015, OPEN, 0.5, 20241108, C, 0, 0, 0.0166, 1.895, 0.9953
20241015, OPEN, 0.5, 20241108, P, 0, 0, 0.0167, 1.895, -0.0071
20241015, OPEN, 1, 20241108, C, 0, 2, 0.1058, 1.895, 0.9646
20241015, OPEN, 1, 20241108, P, 0, 598, 0.1061, 1.895, -0.0378
20241015, OPEN, 1.5, 20241108, C, 0, 867, 0.4377, 1.895, 0.8217
20241015, OPEN, 1.5, 20241108, P, 23, 1509, 0.4397, 1.895, -0.1814
20241015, OPEN, 2, 20241108, C, 42, 1681, 0.6781, 1.895, 0.5029
20241015, OPEN, 2, 20241108, P, 12, 460, 0.6836, 1.895, -0.5022
20241015, OPEN, 2.5, 20241108, C, 4, 285, 0.5107, 1.895, 0.2665
20241015, OPEN, 2.5, 20241108, P, 0, 129, 0.518, 1.895, -0.7407
20241015, OPEN, 3, 20241108, C, 0, 36, 0.3317, 1.895, 0.1491
20241015, OPEN, 3, 20241108, P, 0, 0, 0.3397, 1.895, -0.8599
20241015, OPEN, 3.5, 20241108, C, 0, 4, 0.2166, 1.895, 0.0898
20241015, OPEN, 3.5, 20241108, P, 0, 0, 0.2265, 1.895, -0.9207
20241015, OPEN, 4, 20241108, C, 0, 62, 0.1459, 1.895, 0.0575
20241015, OPEN, 4, 20241108, P, 0, 0, 0.1573, 1.895, -0.9547
20241015, OPEN, 0.5, 20241115, C, 0, 59, 0.0206, 1.895, 0.9902
20241015, OPEN, 0.5, 20241115, P, 0, 10, 0.0207, 1.895, -0.0098
20241015, OPEN, 1, 20241115, C, 0, 283, 0.1182, 1.895, 0.9517
20241015, OPEN, 1, 20241115, P, 10, 2803, 0.1185, 1.895, -0.0483
20241015, OPEN, 1.5, 20241115, C, 202, 804, 0.4118, 1.895, 0.8013
20241015, OPEN, 1.5, 20241115, P, 2023, 2732, 0.4132, 1.895, -0.1992
20241015, OPEN, 2, 20241115, C, 171, 4370, 0.601, 1.895, 0.5147
20241015, OPEN, 2, 20241115, P, 1017, 5034, 0.6049, 1.895, -0.4872
20241015, OPEN, 2.5, 20241115, C, 273, 19203, 0.4862, 1.895, 0.2957
20241015, OPEN, 2.5, 20241115, P, 5, 1722, 0.4924, 1.895, -0.7081
20241015, OPEN, 3, 20241115, C, 173, 36790, 0.3398, 1.895, 0.1764
20241015, OPEN, 3, 20241115, P, 2, 553, 0.3478, 1.895, -0.8293
20241015, OPEN, 3.5, 20241115, C, 0, 19470, 0.2351, 1.895, 0.1115
20241015, OPEN, 3.5, 20241115, P, 0, 35, 0.244, 1.895, -0.8959
20241015, OPEN, 4, 20241115, C, 4, 2499, 0.1658, 1.895, 0.0742
20241015, OPEN, 4, 20241115, P, 0, 107, 0.1767, 1.895, -0.9349
20241015, OPEN, 4.5, 20241115, C, 0, 2828, 0.1199, 1.895, 0.0515
20241015, OPEN, 4.5, 20241115, P, 0, 51, 0.133, 1.895, -0.9595
20241015, OPEN, 5, 20241115, C, 0, 2459, 0.0888, 1.895, 0.0369
20241015, OPEN, 5, 20241115, P, 0, 0, 0.1077, 1.895, -0.9763
20241015, OPEN, 5.5, 20241115, C, 0, 10880, 0.0672, 1.895, 0.0272
20241015, OPEN, 5.5, 20241115, P, 0, 0, 0.08, 1.895, -0.9877
20241015, OPEN, 0.5, 20241122, C, 0, 0, 0.0251, 1.895, 0.9862
20241015, OPEN, 0.5, 20241122, P, 0, 0, 0.0251, 1.895, -0.0133
20241015, OPEN, 1, 20241122, C, 3, 20, 0.124, 1.895, 0.9446
20241015, OPEN, 1, 20241122, P, 0, 110, 0.1243, 1.895, -0.055
20241015, OPEN, 1.5, 20241122, C, 5, 160, 0.392, 1.895, 0.7915
20241015, OPEN, 1.5, 20241122, P, 204, 170, 0.3935, 1.895, -0.2086
20241015, OPEN, 2, 20241122, C, 14, 65, 0.5536, 1.895, 0.5252
20241015, OPEN, 2, 20241122, P, 119, 64, 0.5576, 1.895, -0.4764
20241015, OPEN, 2.5, 20241122, C, 53, 96, 0.4721, 1.895, 0.3133
20241015, OPEN, 2.5, 20241122, P, 0, 3, 0.479, 1.895, -0.6903
20241015, OPEN, 3, 20241122, C, 0, 311, 0.3422, 1.895, 0.187
20241015, OPEN, 3, 20241122, P, 0, 0, 0.3516, 1.895, -0.8191
20241015, OPEN, 3.5, 20241122, C, 0, 9, 0.2375, 1.895, 0.1146
20241015, OPEN, 3.5, 20241122, P, 0, 0, 0.2484, 1.895, -0.8938
20241015, OPEN, 0.5, 20241129, C, 0, 0, 0.0261, 1.895, 0.9856
20241015, OPEN, 0.5, 20241129, P, 0, 0, 0.0251, 1.895, -0.0134
20241015, OPEN, 1, 20241129, C, 0, 0, 0.1315, 1.895, 0.9323
20241015, OPEN, 1, 20241129, P, 0, 0, 0.1313, 1.895, -0.0658
20241015, OPEN, 1.5, 20241129, C, 2, 5, 0.3648, 1.895, 0.778
20241015, OPEN, 1.5, 20241129, P, 0, 5, 0.366, 1.895, -0.2202
20241015, OPEN, 2, 20241129, C, 19, 64, 0.514, 1.895, 0.5324
20241015, OPEN, 2, 20241129, P, 4, 4, 0.5176, 1.895, -0.4671
20241015, OPEN, 2.5, 20241129, C, 6, 6, 0.4562, 1.895, 0.3284
20241015, OPEN, 2.5, 20241129, P, 0, 20, 0.4627, 1.895, -0.6731
20241015, OPEN, 3, 20241129, C, 0, 6, 0.3427, 1.895, 0.2041
20241015, OPEN, 3, 20241129, P, 0, 1, 0.352, 1.895, -0.7998
20241015, OPEN, 3.5, 20241129, C, 0, 1, 0.2481, 1.895, 0.1322
20241015, OPEN, 3.5, 20241129, P, 0, 0, 0.2595, 1.895, -0.8742
20241015, OPEN, 0.5, 20250117, C, 0, 418, 0.0226, 1.895, 0.9931
20241015, OPEN, 0.5, 20250117, P, 0, 1060, 0.0228, 1.895, -0.0115
20241015, OPEN, 1, 20250117, C, 1, 4920, 0.133, 1.895, 0.9239
20241015, OPEN, 1, 20250117, P, 0, 16660, 0.1339, 1.895, -0.0812
20241015, OPEN, 1.5, 20250117, C, 20, 2391, 0.2907, 1.895, 0.7716
20241015, OPEN, 1.5, 20250117, P, 1, 7765, 0.2938, 1.895, -0.2348
20241015, OPEN, 2, 20250117, C, 58, 11108, 0.3748, 1.895, 0.5873
20241015, OPEN, 2, 20250117, P, 7, 16272, 0.3814, 1.895, -0.4217
20241015, OPEN, 2.5, 20250117, C, 122, 13924, 0.3702, 1.895, 0.4319
20241015, OPEN, 2.5, 20250117, P, 5, 1918, 0.3807, 1.895, -0.5805
20241015, OPEN, 3, 20250117, C, 238, 32908, 0.3267, 1.895, 0.3206
20241015, OPEN, 3, 20250117, P, 0, 2422, 0.3413, 1.895, -0.6956
20241015, OPEN, 3.5, 20250117, C, 16, 38139, 0.2774, 1.895, 0.2442
20241015, OPEN, 3.5, 20250117, P, 0, 1209, 0.2958, 1.895, -0.776
20241015, OPEN, 4, 20250117, C, 28, 38783, 0.2336, 1.895, 0.1915
20241015, OPEN, 4, 20250117, P, 0, 1122, 0.2558, 1.895, -0.8327
20241015, OPEN, 4.5, 20250117, C, 1, 2254, 0.1978, 1.895, 0.1543
20241015, OPEN, 4.5, 20250117, P, 0, 51, 0.2226, 1.895, -0.8739
20241015, OPEN, 5, 20250117, C, 24, 38521, 0.169, 1.895, 0.1272
20241015, OPEN, 5, 20250117, P, 491, 1443, 0.198, 1.895, -0.9051
20241015, OPEN, 5.5, 20250117, C, 0, 3347, 0.1459, 1.895, 0.1069
20241015, OPEN, 5.5, 20250117, P, 0, 17, 0.1757, 1.895, -0.929
20241015, OPEN, 7, 20250117, C, 5, 9973, 0.0997, 1.895, 0.0696
20241015, OPEN, 7, 20250117, P, 0, 15, 0.1359, 1.895, -0.977
20241015, OPEN, 10, 20250117, C, 16, 43609, 0.0568, 1.895, 0.0382
20241015, OPEN, 10, 20250117, P, 0, 0, 0, 1.895, -1
20241015, OPEN, 0.5, 20250221, C, 0, 58, 0.026, 1.895, 0.9888
20241015, OPEN, 0.5, 20250221, P, 0, 0, 0.0261, 1.895, -0.0145
20241015, OPEN, 1, 20250221, C, 0, 389, 0.1314, 1.895, 0.9081
20241015, OPEN, 1, 20250221, P, 0, 240, 0.1324, 1.895, -0.0958
20241015, OPEN, 1.5, 20250221, C, 3, 406, 0.2471, 1.895, 0.7664
20241015, OPEN, 1.5, 20250221, P, 0, 1077, 0.2503, 1.895, -0.239
20241015, OPEN, 2, 20250221, C, 51, 1186, 0.309, 1.895, 0.613
20241015, OPEN, 2, 20250221, P, 8, 918, 0.3154, 1.895, -0.3949
20241015, OPEN, 2.5, 20250221, C, 39, 2143, 0.3193, 1.895, 0.48
20241015, OPEN, 2.5, 20250221, P, 0, 1467, 0.3295, 1.895, -0.5313
20241015, OPEN, 3, 20250221, C, 1, 35224, 0.3006, 1.895, 0.3754
20241015, OPEN, 3, 20250221, P, 0, 139, 0.3151, 1.895, -0.6401
20241015, OPEN, 3.5, 20250221, C, 128, 49249, 0.2704, 1.895, 0.296
20241015, OPEN, 3.5, 20250221, P, 0, 25, 0.2896, 1.895, -0.724
20241015, OPEN, 4, 20250221, C, 0, 1150, 0.2381, 1.895, 0.2364
20241015, OPEN, 4, 20250221, P, 0, 21, 0.2625, 1.895, -0.7887
20241015, OPEN, 4.5, 20250221, C, 0, 4338, 0.2079, 1.895, 0.1913
20241015, OPEN, 4.5, 20250221, P, 0, 0, 0.238, 1.895, -0.8392
20241015, OPEN, 0.5, 20250516, C, 0, 4, 0.0339, 1.895, 0.9778
20241015, OPEN, 0.5, 20250516, P, 0, 0, 0.0341, 1.895, -0.0246
20241015, OPEN, 1, 20250516, C, 0, 242, 0.1181, 1.895, 0.8891
20241015, OPEN, 1, 20250516, P, 0, 57, 0.1196, 1.895, -0.1141
20241015, OPEN, 1.5, 20250516, C, 1, 254, 0.1901, 1.895, 0.7715
20241015, OPEN, 1.5, 20250516, P, 0, 38, 0.1938, 1.895, -0.2335
20241015, OPEN, 2, 20250516, C, 30, 544, 0.2321, 1.895, 0.6553
20241015, OPEN, 2, 20250516, P, 9, 149, 0.239, 1.895, -0.3526
20241015, OPEN, 2.5, 20250516, C, 543, 2866, 0.2493, 1.895, 0.5524
20241015, OPEN, 2.5, 20250516, P, 0, 0, 0.2602, 1.895, -0.4592
20241015, OPEN, 3, 20250516, C, 2, 342, 0.2503, 1.895, 0.4655
20241015, OPEN, 3, 20250516, P, 0, 1, 0.2657, 1.895, -0.5506
20241015, OPEN, 3.5, 20250516, C, 0, 121, 0.2418, 1.895, 0.3935
20241015, OPEN, 3.5, 20250516, P, 0, 0, 0.2623, 1.895, -0.6278
20241015, OPEN, 4, 20250516, C, 1, 51, 0.2282, 1.895, 0.3343
20241015, OPEN, 4, 20250516, P, 0, 0, 0.2546, 1.895, -0.6929
20241015, OPEN, 4.5, 20250516, C, 0, 10, 0.2126, 1.895, 0.2857
20241015, OPEN, 4.5, 20250516, P, 0, 0, 0.2449, 1.895, -0.7479
20241015, OPEN, 0.5, 20260116, C, 0, 683, 0.036, 1.895, 0.972
20241015, OPEN, 0.5, 20260116, P, 150, 2493, 0.0367, 1.895, -0.0446
20241015, OPEN, 1, 20260116, C, 0, 1695, 0.0835, 1.895, 0.8986
20241015, OPEN, 1, 20260116, P, 1, 1369, 0.0861, 1.895, -0.1198
20241015, OPEN, 1.5, 20260116, C, 3, 2350, 0.1223, 1.895, 0.8181
20241015, OPEN, 1.5, 20260116, P, 2, 2081, 0.128, 1.895, -0.2034
20241015, OPEN, 2, 20260116, C, 27, 5899, 0.149, 1.895, 0.7418
20241015, OPEN, 2, 20260116, P, 7, 1177, 0.1584, 1.895, -0.2838
20241015, OPEN, 2.5, 20260116, C, 11, 3114, 0.1654, 1.895, 0.6736
20241015, OPEN, 2.5, 20260116, P, 10, 543, 0.1795, 1.895, -0.357
20241015, OPEN, 3, 20260116, C, 13, 7991, 0.1747, 1.895, 0.6141
20241015, OPEN, 3, 20260116, P, 2, 940, 0.1938, 1.895, -0.4222
20241015, OPEN, 3.5, 20260116, C, 0, 1308, 0.179, 1.895, 0.5625
20241015, OPEN, 3.5, 20260116, P, 2, 239, 0.2038, 1.895, -0.4802
20241015, OPEN, 4, 20260116, C, 175, 3147, 0.1801, 1.895, 0.5177
20241015, OPEN, 4, 20260116, P, 0, 766, 0.2111, 1.895, -0.532
20241015, OPEN, 4.5, 20260116, C, 0, 1001, 0.1791, 1.895, 0.4787
20241015, OPEN, 4.5, 20260116, P, 0, 109, 0.2167, 1.895, -0.5784
20241015, OPEN, 5, 20260116, C, 6, 36766, 0.1767, 1.895, 0.4446
20241015, OPEN, 5, 20260116, P, 0, 382, 0.2209, 1.895, -0.6204
20241015, OPEN, 5.5, 20260116, C, 1, 11991, 0.1735, 1.895, 0.4146
20241015, OPEN, 5.5, 20260116, P, 0, 96, 0.2251, 1.895, -0.6587
20241015, OPEN, 7, 20260116, C, 0, 16327, 0.1614, 1.895, 0.343
20241015, OPEN, 7, 20260116, P, 0, 451, 0.2386, 1.895, -0.7581
20241015, OPEN, 0.5, 20270115, C, 0, 306, 0.0287, 1.895, 0.9894
20241015, OPEN, 0.5, 20270115, P, 0, 10, 0.03, 1.895, -0.046
20241015, OPEN, 1, 20270115, C, 16, 43, 0.0582, 1.895, 0.9322
20241015, OPEN, 1, 20270115, P, 1, 48, 0.0622, 1.895, -0.1063
20241015, OPEN, 1.5, 20270115, C, 11, 13, 0.0809, 1.895, 0.8765
20241015, OPEN, 1.5, 20270115, P, 4, 30, 0.0887, 1.895, -0.1665
20241015, OPEN, 2, 20270115, C, 0, 471, 0.0973, 1.895, 0.8261
20241015, OPEN, 2, 20270115, P, 0, 31, 0.1096, 1.895, -0.2224
20241015, OPEN, 2.5, 20270115, C, 0, 228, 0.109, 1.895, 0.7815
20241015, OPEN, 2.5, 20270115, P, 0, 17, 0.1262, 1.895, -0.2732
20241015, OPEN, 3, 20270115, C, 0, 263, 0.1173, 1.895, 0.7421
20241015, OPEN, 3, 20270115, P, 0, 4, 0.14, 1.895, -0.3194
20241015, OPEN, 3.5, 20270115, C, 0, 323, 0.1232, 1.895, 0.7074
20241015, OPEN, 3.5, 20270115, P, 0, 8, 0.1518, 1.895, -0.3615
20241015, OPEN, 4, 20270115, C, 3, 61, 0.1273, 1.895, 0.6765
20241015, OPEN, 4, 20270115, P, 0, 4, 0.1623, 1.895, -0.4004
20241017, OPEN, 0.5, 20241018, C, 0, 0, 0, 1.875, 1
20241017, OPEN, 0.5, 20241018, P, 0, 0, 0, 1.875, 0
20241017, OPEN, 1, 20241018, C, 4, 33, 0, 1.875, 1
20241017, OPEN, 1, 20241018, P, 0, 31, 0, 1.875, 0
20241017, OPEN, 1.5, 20241018, C, 24, 321, 0.0192, 1.875, 0.9993
20241017, OPEN, 1.5, 20241018, P, 5, 2978, 0.0192, 1.875, -0.0008
20241017, OPEN, 2, 20241018, C, 1050, 10873, 2.0735, 1.875, 0.1844
20241017, OPEN, 2, 20241018, P, 158, 5170, 2.1061, 1.875, -0.818
20241017, OPEN, 2.5, 20241018, C, 1, 16311, 0.0052, 1.875, 0.0002
20241017, OPEN, 2.5, 20241018, P, 1, 290, 0.0015, 1.875, -1
20241017, OPEN, 3, 20241018, C, 0, 28491, 0, 1.875, 0
20241017, OPEN, 3, 20241018, P, 0, 0, 0, 1.875, -1
20241017, OPEN, 3.5, 20241018, C, 0, 1709, 0, 1.875, 0
20241017, OPEN, 3.5, 20241018, P, 0, 0, 0, 1.875, -1
20241017, OPEN, 4, 20241018, C, 0, 178, 0, 1.875, 0
20241017, OPEN, 4, 20241018, P, 0, 0, 0, 1.875, -1
20241017, OPEN, 4.5, 20241018, C, 0, 116, 0, 1.875, 0
20241017, OPEN, 4.5, 20241018, P, 0, 0, 0.0001, 1.875, -1
20241017, OPEN, 0.5, 20241025, C, 0, 2, 0.0184, 1.875, 0.9919
20241017, OPEN, 0.5, 20241025, P, 0, 0, 0.0183, 1.875, -0.0078
20241017, OPEN, 1, 20241025, C, 0, 56, 0.0764, 1.875, 0.98
20241017, OPEN, 1, 20241025, P, 0, 37, 0.0763, 1.875, -0.0195
20241017, OPEN, 1.5, 20241025, C, 40, 577, 0.4488, 1.875, 0.9283
20241017, OPEN, 1.5, 20241025, P, 1, 116, 0.4494, 1.875, -0.0712
20241017, OPEN, 2, 20241025, C, 618, 3318, 1.3649, 1.875, 0.3585
20241017, OPEN, 2, 20241025, P, 103, 1393, 1.369, 1.875, -0.6422
20241017, OPEN, 2.5, 20241025, C, 35, 9521, 0.47, 1.875, 0.1131
20241017, OPEN, 2.5, 20241025, P, 0, 89, 0.4717, 1.875, -0.8881
20241017, OPEN, 3, 20241025, C, 0, 9531, 0.202, 1.875, 0.0476
20241017, OPEN, 3, 20241025, P, 0, 3, 0.2041, 1.875, -0.9537
20241017, OPEN, 3.5, 20241025, C, 0, 16, 0.0977, 1.875, 0.0225
20241017, OPEN, 3.5, 20241025, P, 0, 0, 0.1073, 1.875, -0.9797
20241017, OPEN, 4, 20241025, C, 0, 2, 0.0505, 1.875, 0.0113
20241017, OPEN, 4, 20241025, P, 0, 0, 0.0577, 1.875, -0.9923
20241017, OPEN, 4.5, 20241025, C, 0, 1, 0.0273, 1.875, 0.006
20241017, OPEN, 4.5, 20241025, P, 0, 0, 0.0225, 1.875, -0.9979
20241017, OPEN, 0.5, 20241101, C, 0, 3, 0.0213, 1.875, 0.9955
20241017, OPEN, 0.5, 20241101, P, 0, 1, 0.0213, 1.875, -0.01
20241017, OPEN, 1, 20241101, C, 0, 8, 0.0924, 1.875, 0.9779
20241017, OPEN, 1, 20241101, P, 0, 68, 0.0929, 1.875, -0.0277
20241017, OPEN, 1.5, 20241101, C, 0, 106, 0.4929, 1.875, 0.891
20241017, OPEN, 1.5, 20241101, P, 2, 492, 0.4983, 1.875, -0.1157
20241017, OPEN, 2, 20241101, C, 155, 1106, 1.0828, 1.875, 0.4258
20241017, OPEN, 2, 20241101, P, 55, 1301, 1.1001, 1.875, -0.587
20241017, OPEN, 2.5, 20241101, C, 60, 3527, 0.5234, 1.875, 0.1633
20241017, OPEN, 2.5, 20241101, P, 0, 67, 0.5341, 1.875, -0.8517
20241017, OPEN, 3, 20241101, C, 10, 425, 0.2633, 1.875, 0.0777
20241017, OPEN, 3, 20241101, P, 0, 0, 0.2766, 1.875, -0.9374
20241017, OPEN, 3.5, 20241101, C, 0, 197, 0.1459, 1.875, 0.0417
20241017, OPEN, 3.5, 20241101, P, 0, 0, 0.1769, 1.875, -0.976
20241017, OPEN, 4, 20241101, C, 0, 62, 0.0865, 1.875, 0.0242
20241017, OPEN, 4, 20241101, P, 0, 0, 0.0707, 1.875, -0.994
20241017, OPEN, 4.5, 20241101, C, 0, 0, 0.054, 1.875, 0.0148
20241017, OPEN, 4.5, 20241101, P, 0, 0, 0.0128, 1.875, -0.9992
20241017, OPEN, 0.5, 20241108, C, 0, 0, 0.0125, 1.875, 0.9984
20241017, OPEN, 0.5, 20241108, P, 0, 0, 0.0125, 1.875, -0.0046
20241017, OPEN, 1, 20241108, C, 0, 3, 0.1059, 1.875, 0.9674
20241017, OPEN, 1, 20241108, P, 0, 598, 0.1062, 1.875, -0.0357
20241017, OPEN, 1.5, 20241108, C, 10, 851, 0.4558, 1.875, 0.8138
20241017, OPEN, 1.5, 20241108, P, 7, 1534, 0.458, 1.875, -0.19
20241017, OPEN, 2, 20241108, C, 1670, 1784, 0.6958, 1.875, 0.488
20241017, OPEN, 2, 20241108, P, 38, 482, 0.7019, 1.875, -0.518
20241017, OPEN, 2.5, 20241108, C, 1, 585, 0.5128, 1.875, 0.2442
20241017, OPEN, 2.5, 20241108, P, 0, 129, 0.5214, 1.875, -0.7644
20241017, OPEN, 3, 20241108, C, 0, 54, 0.3155, 1.875, 0.1267
20241017, OPEN, 3, 20241108, P, 0, 0, 0.3244, 1.875, -0.884
20241017, OPEN, 3.5, 20241108, C, 0, 4, 0.1938, 1.875, 0.0711
20241017, OPEN, 3.5, 20241108, P, 0, 0, 0.1989, 1.875, -0.9408
20241017, OPEN, 4, 20241108, C, 0, 62, 0.1234, 1.875, 0.0429
20241017, OPEN, 4, 20241108, P, 0, 0, 0.145, 1.875, -0.9709
20241017, OPEN, 0.5, 20241115, C, 0, 59, 0.0194, 1.875, 0.9957
20241017, OPEN, 0.5, 20241115, P, 0, 10, 0.0194, 1.875, -0.0087
20241017, OPEN, 1, 20241115, C, 3, 283, 0.1237, 1.875, 0.9536
20241017, OPEN, 1, 20241115, P, 1, 2803, 0.1241, 1.875, -0.0509
20241017, OPEN, 1.5, 20241115, C, 33, 1014, 0.4178, 1.875, 0.7964
20241017, OPEN, 1.5, 20241115, P, 75, 4708, 0.4201, 1.875, -0.2089
20241017, OPEN, 2, 20241115, C, 117, 4555, 0.6038, 1.875, 0.5109
20241017, OPEN, 2, 20241115, P, 11, 6292, 0.6099, 1.875, -0.4966
20241017, OPEN, 2.5, 20241115, C, 93, 19324, 0.4896, 1.875, 0.2899
20241017, OPEN, 2.5, 20241115, P, 1, 1726, 0.4988, 1.875, -0.7204
20241017, OPEN, 3, 20241115, C, 126, 37131, 0.339, 1.875, 0.1702
20241017, OPEN, 3, 20241115, P, 2, 551, 0.3498, 1.875, -0.8426
20241017, OPEN, 3.5, 20241115, C, 4, 19471, 0.2321, 1.875, 0.1066
20241017, OPEN, 3.5, 20241115, P, 0, 35, 0.2422, 1.875, -0.9081
20241017, OPEN, 4, 20241115, C, 192, 2590, 0.1627, 1.875, 0.0707
20241017, OPEN, 4, 20241115, P, 0, 107, 0.174, 1.875, -0.9456
20241017, OPEN, 4.5, 20241115, C, 0, 2828, 0.1174, 1.875, 0.0491
20241017, OPEN, 4.5, 20241115, P, 0, 51, 0.1387, 1.875, -0.9693
20241017, OPEN, 5, 20241115, C, 0, 2460, 0.0871, 1.875, 0.0354
20241017, OPEN, 5, 20241115, P, 0, 0, 0.1057, 1.875, -0.9852
20241017, OPEN, 5.5, 20241115, C, 50, 10880, 0.0662, 1.875, 0.0264
20241017, OPEN, 5.5, 20241115, P, 0, 0, 0.0523, 1.875, -0.9944
20241017, OPEN, 0.5, 20241122, C, 0, 0, 0.0219, 1.875, 0.9898
20241017, OPEN, 0.5, 20241122, P, 0, 0, 0.0208, 1.875, -0.0095
20241017, OPEN, 1, 20241122, C, 0, 17, 0.129, 1.875, 0.9433
20241017, OPEN, 1, 20241122, P, 0, 128, 0.1283, 1.875, -0.0548
20241017, OPEN, 1.5, 20241122, C, 5, 160, 0.4098, 1.875, 0.782
20241017, OPEN, 1.5, 20241122, P, 1, 471, 0.4108, 1.875, -0.2161
20241017, OPEN, 2, 20241122, C, 2, 54, 0.5762, 1.875, 0.5067
20241017, OPEN, 2, 20241122, P, 2, 183, 0.5795, 1.875, -0.4925
20241017, OPEN, 2.5, 20241122, C, 0, 108, 0.4752, 1.875, 0.2924
20241017, OPEN, 2.5, 20241122, P, 0, 3, 0.4812, 1.875, -0.7085
20241017, OPEN, 3, 20241122, C, 0, 318, 0.3341, 1.875, 0.1725
20241017, OPEN, 3, 20241122, P, 0, 0, 0.3425, 1.875, -0.8305
20241017, OPEN, 3.5, 20241122, C, 0, 22, 0.23, 1.875, 0.1074
20241017, OPEN, 3.5, 20241122, P, 0, 0, 0.2404, 1.875, -0.8977
20241017, OPEN, 0.5, 20241129, C, 0, 0, 0.0206, 1.875, 0.9898
20241017, OPEN, 0.5, 20241129, P, 0, 0, 0.0205, 1.875, -0.0094
20241017, OPEN, 1, 20241129, C, 0, 0, 0.1247, 1.875, 0.9478
20241017, OPEN, 1, 20241129, P, 0, 18, 0.125, 1.875, -0.0515
20241017, OPEN, 1.5, 20241129, C, 1, 6, 0.4016, 1.875, 0.7824
20241017, OPEN, 1.5, 20241129, P, 0, 5, 0.4033, 1.875, -0.2175
20241017, OPEN, 2, 20241129, C, 9, 78, 0.541, 1.875, 0.519
20241017, OPEN, 2, 20241129, P, 5, 5, 0.5453, 1.875, -0.4824
20241017, OPEN, 2.5, 20241129, C, 15, 103, 0.462, 1.875, 0.3151
20241017, OPEN, 2.5, 20241129, P, 0, 20, 0.4694, 1.875, -0.6886
20241017, OPEN, 3, 20241129, C, 0, 18, 0.3399, 1.875, 0.1912
20241017, OPEN, 3, 20241129, P, 0, 1, 0.3502, 1.875, -0.815
20241017, OPEN, 3.5, 20241129, C, 0, 1, 0.2395, 1.875, 0.1189
20241017, OPEN, 3.5, 20241129, P, 0, 0, 0.2529, 1.875, -0.8903
20241017, OPEN, 0.5, 20241220, C, 0, 0, 0.0312, 1.875, 0.98
20241017, OPEN, 0.5, 20241220, P, 0, 0, 0.0312, 1.875, -0.0189
20241017, OPEN, 1, 20241220, C, 0, 0, 0.1401, 1.875, 0.9138
20241017, OPEN, 1, 20241220, P, 0, 0, 0.1406, 1.875, -0.0853
20241017, OPEN, 1.5, 20241220, C, 20, 0, 0.3264, 1.875, 0.7608
20241017, OPEN, 1.5, 20241220, P, 0, 0, 0.3282, 1.875, -0.2389
20241017, OPEN, 2, 20241220, C, 0, 0, 0.4334, 1.875, 0.551
20241017, OPEN, 2, 20241220, P, 0, 0, 0.4379, 1.875, -0.4504
20241017, OPEN, 2.5, 20241220, C, 0, 0, 0.4037, 1.875, 0.3809
20241017, OPEN, 2.5, 20241220, P, 0, 0, 0.4111, 1.875, -0.6228
20241017, OPEN, 3, 20241220, C, 0, 0, 0.3338, 1.875, 0.2724
20241017, OPEN, 3, 20241220, P, 0, 0, 0.3439, 1.875, -0.7338
20241017, OPEN, 3.5, 20241220, C, 0, 0, 0.2708, 1.875, 0.2046
20241017, OPEN, 3.5, 20241220, P, 0, 0, 0.2834, 1.875, -0.804
20241017, OPEN, 0.5, 20250117, C, 0, 418, 0.0239, 1.875, 0.9915
20241017, OPEN, 0.5, 20250117, P, 0, 1060, 0.024, 1.875, -0.0121
20241017, OPEN, 1, 20250117, C, 6, 4921, 0.138, 1.875, 0.9208
20241017, OPEN, 1, 20250117, P, 0, 16660, 0.1389, 1.875, -0.0832
20241017, OPEN, 1.5, 20250117, C, 37, 2421, 0.3021, 1.875, 0.765
20241017, OPEN, 1.5, 20250117, P, 7, 7772, 0.3053, 1.875, -0.2404
20241017, OPEN, 2, 20250117, C, 49, 11031, 0.3879, 1.875, 0.5755
20241017, OPEN, 2, 20250117, P, 1, 16253, 0.3946, 1.875, -0.4325
20241017, OPEN, 2.5, 20250117, C, 737, 14146, 0.3785, 1.875, 0.4172
20241017, OPEN, 2.5, 20250117, P, 0, 1943, 0.3893, 1.875, -0.5942
20241017, OPEN, 3, 20250117, C, 111, 32958, 0.3295, 1.875, 0.3057
20241017, OPEN, 3, 20250117, P, 3, 2412, 0.3444, 1.875, -0.7096
20241017, OPEN, 3.5, 20250117, C, 307, 38180, 0.2763, 1.875, 0.2305
20241017, OPEN, 3.5, 20250117, P, 0, 1208, 0.2952, 1.875, -0.7888
20241017, OPEN, 4, 20250117, C, 31, 38226, 0.2304, 1.875, 0.1793
20241017, OPEN, 4, 20250117, P, 0, 1122, 0.2534, 1.875, -0.8441
20241017, OPEN, 4.5, 20250117, C, 50, 2256, 0.1934, 1.875, 0.1436
20241017, OPEN, 4.5, 20250117, P, 0, 51, 0.2203, 1.875, -0.884
20241017, OPEN, 5, 20250117, C, 105, 38510, 0.1642, 1.875, 0.1178
20241017, OPEN, 5, 20250117, P, 0, 1443, 0.1915, 1.875, -0.9135
20241017, OPEN, 5.5, 20250117, C, 10, 3347, 0.141, 1.875, 0.0987
20241017, OPEN, 5.5, 20250117, P, 0, 17, 0.1679, 1.875, -0.9362
20241017, OPEN, 7, 20250117, C, 20, 9976, 0.0954, 1.875, 0.0639
20241017, OPEN, 7, 20250117, P, 0, 15, 0.1497, 1.875, -0.9814
20241017, OPEN, 10, 20250117, C, 0, 43600, 0.0538, 1.875, 0.0348
20241017, OPEN, 10, 20250117, P, 0, 0, 0, 1.875, -1
20241017, OPEN, 0.5, 20250221, C, 0, 58, 0.0264, 1.875, 0.985
20241017, OPEN, 0.5, 20250221, P, 0, 0, 0.0265, 1.875, -0.0143
20241017, OPEN, 1, 20250221, C, 0, 389, 0.136, 1.875, 0.9007
20241017, OPEN, 1, 20250221, P, 0, 240, 0.1369, 1.875, -0.0991
20241017, OPEN, 1.5, 20250221, C, 0, 413, 0.2506, 1.875, 0.7563
20241017, OPEN, 1.5, 20250221, P, 23, 1077, 0.2535, 1.875, -0.2448
20241017, OPEN, 2, 20250221, C, 0, 1237, 0.3091, 1.875, 0.6037
20241017, OPEN, 2, 20250221, P, 0, 918, 0.315, 1.875, -0.3998
20241017, OPEN, 2.5, 20250221, C, 4, 2178, 0.3173, 1.875, 0.4727
20241017, OPEN, 2.5, 20250221, P, 0, 1467, 0.3268, 1.875, -0.5339
20241017, OPEN, 3, 20250221, C, 54, 36296, 0.298, 1.875, 0.3699
20241017, OPEN, 3, 20250221, P, 0, 139, 0.3117, 1.875, -0.6405
20241017, OPEN, 3.5, 20250221, C, 755, 53866, 0.268, 1.875, 0.2919
20241017, OPEN, 3.5, 20250221, P, 0, 25, 0.2861, 1.875, -0.7228
20241017, OPEN, 4, 20250221, C, 14, 1154, 0.236, 1.875, 0.2331
20241017, OPEN, 4, 20250221, P, 0, 21, 0.259, 1.875, -0.7864
20241017, OPEN, 4.5, 20250221, C, 2, 4338, 0.2061, 1.875, 0.1887
20241017, OPEN, 4.5, 20250221, P, 0, 0, 0.2342, 1.875, -0.836
20241017, OPEN, 0.5, 20250516, C, 1, 4, 0.0344, 1.875, 0.9841
20241017, OPEN, 0.5, 20250516, P, 0, 0, 0.0347, 1.875, -0.0245
20241017, OPEN, 1, 20250516, C, 0, 240, 0.1217, 1.875, 0.8944
20241017, OPEN, 1, 20250516, P, 0, 57, 0.1233, 1.875, -0.1152
20241017, OPEN, 1.5, 20250516, C, 23, 261, 0.1962, 1.875, 0.7744
20241017, OPEN, 1.5, 20250516, P, 1, 48, 0.2005, 1.875, -0.2373
20241017, OPEN, 2, 20250516, C, 101, 679, 0.2388, 1.875, 0.656
20241017, OPEN, 2, 20250516, P, 0, 150, 0.2466, 1.875, -0.3588
20241017, OPEN, 2.5, 20250516, C, 158, 3435, 0.2553, 1.875, 0.5521
20241017, OPEN, 2.5, 20250516, P, 2, 0, 0.2673, 1.875, -0.4668
20241017, OPEN, 3, 20250516, C, 105, 357, 0.2551, 1.875, 0.465
20241017, OPEN, 3, 20250516, P, 0, 1, 0.272, 1.875, -0.5587
20241017, OPEN, 3.5, 20250516, C, 0, 121, 0.2456, 1.875, 0.3935
20241017, OPEN, 3.5, 20250516, P, 0, 0, 0.2678, 1.875, -0.6358
20241017, OPEN, 4, 20250516, C, 53, 152, 0.2315, 1.875, 0.335
20241017, OPEN, 4, 20250516, P, 0, 0, 0.2594, 1.875, -0.7004
20241017, OPEN, 4.5, 20250516, C, 0, 15, 0.2154, 1.875, 0.2871
20241017, OPEN, 4.5, 20250516, P, 0, 0, 0.2497, 1.875, -0.7549
20241017, OPEN, 0.5, 20260116, C, 0, 683, 0.0372, 1.875, 0.9715
20241017, OPEN, 0.5, 20260116, P, 0, 2373, 0.0378, 1.875, -0.0448
20241017, OPEN, 1, 20260116, C, 8, 1697, 0.0869, 1.875, 0.8965
20241017, OPEN, 1, 20260116, P, 0, 1369, 0.0896, 1.875, -0.1218
20241017, OPEN, 1.5, 20260116, C, 21, 2351, 0.1272, 1.875, 0.8138
20241017, OPEN, 1.5, 20260116, P, 0, 2081, 0.1331, 1.875, -0.2076
20241017, OPEN, 2, 20260116, C, 49, 5909, 0.1541, 1.875, 0.7359
20241017, OPEN, 2, 20260116, P, 0, 1197, 0.1641, 1.875, -0.2898
20241017, OPEN, 2.5, 20260116, C, 14, 3116, 0.1703, 1.875, 0.6668
20241017, OPEN, 2.5, 20260116, P, 16, 555, 0.185, 1.875, -0.364
20241017, OPEN, 3, 20260116, C, 103, 8086, 0.1789, 1.875, 0.607
20241017, OPEN, 3, 20260116, P, 4, 940, 0.1991, 1.875, -0.4297
20241017, OPEN, 3.5, 20260116, C, 4, 1309, 0.1826, 1.875, 0.5554
20241017, OPEN, 3.5, 20260116, P, 4, 237, 0.2086, 1.875, -0.4879
20241017, OPEN, 4, 20260116, C, 0, 3286, 0.1831, 1.875, 0.511
20241017, OPEN, 4, 20260116, P, 0, 766, 0.2156, 1.875, -0.5394
20241017, OPEN, 4.5, 20260116, C, 3, 1012, 0.1816, 1.875, 0.4724
20241017, OPEN, 4.5, 20260116, P, 0, 109, 0.2202, 1.875, -0.5854
20241017, OPEN, 5, 20260116, C, 65, 36774, 0.1788, 1.875, 0.4388
20241017, OPEN, 5, 20260116, P, 0, 382, 0.225, 1.875, -0.6273
20241017, OPEN, 5.5, 20260116, C, 2, 12007, 0.1752, 1.875, 0.4093
20241017, OPEN, 5.5, 20260116, P, 0, 96, 0.2279, 1.875, -0.6649
20241017, OPEN, 7, 20260116, C, 6, 16350, 0.1625, 1.875, 0.3392
20241017, OPEN, 7, 20260116, P, 0, 451, 0.243, 1.875, -0.7628
20241017, OPEN, 0.5, 20270115, C, 6, 306, 0.0309, 1.875, 0.9776
20241017, OPEN, 0.5, 20270115, P, 0, 10, 0.0322, 1.875, -0.0468
20241017, OPEN, 1, 20270115, C, 0, 59, 0.0638, 1.875, 0.9168
20241017, OPEN, 1, 20270115, P, 0, 48, 0.068, 1.875, -0.1108
20241017, OPEN, 1.5, 20270115, C, 0, 24, 0.0886, 1.875, 0.857
20241017, OPEN, 1.5, 20270115, P, 2000, 29, 0.0969, 1.875, -0.1752
20241017, OPEN, 2, 20270115, C, 2121, 690, 0.1058, 1.875, 0.8036
20241017, OPEN, 2, 20270115, P, 0, 31, 0.1189, 1.875, -0.2344
20241017, OPEN, 2.5, 20270115, C, 105, 229, 0.1173, 1.875, 0.7571
20241017, OPEN, 2.5, 20270115, P, 0, 17, 0.1358, 1.875, -0.2874
20241017, OPEN, 3, 20270115, C, 5, 263, 0.125, 1.875, 0.7167
20241017, OPEN, 3, 20270115, P, 0, 4, 0.1495, 1.875, -0.3349
20241017, OPEN, 3.5, 20270115, C, 0, 323, 0.1301, 1.875, 0.6815
20241017, OPEN, 3.5, 20270115, P, 0, 8, 0.1609, 1.875, -0.3779
20241017, OPEN, 4, 20270115, C, 5, 64, 0.1335, 1.875, 0.6507
20241017, OPEN, 4, 20270115, P, 0, 4, 0.171, 1.875, -0.4168
20241018, OPEN, 0.5, 20241025, C, 0, 2, 0.0217, 1.835, 0.9921
20241018, OPEN, 0.5, 20241025, P, 0, 0, 0.0217, 1.835, -0.0096
20241018, OPEN, 1, 20241025, C, 0, 56, 0.0872, 1.835, 0.9795
20241018, OPEN, 1, 20241025, P, 0, 37, 0.0873, 1.835, -0.0222
20241018, OPEN, 1.5, 20241025, C, 25, 618, 0.524, 1.835, 0.9234
20241018, OPEN, 1.5, 20241025, P, 0, 117, 0.527, 1.835, -0.0786
20241018, OPEN, 2, 20241025, C, 158, 3901, 1.3705, 1.835, 0.2966
20241018, OPEN, 2, 20241025, P, 93, 1411, 1.3845, 1.835, -0.711
20241018, OPEN, 2.5, 20241025, C, 223, 9535, 0.4043, 1.835, 0.083
20241018, OPEN, 2.5, 20241025, P, 0, 89, 0.4029, 1.835, -0.9234
20241018, OPEN, 3, 20241025, C, 2, 9531, 0.1562, 1.835, 0.0316
20241018, OPEN, 3, 20241025, P, 0, 3, 0.1498, 1.835, -0.9733
20241018, OPEN, 3.5, 20241025, C, 1, 16, 0.0685, 1.835, 0.0135
20241018, OPEN, 3.5, 20241025, P, 0, 0, 0.0609, 1.835, -0.9899
20241018, OPEN, 4, 20241025, C, 1, 2, 0.0322, 1.835, 0.0062
20241018, OPEN, 4, 20241025, P, 0, 0, 0.0256, 1.835, -0.996
20241018, OPEN, 4.5, 20241025, C, 0, 1, 0.0159, 1.835, 0.003
20241018, OPEN, 4.5, 20241025, P, 0, 0, 0.0108, 1.835, -0.9984
20241018, OPEN, 0.5, 20241101, C, 0, 3, 0.0224, 1.835, 0.9903
20241018, OPEN, 0.5, 20241101, P, 0, 1, 0.0224, 1.835, -0.01
20241018, OPEN, 1, 20241101, C, 0, 8, 0.1, 1.835, 0.9722
20241018, OPEN, 1, 20241101, P, 0, 68, 0.1003, 1.835, -0.0282
20241018, OPEN, 1.5, 20241101, C, 40, 131, 0.5803, 1.835, 0.8742
20241018, OPEN, 1.5, 20241101, P, 0, 490, 0.5828, 1.835, -0.1267
20241018, OPEN, 2, 20241101, C, 17, 1204, 1.0836, 1.835, 0.3649
20241018, OPEN, 2, 20241101, P, 0, 1353, 1.0908, 1.835, -0.6386
20241018, OPEN, 2.5, 20241101, C, 5, 3577, 0.4712, 1.835, 0.1319
20241018, OPEN, 2.5, 20241101, P, 0, 77, 0.478, 1.835, -0.8728
20241018, OPEN, 3, 20241101, C, 0, 432, 0.2252, 1.835, 0.0602
20241018, OPEN, 3, 20241101, P, 0, 0, 0.2299, 1.835, -0.9453
20241018, OPEN, 3.5, 20241101, C, 0, 197, 0.1197, 1.835, 0.0312
20241018, OPEN, 3.5, 20241101, P, 0, 0, 0.1199, 1.835, -0.9744
20241018, OPEN, 4, 20241101, C, 0, 62, 0.0685, 1.835, 0.0175
20241018, OPEN, 4, 20241101, P, 0, 0, 0.0642, 1.835, -0.9877
20241018, OPEN, 4.5, 20241101, C, 0, 0, 0.0413, 1.835, 0.0103
20241018, OPEN, 4.5, 20241101, P, 0, 0, 0.0344, 1.835, -0.9941
20241018, OPEN, 0.5, 20241108, C, 0, 0, 0.0145, 1.835, 0.9943
20241018, OPEN, 0.5, 20241108, P, 0, 0, 0.0145, 1.835, -0.0053
20241018, OPEN, 1, 20241108, C, 0, 4, 0.1214, 1.835, 0.9585
20241018, OPEN, 1, 20241108, P, 0, 599, 0.1216, 1.835, -0.0412
20241018, OPEN, 1.5, 20241108, C, 3, 861, 0.5008, 1.835, 0.7907
20241018, OPEN, 1.5, 20241108, P, 0, 1540, 0.5021, 1.835, -0.2094
20241018, OPEN, 2, 20241108, C, 38, 3287, 0.7231, 1.835, 0.4488
20241018, OPEN, 2, 20241108, P, 1, 550, 0.727, 1.835, -0.5527
20241018, OPEN, 2.5, 20241108, C, 0, 586, 0.4946, 1.835, 0.2123
20241018, OPEN, 2.5, 20241108, P, 0, 130, 0.5007, 1.835, -0.7909
20241018, OPEN, 3, 20241108, C, 0, 54, 0.291, 1.835, 0.1076
20241018, OPEN, 3, 20241108, P, 0, 0, 0.2986, 1.835, -0.8972
20241018, OPEN, 3.5, 20241108, C, 0, 4, 0.1758, 1.835, 0.0605
20241018, OPEN, 3.5, 20241108, P, 0, 0, 0.183, 1.835, -0.9457
20241018, OPEN, 4, 20241108, C, 0, 62, 0.112, 1.835, 0.0371
20241018, OPEN, 4, 20241108, P, 0, 0, 0.1159, 1.835, -0.9701
20241018, OPEN, 0.5, 20241115, C, 0, 59, 0.0232, 1.835, 0.9897
20241018, OPEN, 0.5, 20241115, P, 0, 10, 0.0222, 1.835, -0.0099
20241018, OPEN, 1, 20241115, C, 0, 286, 0.14, 1.835, 0.9409
20241018, OPEN, 1, 20241115, P, 0, 2804, 0.1394, 1.835, -0.0577
20241018, OPEN, 1.5, 20241115, C, 20, 1019, 0.455, 1.835, 0.7706
20241018, OPEN, 1.5, 20241115, P, 183, 4946, 0.456, 1.835, -0.228
20241018, OPEN, 2, 20241115, C, 125, 4662, 0.6267, 1.835, 0.4722
20241018, OPEN, 2, 20241115, P, 7, 6305, 0.6298, 1.835, -0.5274
20241018, OPEN, 2.5, 20241115, C, 22, 19436, 0.478, 1.835, 0.2575
20241018, OPEN, 2.5, 20241115, P, 4, 1725, 0.4833, 1.835, -0.7436
20241018, OPEN, 3, 20241115, C, 67, 37131, 0.3197, 1.835, 0.1496
20241018, OPEN, 3, 20241115, P, 0, 551, 0.3268, 1.835, -0.8532
20241018, OPEN, 3.5, 20241115, C, 6, 19466, 0.2166, 1.835, 0.0946
20241018, OPEN, 3.5, 20241115, P, 0, 35, 0.2252, 1.835, -0.9098
20241018, OPEN, 4, 20241115, C, 0, 2611, 0.1525, 1.835, 0.064
20241018, OPEN, 4, 20241115, P, 0, 107, 0.1617, 1.835, -0.9418
20241018, OPEN, 4.5, 20241115, C, 0, 2828, 0.1115, 1.835, 0.0457
20241018, OPEN, 4.5, 20241115, P, 0, 33, 0.1198, 1.835, -0.9614
20241018, OPEN, 5, 20241115, C, 0, 2460, 0.0842, 1.835, 0.0339
20241018, OPEN, 5, 20241115, P, 0, 0, 0.0897, 1.835, -0.974
20241018, OPEN, 5.5, 20241115, C, 0, 10930, 0.0654, 1.835, 0.026
20241018, OPEN, 5.5, 20241115, P, 0, 0, 0.0674, 1.835, -0.9824
20241018, OPEN, 0.5, 20241122, C, 0, 0, 0.024, 1.835, 0.99
20241018, OPEN, 0.5, 20241122, P, 0, 0, 0.0221, 1.835, -0.0098
20241018, OPEN, 1, 20241122, C, 0, 17, 0.1409, 1.835, 0.9409
20241018, OPEN, 1, 20241122, P, 0, 128, 0.1392, 1.835, -0.0574
20241018, OPEN, 1.5, 20241122, C, 0, 165, 0.4463, 1.835, 0.7664
20241018, OPEN, 1.5, 20241122, P, 0, 472, 0.4464, 1.835, -0.2312
20241018, OPEN, 2, 20241122, C, 0, 55, 0.5942, 1.835, 0.4801
20241018, OPEN, 2, 20241122, P, 0, 185, 0.597, 1.835, -0.5183
20241018, OPEN, 2.5, 20241122, C, 0, 108, 0.469, 1.835, 0.2723
20241018, OPEN, 2.5, 20241122, P, 0, 3, 0.4746, 1.835, -0.7276
20241018, OPEN, 3, 20241122, C, 0, 318, 0.3237, 1.835, 0.1604
20241018, OPEN, 3, 20241122, P, 0, 0, 0.3318, 1.835, -0.8415
20241018, OPEN, 3.5, 20241122, C, 0, 22, 0.2218, 1.835, 0.1004
20241018, OPEN, 3.5, 20241122, P, 0, 0, 0.2318, 1.835, -0.9035
20241018, OPEN, 0.5, 20241129, C, 0, 0, 0.022, 1.835, 0.9895
20241018, OPEN, 0.5, 20241129, P, 0, 0, 0.022, 1.835, -0.0098
20241018, OPEN, 1, 20241129, C, 0, 0, 0.1358, 1.835, 0.9447
20241018, OPEN, 1, 20241129, P, 0, 18, 0.1362, 1.835, -0.0547
20241018, OPEN, 1.5, 20241129, C, 0, 7, 0.4324, 1.835, 0.767
20241018, OPEN, 1.5, 20241129, P, 0, 8, 0.4343, 1.835, -0.233
20241018, OPEN, 2, 20241129, C, 0, 79, 0.5569, 1.835, 0.4958
20241018, OPEN, 2, 20241129, P, 0, 7, 0.5616, 1.835, -0.5058
20241018, OPEN, 2.5, 20241129, C, 35, 117, 0.4601, 1.835, 0.2954
20241018, OPEN, 2.5, 20241129, P, 0, 20, 0.4679, 1.835, -0.7086
20241018, OPEN, 3, 20241129, C, 0, 18, 0.3314, 1.835, 0.177
20241018, OPEN, 3, 20241129, P, 0, 1, 0.3424, 1.835, -0.8296
20241018, OPEN, 3.5, 20241129, C, 0, 1, 0.2303, 1.835, 0.109
20241018, OPEN, 3.5, 20241129, P, 0, 0, 0.2442, 1.835, -0.9005
20241018, OPEN, 0.5, 20241220, C, 0, 0, 0.0261, 1.835, 0.9913
20241018, OPEN, 0.5, 20241220, P, 0, 0, 0.0262, 1.835, -0.013
20241018, OPEN, 1, 20241220, C, 0, 0, 0.1473, 1.835, 0.9281
20241018, OPEN, 1, 20241220, P, 0, 0, 0.148, 1.835, -0.0766
20241018, OPEN, 1.5, 20241220, C, 0, 20, 0.3703, 1.835, 0.7603
20241018, OPEN, 1.5, 20241220, P, 0, 0, 0.3734, 1.835, -0.2455
20241018, OPEN, 2, 20241220, C, 0, 0, 0.4814, 1.835, 0.5293
20241018, OPEN, 2, 20241220, P, 0, 0, 0.4888, 1.835, -0.4793
20241018, OPEN, 2.5, 20241220, C, 0, 0, 0.43, 1.835, 0.349
20241018, OPEN, 2.5, 20241220, P, 0, 0, 0.4416, 1.835, -0.6631
20241018, OPEN, 3, 20241220, C, 0, 0, 0.3408, 1.835, 0.2376
20241018, OPEN, 3, 20241220, P, 0, 0, 0.3562, 1.835, -0.7779
20241018, OPEN, 3.5, 20241220, C, 0, 0, 0.2655, 1.835, 0.1703
20241018, OPEN, 3.5, 20241220, P, 0, 0, 0.2843, 1.835, -0.8488
20241018, OPEN, 0.5, 20250117, C, 0, 418, 0.0239, 1.835, 0.9892
20241018, OPEN, 0.5, 20250117, P, 0, 1060, 0.024, 1.835, -0.0114
20241018, OPEN, 1, 20250117, C, 1, 4920, 0.1488, 1.835, 0.9138
20241018, OPEN, 1, 20250117, P, 0, 16665, 0.1497, 1.835, -0.0871
20241018, OPEN, 1.5, 20250117, C, 20, 2472, 0.3192, 1.835, 0.7485
20241018, OPEN, 1.5, 20250117, P, 0, 7765, 0.3222, 1.835, -0.2536
20241018, OPEN, 2, 20250117, C, 23, 11118, 0.3977, 1.835, 0.5557
20241018, OPEN, 2, 20250117, P, 6, 16262, 0.4042, 1.835, -0.4489
20241018, OPEN, 2.5, 20250117, C, 4, 14007, 0.3811, 1.835, 0.3987
20241018, OPEN, 2.5, 20250117, P, 0, 1943, 0.3916, 1.835, -0.6092
20241018, OPEN, 3, 20250117, C, 111, 33607, 0.328, 1.835, 0.2889
20241018, OPEN, 3, 20250117, P, 0, 2415, 0.3426, 1.835, -0.7228
20241018, OPEN, 3.5, 20250117, C, 30, 38257, 0.2722, 1.835, 0.2151
20241018, OPEN, 3.5, 20250117, P, 0, 1208, 0.2914, 1.835, -0.8007
20241018, OPEN, 4, 20250117, C, 2, 38205, 0.2247, 1.835, 0.165
20241018, OPEN, 4, 20250117, P, 0, 1122, 0.2481, 1.835, -0.855
20241018, OPEN, 4.5, 20250117, C, 3, 2255, 0.1866, 1.835, 0.1301
20241018, OPEN, 4.5, 20250117, P, 0, 51, 0.2136, 1.835, -0.8941
20241018, OPEN, 5, 20250117, C, 0, 38619, 0.1566, 1.835, 0.1052
20241018, OPEN, 5, 20250117, P, 0, 1443, 0.1871, 1.835, -0.9232
20241018, OPEN, 5.5, 20250117, C, 119, 3379, 0.133, 1.835, 0.0869
20241018, OPEN, 5.5, 20250117, P, 0, 17, 0.1616, 1.835, -0.9453
20241018, OPEN, 7, 20250117, C, 0, 9976, 0.087, 1.835, 0.0539
20241018, OPEN, 7, 20250117, P, 0, 15, 0.0824, 1.835, -0.9833
20241018, OPEN, 10, 20250117, C, 119, 43600, 0.0462, 1.835, 0.0274
20241018, OPEN, 10, 20250117, P, 0, 0, 0.0053, 1.835, -0.9993
20241018, OPEN, 0.5, 20250221, C, 0, 58, 0.0283, 1.835, 0.983
20241018, OPEN, 0.5, 20250221, P, 0, 0, 0.028, 1.835, -0.0146
20241018, OPEN, 1, 20250221, C, 0, 389, 0.1464, 1.835, 0.8966
20241018, OPEN, 1, 20250221, P, 0, 240, 0.1474, 1.835, -0.1012
20241018, OPEN, 1.5, 20250221, C, 0, 413, 0.2731, 1.835, 0.7435
20241018, OPEN, 1.5, 20250221, P, 0, 1094, 0.2762, 1.835, -0.2557
20241018, OPEN, 2, 20250221, C, 25, 1275, 0.332, 1.835, 0.5819
20241018, OPEN, 2, 20250221, P, 0, 918, 0.3384, 1.835, -0.4198
20241018, OPEN, 2.5, 20250221, C, 10, 2215, 0.3325, 1.835, 0.4472
20241018, OPEN, 2.5, 20250221, P, 0, 1469, 0.3429, 1.835, -0.5578
20241018, OPEN, 3, 20250221, C, 50, 36233, 0.3051, 1.835, 0.3453
20241018, OPEN, 3, 20250221, P, 0, 139, 0.3198, 1.835, -0.6636
20241018, OPEN, 3.5, 20250221, C, 83, 53398, 0.2692, 1.835, 0.2704
20241018, OPEN, 3.5, 20250221, P, 0, 25, 0.2886, 1.835, -0.7429
20241018, OPEN, 4, 20250221, C, 25, 1175, 0.234, 1.835, 0.2154
20241018, OPEN, 4, 20250221, P, 0, 21, 0.2583, 1.835, -0.8026
20241018, OPEN, 4.5, 20250221, C, 0, 4338, 0.2026, 1.835, 0.1746
20241018, OPEN, 4.5, 20250221, P, 0, 0, 0.2318, 1.835, -0.8484
20241018, OPEN, 0.5, 20250516, C, 0, 4, 0.0366, 1.835, 0.9807
20241018, OPEN, 0.5, 20250516, P, 0, 0, 0.0368, 1.835, -0.0253
20241018, OPEN, 1, 20250516, C, 1, 240, 0.1296, 1.835, 0.8874
20241018, OPEN, 1, 20250516, P, 0, 57, 0.1314, 1.835, -0.1195
20241018, OPEN, 1.5, 20250516, C, 0, 283, 0.2079, 1.835, 0.7625
20241018, OPEN, 1.5, 20250516, P, 9, 47, 0.2123, 1.835, -0.2466
20241018, OPEN, 2, 20250516, C, 0, 580, 0.2504, 1.835, 0.6405
20241018, OPEN, 2, 20250516, P, 0, 150, 0.2586, 1.835, -0.3719
20241018, OPEN, 2.5, 20250516, C, 61, 3949, 0.2648, 1.835, 0.5347
20241018, OPEN, 2.5, 20250516, P, 0, 1, 0.2776, 1.835, -0.4819
20241018, OPEN, 3, 20250516, C, 0, 472, 0.262, 1.835, 0.4473
20241018, OPEN, 3, 20250516, P, 0, 1, 0.2799, 1.835, -0.5744
20241018, OPEN, 3.5, 20250516, C, 0, 121, 0.25, 1.835, 0.3762
20241018, OPEN, 3.5, 20250516, P, 0, 0, 0.2736, 1.835, -0.6511
20241018, OPEN, 4, 20250516, C, 0, 209, 0.2337, 1.835, 0.3188
20241018, OPEN, 4, 20250516, P, 0, 0, 0.2635, 1.835, -0.7149
20241018, OPEN, 4.5, 20250516, C, 0, 20, 0.216, 1.835, 0.2722
20241018, OPEN, 4.5, 20250516, P, 0, 0, 0.2522, 1.835, -0.7682
20241018, OPEN, 0.5, 20260116, C, 0, 683, 0.0391, 1.835, 0.9727
20241018, OPEN, 0.5, 20260116, P, 0, 2373, 0.0399, 1.835, -0.0461
20241018, OPEN, 1, 20260116, C, 5, 1711, 0.0903, 1.835, 0.8955
20241018, OPEN, 1, 20260116, P, 0, 1369, 0.0932, 1.835, -0.1254
20241018, OPEN, 1.5, 20260116, C, 1, 2372, 0.1312, 1.835, 0.8116
20241018, OPEN, 1.5, 20260116, P, 0, 2082, 0.1375, 1.835, -0.2126
20241018, OPEN, 2, 20260116, C, 10, 5970, 0.159, 1.835, 0.7324
20241018, OPEN, 2, 20260116, P, 0, 1197, 0.1696, 1.835, -0.2962
20241018, OPEN, 2.5, 20260116, C, 3, 3132, 0.176, 1.835, 0.6615
20241018, OPEN, 2.5, 20260116, P, 0, 541, 0.1918, 1.835, -0.3726
20241018, OPEN, 3, 20260116, C, 15, 8210, 0.1854, 1.835, 0.5995
20241018, OPEN, 3, 20260116, P, 2, 940, 0.2071, 1.835, -0.4409
20241018, OPEN, 3.5, 20260116, C, 0, 1309, 0.1895, 1.835, 0.5455
20241018, OPEN, 3.5, 20260116, P, 2, 233, 0.2179, 1.835, -0.5021
20241018, OPEN, 4, 20260116, C, 2, 3288, 0.1902, 1.835, 0.4986
20241018, OPEN, 4, 20260116, P, 0, 766, 0.2256, 1.835, -0.5568
20241018, OPEN, 4.5, 20260116, C, 0, 1015, 0.1885, 1.835, 0.4577
20241018, OPEN, 4.5, 20260116, P, 0, 109, 0.2315, 1.835, -0.606
20241018, OPEN, 5, 20260116, C, 0, 36858, 0.1853, 1.835, 0.4218
20241018, OPEN, 5, 20260116, P, 0, 382, 0.2366, 1.835, -0.6509
20241018, OPEN, 5.5, 20260116, C, 2, 12013, 0.1812, 1.835, 0.3903
20241018, OPEN, 5.5, 20260116, P, 0, 96, 0.2406, 1.835, -0.6919
20241018, OPEN, 7, 20260116, C, 2, 16361, 0.1664, 1.835, 0.3153
20241018, OPEN, 7, 20260116, P, 0, 451, 0.2543, 1.835, -0.7983
20241018, OPEN, 0.5, 20270115, C, 10, 314, 0.0324, 1.835, 0.9704
20241018, OPEN, 0.5, 20270115, P, 0, 10, 0.0338, 1.835, -0.0481
20241018, OPEN, 1, 20270115, C, 30, 68, 0.0662, 1.835, 0.9082
20241018, OPEN, 1, 20270115, P, 0, 48, 0.0707, 1.835, -0.1136
20241018, OPEN, 1.5, 20270115, C, 0, 24, 0.0916, 1.835, 0.8475
20241018, OPEN, 1.5, 20270115, P, 0, 2027, 0.1004, 1.835, -0.1791
20241018, OPEN, 2, 20270115, C, 57, 2262, 0.1091, 1.835, 0.7932
20241018, OPEN, 2, 20270115, P, 0, 31, 0.123, 1.835, -0.2393
20241018, OPEN, 2.5, 20270115, C, 0, 329, 0.121, 1.835, 0.7459
20241018, OPEN, 2.5, 20270115, P, 0, 17, 0.1406, 1.835, -0.2934
20241018, OPEN, 3, 20270115, C, 0, 278, 0.1289, 1.835, 0.7048
20241018, OPEN, 3, 20270115, P, 0, 4, 0.1548, 1.835, -0.342
20241018, OPEN, 3.5, 20270115, C, 0, 323, 0.1342, 1.835, 0.6688
20241018, OPEN, 3.5, 20270115, P, 0, 8, 0.1668, 1.835, -0.386
20241018, OPEN, 4, 20270115, C, 0, 79, 0.1376, 1.835, 0.6372
20241018, OPEN, 4, 20270115, P, 0, 4, 0.1775, 1.835, -0.4263
20241021, OPEN, 0.5, 20241025, C, 8, 7, 0.0198, 1.815, 0.9919
20241021, OPEN, 0.5, 20241025, P, 0, 0, 0.0196, 1.815, -0.008
20241021, OPEN, 1, 20241025, C, 1, 56, 0.0866, 1.815, 0.979
20241021, OPEN, 1, 20241025, P, 0, 37, 0.0866, 1.815, -0.0207
20241021, OPEN, 1.5, 20241025, C, 102, 657, 0.5529, 1.815, 0.9269
20241021, OPEN, 1.5, 20241025, P, 62, 129, 0.5531, 1.815, -0.0727
20241021, OPEN, 2, 20241025, C, 4261, 4687, 1.4317, 1.815, 0.2014
20241021, OPEN, 2, 20241025, P, 748, 2009, 1.4357, 1.815, -0.8
20241021, OPEN, 2.5, 20241025, C, 56, 9510, 0.3668, 1.815, 0.071
20241021, OPEN, 2.5, 20241025, P, 8, 89, 0.368, 1.815, -0.93
20241021, OPEN, 3, 20241025, C, 0, 9531, 0.1793, 1.815, 0.0407
20241021, OPEN, 3, 20241025, P, 0, 3, 0.1803, 1.815, -0.9603
20241021, OPEN, 3.5, 20241025, C, 0, 16, 0.1092, 1.815, 0.0273
20241021, OPEN, 3.5, 20241025, P, 0, 0, 0.1107, 1.815, -0.9738
20241021, OPEN, 4, 20241025, C, 0, 3, 0.0745, 1.815, 0.0199
20241021, OPEN, 4, 20241025, P, 0, 0, 0.0765, 1.815, -0.9814
20241021, OPEN, 4.5, 20241025, C, 0, 1, 0.0543, 1.815, 0.0152
20241021, OPEN, 4.5, 20241025, P, 0, 0, 0.0566, 1.815, -0.9862
20241021, OPEN, 0.5, 20241101, C, 0, 3, 0.0216, 1.815, 0.991
20241021, OPEN, 0.5, 20241101, P, 0, 1, 0.021, 1.815, -0.0088
20241021, OPEN, 1, 20241101, C, 6, 8, 0.0956, 1.815, 0.9753
20241021, OPEN, 1, 20241101, P, 0, 68, 0.0946, 1.815, -0.0241
20241021, OPEN, 1.5, 20241101, C, 28, 171, 0.6216, 1.815, 0.8855
20241021, OPEN, 1.5, 20241101, P, 21, 490, 0.6224, 1.815, -0.1135
20241021, OPEN, 2, 20241101, C, 383, 1268, 1.1635, 1.815, 0.3119
20241021, OPEN, 2, 20241101, P, 41, 1290, 1.167, 1.815, -0.6884
20241021, OPEN, 2.5, 20241101, C, 49, 3572, 0.4202, 1.815, 0.0988
20241021, OPEN, 2.5, 20241101, P, 0, 77, 0.4245, 1.815, -0.9022
20241021, OPEN, 3, 20241101, C, 0, 432, 0.1816, 1.815, 0.0416
20241021, OPEN, 3, 20241101, P, 0, 0, 0.187, 1.815, -0.9604
20241021, OPEN, 3.5, 20241101, C, 0, 197, 0.0894, 1.815, 0.0201
20241021, OPEN, 3.5, 20241101, P, 0, 0, 0.0962, 1.815, -0.9828
20241021, OPEN, 4, 20241101, C, 0, 62, 0.0479, 1.815, 0.0106
20241021, OPEN, 4, 20241101, P, 0, 0, 0.0534, 1.815, -0.9932
20241021, OPEN, 4.5, 20241101, C, 0, 0, 0.0272, 1.815, 0.006
20241021, OPEN, 4.5, 20241101, P, 0, 0, 0.0226, 1.815, -0.9981
20241021, OPEN, 0.5, 20241108, C, 0, 0, 0.0245, 1.815, 0.9954
20241021, OPEN, 0.5, 20241108, P, 0, 0, 0.0198, 1.815, -0.008
20241021, OPEN, 1, 20241108, C, 0, 4, 0.1289, 1.815, 0.968
20241021, OPEN, 1, 20241108, P, 18, 599, 0.1179, 1.815, -0.0355
20241021, OPEN, 1.5, 20241108, C, 10, 921, 0.5688, 1.815, 0.7867
20241021, OPEN, 1.5, 20241108, P, 47, 1641, 0.558, 1.815, -0.2119
20241021, OPEN, 2, 20241108, C, 500, 4045, 0.7218, 1.815, 0.4238
20241021, OPEN, 2, 20241108, P, 11, 604, 0.7168, 1.815, -0.5705
20241021, OPEN, 2.5, 20241108, C, 86, 597, 0.4751, 1.815, 0.2008
20241021, OPEN, 2.5, 20241108, P, 9, 131, 0.4731, 1.815, -0.7923
20241021, OPEN, 3, 20241108, C, 0, 54, 0.2734, 1.815, 0.0973
20241021, OPEN, 3, 20241108, P, 0, 0, 0.2732, 1.815, -0.8954
20241021, OPEN, 3.5, 20241108, C, 0, 4, 0.1546, 1.815, 0.0492
20241021, OPEN, 3.5, 20241108, P, 0, 0, 0.156, 1.815, -0.9437
20241021, OPEN, 4, 20241108, C, 0, 62, 0.0884, 1.815, 0.026
20241021, OPEN, 4, 20241108, P, 0, 0, 0.0916, 1.815, -0.9676
20241021, OPEN, 0.5, 20241115, C, 0, 59, 0.0202, 1.815, 0.995
20241021, OPEN, 0.5, 20241115, P, 0, 10, 0.0203, 1.815, -0.0084
20241021, OPEN, 1, 20241115, C, 0, 284, 0.1385, 1.815, 0.9506
20241021, OPEN, 1, 20241115, P, 4, 2804, 0.1389, 1.815, -0.053
20241021, OPEN, 1.5, 20241115, C, 9, 1019, 0.4858, 1.815, 0.7758
20241021, OPEN, 1.5, 20241115, P, 1610, 5170, 0.4882, 1.815, -0.2286
20241021, OPEN, 2, 20241115, C, 1368, 4917, 0.6643, 1.815, 0.4601
20241021, OPEN, 2, 20241115, P, 41, 6556, 0.6706, 1.815, -0.5465
20241021, OPEN, 2.5, 20241115, C, 2464, 20016, 0.4863, 1.815, 0.24
20241021, OPEN, 2.5, 20241115, P, 0, 1724, 0.4955, 1.815, -0.7693
20241021, OPEN, 3, 20241115, C, 752, 37206, 0.3122, 1.815, 0.1335
20241021, OPEN, 3, 20241115, P, 3, 551, 0.3231, 1.815, -0.878
20241021, OPEN, 3.5, 20241115, C, 39, 19464, 0.2036, 1.815, 0.0809
20241021, OPEN, 3.5, 20241115, P, 0, 35, 0.2163, 1.815, -0.9325
20241021, OPEN, 4, 20241115, C, 1061, 2611, 0.1383, 1.815, 0.0527
20241021, OPEN, 4, 20241115, P, 0, 107, 0.1495, 1.815, -0.9624
20241021, OPEN, 4.5, 20241115, C, 0, 2828, 0.0977, 1.815, 0.0363
20241021, OPEN, 4.5, 20241115, P, 0, 33, 0.1161, 1.815, -0.9807
20241021, OPEN, 5, 20241115, C, 20, 2460, 0.0715, 1.815, 0.026
20241021, OPEN, 5, 20241115, P, 0, 0, 0.0719, 1.815, -0.9919
20241021, OPEN, 5.5, 20241115, C, 0, 10930, 0.0539, 1.815, 0.0194
20241021, OPEN, 5.5, 20241115, P, 0, 0, 0.0322, 1.815, -0.9974
20241021, OPEN, 0.5, 20241122, C, 0, 0, 0.0247, 1.815, 0.9913
20241021, OPEN, 0.5, 20241122, P, 0, 0, 0.0216, 1.815, -0.0092
20241021, OPEN, 1, 20241122, C, 0, 17, 0.1478, 1.815, 0.9406
20241021, OPEN, 1, 20241122, P, 0, 128, 0.1444, 1.815, -0.0578
20241021, OPEN, 1.5, 20241122, C, 0, 165, 0.4705, 1.815, 0.758
20241021, OPEN, 1.5, 20241122, P, 4, 472, 0.469, 1.815, -0.2389
20241021, OPEN, 2, 20241122, C, 13, 55, 0.6126, 1.815, 0.4619
20241021, OPEN, 2, 20241122, P, 22, 205, 0.6139, 1.815, -0.5348
20241021, OPEN, 2.5, 20241122, C, 26, 528, 0.4676, 1.815, 0.254
20241021, OPEN, 2.5, 20241122, P, 0, 3, 0.4717, 1.815, -0.7437
20241021, OPEN, 3, 20241122, C, 26, 318, 0.3138, 1.815, 0.1462
20241021, OPEN, 3, 20241122, P, 0, 0, 0.3204, 1.815, -0.8531
20241021, OPEN, 3.5, 20241122, C, 0, 22, 0.2106, 1.815, 0.0901
20241021, OPEN, 3.5, 20241122, P, 0, 0, 0.2192, 1.815, -0.9109
20241021, OPEN, 0.5, 20241129, C, 0, 0, 0.0258, 1.815, 0.9903
20241021, OPEN, 0.5, 20241129, P, 0, 0, 0.0226, 1.815, -0.0099
20241021, OPEN, 1, 20241129, C, 45, 0, 0.1462, 1.815, 0.9417
20241021, OPEN, 1, 20241129, P, 18, 18, 0.1429, 1.815, -0.0563
20241021, OPEN, 1.5, 20241129, C, 0, 7, 0.4568, 1.815, 0.7548
20241021, OPEN, 1.5, 20241129, P, 14, 9, 0.4559, 1.815, -0.2418
20241021, OPEN, 2, 20241129, C, 147, 81, 0.5771, 1.815, 0.4736
20241021, OPEN, 2, 20241129, P, 0, 36, 0.5793, 1.815, -0.5233
20241021, OPEN, 2.5, 20241129, C, 15, 113, 0.4608, 1.815, 0.2697
20241021, OPEN, 2.5, 20241129, P, 0, 20, 0.466, 1.815, -0.7286
20241021, OPEN, 3, 20241129, C, 0, 18, 0.3176, 1.815, 0.1533
20241021, OPEN, 3, 20241129, P, 0, 1, 0.326, 1.815, -0.847
20241021, OPEN, 3.5, 20241129, C, 0, 1, 0.2101, 1.815, 0.0894
20241021, OPEN, 3.5, 20241129, P, 0, 0, 0.2215, 1.815, -0.9134
20241021, OPEN, 0.5, 20241220, C, 0, 0, 0.0246, 1.815, 0.9888
20241021, OPEN, 0.5, 20241220, P, 0, 0, 0.0247, 1.815, -0.0114
20241021, OPEN, 1, 20241220, C, 1, 0, 0.1522, 1.815, 0.9266
20241021, OPEN, 1, 20241220, P, 0, 0, 0.1527, 1.815, -0.0737
20241021, OPEN, 1.5, 20241220, C, 7, 24, 0.3949, 1.815, 0.7495
20241021, OPEN, 1.5, 20241220, P, 5, 109, 0.3975, 1.815, -0.2518
20241021, OPEN, 2, 20241220, C, 850, 273, 0.5014, 1.815, 0.5083
20241021, OPEN, 2, 20241220, P, 10, 14, 0.5075, 1.815, -0.4952
20241021, OPEN, 2.5, 20241220, C, 187, 13, 0.4354, 1.815, 0.3252
20241021, OPEN, 2.5, 20241220, P, 1, 0, 0.4453, 1.815, -0.6812
20241021, OPEN, 3, 20241220, C, 4, 0, 0.3357, 1.815, 0.2138
20241021, OPEN, 3, 20241220, P, 0, 0, 0.3495, 1.815, -0.7958
20241021, OPEN, 3.5, 20241220, C, 0, 0, 0.2539, 1.815, 0.1474
20241021, OPEN, 3.5, 20241220, P, 0, 0, 0.2709, 1.815, -0.8656
20241021, OPEN, 0.5, 20250117, C, 0, 418, 0.0285, 1.815, 0.9876
20241021, OPEN, 0.5, 20250117, P, 0, 1060, 0.0286, 1.815, -0.0146
20241021, OPEN, 1, 20250117, C, 5, 4920, 0.1541, 1.815, 0.9119
20241021, OPEN, 1, 20250117, P, 0, 16665, 0.155, 1.815, -0.0907
20241021, OPEN, 1.5, 20250117, C, 23, 2499, 0.3363, 1.815, 0.7453
20241021, OPEN, 1.5, 20250117, P, 0, 7765, 0.3397, 1.815, -0.2587
20241021, OPEN, 2, 20250117, C, 197, 11142, 0.4231, 1.815, 0.5422
20241021, OPEN, 2, 20250117, P, 22, 16258, 0.4306, 1.815, -0.4646
20241021, OPEN, 2.5, 20250117, C, 136, 14035, 0.3967, 1.815, 0.3791
20241021, OPEN, 2.5, 20250117, P, 0, 1943, 0.4086, 1.815, -0.6313
20241021, OPEN, 3, 20250117, C, 159, 33696, 0.3325, 1.815, 0.2706
20241021, OPEN, 3, 20250117, P, 0, 2415, 0.3488, 1.815, -0.7439
20241021, OPEN, 3.5, 20250117, C, 32, 38295, 0.2711, 1.815, 0.2009
20241021, OPEN, 3.5, 20250117, P, 0, 1208, 0.2918, 1.815, -0.8176
20241021, OPEN, 4, 20250117, C, 11, 38214, 0.2219, 1.815, 0.1552
20241021, OPEN, 4, 20250117, P, 1, 1122, 0.246, 1.815, -0.8674
20241021, OPEN, 4.5, 20250117, C, 3, 2258, 0.184, 1.815, 0.124
20241021, OPEN, 4.5, 20250117, P, 0, 51, 0.2122, 1.815, -0.9026
20241021, OPEN, 5, 20250117, C, 5, 38365, 0.1551, 1.815, 0.1018
20241021, OPEN, 5, 20250117, P, 0, 1443, 0.1865, 1.815, -0.9286
20241021, OPEN, 5.5, 20250117, C, 1, 3498, 0.1327, 1.815, 0.0856
20241021, OPEN, 5.5, 20250117, P, 0, 17, 0.167, 1.815, -0.9487
20241021, OPEN, 7, 20250117, C, 0, 9976, 0.0896, 1.815, 0.0562
20241021, OPEN, 7, 20250117, P, 0, 15, 0.1121, 1.815, -0.9867
20241021, OPEN, 10, 20250117, C, 10, 43600, 0.0514, 1.815, 0.0318
20241021, OPEN, 10, 20250117, P, 0, 0, 0, 1.815, -1
20241021, OPEN, 0.5, 20250221, C, 0, 58, 0.031, 1.815, 0.9826
20241021, OPEN, 0.5, 20250221, P, 0, 0, 0.0311, 1.815, -0.017
20241021, OPEN, 1, 20250221, C, 2, 394, 0.1509, 1.815, 0.8962
20241021, OPEN, 1, 20250221, P, 22, 240, 0.1519, 1.815, -0.1039
20241021, OPEN, 1.5, 20250221, C, 0, 413, 0.284, 1.815, 0.7407
20241021, OPEN, 1.5, 20250221, P, 1, 1098, 0.2874, 1.815, -0.2609
20241021, OPEN, 2, 20250221, C, 38, 1310, 0.3457, 1.815, 0.5738
20241021, OPEN, 2, 20250221, P, 0, 925, 0.3528, 1.815, -0.4305
20241021, OPEN, 2.5, 20250221, C, 12, 2375, 0.3428, 1.815, 0.4359
20241021, OPEN, 2.5, 20250221, P, 0, 1469, 0.3542, 1.815, -0.572
20241021, OPEN, 3, 20250221, C, 38, 40248, 0.3106, 1.815, 0.3337
20241021, OPEN, 3, 20250221, P, 0, 139, 0.3263, 1.815, -0.6782
20241021, OPEN, 3.5, 20250221, C, 345, 53467, 0.2713, 1.815, 0.2604
20241021, OPEN, 3.5, 20250221, P, 0, 25, 0.2916, 1.815, -0.7561
20241021, OPEN, 4, 20250221, C, 1, 1160, 0.2341, 1.815, 0.2076
20241021, OPEN, 4, 20250221, P, 0, 21, 0.2597, 1.815, -0.8137
20241021, OPEN, 4.5, 20250221, C, 0, 4348, 0.202, 1.815, 0.1689
20241021, OPEN, 4.5, 20250221, P, 0, 0, 0.2326, 1.815, -0.8574
20241021, OPEN, 0.5, 20250516, C, 0, 4, 0.0369, 1.815, 0.9837
20241021, OPEN, 0.5, 20250516, P, 0, 0, 0.0372, 1.815, -0.0246
20241021, OPEN, 1, 20250516, C, 0, 241, 0.1353, 1.815, 0.8895
20241021, OPEN, 1, 20250516, P, 0, 57, 0.1371, 1.815, -0.1198
20241021, OPEN, 1.5, 20250516, C, 4, 283, 0.219, 1.815, 0.7598
20241021, OPEN, 1.5, 20250516, P, 0, 71, 0.2239, 1.815, -0.2519
20241021, OPEN, 2, 20250516, C, 1, 580, 0.2624, 1.815, 0.6333
20241021, OPEN, 2, 20250516, P, 0, 150, 0.2715, 1.815, -0.382
20241021, OPEN, 2.5, 20250516, C, 1297, 4822, 0.2747, 1.815, 0.5252
20241021, OPEN, 2.5, 20250516, P, 0, 69, 0.2886, 1.815, -0.4946
20241021, OPEN, 3, 20250516, C, 40, 491, 0.269, 1.815, 0.4373
20241021, OPEN, 3, 20250516, P, 0, 1, 0.2884, 1.815, -0.5878
20241021, OPEN, 3.5, 20250516, C, 20, 121, 0.2545, 1.815, 0.3671
20241021, OPEN, 3.5, 20250516, P, 0, 0, 0.2796, 1.815, -0.6639
20241021, OPEN, 4, 20250516, C, 3, 7439, 0.2364, 1.815, 0.311
20241021, OPEN, 4, 20250516, P, 0, 0, 0.2679, 1.815, -0.7264
20241021, OPEN, 4.5, 20250516, C, 1, 20, 0.2176, 1.815, 0.266
20241021, OPEN, 4.5, 20250516, P, 0, 0, 0.2558, 1.815, -0.7782
20241021, OPEN, 0.5, 20260116, C, 20, 683, 0.0403, 1.815, 0.9711
20241021, OPEN, 0.5, 20260116, P, 20, 2373, 0.0411, 1.815, -0.0464
20241021, OPEN, 1, 20260116, C, 8, 1706, 0.095, 1.815, 0.892
20241021, OPEN, 1, 20260116, P, 1, 1369, 0.0981, 1.815, -0.1276
20241021, OPEN, 1.5, 20260116, C, 34, 2374, 0.1384, 1.815, 0.8048
20241021, OPEN, 1.5, 20260116, P, 0, 2082, 0.1452, 1.815, -0.2184
20241021, OPEN, 2, 20260116, C, 59, 5960, 0.1663, 1.815, 0.7234
20241021, OPEN, 2, 20260116, P, 0, 1153, 0.1777, 1.815, -0.3044
20241021, OPEN, 2.5, 20260116, C, 11, 3134, 0.182, 1.815, 0.6522
20241021, OPEN, 2.5, 20260116, P, 0, 541, 0.1989, 1.815, -0.3813
20241021, OPEN, 3, 20260116, C, 240, 8200, 0.1897, 1.815, 0.5912
20241021, OPEN, 3, 20260116, P, 0, 940, 0.2126, 1.815, -0.4488
20241021, OPEN, 3.5, 20260116, C, 0, 1309, 0.1923, 1.815, 0.5392
20241021, OPEN, 3.5, 20260116, P, 0, 231, 0.2218, 1.815, -0.508
20241021, OPEN, 4, 20260116, C, 329, 3513, 0.1916, 1.815, 0.4947
20241021, OPEN, 4, 20260116, P, 1, 766, 0.2279, 1.815, -0.56
20241021, OPEN, 4.5, 20260116, C, 0, 1015, 0.1891, 1.815, 0.4563
20241021, OPEN, 4.5, 20260116, P, 0, 109, 0.2328, 1.815, -0.6067
20241021, OPEN, 5, 20260116, C, 26, 36908, 0.1854, 1.815, 0.423
20241021, OPEN, 5, 20260116, P, 0, 382, 0.2362, 1.815, -0.6484
20241021, OPEN, 5.5, 20260116, C, 10, 12013, 0.181, 1.815, 0.3938
20241021, OPEN, 5.5, 20260116, P, 0, 96, 0.2404, 1.815, -0.6868
20241021, OPEN, 7, 20260116, C, 1, 16356, 0.1664, 1.815, 0.3252
20241021, OPEN, 7, 20260116, P, 0, 451, 0.2548, 1.815, -0.7852
20241021, OPEN, 0.5, 20270115, C, 0, 325, 0.033, 1.815, 0.9782
20241021, OPEN, 0.5, 20270115, P, 0, 10, 0.0345, 1.815, -0.0487
20241021, OPEN, 1, 20270115, C, 7, 136, 0.0668, 1.815, 0.9159
20241021, OPEN, 1, 20270115, P, 0, 48, 0.0715, 1.815, -0.1145
20241021, OPEN, 1.5, 20270115, C, 0, 24, 0.0926, 1.815, 0.8551
20241021, OPEN, 1.5, 20270115, P, 1, 2027, 0.1018, 1.815, -0.1803
20241021, OPEN, 2, 20270115, C, 5, 2262, 0.1111, 1.815, 0.7998
20241021, OPEN, 2, 20270115, P, 0, 32, 0.1258, 1.815, -0.2419
20241021, OPEN, 2.5, 20270115, C, 5, 329, 0.1242, 1.815, 0.7505
20241021, OPEN, 2.5, 20270115, P, 0, 17, 0.1451, 1.815, -0.2984
20241021, OPEN, 3, 20270115, C, 0, 278, 0.1333, 1.815, 0.7069
20241021, OPEN, 3, 20270115, P, 0, 4, 0.1611, 1.815, -0.3501
20241021, OPEN, 3.5, 20270115, C, 0, 323, 0.1396, 1.815, 0.6681
20241021, OPEN, 3.5, 20270115, P, 0, 8, 0.1749, 1.815, -0.3977
20241021, OPEN, 4, 20270115, C, 0, 92, 0.1439, 1.815, 0.6335
20241021, OPEN, 4, 20270115, P, 0, 4, 0.1872, 1.815, -0.4417
