20241031101727, TSLA, 75, 20241101, C, 0, 24, 0, 255.21, 0.9998
20241031101727, TSLA, 75, 20241101, P, 1, 80, 0, 255.21, -0.0001
20241031101727, TSLA, 80, 20241101, C, 0, 0, 0, 255.21, 0.9997
20241031101727, TSLA, 80, 20241101, P, 0, 1, 0, 255.21, -0.0001
20241031101727, TSLA, 85, 20241101, C, 0, 12, 0, 255.21, 0.9997
20241031101727, TSLA, 85, 20241101, P, 0, 929, 0, 255.21, -0.0001
20241031101727, TSLA, 90, 20241101, C, 0, 11, 0, 255.21, 0.9997
20241031101727, TSLA, 90, 20241101, P, 0, 133, 0, 255.21, -0.0002
20241031101727, TSLA, 95, 20241101, C, 0, 7, 0, 255.21, 0.9997
20241031101727, TSLA, 95, 20241101, P, 0, 535, 0, 255.21, -0.0002
20241031101727, TSLA, 100, 20241101, C, 0, 4, 0, 255.21, 0.9997
20241031101727, TSLA, 100, 20241101, P, 0, 687, 0, 255.21, -0.0002
20241031101727, TSLA, 105, 20241101, C, 0, 11, 0, 255.21, 0.9997
20241031101727, TSLA, 105, 20241101, P, 0, 531, 0, 255.21, -0.0002
20241031101727, TSLA, 110, 20241101, C, 0, 2, 0, 255.21, 0.9997
20241031101727, TSLA, 110, 20241101, P, 0, 1488, 0, 255.21, -0.0002
20241031101727, TSLA, 115, 20241101, C, 0, 5, 0, 255.21, 0.9997
20241031101727, TSLA, 115, 20241101, P, 0, 787, 0, 255.21, -0.0002
20241031101727, TSLA, 120, 20241101, C, 0, 5, 0, 255.21, 0.9996
20241031101727, TSLA, 120, 20241101, P, 0, 9081, 0, 255.21, -0.0002
20241031101727, TSLA, 125, 20241101, C, 0, 1, 0, 255.21, 0.9996
20241031101727, TSLA, 125, 20241101, P, 0, 14357, 0, 255.21, -0.0002
20241031101727, TSLA, 130, 20241101, C, 0, 5, 0, 255.21, 0.9996
20241031101727, TSLA, 130, 20241101, P, 15, 2930, 0, 255.21, -0.0003
20241031101727, TSLA, 135, 20241101, C, 0, 6, 0, 255.21, 0.9996
20241031101727, TSLA, 135, 20241101, P, 0, 2396, 0, 255.21, -0.0003
20241031101727, TSLA, 140, 20241101, C, 0, 25, 0, 255.21, 0.9996
20241031101727, TSLA, 140, 20241101, P, 0, 12818, 0, 255.21, -0.0003
20241031101727, TSLA, 145, 20241101, C, 0, 7, 0, 255.21, 0.9995
20241031101727, TSLA, 145, 20241101, P, 0, 10916, 0, 255.21, -0.0004
20241031101727, TSLA, 150, 20241101, C, 0, 154, 0, 255.21, 0.9995
20241031101727, TSLA, 150, 20241101, P, 0, 20155, 0, 255.21, -0.0004
20241031101727, TSLA, 155, 20241101, C, 0, 54, 0, 255.21, 0.9994
20241031101727, TSLA, 155, 20241101, P, 0, 9236, 0, 255.21, -0.0004
20241031101727, TSLA, 160, 20241101, C, 0, 45, 0, 255.21, 0.9994
20241031101727, TSLA, 160, 20241101, P, 5, 4443, 0, 255.21, -0.0005
20241031101727, TSLA, 165, 20241101, C, 1, 60, 0.0001, 255.21, 0.9993
20241031101727, TSLA, 165, 20241101, P, 0, 3872, 0.0001, 255.21, -0.0006
20241031101727, TSLA, 167.5, 20241101, C, 0, 10, 0.0001, 255.21, 0.9993
20241031101727, TSLA, 167.5, 20241101, P, 0, 3950, 0.0001, 255.21, -0.0006
20241031101727, TSLA, 170, 20241101, C, 0, 340, 0.0001, 255.21, 0.9992
20241031101727, TSLA, 170, 20241101, P, 9, 6189, 0.0001, 255.21, -0.0006
20241031101727, TSLA, 172.5, 20241101, C, 0, 22, 0.0001, 255.21, 0.9992
20241031101727, TSLA, 172.5, 20241101, P, 0, 3586, 0.0001, 255.21, -0.0007
20241031101727, TSLA, 175, 20241101, C, 0, 176, 0.0001, 255.21, 0.9991
20241031101727, TSLA, 175, 20241101, P, 45, 3956, 0.0001, 255.21, -0.0008
20241031101727, TSLA, 177.5, 20241101, C, 0, 41, 0.0001, 255.21, 0.9991
20241031101727, TSLA, 177.5, 20241101, P, 1, 908, 0.0001, 255.21, -0.0008
20241031101727, TSLA, 180, 20241101, C, 7, 214, 0.0001, 255.21, 0.999
20241031101727, TSLA, 180, 20241101, P, 4, 4953, 0.0001, 255.21, -0.0009
20241031101727, TSLA, 182.5, 20241101, C, 0, 50, 0.0001, 255.21, 0.9989
20241031101727, TSLA, 182.5, 20241101, P, 0, 1496, 0.0001, 255.21, -0.001
20241031101727, TSLA, 185, 20241101, C, 4, 266, 0.0001, 255.21, 0.9988
20241031101727, TSLA, 185, 20241101, P, 24, 3035, 0.0001, 255.21, -0.001
20241031101727, TSLA, 187.5, 20241101, C, 4, 105, 0.0001, 255.21, 0.9987
20241031101727, TSLA, 187.5, 20241101, P, 10, 1534, 0.0001, 255.21, -0.0012
20241031101727, TSLA, 190, 20241101, C, 3, 371, 0.0002, 255.21, 0.9986
20241031101727, TSLA, 190, 20241101, P, 14, 8179, 0.0002, 255.21, -0.0013
20241031101727, TSLA, 192.5, 20241101, C, 3, 119, 0.0002, 255.21, 0.9985
20241031101727, TSLA, 192.5, 20241101, P, 10, 2068, 0.0002, 255.21, -0.0014
20241031101727, TSLA, 195, 20241101, C, 4, 254, 0.0002, 255.21, 0.9983
20241031101727, TSLA, 195, 20241101, P, 35, 5279, 0.0002, 255.21, -0.0016
20241031101727, TSLA, 197.5, 20241101, C, 3, 170, 0.0002, 255.21, 0.9981
20241031101727, TSLA, 197.5, 20241101, P, 7, 3161, 0.0002, 255.21, -0.0017
20241031101727, TSLA, 200, 20241101, C, 9, 1436, 0.0003, 255.21, 0.9979
20241031101727, TSLA, 200, 20241101, P, 535, 15746, 0.0003, 255.21, -0.002
20241031101727, TSLA, 202.5, 20241101, C, 3, 648, 0.0003, 255.21, 0.9977
20241031101727, TSLA, 202.5, 20241101, P, 183, 3343, 0.0003, 255.21, -0.0022
20241031101727, TSLA, 205, 20241101, C, 6, 704, 0.0004, 255.21, 0.9974
20241031101727, TSLA, 205, 20241101, P, 218, 4781, 0.0004, 255.21, -0.0025
20241031101727, TSLA, 207.5, 20241101, C, 8, 292, 0.0004, 255.21, 0.997
20241031101727, TSLA, 207.5, 20241101, P, 90, 1345, 0.0004, 255.21, -0.0029
20241031101727, TSLA, 210, 20241101, C, 5, 1505, 0.0005, 255.21, 0.9966
20241031101727, TSLA, 210, 20241101, P, 74, 5094, 0.0005, 255.21, -0.0033
20241031101727, TSLA, 212.5, 20241101, C, 3, 927, 0.0006, 255.21, 0.996
20241031101727, TSLA, 212.5, 20241101, P, 522, 2396, 0.0006, 255.21, -0.0039
20241031101727, TSLA, 215, 20241101, C, 21, 1543, 0.0008, 255.21, 0.9954
20241031101727, TSLA, 215, 20241101, P, 36, 4914, 0.0008, 255.21, -0.0045
20241031101727, TSLA, 217.5, 20241101, C, 13, 1866, 0.0009, 255.21, 0.9945
20241031101727, TSLA, 217.5, 20241101, P, 90, 2271, 0.0009, 255.21, -0.0054
20241031101727, TSLA, 220, 20241101, C, 70, 3096, 0.0012, 255.21, 0.9934
20241031101727, TSLA, 220, 20241101, P, 508, 8633, 0.0012, 255.21, -0.0064
20241031101727, TSLA, 222.5, 20241101, C, 7, 1677, 0.0014, 255.21, 0.9921
20241031101727, TSLA, 222.5, 20241101, P, 428, 3314, 0.0014, 255.21, -0.0078
20241031101727, TSLA, 225, 20241101, C, 149, 5565, 0.0018, 255.21, 0.9902
20241031101727, TSLA, 225, 20241101, P, 214, 6913, 0.0018, 255.21, -0.0096
20241031101727, TSLA, 227.5, 20241101, C, 3, 1506, 0.0024, 255.21, 0.9877
20241031101727, TSLA, 227.5, 20241101, P, 553, 4657, 0.0024, 255.21, -0.0122
20241031101727, TSLA, 230, 20241101, C, 67, 5535, 0.0031, 255.21, 0.9842
20241031101727, TSLA, 230, 20241101, P, 634, 9537, 0.0031, 255.21, -0.0157
20241031101727, TSLA, 232.5, 20241101, C, 34, 2474, 0.0042, 255.21, 0.9789
20241031101727, TSLA, 232.5, 20241101, P, 305, 3049, 0.0042, 255.21, -0.0209
20241031101727, TSLA, 235, 20241101, C, 145, 2875, 0.0058, 255.21, 0.971
20241031101727, TSLA, 235, 20241101, P, 2060, 7696, 0.0058, 255.21, -0.0288
20241031101727, TSLA, 237.5, 20241101, C, 75, 1863, 0.0081, 255.21, 0.9587
20241031101727, TSLA, 237.5, 20241101, P, 700, 4392, 0.0081, 255.21, -0.0412
20241031101727, TSLA, 240, 20241101, C, 285, 5686, 0.0115, 255.21, 0.9395
20241031101727, TSLA, 240, 20241101, P, 6157, 17837, 0.0115, 255.21, -0.0604
20241031101727, TSLA, 242.5, 20241101, C, 102, 2157, 0.0162, 255.21, 0.9098
20241031101727, TSLA, 242.5, 20241101, P, 3772, 6323, 0.0162, 255.21, -0.09
20241031101727, TSLA, 245, 20241101, C, 621, 4333, 0.0221, 255.21, 0.8658
20241031101727, TSLA, 245, 20241101, P, 9294, 19610, 0.0221, 255.21, -0.1341
20241031101727, TSLA, 247.5, 20241101, C, 582, 2812, 0.0288, 255.21, 0.804
20241031101727, TSLA, 247.5, 20241101, P, 17628, 8908, 0.0288, 255.21, -0.1959
20241031101727, TSLA, 250, 20241101, C, 4082, 8387, 0.0352, 255.21, 0.7239
20241031101727, TSLA, 250, 20241101, P, 24881, 24059, 0.0353, 255.21, -0.2761
20241031101727, TSLA, 252.5, 20241101, C, 3611, 4355, 0.04, 255.21, 0.629
20241031101727, TSLA, 252.5, 20241101, P, 14536, 16722, 0.0402, 255.21, -0.3713
20241031101727, TSLA, 255, 20241101, C, 19175, 7397, 0.0423, 255.21, 0.5253
20241031101727, TSLA, 255, 20241101, P, 27199, 17208, 0.0426, 255.21, -0.4754
20241031101727, TSLA, 257.5, 20241101, C, 14010, 6206, 0.0417, 255.21, 0.4202
20241031101727, TSLA, 257.5, 20241101, P, 13876, 8192, 0.0421, 255.21, -0.5813
20241031101727, TSLA, 260, 20241101, C, 24453, 22779, 0.0383, 255.21, 0.3209
20241031101727, TSLA, 260, 20241101, P, 10130, 12883, 0.0388, 255.21, -0.6817
20241031101727, TSLA, 262.5, 20241101, C, 10132, 42312, 0.0328, 255.21, 0.2339
20241031101727, TSLA, 262.5, 20241101, P, 1546, 6346, 0.0334, 255.21, -0.7703
20241031101727, TSLA, 265, 20241101, C, 14791, 13996, 0.0263, 255.21, 0.1632
20241031101727, TSLA, 265, 20241101, P, 1694, 9914, 0.0268, 255.21, -0.8424
20241031101727, TSLA, 267.5, 20241101, C, 6618, 8582, 0.0199, 255.21, 0.11
20241031101727, TSLA, 267.5, 20241101, P, 696, 4934, 0.0202, 255.21, -0.8966
20241031101727, TSLA, 270, 20241101, C, 16767, 35846, 0.0144, 255.21, 0.0727
20241031101727, TSLA, 270, 20241101, P, 726, 7019, 0.0144, 255.21, -0.9342
20241031101727, TSLA, 272.5, 20241101, C, 4901, 8914, 0.0102, 255.21, 0.0479
20241031101727, TSLA, 272.5, 20241101, P, 109, 1950, 0.0099, 255.21, -0.9586
20241031101727, TSLA, 275, 20241101, C, 7379, 27239, 0.0071, 255.21, 0.0321
20241031101727, TSLA, 275, 20241101, P, 279, 1694, 0.0067, 255.21, -0.9737
20241031101727, TSLA, 277.5, 20241101, C, 1948, 6182, 0.0051, 255.21, 0.0222
20241031101727, TSLA, 277.5, 20241101, P, 13, 2129, 0.0046, 255.21, -0.9828
20241031101727, TSLA, 280, 20241101, C, 10154, 24773, 0.0037, 255.21, 0.0159
20241031101727, TSLA, 280, 20241101, P, 162, 1970, 0.0032, 255.21, -0.9883
20241031101727, TSLA, 282.5, 20241101, C, 3693, 42026, 0.0027, 255.21, 0.0118
20241031101727, TSLA, 282.5, 20241101, P, 7, 362, 0.0023, 255.21, -0.9917
20241031101727, TSLA, 285, 20241101, C, 1570, 13104, 0.0021, 255.21, 0.0091
20241031101727, TSLA, 285, 20241101, P, 5, 1023, 0.0017, 255.21, -0.9939
20241031101727, TSLA, 287.5, 20241101, C, 734, 5244, 0.0016, 255.21, 0.0072
20241031101727, TSLA, 287.5, 20241101, P, 1, 16, 0.0013, 255.21, -0.9954
20241031101727, TSLA, 290, 20241101, C, 1723, 26910, 0.0013, 255.21, 0.0057
20241031101727, TSLA, 290, 20241101, P, 74, 237, 0.001, 255.21, -0.9965
20241031101727, TSLA, 292.5, 20241101, C, 637, 5637, 0.001, 255.21, 0.0046
20241031101727, TSLA, 292.5, 20241101, P, 0, 25, 0.0008, 255.21, -0.9972
20241031101727, TSLA, 295, 20241101, C, 1229, 11693, 0.0008, 255.21, 0.0038
20241031101727, TSLA, 295, 20241101, P, 3, 2, 0.0006, 255.21, -0.9978
20241031101727, TSLA, 297.5, 20241101, C, 544, 4010, 0.0007, 255.21, 0.0032
20241031101727, TSLA, 297.5, 20241101, P, 0, 0, 0.0005, 255.21, -0.9983
20241031101727, TSLA, 300, 20241101, C, 2031, 30831, 0.0006, 255.21, 0.0026
20241031101727, TSLA, 300, 20241101, P, 13, 3, 0.0004, 255.21, -0.9986
20241031101727, TSLA, 302.5, 20241101, C, 59, 1245, 0.0005, 255.21, 0.0022
20241031101727, TSLA, 302.5, 20241101, P, 0, 1, 0.0003, 255.21, -0.9988
20241031101727, TSLA, 305, 20241101, C, 408, 5993, 0.0004, 255.21, 0.0019
20241031101727, TSLA, 305, 20241101, P, 16, 2, 0.0002, 255.21, -0.9991
20241031101727, TSLA, 307.5, 20241101, C, 151, 554, 0.0003, 255.21, 0.0016
20241031101727, TSLA, 307.5, 20241101, P, 0, 0, 0.0002, 255.21, -0.9992
20241031101727, TSLA, 310, 20241101, C, 328, 9023, 0.0003, 255.21, 0.0014
20241031101727, TSLA, 310, 20241101, P, 0, 0, 0.0002, 255.21, -0.9994
20241031101727, TSLA, 312.5, 20241101, C, 18, 2086, 0.0002, 255.21, 0.0012
20241031101727, TSLA, 312.5, 20241101, P, 0, 5, 0.0001, 255.21, -0.9995
20241031101727, TSLA, 315, 20241101, C, 33, 3863, 0.0002, 255.21, 0.001
20241031101727, TSLA, 315, 20241101, P, 0, 0, 0.0001, 255.21, -0.9996
20241031101727, TSLA, 317.5, 20241101, C, 4, 768, 0.0002, 255.21, 0.0008
20241031101727, TSLA, 317.5, 20241101, P, 0, 0, 0.0001, 255.21, -0.9996
20241031101727, TSLA, 320, 20241101, C, 216, 6922, 0.0001, 255.21, 0.0007
20241031101727, TSLA, 320, 20241101, P, 0, 0, 0.0001, 255.21, -0.9997
20241031101727, TSLA, 322.5, 20241101, C, 1, 1360, 0.0001, 255.21, 0.0006
20241031101727, TSLA, 322.5, 20241101, P, 0, 0, 0.0001, 255.21, -0.9998
20241031101727, TSLA, 325, 20241101, C, 4, 3719, 0.0001, 255.21, 0.0005
20241031101727, TSLA, 325, 20241101, P, 0, 0, 0, 255.21, -0.9998
20241031101727, TSLA, 327.5, 20241101, C, 1, 643, 0.0001, 255.21, 0.0005
20241031101727, TSLA, 327.5, 20241101, P, 0, 0, 0, 255.21, -0.9998
20241031101727, TSLA, 330, 20241101, C, 2, 4177, 0.0001, 255.21, 0.0004
20241031101727, TSLA, 330, 20241101, P, 0, 0, 0, 255.21, -0.9999
20241031101727, TSLA, 332.5, 20241101, C, 1, 321, 0.0001, 255.21, 0.0004
20241031101727, TSLA, 332.5, 20241101, P, 0, 0, 0, 255.21, -0.9999
20241031101727, TSLA, 335, 20241101, C, 6, 2139, 0.0001, 255.21, 0.0003
20241031101727, TSLA, 335, 20241101, P, 0, 0, 0, 255.21, -0.9999
20241031101727, TSLA, 337.5, 20241101, C, 0, 224, 0, 255.21, 0.0003
20241031101727, TSLA, 337.5, 20241101, P, 0, 0, 0, 255.21, -0.9999
20241031101727, TSLA, 340, 20241101, C, 63, 6314, 0, 255.21, 0.0002
20241031101727, TSLA, 340, 20241101, P, 0, 0, 0, 255.21, -0.9999
20241031101727, TSLA, 350, 20241101, C, 3, 3099, 0, 255.21, 0.0001
20241031101727, TSLA, 350, 20241101, P, 0, 0, 0, 255.21, -1
20241031101727, TSLA, 355, 20241101, C, 0, 1870, 0, 255.21, 0.0001
20241031101727, TSLA, 355, 20241101, P, 0, 0, 0, 255.21, -1
20241031101727, TSLA, 360, 20241101, C, 1, 2415, 0, 255.21, 0.0001
20241031101727, TSLA, 360, 20241101, P, 0, 0, 0, 255.21, -1
20241031101727, TSLA, 365, 20241101, C, 0, 1042, 0, 255.21, 0.0001
20241031101727, TSLA, 365, 20241101, P, 0, 0, 0, 255.21, -1
20241031101727, TSLA, 370, 20241101, C, 1, 1842, 0, 255.21, 0
20241031101727, TSLA, 370, 20241101, P, 0, 0, 0, 255.21, -1
20241031101727, TSLA, 375, 20241101, C, 0, 2670, 0, 255.21, 0
20241031101727, TSLA, 375, 20241101, P, 0, 0, 0, 255.21, -1
20241031101727, TSLA, 380, 20241101, C, 0, 742, 0, 255.21, 0
20241031101727, TSLA, 380, 20241101, P, 0, 0, 0, 255.21, -1
20241031101727, TSLA, 385, 20241101, C, 0, 1948, 0, 255.21, 0
20241031101727, TSLA, 385, 20241101, P, 0, 0, 0, 255.21, -1
20241031101727, TSLA, 390, 20241101, C, 0, 1009, 0, 255.21, 0
20241031101727, TSLA, 390, 20241101, P, 0, 0, 0, 255.21, -1
20241031101727, TSLA, 395, 20241101, C, 0, 300, 0, 255.21, 0
20241031101727, TSLA, 395, 20241101, P, 0, 0, 0, 255.21, -1
20241031101727, TSLA, 400, 20241101, C, 0, 1584, 0, 255.21, 0
20241031101727, TSLA, 400, 20241101, P, 0, 0, 0, 255.21, -1
20241031101727, TSLA, 405, 20241101, C, 0, 91, 0, 255.21, 0
20241031101727, TSLA, 405, 20241101, P, 0, 0, 0, 255.21, -1
20241031101727, TSLA, 410, 20241101, C, 0, 173, 0, 255.21, 0
20241031101727, TSLA, 410, 20241101, P, 0, 0, 0, 255.21, -1
20241031101727, TSLA, 415, 20241101, C, 0, 219, 0, 255.21, 0
20241031101727, TSLA, 415, 20241101, P, 0, 0, 0, 255.21, -1
20241031101727, TSLA, 420, 20241101, C, 0, 276, 0, 255.21, 0
20241031101727, TSLA, 420, 20241101, P, 0, 0, 0, 255.21, -1
20241031101727, TSLA, 425, 20241101, C, 0, 63, 0, 255.21, 0
20241031101727, TSLA, 425, 20241101, P, 0, 0, 0, 255.21, -1
20241031101727, TSLA, 430, 20241101, C, 0, 37, 0, 255.21, 0
20241031101727, TSLA, 430, 20241101, P, 0, 0, 0, 255.21, -1
20241031101727, TSLA, 435, 20241101, C, 0, 56, 0, 255.21, 0
20241031101727, TSLA, 435, 20241101, P, 0, 0, 0, 255.21, -1
20241031101727, TSLA, 440, 20241101, C, 0, 767, 0, 255.21, 0
20241031101727, TSLA, 440, 20241101, P, 0, 0, 0, 255.21, -1
20241031101727, TSLA, 445, 20241101, C, 0, 124, 0, 255.21, 0
20241031101727, TSLA, 445, 20241101, P, 0, 0, 0, 255.21, -1
20241031101727, TSLA, 450, 20241101, C, 5, 172, 0, 255.21, 0
20241031101727, TSLA, 450, 20241101, P, 0, 0, 0, 255.21, -1
20241031101727, TSLA, 455, 20241101, C, 0, 69, 0, 255.21, 0
20241031101727, TSLA, 455, 20241101, P, 0, 0, 0, 255.21, -1
20241031101727, TSLA, 460, 20241101, C, 0, 95, 0, 255.21, 0
20241031101727, TSLA, 460, 20241101, P, 0, 0, 0, 255.21, -1
20241031101727, TSLA, 465, 20241101, C, 0, 108, 0, 255.21, 0
20241031101727, TSLA, 465, 20241101, P, 0, 0, 0, 255.21, -1
20241031101727, TSLA, 470, 20241101, C, 0, 62, 0, 255.21, 0
20241031101727, TSLA, 470, 20241101, P, 0, 0, 0, 255.21, -1
20241031101727, TSLA, 475, 20241101, C, 0, 73, 0, 255.21, 0
20241031101727, TSLA, 475, 20241101, P, 0, 0, 0, 255.21, -1
20241031101727, TSLA, 480, 20241101, C, 0, 25, 0, 255.21, 0
20241031101727, TSLA, 480, 20241101, P, 0, 0, 0, 255.21, -1
20241031101727, TSLA, 485, 20241101, C, 0, 283, 0, 255.21, 0
20241031101727, TSLA, 485, 20241101, P, 0, 0, 0, 255.21, -1
20241031101727, TSLA, 490, 20241101, C, 0, 179, 0, 255.21, 0
20241031101727, TSLA, 490, 20241101, P, 0, 0, 0, 255.21, -1
20241031101727, TSLA, 495, 20241101, C, 0, 613, 0, 255.21, 0
20241031101727, TSLA, 495, 20241101, P, 0, 0, 0, 255.21, -1
20241031101727, TSLA, 500, 20241101, C, 0, 1, 0, 255.21, 0
20241031101727, TSLA, 500, 20241101, P, 0, 0, 0, 255.21, -1
20241031101727, TSLA, 510, 20241101, C, 0, 0, 0, 255.21, 0
20241031101727, TSLA, 510, 20241101, P, 0, 0, 0, 255.21, -1
20241031101727, TSLA, 520, 20241101, C, 5, 69, 0, 255.21, 0
20241031101727, TSLA, 520, 20241101, P, 0, 0, 0, 255.21, -1
20241031101727, TSLA, 75, 20241108, C, 0, 1, 0, 255.21, 0.9994
20241031101727, TSLA, 75, 20241108, P, 2, 605, 0, 255.21, -0.0006
20241031101727, TSLA, 80, 20241108, C, 0, 5, 0, 255.21, 0.9994
20241031101727, TSLA, 80, 20241108, P, 20, 1277, 0, 255.21, -0.0006
20241031101727, TSLA, 85, 20241108, C, 0, 21, 0, 255.21, 0.9993
20241031101727, TSLA, 85, 20241108, P, 4, 1043, 0, 255.21, -0.0007
20241031101727, TSLA, 90, 20241108, C, 0, 0, 0, 255.21, 0.9992
20241031101727, TSLA, 90, 20241108, P, 0, 657, 0, 255.21, -0.0008
20241031101727, TSLA, 95, 20241108, C, 0, 4, 0, 255.21, 0.9992
20241031101727, TSLA, 95, 20241108, P, 0, 660, 0, 255.21, -0.0009
20241031101727, TSLA, 100, 20241108, C, 0, 59, 0, 255.21, 0.9991
20241031101727, TSLA, 100, 20241108, P, 0, 435, 0, 255.21, -0.0009
20241031101727, TSLA, 105, 20241108, C, 0, 10, 0, 255.21, 0.999
20241031101727, TSLA, 105, 20241108, P, 1, 196, 0, 255.21, -0.001
20241031101727, TSLA, 110, 20241108, C, 0, 1, 0, 255.21, 0.9989
20241031101727, TSLA, 110, 20241108, P, 11, 125, 0, 255.21, -0.0012
20241031101727, TSLA, 115, 20241108, C, 0, 1, 0.0001, 255.21, 0.9987
20241031101727, TSLA, 115, 20241108, P, 0, 2076, 0.0001, 255.21, -0.0013
20241031101727, TSLA, 120, 20241108, C, 0, 28, 0.0001, 255.21, 0.9986
20241031101727, TSLA, 120, 20241108, P, 10, 795, 0.0001, 255.21, -0.0014
20241031101727, TSLA, 125, 20241108, C, 0, 0, 0.0001, 255.21, 0.9984
20241031101727, TSLA, 125, 20241108, P, 0, 580, 0.0001, 255.21, -0.0016
20241031101727, TSLA, 130, 20241108, C, 1, 9, 0.0001, 255.21, 0.9982
20241031101727, TSLA, 130, 20241108, P, 10, 953, 0.0001, 255.21, -0.0018
20241031101727, TSLA, 135, 20241108, C, 91, 108, 0.0001, 255.21, 0.998
20241031101727, TSLA, 135, 20241108, P, 26, 647, 0.0001, 255.21, -0.002
20241031101727, TSLA, 140, 20241108, C, 0, 8, 0.0001, 255.21, 0.9977
20241031101727, TSLA, 140, 20241108, P, 10, 3315, 0.0001, 255.21, -0.0023
20241031101727, TSLA, 145, 20241108, C, 0, 24, 0.0001, 255.21, 0.9974
20241031101727, TSLA, 145, 20241108, P, 1, 3629, 0.0001, 255.21, -0.0027
20241031101727, TSLA, 150, 20241108, C, 0, 13, 0.0002, 255.21, 0.997
20241031101727, TSLA, 150, 20241108, P, 3, 5880, 0.0002, 255.21, -0.0031
20241031101727, TSLA, 155, 20241108, C, 0, 143, 0.0002, 255.21, 0.9965
20241031101727, TSLA, 155, 20241108, P, 63, 1822, 0.0002, 255.21, -0.0035
20241031101727, TSLA, 160, 20241108, C, 0, 123, 0.0003, 255.21, 0.9959
20241031101727, TSLA, 160, 20241108, P, 30, 3532, 0.0003, 255.21, -0.0041
20241031101727, TSLA, 165, 20241108, C, 0, 16, 0.0003, 255.21, 0.9952
20241031101727, TSLA, 165, 20241108, P, 2, 1070, 0.0003, 255.21, -0.0048
20241031101727, TSLA, 170, 20241108, C, 0, 492, 0.0004, 255.21, 0.9943
20241031101727, TSLA, 170, 20241108, P, 21, 4633, 0.0004, 255.21, -0.0057
20241031101727, TSLA, 175, 20241108, C, 0, 72, 0.0005, 255.21, 0.9932
20241031101727, TSLA, 175, 20241108, P, 293, 2308, 0.0005, 255.21, -0.0068
20241031101727, TSLA, 180, 20241108, C, 2, 352, 0.0006, 255.21, 0.9919
20241031101727, TSLA, 180, 20241108, P, 1965, 4374, 0.0006, 255.21, -0.0082
20241031101727, TSLA, 185, 20241108, C, 0, 658, 0.0007, 255.21, 0.9901
20241031101727, TSLA, 185, 20241108, P, 7, 3291, 0.0007, 255.21, -0.0099
20241031101727, TSLA, 187.5, 20241108, C, 0, 7, 0.0008, 255.21, 0.989
20241031101727, TSLA, 187.5, 20241108, P, 20, 636, 0.0008, 255.21, -0.011
20241031101727, TSLA, 190, 20241108, C, 24, 378, 0.0009, 255.21, 0.9878
20241031101727, TSLA, 190, 20241108, P, 24, 1892, 0.0009, 255.21, -0.0123
20241031101727, TSLA, 192.5, 20241108, C, 0, 1, 0.001, 255.21, 0.9864
20241031101727, TSLA, 192.5, 20241108, P, 1, 525, 0.001, 255.21, -0.0137
20241031101727, TSLA, 195, 20241108, C, 0, 200, 0.0012, 255.21, 0.9847
20241031101727, TSLA, 195, 20241108, P, 26, 1379, 0.0012, 255.21, -0.0154
20241031101727, TSLA, 197.5, 20241108, C, 0, 47, 0.0013, 255.21, 0.9828
20241031101727, TSLA, 197.5, 20241108, P, 1031, 1116, 0.0013, 255.21, -0.0173
20241031101727, TSLA, 200, 20241108, C, 108, 555, 0.0015, 255.21, 0.9805
20241031101727, TSLA, 200, 20241108, P, 538, 10153, 0.0015, 255.21, -0.0196
20241031101727, TSLA, 202.5, 20241108, C, 1, 143, 0.0017, 255.21, 0.9778
20241031101727, TSLA, 202.5, 20241108, P, 26, 1085, 0.0017, 255.21, -0.0224
20241031101727, TSLA, 205, 20241108, C, 2, 476, 0.002, 255.21, 0.9745
20241031101727, TSLA, 205, 20241108, P, 1424, 5375, 0.002, 255.21, -0.0256
20241031101727, TSLA, 207.5, 20241108, C, 1, 110, 0.0023, 255.21, 0.9706
20241031101727, TSLA, 207.5, 20241108, P, 5, 189, 0.0023, 255.21, -0.0296
20241031101727, TSLA, 210, 20241108, C, 13, 678, 0.0027, 255.21, 0.9659
20241031101727, TSLA, 210, 20241108, P, 103, 4583, 0.0027, 255.21, -0.0343
20241031101727, TSLA, 212.5, 20241108, C, 1, 279, 0.0031, 255.21, 0.9601
20241031101727, TSLA, 212.5, 20241108, P, 19, 705, 0.0031, 255.21, -0.0401
20241031101727, TSLA, 215, 20241108, C, 15, 799, 0.0036, 255.21, 0.9532
20241031101727, TSLA, 215, 20241108, P, 3573, 5683, 0.0036, 255.21, -0.0471
20241031101727, TSLA, 217.5, 20241108, C, 0, 1540, 0.0042, 255.21, 0.9448
20241031101727, TSLA, 217.5, 20241108, P, 106, 999, 0.0042, 255.21, -0.0553
20241031101727, TSLA, 220, 20241108, C, 29, 1789, 0.0048, 255.21, 0.9348
20241031101727, TSLA, 220, 20241108, P, 408, 4451, 0.0048, 255.21, -0.0654
20241031101727, TSLA, 222.5, 20241108, C, 8, 163, 0.0056, 255.21, 0.9227
20241031101727, TSLA, 222.5, 20241108, P, 201, 712, 0.0056, 255.21, -0.0775
20241031101727, TSLA, 225, 20241108, C, 122, 1380, 0.0065, 255.21, 0.9084
20241031101727, TSLA, 225, 20241108, P, 612, 2111, 0.0065, 255.21, -0.0919
20241031101727, TSLA, 227.5, 20241108, C, 104, 618, 0.0074, 255.21, 0.8915
20241031101727, TSLA, 227.5, 20241108, P, 393, 885, 0.0074, 255.21, -0.1089
20241031101727, TSLA, 230, 20241108, C, 101, 1943, 0.0084, 255.21, 0.8718
20241031101727, TSLA, 230, 20241108, P, 505, 5535, 0.0084, 255.21, -0.1286
20241031101727, TSLA, 232.5, 20241108, C, 25, 634, 0.0095, 255.21, 0.8492
20241031101727, TSLA, 232.5, 20241108, P, 368, 1030, 0.0095, 255.21, -0.1513
20241031101727, TSLA, 235, 20241108, C, 63, 1811, 0.0106, 255.21, 0.8235
20241031101727, TSLA, 235, 20241108, P, 585, 4007, 0.0106, 255.21, -0.1771
20241031101727, TSLA, 237.5, 20241108, C, 53, 530, 0.0117, 255.21, 0.7948
20241031101727, TSLA, 237.5, 20241108, P, 200, 1168, 0.0118, 255.21, -0.206
20241031101727, TSLA, 240, 20241108, C, 326, 2290, 0.0128, 255.21, 0.7631
20241031101727, TSLA, 240, 20241108, P, 1353, 9996, 0.0128, 255.21, -0.2378
20241031101727, TSLA, 242.5, 20241108, C, 151, 664, 0.0138, 255.21, 0.7288
20241031101727, TSLA, 242.5, 20241108, P, 420, 1100, 0.0138, 255.21, -0.2723
20241031101727, TSLA, 245, 20241108, C, 201, 2891, 0.0146, 255.21, 0.6921
20241031101727, TSLA, 245, 20241108, P, 1149, 3456, 0.0147, 255.21, -0.3093
20241031101727, TSLA, 247.5, 20241108, C, 105, 355, 0.0154, 255.21, 0.6534
20241031101727, TSLA, 247.5, 20241108, P, 332, 1764, 0.0155, 255.21, -0.3481
20241031101727, TSLA, 250, 20241108, C, 1493, 5019, 0.016, 255.21, 0.6134
20241031101727, TSLA, 250, 20241108, P, 2279, 7509, 0.0161, 255.21, -0.3884
20241031101727, TSLA, 252.5, 20241108, C, 848, 324, 0.0164, 255.21, 0.5723
20241031101727, TSLA, 252.5, 20241108, P, 2136, 1048, 0.0165, 255.21, -0.4297
20241031101727, TSLA, 255, 20241108, C, 4198, 3179, 0.0167, 255.21, 0.5307
20241031101727, TSLA, 255, 20241108, P, 1773, 3364, 0.0168, 255.21, -0.4715
20241031101727, TSLA, 257.5, 20241108, C, 2232, 1859, 0.0168, 255.21, 0.4891
20241031101727, TSLA, 257.5, 20241108, P, 3009, 3260, 0.0169, 255.21, -0.5134
20241031101727, TSLA, 260, 20241108, C, 2947, 7213, 0.0166, 255.21, 0.4479
20241031101727, TSLA, 260, 20241108, P, 2834, 3742, 0.0168, 255.21, -0.5548
20241031101727, TSLA, 262.5, 20241108, C, 698, 1691, 0.0164, 255.21, 0.4075
20241031101727, TSLA, 262.5, 20241108, P, 389, 1596, 0.0164, 255.21, -0.5955
20241031101727, TSLA, 265, 20241108, C, 1961, 6148, 0.0159, 255.21, 0.3685
20241031101727, TSLA, 265, 20241108, P, 709, 2859, 0.016, 255.21, -0.6348
20241031101727, TSLA, 267.5, 20241108, C, 269, 1922, 0.0153, 255.21, 0.3311
20241031101727, TSLA, 267.5, 20241108, P, 175, 1846, 0.0154, 255.21, -0.6724
20241031101727, TSLA, 270, 20241108, C, 3487, 11235, 0.0146, 255.21, 0.2958
20241031101727, TSLA, 270, 20241108, P, 438, 2746, 0.0146, 255.21, -0.708
20241031101727, TSLA, 272.5, 20241108, C, 327, 1833, 0.0137, 255.21, 0.2628
20241031101727, TSLA, 272.5, 20241108, P, 7, 692, 0.0138, 255.21, -0.7412
20241031101727, TSLA, 275, 20241108, C, 2200, 6920, 0.0128, 255.21, 0.2322
20241031101727, TSLA, 275, 20241108, P, 82, 837, 0.0129, 255.21, -0.7718
20241031101727, TSLA, 277.5, 20241108, C, 446, 1973, 0.0119, 255.21, 0.2046
20241031101727, TSLA, 277.5, 20241108, P, 17, 664, 0.012, 255.21, -0.7997
20241031101727, TSLA, 280, 20241108, C, 7419, 18328, 0.0109, 255.21, 0.1796
20241031101727, TSLA, 280, 20241108, P, 31, 1054, 0.011, 255.21, -0.8249
20241031101727, TSLA, 282.5, 20241108, C, 248, 1159, 0.01, 255.21, 0.1572
20241031101727, TSLA, 282.5, 20241108, P, 5, 343, 0.01, 255.21, -0.8474
20241031101727, TSLA, 285, 20241108, C, 809, 4054, 0.0091, 255.21, 0.1374
20241031101727, TSLA, 285, 20241108, P, 16, 408, 0.0091, 255.21, -0.8673
20241031101727, TSLA, 287.5, 20241108, C, 342, 1520, 0.0082, 255.21, 0.1199
20241031101727, TSLA, 287.5, 20241108, P, 1, 201, 0.0083, 255.21, -0.885
20241031101727, TSLA, 290, 20241108, C, 911, 7185, 0.0074, 255.21, 0.1046
20241031101727, TSLA, 290, 20241108, P, 41, 618, 0.0075, 255.21, -0.9004
20241031101727, TSLA, 292.5, 20241108, C, 100, 623, 0.0066, 255.21, 0.0913
20241031101727, TSLA, 292.5, 20241108, P, 16, 112, 0.0068, 255.21, -0.9141
20241031101727, TSLA, 295, 20241108, C, 215, 5606, 0.0059, 255.21, 0.0797
20241031101727, TSLA, 295, 20241108, P, 7, 102, 0.0062, 255.21, -0.926
20241031101727, TSLA, 297.5, 20241108, C, 46, 668, 0.0053, 255.21, 0.0697
20241031101727, TSLA, 297.5, 20241108, P, 2, 88, 0.0056, 255.21, -0.9367
20241031101727, TSLA, 300, 20241108, C, 1996, 14928, 0.0047, 255.21, 0.061
20241031101727, TSLA, 300, 20241108, P, 5, 130, 0.0052, 255.21, -0.9459
20241031101727, TSLA, 302.5, 20241108, C, 97, 402, 0.0042, 255.21, 0.0534
20241031101727, TSLA, 302.5, 20241108, P, 0, 35, 0.0047, 255.21, -0.9541
20241031101727, TSLA, 305, 20241108, C, 75, 2602, 0.0038, 255.21, 0.0468
20241031101727, TSLA, 305, 20241108, P, 0, 22, 0.0042, 255.21, -0.9614
20241031101727, TSLA, 307.5, 20241108, C, 27, 246, 0.0033, 255.21, 0.0411
20241031101727, TSLA, 307.5, 20241108, P, 0, 61, 0.0038, 255.21, -0.9677
20241031101727, TSLA, 310, 20241108, C, 286, 3266, 0.003, 255.21, 0.0362
20241031101727, TSLA, 310, 20241108, P, 2, 71, 0.0034, 255.21, -0.9732
20241031101727, TSLA, 312.5, 20241108, C, 53, 227, 0.0026, 255.21, 0.0319
20241031101727, TSLA, 312.5, 20241108, P, 0, 45, 0.003, 255.21, -0.978
20241031101727, TSLA, 315, 20241108, C, 73, 1490, 0.0024, 255.21, 0.0281
20241031101727, TSLA, 315, 20241108, P, 0, 29, 0.0026, 255.21, -0.9822
20241031101727, TSLA, 317.5, 20241108, C, 4, 226, 0.0021, 255.21, 0.0248
20241031101727, TSLA, 317.5, 20241108, P, 0, 2, 0.0023, 255.21, -0.9857
20241031101727, TSLA, 320, 20241108, C, 84, 2355, 0.0019, 255.21, 0.0219
20241031101727, TSLA, 320, 20241108, P, 1, 41, 0.0019, 255.21, -0.9885
20241031101727, TSLA, 322.5, 20241108, C, 11, 158, 0.0017, 255.21, 0.0194
20241031101727, TSLA, 322.5, 20241108, P, 0, 9, 0.0016, 255.21, -0.991
20241031101727, TSLA, 325, 20241108, C, 87, 1516, 0.0015, 255.21, 0.0172
20241031101727, TSLA, 325, 20241108, P, 0, 9, 0.0013, 255.21, -0.9931
20241031101727, TSLA, 327.5, 20241108, C, 1, 121, 0.0013, 255.21, 0.0152
20241031101727, TSLA, 327.5, 20241108, P, 0, 1, 0.0011, 255.21, -0.9947
20241031101727, TSLA, 330, 20241108, C, 97, 1651, 0.0012, 255.21, 0.0135
20241031101727, TSLA, 330, 20241108, P, 0, 0, 0.0009, 255.21, -0.9959
20241031101727, TSLA, 332.5, 20241108, C, 83, 546, 0.0011, 255.21, 0.012
20241031101727, TSLA, 332.5, 20241108, P, 0, 0, 0.0007, 255.21, -0.9969
20241031101727, TSLA, 335, 20241108, C, 66, 1391, 0.001, 255.21, 0.0107
20241031101727, TSLA, 335, 20241108, P, 0, 0, 0.0005, 255.21, -0.9978
20241031101727, TSLA, 337.5, 20241108, C, 85, 110, 0.0009, 255.21, 0.0095
20241031101727, TSLA, 337.5, 20241108, P, 0, 0, 0.0004, 255.21, -0.9984
20241031101727, TSLA, 340, 20241108, C, 184, 1031, 0.0008, 255.21, 0.0085
20241031101727, TSLA, 340, 20241108, P, 0, 1, 0.0003, 255.21, -0.9988
20241031101727, TSLA, 342.5, 20241108, C, 1238, 797, 0.0007, 255.21, 0.0076
20241031101727, TSLA, 342.5, 20241108, P, 0, 0, 0.0002, 255.21, -0.9991
20241031101727, TSLA, 345, 20241108, C, 501, 466, 0.0006, 255.21, 0.0068
20241031101727, TSLA, 345, 20241108, P, 0, 0, 0.0002, 255.21, -0.9994
20241031101727, TSLA, 347.5, 20241108, C, 190, 433, 0.0006, 255.21, 0.006
20241031101727, TSLA, 347.5, 20241108, P, 0, 0, 0.0001, 255.21, -0.9996
20241031101727, TSLA, 350, 20241108, C, 249, 3732, 0.0005, 255.21, 0.0054
20241031101727, TSLA, 350, 20241108, P, 0, 0, 0.0001, 255.21, -0.9997
20241031101727, TSLA, 352.5, 20241108, C, 2, 582, 0.0004, 255.21, 0.0048
20241031101727, TSLA, 352.5, 20241108, P, 0, 0, 0.0001, 255.21, -0.9998
20241031101727, TSLA, 355, 20241108, C, 77, 476, 0.0004, 255.21, 0.0044
20241031101727, TSLA, 355, 20241108, P, 0, 0, 0, 255.21, -0.9999
20241031101727, TSLA, 357.5, 20241108, C, 3, 52, 0.0004, 255.21, 0.0039
20241031101727, TSLA, 357.5, 20241108, P, 0, 0, 0, 255.21, -0.9999
20241031101727, TSLA, 360, 20241108, C, 11, 829, 0.0003, 255.21, 0.0035
20241031101727, TSLA, 360, 20241108, P, 0, 3, 0, 255.21, -1
20241031101727, TSLA, 362.5, 20241108, C, 1, 39, 0.0003, 255.21, 0.0032
20241031101727, TSLA, 362.5, 20241108, P, 0, 0, 0, 255.21, -1
20241031101727, TSLA, 365, 20241108, C, 15, 897, 0.0003, 255.21, 0.0029
20241031101727, TSLA, 365, 20241108, P, 0, 0, 0, 255.21, -1
20241031101727, TSLA, 370, 20241108, C, 4, 2391, 0.0002, 255.21, 0.0023
20241031101727, TSLA, 370, 20241108, P, 0, 0, 0, 255.21, -1
20241031101727, TSLA, 375, 20241108, C, 0, 676, 0.0002, 255.21, 0.0019
20241031101727, TSLA, 375, 20241108, P, 0, 0, 0, 255.21, -1
20241031101727, TSLA, 380, 20241108, C, 1, 569, 0.0001, 255.21, 0.0016
20241031101727, TSLA, 380, 20241108, P, 0, 0, 0, 255.21, -1
20241031101727, TSLA, 385, 20241108, C, 126, 1060, 0.0001, 255.21, 0.0013
20241031101727, TSLA, 385, 20241108, P, 0, 0, 0, 255.21, -1
20241031101727, TSLA, 390, 20241108, C, 1, 1474, 0.0001, 255.21, 0.0011
20241031101727, TSLA, 390, 20241108, P, 0, 0, 0, 255.21, -1
20241031101727, TSLA, 395, 20241108, C, 20, 1726, 0.0001, 255.21, 0.0009
20241031101727, TSLA, 395, 20241108, P, 0, 0, 0, 255.21, -1
20241031101727, TSLA, 400, 20241108, C, 21, 2773, 0.0001, 255.21, 0.0008
20241031101727, TSLA, 400, 20241108, P, 0, 0, 0, 255.21, -1
20241031101727, TSLA, 405, 20241108, C, 0, 1595, 0.0001, 255.21, 0.0006
20241031101727, TSLA, 405, 20241108, P, 0, 0, 0, 255.21, -1
20241031101727, TSLA, 410, 20241108, C, 31, 356, 0, 255.21, 0.0006
20241031101727, TSLA, 410, 20241108, P, 0, 0, 0, 255.21, -1
20241031101727, TSLA, 415, 20241108, C, 40, 282, 0, 255.21, 0.0005
20241031101727, TSLA, 415, 20241108, P, 0, 0, 0, 255.21, -1
20241031101727, TSLA, 420, 20241108, C, 0, 650, 0, 255.21, 0.0004
20241031101727, TSLA, 420, 20241108, P, 0, 0, 0, 255.21, -1
20241031101727, TSLA, 425, 20241108, C, 0, 179, 0, 255.21, 0.0004
20241031101727, TSLA, 425, 20241108, P, 0, 0, 0, 255.21, -1
20241031101727, TSLA, 430, 20241108, C, 1, 163, 0, 255.21, 0.0003
20241031101727, TSLA, 430, 20241108, P, 0, 0, 0, 255.21, -1
20241031101727, TSLA, 435, 20241108, C, 0, 163, 0, 255.21, 0.0003
20241031101727, TSLA, 435, 20241108, P, 0, 0, 0, 255.21, -1
20241031101727, TSLA, 440, 20241108, C, 0, 230, 0, 255.21, 0.0002
20241031101727, TSLA, 440, 20241108, P, 0, 0, 0, 255.21, -1
20241031101727, TSLA, 445, 20241108, C, 0, 37, 0, 255.21, 0.0002
20241031101727, TSLA, 445, 20241108, P, 0, 0, 0, 255.21, -1
20241031101727, TSLA, 450, 20241108, C, 0, 319, 0, 255.21, 0.0002
20241031101727, TSLA, 450, 20241108, P, 0, 0, 0, 255.21, -1
20241031101727, TSLA, 455, 20241108, C, 0, 94, 0, 255.21, 0.0001
20241031101727, TSLA, 455, 20241108, P, 0, 0, 0, 255.21, -1
20241031101727, TSLA, 460, 20241108, C, 0, 61, 0, 255.21, 0.0001
20241031101727, TSLA, 460, 20241108, P, 0, 0, 0, 255.21, -1
20241031101727, TSLA, 465, 20241108, C, 0, 97, 0, 255.21, 0.0001
20241031101727, TSLA, 465, 20241108, P, 0, 0, 0, 255.21, -1
20241031101727, TSLA, 470, 20241108, C, 0, 12, 0, 255.21, 0.0001
20241031101727, TSLA, 470, 20241108, P, 0, 0, 0, 255.21, -1
20241031101727, TSLA, 475, 20241108, C, 0, 49, 0, 255.21, 0.0001
20241031101727, TSLA, 475, 20241108, P, 0, 0, 0, 255.21, -1
20241031101727, TSLA, 480, 20241108, C, 0, 70, 0, 255.21, 0.0001
20241031101727, TSLA, 480, 20241108, P, 0, 0, 0, 255.21, -1
20241031101727, TSLA, 485, 20241108, C, 0, 31, 0, 255.21, 0.0001
20241031101727, TSLA, 485, 20241108, P, 0, 0, 0, 255.21, -1
20241031101727, TSLA, 490, 20241108, C, 0, 37, 0, 255.21, 0.0001
20241031101727, TSLA, 490, 20241108, P, 0, 0, 0, 255.21, -1
20241031101727, TSLA, 495, 20241108, C, 0, 374, 0, 255.21, 0.0001
20241031101727, TSLA, 495, 20241108, P, 0, 0, 0, 255.21, -1
20241031101727, TSLA, 500, 20241108, C, 0, 175, 0, 255.21, 0
20241031101727, TSLA, 500, 20241108, P, 0, 0, 0, 255.21, -1
20241031101727, TSLA, 510, 20241108, C, 0, 2, 0, 255.21, 0
20241031101727, TSLA, 510, 20241108, P, 0, 0, 0, 255.21, -1
20241031101727, TSLA, 520, 20241108, C, 0, 13, 0, 255.21, 0
20241031101727, TSLA, 520, 20241108, P, 0, 0, 0, 255.21, -1
20241031101727, TSLA, 50, 20241115, C, 0, 230, 0, 255.21, 0.9996
20241031101727, TSLA, 50, 20241115, P, 0, 3839, 0, 255.21, -0.0004
20241031101727, TSLA, 55, 20241115, C, 0, 12, 0, 255.21, 0.9995
20241031101727, TSLA, 55, 20241115, P, 0, 529, 0, 255.21, -0.0004
20241031101727, TSLA, 60, 20241115, C, 0, 41, 0, 255.21, 0.9995
20241031101727, TSLA, 60, 20241115, P, 0, 2515, 0, 255.21, -0.0005
20241031101727, TSLA, 65, 20241115, C, 0, 2, 0, 255.21, 0.9994
20241031101727, TSLA, 65, 20241115, P, 0, 5440, 0, 255.21, -0.0006
20241031101727, TSLA, 70, 20241115, C, 0, 87, 0, 255.21, 0.9993
20241031101727, TSLA, 70, 20241115, P, 3, 2971, 0, 255.21, -0.0006
20241031101727, TSLA, 75, 20241115, C, 0, 132, 0, 255.21, 0.9993
20241031101727, TSLA, 75, 20241115, P, 0, 1877, 0, 255.21, -0.0007
20241031101727, TSLA, 80, 20241115, C, 0, 21, 0, 255.21, 0.9992
20241031101727, TSLA, 80, 20241115, P, 0, 3007, 0, 255.21, -0.0008
20241031101727, TSLA, 85, 20241115, C, 0, 31, 0, 255.21, 0.9991
20241031101727, TSLA, 85, 20241115, P, 20, 1545, 0, 255.21, -0.0009
20241031101727, TSLA, 90, 20241115, C, 0, 19, 0, 255.21, 0.9989
20241031101727, TSLA, 90, 20241115, P, 0, 2580, 0, 255.21, -0.001
20241031101727, TSLA, 95, 20241115, C, 0, 3, 0, 255.21, 0.9988
20241031101727, TSLA, 95, 20241115, P, 0, 3369, 0, 255.21, -0.0012
20241031101727, TSLA, 100, 20241115, C, 0, 434, 0, 255.21, 0.9986
20241031101727, TSLA, 100, 20241115, P, 12, 15101, 0, 255.21, -0.0013
20241031101727, TSLA, 105, 20241115, C, 0, 70, 0.0001, 255.21, 0.9985
20241031101727, TSLA, 105, 20241115, P, 0, 1882, 0.0001, 255.21, -0.0015
20241031101727, TSLA, 110, 20241115, C, 0, 150, 0.0001, 255.21, 0.9983
20241031101727, TSLA, 110, 20241115, P, 0, 5951, 0.0001, 255.21, -0.0017
20241031101727, TSLA, 115, 20241115, C, 0, 349, 0.0001, 255.21, 0.998
20241031101727, TSLA, 115, 20241115, P, 0, 4171, 0.0001, 255.21, -0.0019
20241031101727, TSLA, 120, 20241115, C, 0, 476, 0.0001, 255.21, 0.9978
20241031101727, TSLA, 120, 20241115, P, 0, 10191, 0.0001, 255.21, -0.0022
20241031101727, TSLA, 125, 20241115, C, 1, 170, 0.0001, 255.21, 0.9974
20241031101727, TSLA, 125, 20241115, P, 0, 4097, 0.0001, 255.21, -0.0025
20241031101727, TSLA, 130, 20241115, C, 0, 138, 0.0001, 255.21, 0.9971
20241031101727, TSLA, 130, 20241115, P, 2, 8978, 0.0001, 255.21, -0.0029
20241031101727, TSLA, 135, 20241115, C, 0, 158, 0.0002, 255.21, 0.9966
20241031101727, TSLA, 135, 20241115, P, 0, 4813, 0.0002, 255.21, -0.0033
20241031101727, TSLA, 140, 20241115, C, 1, 791, 0.0002, 255.21, 0.9961
20241031101727, TSLA, 140, 20241115, P, 0, 11411, 0.0002, 255.21, -0.0038
20241031101727, TSLA, 145, 20241115, C, 0, 182, 0.0002, 255.21, 0.9955
20241031101727, TSLA, 145, 20241115, P, 2, 10864, 0.0002, 255.21, -0.0044
20241031101727, TSLA, 150, 20241115, C, 1, 3187, 0.0003, 255.21, 0.9948
20241031101727, TSLA, 150, 20241115, P, 14, 10738, 0.0003, 255.21, -0.0052
20241031101727, TSLA, 155, 20241115, C, 1, 550, 0.0003, 255.21, 0.994
20241031101727, TSLA, 155, 20241115, P, 2, 8522, 0.0003, 255.21, -0.006
20241031101727, TSLA, 160, 20241115, C, 0, 818, 0.0004, 255.21, 0.993
20241031101727, TSLA, 160, 20241115, P, 2, 9828, 0.0004, 255.21, -0.007
20241031101727, TSLA, 165, 20241115, C, 0, 1100, 0.0005, 255.21, 0.9917
20241031101727, TSLA, 165, 20241115, P, 1, 8822, 0.0005, 255.21, -0.0083
20241031101727, TSLA, 170, 20241115, C, 0, 1049, 0.0006, 255.21, 0.9902
20241031101727, TSLA, 170, 20241115, P, 26, 8270, 0.0006, 255.21, -0.0098
20241031101727, TSLA, 175, 20241115, C, 0, 2834, 0.0007, 255.21, 0.9883
20241031101727, TSLA, 175, 20241115, P, 10, 7538, 0.0007, 255.21, -0.0117
20241031101727, TSLA, 180, 20241115, C, 0, 4925, 0.0008, 255.21, 0.986
20241031101727, TSLA, 180, 20241115, P, 55, 9413, 0.0008, 255.21, -0.0141
20241031101727, TSLA, 185, 20241115, C, 4, 3729, 0.001, 255.21, 0.9829
20241031101727, TSLA, 185, 20241115, P, 29, 7887, 0.001, 255.21, -0.0171
20241031101727, TSLA, 190, 20241115, C, 9, 4712, 0.0013, 255.21, 0.9789
20241031101727, TSLA, 190, 20241115, P, 16, 12199, 0.0013, 255.21, -0.0212
20241031101727, TSLA, 195, 20241115, C, 2, 3315, 0.0016, 255.21, 0.9734
20241031101727, TSLA, 195, 20241115, P, 21, 4055, 0.0016, 255.21, -0.0266
20241031101727, TSLA, 197.5, 20241115, C, 0, 20, 0.0019, 255.21, 0.97
20241031101727, TSLA, 197.5, 20241115, P, 1, 756, 0.0019, 255.21, -0.0302
20241031101727, TSLA, 200, 20241115, C, 7, 7032, 0.0021, 255.21, 0.9659
20241031101727, TSLA, 200, 20241115, P, 651, 19295, 0.0021, 255.21, -0.0342
20241031101727, TSLA, 202.5, 20241115, C, 0, 110, 0.0024, 255.21, 0.9612
20241031101727, TSLA, 202.5, 20241115, P, 12, 568, 0.0024, 255.21, -0.039
20241031101727, TSLA, 205, 20241115, C, 2, 3175, 0.0027, 255.21, 0.9556
20241031101727, TSLA, 205, 20241115, P, 1829, 8613, 0.0027, 255.21, -0.0445
20241031101727, TSLA, 207.5, 20241115, C, 0, 172, 0.0031, 255.21, 0.9491
20241031101727, TSLA, 207.5, 20241115, P, 49, 892, 0.0031, 255.21, -0.051
20241031101727, TSLA, 210, 20241115, C, 21, 7155, 0.0035, 255.21, 0.9415
20241031101727, TSLA, 210, 20241115, P, 1150, 13785, 0.0035, 255.21, -0.0586
20241031101727, TSLA, 212.5, 20241115, C, 2, 558, 0.0039, 255.21, 0.9327
20241031101727, TSLA, 212.5, 20241115, P, 30, 763, 0.0039, 255.21, -0.0675
20241031101727, TSLA, 215, 20241115, C, 33, 3949, 0.0044, 255.21, 0.9226
20241031101727, TSLA, 215, 20241115, P, 94, 9287, 0.0044, 255.21, -0.0777
20241031101727, TSLA, 217.5, 20241115, C, 8, 968, 0.005, 255.21, 0.9109
20241031101727, TSLA, 217.5, 20241115, P, 43, 2255, 0.005, 255.21, -0.0894
20241031101727, TSLA, 220, 20241115, C, 50, 16643, 0.0056, 255.21, 0.8977
20241031101727, TSLA, 220, 20241115, P, 584, 27252, 0.0056, 255.21, -0.1027
20241031101727, TSLA, 222.5, 20241115, C, 71, 1111, 0.0062, 255.21, 0.8828
20241031101727, TSLA, 222.5, 20241115, P, 104, 904, 0.0062, 255.21, -0.1177
20241031101727, TSLA, 225, 20241115, C, 65, 28771, 0.0069, 255.21, 0.866
20241031101727, TSLA, 225, 20241115, P, 255, 8532, 0.0069, 255.21, -0.1345
20241031101727, TSLA, 227.5, 20241115, C, 26, 560, 0.0076, 255.21, 0.8474
20241031101727, TSLA, 227.5, 20241115, P, 148, 1008, 0.0076, 255.21, -0.1532
20241031101727, TSLA, 230, 20241115, C, 124, 8373, 0.0083, 255.21, 0.827
20241031101727, TSLA, 230, 20241115, P, 10327, 21340, 0.0083, 255.21, -0.1738
20241031101727, TSLA, 232.5, 20241115, C, 74, 492, 0.009, 255.21, 0.8046
20241031101727, TSLA, 232.5, 20241115, P, 249, 1629, 0.009, 255.21, -0.1963
20241031101727, TSLA, 235, 20241115, C, 73, 4500, 0.0097, 255.21, 0.7804
20241031101727, TSLA, 235, 20241115, P, 310, 6184, 0.0098, 255.21, -0.2207
20241031101727, TSLA, 237.5, 20241115, C, 145, 674, 0.0104, 255.21, 0.7543
20241031101727, TSLA, 237.5, 20241115, P, 503, 1034, 0.0104, 255.21, -0.2468
20241031101727, TSLA, 240, 20241115, C, 332, 12178, 0.011, 255.21, 0.7266
20241031101727, TSLA, 240, 20241115, P, 1119, 13572, 0.0111, 255.21, -0.2747
20241031101727, TSLA, 242.5, 20241115, C, 129, 1628, 0.0116, 255.21, 0.6974
20241031101727, TSLA, 242.5, 20241115, P, 86, 1427, 0.0117, 255.21, -0.3041
20241031101727, TSLA, 245, 20241115, C, 307, 10346, 0.0122, 255.21, 0.6668
20241031101727, TSLA, 245, 20241115, P, 600, 8914, 0.0122, 255.21, -0.3348
20241031101727, TSLA, 247.5, 20241115, C, 172, 487, 0.0126, 255.21, 0.6352
20241031101727, TSLA, 247.5, 20241115, P, 175, 858, 0.0127, 255.21, -0.3667
20241031101727, TSLA, 250, 20241115, C, 961, 19692, 0.013, 255.21, 0.6026
20241031101727, TSLA, 250, 20241115, P, 1442, 15607, 0.013, 255.21, -0.3995
20241031101727, TSLA, 252.5, 20241115, C, 478, 633, 0.0132, 255.21, 0.5695
20241031101727, TSLA, 252.5, 20241115, P, 494, 1627, 0.0133, 255.21, -0.4328
20241031101727, TSLA, 255, 20241115, C, 2975, 38466, 0.0134, 255.21, 0.5361
20241031101727, TSLA, 255, 20241115, P, 1170, 3713, 0.0135, 255.21, -0.4664
20241031101727, TSLA, 257.5, 20241115, C, 866, 1099, 0.0135, 255.21, 0.5027
20241031101727, TSLA, 257.5, 20241115, P, 508, 878, 0.0136, 255.21, -0.5001
20241031101727, TSLA, 260, 20241115, C, 1626, 15730, 0.0134, 255.21, 0.4695
20241031101727, TSLA, 260, 20241115, P, 944, 9144, 0.0136, 255.21, -0.5336
20241031101727, TSLA, 262.5, 20241115, C, 546, 1798, 0.0133, 255.21, 0.4369
20241031101727, TSLA, 262.5, 20241115, P, 191, 1262, 0.0134, 255.21, -0.5665
20241031101727, TSLA, 265, 20241115, C, 1395, 12757, 0.0131, 255.21, 0.405
20241031101727, TSLA, 265, 20241115, P, 1027, 4093, 0.0132, 255.21, -0.5986
20241031101727, TSLA, 267.5, 20241115, C, 256, 1250, 0.0128, 255.21, 0.3742
20241031101727, TSLA, 267.5, 20241115, P, 124, 1212, 0.0129, 255.21, -0.6297
20241031101727, TSLA, 270, 20241115, C, 1485, 13033, 0.0124, 255.21, 0.3445
20241031101727, TSLA, 270, 20241115, P, 180, 2461, 0.0125, 255.21, -0.6597
20241031101727, TSLA, 272.5, 20241115, C, 131, 2021, 0.012, 255.21, 0.3162
20241031101727, TSLA, 272.5, 20241115, P, 6, 431, 0.0121, 255.21, -0.6883
20241031101727, TSLA, 275, 20241115, C, 6786, 12651, 0.0115, 255.21, 0.2894
20241031101727, TSLA, 275, 20241115, P, 60, 1700, 0.0116, 255.21, -0.7155
20241031101727, TSLA, 277.5, 20241115, C, 240, 1074, 0.011, 255.21, 0.264
20241031101727, TSLA, 277.5, 20241115, P, 25, 223, 0.0111, 255.21, -0.741
20241031101727, TSLA, 280, 20241115, C, 1710, 14023, 0.0104, 255.21, 0.2404
20241031101727, TSLA, 280, 20241115, P, 122, 529, 0.0105, 255.21, -0.7651
20241031101727, TSLA, 282.5, 20241115, C, 206, 1130, 0.0098, 255.21, 0.2183
20241031101727, TSLA, 282.5, 20241115, P, 2, 579, 0.01, 255.21, -0.7874
20241031101727, TSLA, 285, 20241115, C, 518, 11847, 0.0092, 255.21, 0.1979
20241031101727, TSLA, 285, 20241115, P, 30, 475, 0.0094, 255.21, -0.8081
20241031101727, TSLA, 287.5, 20241115, C, 98, 854, 0.0086, 255.21, 0.1791
20241031101727, TSLA, 287.5, 20241115, P, 0, 163, 0.0088, 255.21, -0.8273
20241031101727, TSLA, 290, 20241115, C, 1445, 9349, 0.008, 255.21, 0.1619
20241031101727, TSLA, 290, 20241115, P, 63, 818, 0.0082, 255.21, -0.8447
20241031101727, TSLA, 292.5, 20241115, C, 61, 1461, 0.0075, 255.21, 0.1463
20241031101727, TSLA, 292.5, 20241115, P, 1, 93, 0.0076, 255.21, -0.8607
20241031101727, TSLA, 295, 20241115, C, 103, 5567, 0.0069, 255.21, 0.1321
20241031101727, TSLA, 295, 20241115, P, 2, 79, 0.0071, 255.21, -0.8752
20241031101727, TSLA, 297.5, 20241115, C, 49, 840, 0.0064, 255.21, 0.1191
20241031101727, TSLA, 297.5, 20241115, P, 0, 27, 0.0066, 255.21, -0.8883
20241031101727, TSLA, 300, 20241115, C, 1521, 26717, 0.0059, 255.21, 0.1076
20241031101727, TSLA, 300, 20241115, P, 18, 759, 0.0061, 255.21, -0.9002
20241031101727, TSLA, 305, 20241115, C, 505, 3609, 0.005, 255.21, 0.0877
20241031101727, TSLA, 305, 20241115, P, 1, 102, 0.0052, 255.21, -0.9205
20241031101727, TSLA, 310, 20241115, C, 250, 10786, 0.0043, 255.21, 0.0718
20241031101727, TSLA, 310, 20241115, P, 1, 780, 0.0046, 255.21, -0.9374
20241031101727, TSLA, 315, 20241115, C, 148, 3597, 0.0036, 255.21, 0.059
20241031101727, TSLA, 315, 20241115, P, 11, 238, 0.004, 255.21, -0.9508
20241031101727, TSLA, 320, 20241115, C, 236, 6292, 0.0031, 255.21, 0.0488
20241031101727, TSLA, 320, 20241115, P, 4, 559, 0.0036, 255.21, -0.9626
20241031101727, TSLA, 325, 20241115, C, 103, 10591, 0.0026, 255.21, 0.0407
20241031101727, TSLA, 325, 20241115, P, 59, 362, 0.0032, 255.21, -0.9718
20241031101727, TSLA, 330, 20241115, C, 143, 3316, 0.0022, 255.21, 0.034
20241031101727, TSLA, 330, 20241115, P, 11, 331, 0.0026, 255.21, -0.9795
20241031101727, TSLA, 335, 20241115, C, 12, 1233, 0.0019, 255.21, 0.0286
20241031101727, TSLA, 335, 20241115, P, 0, 73, 0.0021, 255.21, -0.9856
20241031101727, TSLA, 340, 20241115, C, 87, 3642, 0.0016, 255.21, 0.0241
20241031101727, TSLA, 340, 20241115, P, 10, 189, 0.0016, 255.21, -0.99
20241031101727, TSLA, 345, 20241115, C, 54, 1096, 0.0014, 255.21, 0.0205
20241031101727, TSLA, 345, 20241115, P, 0, 0, 0.0012, 255.21, -0.9933
20241031101727, TSLA, 350, 20241115, C, 148, 6479, 0.0012, 255.21, 0.0175
20241031101727, TSLA, 350, 20241115, P, 1, 2, 0.0008, 255.21, -0.996
20241031101727, TSLA, 355, 20241115, C, 3, 1328, 0.001, 255.21, 0.0148
20241031101727, TSLA, 355, 20241115, P, 0, 0, 0.0006, 255.21, -0.9975
20241031101727, TSLA, 360, 20241115, C, 5, 2631, 0.0009, 255.21, 0.0128
20241031101727, TSLA, 360, 20241115, P, 0, 0, 0.0004, 255.21, -0.9984
20241031101727, TSLA, 365, 20241115, C, 1, 2442, 0.0008, 255.21, 0.0109
20241031101727, TSLA, 365, 20241115, P, 2, 0, 0.0002, 255.21, -0.9992
20241031101727, TSLA, 370, 20241115, C, 50, 2317, 0.0006, 255.21, 0.0094
20241031101727, TSLA, 370, 20241115, P, 0, 0, 0.0001, 255.21, -0.9996
20241031101727, TSLA, 375, 20241115, C, 1, 1329, 0.0006, 255.21, 0.0081
20241031101727, TSLA, 375, 20241115, P, 0, 0, 0.0001, 255.21, -0.9998
20241031101727, TSLA, 380, 20241115, C, 26, 1458, 0.0005, 255.21, 0.007
20241031101727, TSLA, 380, 20241115, P, 0, 0, 0, 255.21, -0.9999
20241031101727, TSLA, 385, 20241115, C, 28, 1162, 0.0004, 255.21, 0.006
20241031101727, TSLA, 385, 20241115, P, 0, 0, 0, 255.21, -1
20241031101727, TSLA, 390, 20241115, C, 0, 669, 0.0004, 255.21, 0.0052
20241031101727, TSLA, 390, 20241115, P, 0, 0, 0, 255.21, -1
20241031101727, TSLA, 395, 20241115, C, 6, 703, 0.0003, 255.21, 0.0046
20241031101727, TSLA, 395, 20241115, P, 0, 0, 0, 255.21, -1
20241031101727, TSLA, 400, 20241115, C, 59, 4866, 0.0003, 255.21, 0.004
20241031101727, TSLA, 400, 20241115, P, 0, 1, 0, 255.21, -1
20241031101727, TSLA, 405, 20241115, C, 0, 872, 0.0002, 255.21, 0.0035
20241031101727, TSLA, 405, 20241115, P, 0, 0, 0, 255.21, -1
20241031101727, TSLA, 410, 20241115, C, 0, 1294, 0.0002, 255.21, 0.003
20241031101727, TSLA, 410, 20241115, P, 0, 3, 0, 255.21, -1
20241031101727, TSLA, 415, 20241115, C, 0, 775, 0.0002, 255.21, 0.0027
20241031101727, TSLA, 415, 20241115, P, 0, 0, 0, 255.21, -1
20241031101727, TSLA, 420, 20241115, C, 31, 3056, 0.0002, 255.21, 0.0023
20241031101727, TSLA, 420, 20241115, P, 0, 0, 0, 255.21, -1
20241031101727, TSLA, 425, 20241115, C, 4, 858, 0.0001, 255.21, 0.0021
20241031101727, TSLA, 425, 20241115, P, 0, 0, 0, 255.21, -1
20241031101727, TSLA, 430, 20241115, C, 0, 1057, 0.0001, 255.21, 0.0018
20241031101727, TSLA, 430, 20241115, P, 0, 0, 0, 255.21, -1
20241031101727, TSLA, 435, 20241115, C, 1, 227, 0.0001, 255.21, 0.0016
20241031101727, TSLA, 435, 20241115, P, 0, 0, 0, 255.21, -1
20241031101727, TSLA, 440, 20241115, C, 0, 247, 0.0001, 255.21, 0.0014
20241031101727, TSLA, 440, 20241115, P, 0, 0, 0, 255.21, -1
20241031101727, TSLA, 445, 20241115, C, 20, 263, 0.0001, 255.21, 0.0013
20241031101727, TSLA, 445, 20241115, P, 0, 0, 0, 255.21, -1
20241031101727, TSLA, 450, 20241115, C, 0, 2503, 0.0001, 255.21, 0.0011
20241031101727, TSLA, 450, 20241115, P, 0, 0, 0, 255.21, -1
20241031101727, TSLA, 455, 20241115, C, 0, 794, 0.0001, 255.21, 0.001
20241031101727, TSLA, 455, 20241115, P, 0, 0, 0, 255.21, -1
20241031101727, TSLA, 460, 20241115, C, 2, 1409, 0.0001, 255.21, 0.0009
20241031101727, TSLA, 460, 20241115, P, 0, 0, 0, 255.21, -1
20241031101727, TSLA, 470, 20241115, C, 39, 554, 0, 255.21, 0.0007
20241031101727, TSLA, 470, 20241115, P, 0, 0, 0, 255.21, -1
20241031101727, TSLA, 480, 20241115, C, 350, 259, 0, 255.21, 0.0006
20241031101727, TSLA, 480, 20241115, P, 0, 0, 0, 255.21, -1
20241031101727, TSLA, 485, 20241115, C, 0, 84, 0, 255.21, 0.0006
20241031101727, TSLA, 485, 20241115, P, 0, 0, 0, 255.21, -1
20241031101727, TSLA, 490, 20241115, C, 0, 501, 0, 255.21, 0.0005
20241031101727, TSLA, 490, 20241115, P, 0, 0, 0, 255.21, -1
20241031101727, TSLA, 495, 20241115, C, 0, 11, 0, 255.21, 0.0004
20241031101727, TSLA, 495, 20241115, P, 0, 0, 0, 255.21, -1
20241031101727, TSLA, 500, 20241115, C, 501, 5302, 0, 255.21, 0.0004
20241031101727, TSLA, 500, 20241115, P, 0, 0, 0, 255.21, -1
20241031101727, TSLA, 510, 20241115, C, 0, 1966, 0, 255.21, 0.0003
20241031101727, TSLA, 510, 20241115, P, 0, 0, 0, 255.21, -1
20241031101727, TSLA, 520, 20241115, C, 0, 3216, 0, 255.21, 0.0003
20241031101727, TSLA, 520, 20241115, P, 0, 0, 0, 255.21, -1
20241031101727, TSLA, 530, 20241115, C, 0, 1851, 0, 255.21, 0.0002
20241031101727, TSLA, 530, 20241115, P, 0, 0, 0, 255.21, -1
20241031101727, TSLA, 540, 20241115, C, 0, 5989, 0, 255.21, 0.0002
20241031101727, TSLA, 540, 20241115, P, 0, 0, 0, 255.21, -1
20241031101727, TSLA, 75, 20241122, C, 0, 3, 0, 255.21, 0.9992
20241031101727, TSLA, 75, 20241122, P, 0, 0, 0, 255.21, -0.0008
20241031101727, TSLA, 80, 20241122, C, 0, 0, 0, 255.21, 0.9991
20241031101727, TSLA, 80, 20241122, P, 0, 67, 0, 255.21, -0.0009
20241031101727, TSLA, 85, 20241122, C, 0, 2, 0, 255.21, 0.9989
20241031101727, TSLA, 85, 20241122, P, 0, 107, 0, 255.21, -0.001
20241031101727, TSLA, 90, 20241122, C, 0, 4, 0, 255.21, 0.9988
20241031101727, TSLA, 90, 20241122, P, 0, 444, 0, 255.21, -0.0012
20241031101727, TSLA, 95, 20241122, C, 0, 0, 0, 255.21, 0.9986
20241031101727, TSLA, 95, 20241122, P, 0, 28, 0, 255.21, -0.0014
20241031101727, TSLA, 100, 20241122, C, 0, 36, 0.0001, 255.21, 0.9984
20241031101727, TSLA, 100, 20241122, P, 0, 460, 0.0001, 255.21, -0.0016
20241031101727, TSLA, 105, 20241122, C, 0, 1, 0.0001, 255.21, 0.9981
20241031101727, TSLA, 105, 20241122, P, 0, 18, 0.0001, 255.21, -0.0018
20241031101727, TSLA, 110, 20241122, C, 0, 1, 0.0001, 255.21, 0.9979
20241031101727, TSLA, 110, 20241122, P, 0, 38, 0.0001, 255.21, -0.0021
20241031101727, TSLA, 115, 20241122, C, 0, 1, 0.0001, 255.21, 0.9975
20241031101727, TSLA, 115, 20241122, P, 0, 17, 0.0001, 255.21, -0.0024
20241031101727, TSLA, 120, 20241122, C, 0, 6, 0.0001, 255.21, 0.9972
20241031101727, TSLA, 120, 20241122, P, 0, 49, 0.0001, 255.21, -0.0028
20241031101727, TSLA, 125, 20241122, C, 0, 0, 0.0001, 255.21, 0.9967
20241031101727, TSLA, 125, 20241122, P, 0, 102, 0.0001, 255.21, -0.0033
20241031101727, TSLA, 130, 20241122, C, 0, 5, 0.0002, 255.21, 0.9962
20241031101727, TSLA, 130, 20241122, P, 0, 271, 0.0002, 255.21, -0.0038
20241031101727, TSLA, 135, 20241122, C, 0, 6, 0.0002, 255.21, 0.9956
20241031101727, TSLA, 135, 20241122, P, 0, 910, 0.0002, 255.21, -0.0044
20241031101727, TSLA, 140, 20241122, C, 0, 8, 0.0002, 255.21, 0.9949
20241031101727, TSLA, 140, 20241122, P, 0, 199, 0.0002, 255.21, -0.0051
20241031101727, TSLA, 145, 20241122, C, 0, 6, 0.0003, 255.21, 0.9941
20241031101727, TSLA, 145, 20241122, P, 0, 72, 0.0003, 255.21, -0.0059
20241031101727, TSLA, 150, 20241122, C, 0, 46, 0.0003, 255.21, 0.9931
20241031101727, TSLA, 150, 20241122, P, 0, 268, 0.0003, 255.21, -0.0069
20241031101727, TSLA, 155, 20241122, C, 0, 47, 0.0004, 255.21, 0.9919
20241031101727, TSLA, 155, 20241122, P, 5, 119, 0.0004, 255.21, -0.0081
20241031101727, TSLA, 160, 20241122, C, 0, 4, 0.0005, 255.21, 0.9904
20241031101727, TSLA, 160, 20241122, P, 2, 1377, 0.0005, 255.21, -0.0096
20241031101727, TSLA, 165, 20241122, C, 0, 32, 0.0006, 255.21, 0.9887
20241031101727, TSLA, 165, 20241122, P, 15, 245, 0.0006, 255.21, -0.0113
20241031101727, TSLA, 170, 20241122, C, 1, 94, 0.0007, 255.21, 0.9865
20241031101727, TSLA, 170, 20241122, P, 8, 848, 0.0007, 255.21, -0.0135
20241031101727, TSLA, 175, 20241122, C, 0, 91, 0.0008, 255.21, 0.9838
20241031101727, TSLA, 175, 20241122, P, 5, 551, 0.0008, 255.21, -0.0162
20241031101727, TSLA, 180, 20241122, C, 1, 20, 0.001, 255.21, 0.9803
20241031101727, TSLA, 180, 20241122, P, 33, 1161, 0.001, 255.21, -0.0197
20241031101727, TSLA, 185, 20241122, C, 0, 23, 0.0013, 255.21, 0.9758
20241031101727, TSLA, 185, 20241122, P, 5, 1038, 0.0013, 255.21, -0.0243
20241031101727, TSLA, 190, 20241122, C, 1, 254, 0.0016, 255.21, 0.9698
20241031101727, TSLA, 190, 20241122, P, 24, 1048, 0.0016, 255.21, -0.0302
20241031101727, TSLA, 195, 20241122, C, 0, 251, 0.002, 255.21, 0.962
20241031101727, TSLA, 195, 20241122, P, 34, 1104, 0.002, 255.21, -0.0382
20241031101727, TSLA, 200, 20241122, C, 3, 116, 0.0025, 255.21, 0.9516
20241031101727, TSLA, 200, 20241122, P, 140, 1894, 0.0025, 255.21, -0.0485
20241031101727, TSLA, 205, 20241122, C, 0, 89, 0.0031, 255.21, 0.9381
20241031101727, TSLA, 205, 20241122, P, 8, 833, 0.0032, 255.21, -0.0621
20241031101727, TSLA, 210, 20241122, C, 2, 224, 0.0039, 255.21, 0.9207
20241031101727, TSLA, 210, 20241122, P, 24, 1067, 0.0039, 255.21, -0.0796
20241031101727, TSLA, 215, 20241122, C, 0, 382, 0.0048, 255.21, 0.8988
20241031101727, TSLA, 215, 20241122, P, 32, 1342, 0.0048, 255.21, -0.1016
20241031101727, TSLA, 220, 20241122, C, 23, 893, 0.0057, 255.21, 0.8718
20241031101727, TSLA, 220, 20241122, P, 87, 1851, 0.0058, 255.21, -0.1288
20241031101727, TSLA, 225, 20241122, C, 3, 1725, 0.0068, 255.21, 0.8391
20241031101727, TSLA, 225, 20241122, P, 85, 1090, 0.0068, 255.21, -0.1617
20241031101727, TSLA, 230, 20241122, C, 15, 630, 0.0079, 255.21, 0.8007
20241031101727, TSLA, 230, 20241122, P, 82, 969, 0.0079, 255.21, -0.2005
20241031101727, TSLA, 235, 20241122, C, 7, 1015, 0.0089, 255.21, 0.7566
20241031101727, TSLA, 235, 20241122, P, 63, 797, 0.009, 255.21, -0.2447
20241031101727, TSLA, 240, 20241122, C, 55, 1146, 0.0099, 255.21, 0.7075
20241031101727, TSLA, 240, 20241122, P, 121, 1868, 0.0099, 255.21, -0.2944
20241031101727, TSLA, 245, 20241122, C, 48, 4540, 0.0106, 255.21, 0.6543
20241031101727, TSLA, 245, 20241122, P, 115, 2268, 0.0107, 255.21, -0.3477
20241031101727, TSLA, 250, 20241122, C, 200, 1897, 0.0112, 255.21, 0.5983
20241031101727, TSLA, 250, 20241122, P, 188, 1660, 0.0113, 255.21, -0.4042
20241031101727, TSLA, 255, 20241122, C, 143, 1090, 0.0115, 255.21, 0.5409
20241031101727, TSLA, 255, 20241122, P, 189, 559, 0.0116, 255.21, -0.4624
20241031101727, TSLA, 260, 20241122, C, 297, 2025, 0.0116, 255.21, 0.4835
20241031101727, TSLA, 260, 20241122, P, 130, 675, 0.0117, 255.21, -0.52
20241031101727, TSLA, 265, 20241122, C, 131, 1390, 0.0114, 255.21, 0.4273
20241031101727, TSLA, 265, 20241122, P, 63, 621, 0.0116, 255.21, -0.5766
20241031101727, TSLA, 270, 20241122, C, 277, 1677, 0.011, 255.21, 0.3739
20241031101727, TSLA, 270, 20241122, P, 21, 779, 0.0112, 255.21, -0.6306
20241031101727, TSLA, 275, 20241122, C, 133, 1333, 0.0104, 255.21, 0.3241
20241031101727, TSLA, 275, 20241122, P, 10, 112, 0.0106, 255.21, -0.6812
20241031101727, TSLA, 280, 20241122, C, 200, 2665, 0.0097, 255.21, 0.2785
20241031101727, TSLA, 280, 20241122, P, 51, 165, 0.0099, 255.21, -0.7275
20241031101727, TSLA, 285, 20241122, C, 62, 1049, 0.0089, 255.21, 0.2377
20241031101727, TSLA, 285, 20241122, P, 13, 25, 0.0091, 255.21, -0.7691
20241031101727, TSLA, 290, 20241122, C, 650, 1689, 0.008, 255.21, 0.2018
20241031101727, TSLA, 290, 20241122, P, 1, 110, 0.0082, 255.21, -0.8058
20241031101727, TSLA, 295, 20241122, C, 54, 885, 0.0072, 255.21, 0.1707
20241031101727, TSLA, 295, 20241122, P, 0, 21, 0.0074, 255.21, -0.8377
20241031101727, TSLA, 300, 20241122, C, 852, 6338, 0.0064, 255.21, 0.1441
20241031101727, TSLA, 300, 20241122, P, 0, 56, 0.0066, 255.21, -0.8651
20241031101727, TSLA, 305, 20241122, C, 14, 461, 0.0056, 255.21, 0.1217
20241031101727, TSLA, 305, 20241122, P, 0, 168, 0.0058, 255.21, -0.8883
20241031101727, TSLA, 310, 20241122, C, 5, 1583, 0.0049, 255.21, 0.1027
20241031101727, TSLA, 310, 20241122, P, 0, 2, 0.0051, 255.21, -0.9077
20241031101727, TSLA, 315, 20241122, C, 14, 541, 0.0043, 255.21, 0.087
20241031101727, TSLA, 315, 20241122, P, 0, 5, 0.0045, 255.21, -0.9243
20241031101727, TSLA, 320, 20241122, C, 62, 1027, 0.0037, 255.21, 0.0739
20241031101727, TSLA, 320, 20241122, P, 0, 14, 0.0041, 255.21, -0.9382
20241031101727, TSLA, 325, 20241122, C, 62, 458, 0.0033, 255.21, 0.0629
20241031101727, TSLA, 325, 20241122, P, 0, 13, 0.0037, 255.21, -0.95
20241031101727, TSLA, 330, 20241122, C, 26, 510, 0.0028, 255.21, 0.0538
20241031101727, TSLA, 330, 20241122, P, 0, 20, 0.0034, 255.21, -0.9607
20241031101727, TSLA, 335, 20241122, C, 6, 237, 0.0025, 255.21, 0.0462
20241031101727, TSLA, 335, 20241122, P, 0, 14, 0.0032, 255.21, -0.9695
20241031101727, TSLA, 340, 20241122, C, 3, 277, 0.0022, 255.21, 0.0398
20241031101727, TSLA, 340, 20241122, P, 0, 1, 0.0027, 255.21, -0.9771
20241031101727, TSLA, 350, 20241122, C, 43, 552, 0.0017, 255.21, 0.0299
20241031101727, TSLA, 350, 20241122, P, 0, 13, 0.0019, 255.21, -0.9886
20241031101727, TSLA, 355, 20241122, C, 0, 300, 0.0015, 255.21, 0.026
20241031101727, TSLA, 355, 20241122, P, 0, 0, 0.0014, 255.21, -0.9921
20241031101727, TSLA, 360, 20241122, C, 21, 219, 0.0013, 255.21, 0.0228
20241031101727, TSLA, 360, 20241122, P, 0, 0, 0.001, 255.21, -0.9948
20241031101727, TSLA, 365, 20241122, C, 11, 382, 0.0011, 255.21, 0.02
20241031101727, TSLA, 365, 20241122, P, 0, 0, 0.0006, 255.21, -0.997
20241031101727, TSLA, 370, 20241122, C, 5, 202, 0.001, 255.21, 0.0176
20241031101727, TSLA, 370, 20241122, P, 0, 9, 0.0004, 255.21, -0.9984
20241031101727, TSLA, 375, 20241122, C, 1, 38, 0.0009, 255.21, 0.0155
20241031101727, TSLA, 375, 20241122, P, 0, 0, 0.0003, 255.21, -0.999
20241031101727, TSLA, 380, 20241122, C, 34, 282, 0.0008, 255.21, 0.0137
20241031101727, TSLA, 380, 20241122, P, 0, 0, 0.0001, 255.21, -0.9994
20241031101727, TSLA, 385, 20241122, C, 1, 55, 0.0007, 255.21, 0.0121
20241031101727, TSLA, 385, 20241122, P, 0, 0, 0, 255.21, -0.9998
20241031101727, TSLA, 390, 20241122, C, 4, 156, 0.0006, 255.21, 0.0108
20241031101727, TSLA, 390, 20241122, P, 0, 0, 0, 255.21, -1
20241031101727, TSLA, 395, 20241122, C, 3, 231, 0.0006, 255.21, 0.0096
20241031101727, TSLA, 395, 20241122, P, 0, 0, 0, 255.21, -1
20241031101727, TSLA, 400, 20241122, C, 1, 318, 0.0005, 255.21, 0.0086
20241031101727, TSLA, 400, 20241122, P, 0, 0, 0, 255.21, -1
20241031101727, TSLA, 405, 20241122, C, 0, 11, 0.0004, 255.21, 0.0076
20241031101727, TSLA, 405, 20241122, P, 0, 0, 0, 255.21, -1
20241031101727, TSLA, 410, 20241122, C, 0, 33, 0.0004, 255.21, 0.0069
20241031101727, TSLA, 410, 20241122, P, 0, 0, 0, 255.21, -1
20241031101727, TSLA, 415, 20241122, C, 6, 5, 0.0004, 255.21, 0.0062
20241031101727, TSLA, 415, 20241122, P, 0, 0, 0, 255.21, -1
20241031101727, TSLA, 420, 20241122, C, 0, 82, 0.0003, 255.21, 0.0056
20241031101727, TSLA, 420, 20241122, P, 0, 0, 0, 255.21, -1
20241031101727, TSLA, 425, 20241122, C, 1, 43, 0.0003, 255.21, 0.005
20241031101727, TSLA, 425, 20241122, P, 0, 0, 0, 255.21, -1
20241031101727, TSLA, 430, 20241122, C, 0, 29, 0.0003, 255.21, 0.0046
20241031101727, TSLA, 430, 20241122, P, 0, 0, 0, 255.21, -1
20241031101727, TSLA, 435, 20241122, C, 0, 19, 0.0002, 255.21, 0.0041
20241031101727, TSLA, 435, 20241122, P, 0, 0, 0, 255.21, -1
20241031101727, TSLA, 440, 20241122, C, 2, 11, 0.0002, 255.21, 0.0038
20241031101727, TSLA, 440, 20241122, P, 0, 0, 0, 255.21, -1
20241031101727, TSLA, 445, 20241122, C, 0, 15, 0.0002, 255.21, 0.0034
20241031101727, TSLA, 445, 20241122, P, 0, 0, 0, 255.21, -1
20241031101727, TSLA, 450, 20241122, C, 0, 23, 0.0002, 255.21, 0.0031
20241031101727, TSLA, 450, 20241122, P, 0, 0, 0, 255.21, -1
20241031101727, TSLA, 455, 20241122, C, 0, 8, 0.0002, 255.21, 0.0029
20241031101727, TSLA, 455, 20241122, P, 0, 0, 0, 255.21, -1
20241031101727, TSLA, 460, 20241122, C, 0, 24, 0.0002, 255.21, 0.0026
20241031101727, TSLA, 460, 20241122, P, 0, 0, 0, 255.21, -1
20241031101727, TSLA, 465, 20241122, C, 0, 35, 0.0001, 255.21, 0.0024
20241031101727, TSLA, 465, 20241122, P, 0, 0, 0, 255.21, -1
20241031101727, TSLA, 470, 20241122, C, 0, 151, 0.0001, 255.21, 0.0022
20241031101727, TSLA, 470, 20241122, P, 0, 0, 0, 255.21, -1
20241031101727, TSLA, 475, 20241122, C, 0, 24, 0.0001, 255.21, 0.0021
20241031101727, TSLA, 475, 20241122, P, 0, 0, 0, 255.21, -1
20241031101727, TSLA, 480, 20241122, C, 0, 68, 0.0001, 255.21, 0.0019
20241031101727, TSLA, 480, 20241122, P, 0, 0, 0, 255.21, -1
20241031101727, TSLA, 485, 20241122, C, 0, 11, 0.0001, 255.21, 0.0018
20241031101727, TSLA, 485, 20241122, P, 0, 0, 0, 255.21, -1
20241031101727, TSLA, 490, 20241122, C, 0, 4, 0.0001, 255.21, 0.0016
20241031101727, TSLA, 490, 20241122, P, 0, 0, 0, 255.21, -1
20241031101727, TSLA, 495, 20241122, C, 0, 88, 0.0001, 255.21, 0.0015
20241031101727, TSLA, 495, 20241122, P, 0, 0, 0, 255.21, -1
20241031101727, TSLA, 500, 20241122, C, 0, 810, 0.0001, 255.21, 0.0014
20241031101727, TSLA, 500, 20241122, P, 0, 0, 0, 255.21, -1
20241031101727, TSLA, 510, 20241122, C, 0, 0, 0.0001, 255.21, 0.0012
20241031101727, TSLA, 510, 20241122, P, 0, 0, 0, 255.21, -1
20241031101727, TSLA, 520, 20241122, C, 0, 80, 0.0001, 255.21, 0.0011
20241031101727, TSLA, 520, 20241122, P, 0, 0, 0, 255.21, -1
20241031101727, TSLA, 75, 20241129, C, 0, 2, 0, 255.21, 0.9991
20241031101727, TSLA, 75, 20241129, P, 0, 215, 0, 255.21, -0.0009
20241031101727, TSLA, 80, 20241129, C, 0, 1, 0, 255.21, 0.999
20241031101727, TSLA, 80, 20241129, P, 0, 0, 0, 255.21, -0.0011
20241031101727, TSLA, 85, 20241129, C, 0, 0, 0, 255.21, 0.9988
20241031101727, TSLA, 85, 20241129, P, 0, 0, 0, 255.21, -0.0012
20241031101727, TSLA, 90, 20241129, C, 0, 1, 0, 255.21, 0.9986
20241031101727, TSLA, 90, 20241129, P, 0, 4, 0, 255.21, -0.0014
20241031101727, TSLA, 95, 20241129, C, 0, 0, 0.0001, 255.21, 0.9984
20241031101727, TSLA, 95, 20241129, P, 0, 2, 0.0001, 255.21, -0.0016
20241031101727, TSLA, 100, 20241129, C, 0, 4, 0.0001, 255.21, 0.9982
20241031101727, TSLA, 100, 20241129, P, 225, 122, 0.0001, 255.21, -0.0019
20241031101727, TSLA, 105, 20241129, C, 0, 0, 0.0001, 255.21, 0.9978
20241031101727, TSLA, 105, 20241129, P, 0, 3, 0.0001, 255.21, -0.0022
20241031101727, TSLA, 110, 20241129, C, 0, 0, 0.0001, 255.21, 0.9975
20241031101727, TSLA, 110, 20241129, P, 0, 31, 0.0001, 255.21, -0.0026
20241031101727, TSLA, 115, 20241129, C, 0, 5, 0.0001, 255.21, 0.9971
20241031101727, TSLA, 115, 20241129, P, 0, 17, 0.0001, 255.21, -0.003
20241031101727, TSLA, 120, 20241129, C, 0, 0, 0.0001, 255.21, 0.9966
20241031101727, TSLA, 120, 20241129, P, 0, 28, 0.0001, 255.21, -0.0034
20241031101727, TSLA, 125, 20241129, C, 0, 0, 0.0002, 255.21, 0.9961
20241031101727, TSLA, 125, 20241129, P, 0, 45, 0.0002, 255.21, -0.004
20241031101727, TSLA, 130, 20241129, C, 0, 0, 0.0002, 255.21, 0.9955
20241031101727, TSLA, 130, 20241129, P, 0, 171, 0.0002, 255.21, -0.0046
20241031101727, TSLA, 135, 20241129, C, 0, 1, 0.0002, 255.21, 0.9947
20241031101727, TSLA, 135, 20241129, P, 1, 50, 0.0002, 255.21, -0.0054
20241031101727, TSLA, 140, 20241129, C, 0, 5, 0.0003, 255.21, 0.9938
20241031101727, TSLA, 140, 20241129, P, 0, 66, 0.0003, 255.21, -0.0062
20241031101727, TSLA, 145, 20241129, C, 0, 0, 0.0003, 255.21, 0.9928
20241031101727, TSLA, 145, 20241129, P, 0, 42, 0.0003, 255.21, -0.0073
20241031101727, TSLA, 150, 20241129, C, 0, 3, 0.0004, 255.21, 0.9915
20241031101727, TSLA, 150, 20241129, P, 0, 342, 0.0004, 255.21, -0.0086
20241031101727, TSLA, 155, 20241129, C, 0, 0, 0.0005, 255.21, 0.99
20241031101727, TSLA, 155, 20241129, P, 0, 1021, 0.0005, 255.21, -0.0101
20241031101727, TSLA, 160, 20241129, C, 0, 10, 0.0006, 255.21, 0.9882
20241031101727, TSLA, 160, 20241129, P, 10, 1594, 0.0006, 255.21, -0.0119
20241031101727, TSLA, 165, 20241129, C, 0, 9, 0.0007, 255.21, 0.986
20241031101727, TSLA, 165, 20241129, P, 10, 4219, 0.0007, 255.21, -0.0141
20241031101727, TSLA, 170, 20241129, C, 0, 17, 0.0008, 255.21, 0.9833
20241031101727, TSLA, 170, 20241129, P, 3, 482, 0.0008, 255.21, -0.0168
20241031101727, TSLA, 175, 20241129, C, 0, 8, 0.001, 255.21, 0.9798
20241031101727, TSLA, 175, 20241129, P, 3, 429, 0.001, 255.21, -0.0203
20241031101727, TSLA, 180, 20241129, C, 0, 20, 0.0012, 255.21, 0.9755
20241031101727, TSLA, 180, 20241129, P, 51, 848, 0.0012, 255.21, -0.0247
20241031101727, TSLA, 185, 20241129, C, 0, 40, 0.0015, 255.21, 0.9699
20241031101727, TSLA, 185, 20241129, P, 30, 619, 0.0015, 255.21, -0.0303
20241031101727, TSLA, 190, 20241129, C, 24, 55, 0.0018, 255.21, 0.9627
20241031101727, TSLA, 190, 20241129, P, 10, 966, 0.0018, 255.21, -0.0375
20241031101727, TSLA, 195, 20241129, C, 0, 56, 0.0022, 255.21, 0.9534
20241031101727, TSLA, 195, 20241129, P, 23, 710, 0.0022, 255.21, -0.0468
20241031101727, TSLA, 200, 20241129, C, 1, 286, 0.0027, 255.21, 0.9415
20241031101727, TSLA, 200, 20241129, P, 136, 1682, 0.0028, 255.21, -0.0588
20241031101727, TSLA, 205, 20241129, C, 6, 52, 0.0033, 255.21, 0.9265
20241031101727, TSLA, 205, 20241129, P, 76, 1027, 0.0034, 255.21, -0.0739
20241031101727, TSLA, 210, 20241129, C, 0, 462, 0.004, 255.21, 0.9077
20241031101727, TSLA, 210, 20241129, P, 26, 1734, 0.0041, 255.21, -0.0928
20241031101727, TSLA, 215, 20241129, C, 0, 211, 0.0048, 255.21, 0.8847
20241031101727, TSLA, 215, 20241129, P, 27, 1037, 0.0049, 255.21, -0.116
20241031101727, TSLA, 220, 20241129, C, 16, 735, 0.0057, 255.21, 0.857
20241031101727, TSLA, 220, 20241129, P, 86, 1748, 0.0058, 255.21, -0.1438
20241031101727, TSLA, 225, 20241129, C, 1, 409, 0.0066, 255.21, 0.8244
20241031101727, TSLA, 225, 20241129, P, 86, 921, 0.0067, 255.21, -0.1767
20241031101727, TSLA, 230, 20241129, C, 10, 745, 0.0075, 255.21, 0.7869
20241031101727, TSLA, 230, 20241129, P, 67, 766, 0.0076, 255.21, -0.2145
20241031101727, TSLA, 235, 20241129, C, 14, 675, 0.0084, 255.21, 0.7448
20241031101727, TSLA, 235, 20241129, P, 63, 1090, 0.0085, 255.21, -0.2569
20241031101727, TSLA, 240, 20241129, C, 12, 547, 0.0092, 255.21, 0.6986
20241031101727, TSLA, 240, 20241129, P, 91, 928, 0.0093, 255.21, -0.3035
20241031101727, TSLA, 245, 20241129, C, 22, 463, 0.0098, 255.21, 0.6492
20241031101727, TSLA, 245, 20241129, P, 90, 522, 0.0099, 255.21, -0.3533
20241031101727, TSLA, 250, 20241129, C, 67, 1265, 0.0103, 255.21, 0.5976
20241031101727, TSLA, 250, 20241129, P, 256, 5719, 0.0104, 255.21, -0.4055
20241031101727, TSLA, 255, 20241129, C, 233, 927, 0.0106, 255.21, 0.545
20241031101727, TSLA, 255, 20241129, P, 154, 785, 0.0107, 255.21, -0.4587
20241031101727, TSLA, 260, 20241129, C, 99, 1119, 0.0107, 255.21, 0.4923
20241031101727, TSLA, 260, 20241129, P, 226, 1878, 0.0108, 255.21, -0.512
20241031101727, TSLA, 265, 20241129, C, 56, 1075, 0.0106, 255.21, 0.4406
20241031101727, TSLA, 265, 20241129, P, 17, 561, 0.0107, 255.21, -0.5644
20241031101727, TSLA, 270, 20241129, C, 137, 1873, 0.0103, 255.21, 0.3909
20241031101727, TSLA, 270, 20241129, P, 2, 482, 0.0104, 255.21, -0.6149
20241031101727, TSLA, 275, 20241129, C, 33, 1274, 0.0098, 255.21, 0.3441
20241031101727, TSLA, 275, 20241129, P, 0, 506, 0.01, 255.21, -0.6625
20241031101727, TSLA, 280, 20241129, C, 305, 3225, 0.0093, 255.21, 0.3006
20241031101727, TSLA, 280, 20241129, P, 0, 114, 0.0095, 255.21, -0.7068
20241031101727, TSLA, 285, 20241129, C, 19, 848, 0.0086, 255.21, 0.2611
20241031101727, TSLA, 285, 20241129, P, 1, 28, 0.0088, 255.21, -0.7473
20241031101727, TSLA, 290, 20241129, C, 123, 1059, 0.0079, 255.21, 0.2257
20241031101727, TSLA, 290, 20241129, P, 1, 78, 0.0082, 255.21, -0.7836
20241031101727, TSLA, 295, 20241129, C, 11, 1242, 0.0072, 255.21, 0.1942
20241031101727, TSLA, 295, 20241129, P, 0, 139, 0.0075, 255.21, -0.8159
20241031101727, TSLA, 300, 20241129, C, 531, 2472, 0.0065, 255.21, 0.167
20241031101727, TSLA, 300, 20241129, P, 1, 179, 0.0068, 255.21, -0.844
20241031101727, TSLA, 305, 20241129, C, 22, 567, 0.0058, 255.21, 0.1434
20241031101727, TSLA, 305, 20241129, P, 0, 29, 0.0061, 255.21, -0.8686
20241031101727, TSLA, 310, 20241129, C, 83, 484, 0.0052, 255.21, 0.1232
20241031101727, TSLA, 310, 20241129, P, 0, 0, 0.0055, 255.21, -0.8896
20241031101727, TSLA, 315, 20241129, C, 25, 952, 0.0046, 255.21, 0.1059
20241031101727, TSLA, 315, 20241129, P, 0, 136, 0.0049, 255.21, -0.9077
20241031101727, TSLA, 320, 20241129, C, 112, 1749, 0.0041, 255.21, 0.0913
20241031101727, TSLA, 320, 20241129, P, 0, 1061, 0.0043, 255.21, -0.923
20241031101727, TSLA, 325, 20241129, C, 35, 808, 0.0036, 255.21, 0.0788
20241031101727, TSLA, 325, 20241129, P, 0, 13, 0.004, 255.21, -0.9367
20241031101727, TSLA, 330, 20241129, C, 134, 735, 0.0032, 255.21, 0.0682
20241031101727, TSLA, 330, 20241129, P, 0, 6, 0.0038, 255.21, -0.9483
20241031101727, TSLA, 335, 20241129, C, 4, 435, 0.0028, 255.21, 0.0592
20241031101727, TSLA, 335, 20241129, P, 0, 19, 0.0035, 255.21, -0.9582
20241031101727, TSLA, 340, 20241129, C, 6, 495, 0.0025, 255.21, 0.0516
20241031101727, TSLA, 340, 20241129, P, 0, 0, 0.0032, 255.21, -0.968
20241031101727, TSLA, 350, 20241129, C, 5, 937, 0.002, 255.21, 0.0395
20241031101727, TSLA, 350, 20241129, P, 1, 15, 0.0026, 255.21, -0.9824
20241031101727, TSLA, 355, 20241129, C, 0, 106, 0.0018, 255.21, 0.0348
20241031101727, TSLA, 355, 20241129, P, 0, 1, 0.002, 255.21, -0.9876
20241031101727, TSLA, 360, 20241129, C, 10, 376, 0.0016, 255.21, 0.0306
20241031101727, TSLA, 360, 20241129, P, 0, 0, 0.0015, 255.21, -0.9919
20241031101727, TSLA, 365, 20241129, C, 1, 87, 0.0014, 255.21, 0.0271
20241031101727, TSLA, 365, 20241129, P, 0, 0, 0.0011, 255.21, -0.9952
20241031101727, TSLA, 370, 20241129, C, 1, 147, 0.0012, 255.21, 0.0241
20241031101727, TSLA, 370, 20241129, P, 1, 1, 0.0007, 255.21, -0.997
20241031101727, TSLA, 375, 20241129, C, 0, 96, 0.0011, 255.21, 0.0214
20241031101727, TSLA, 375, 20241129, P, 1, 0, 0.0004, 255.21, -0.9982
20241031101727, TSLA, 380, 20241129, C, 0, 70, 0.001, 255.21, 0.0191
20241031101727, TSLA, 380, 20241129, P, 0, 0, 0.0002, 255.21, -0.999
20241031101727, TSLA, 385, 20241129, C, 0, 63, 0.0009, 255.21, 0.0171
20241031101727, TSLA, 385, 20241129, P, 0, 0, 0.0001, 255.21, -0.9998
20241031101727, TSLA, 390, 20241129, C, 0, 219, 0.0008, 255.21, 0.0154
20241031101727, TSLA, 390, 20241129, P, 0, 0, 0, 255.21, -1
20241031101727, TSLA, 395, 20241129, C, 0, 93, 0.0007, 255.21, 0.0138
20241031101727, TSLA, 395, 20241129, P, 0, 0, 0, 255.21, -1
20241031101727, TSLA, 400, 20241129, C, 45, 444, 0.0007, 255.21, 0.0124
20241031101727, TSLA, 400, 20241129, P, 0, 0, 0, 255.21, -1
20241031101727, TSLA, 405, 20241129, C, 0, 61, 0.0006, 255.21, 0.0113
20241031101727, TSLA, 405, 20241129, P, 0, 0, 0, 255.21, -1
20241031101727, TSLA, 410, 20241129, C, 0, 59, 0.0005, 255.21, 0.0102
20241031101727, TSLA, 410, 20241129, P, 0, 0, 0, 255.21, -1
20241031101727, TSLA, 415, 20241129, C, 10, 25, 0.0005, 255.21, 0.0093
20241031101727, TSLA, 415, 20241129, P, 0, 0, 0, 255.21, -1
20241031101727, TSLA, 420, 20241129, C, 0, 40, 0.0004, 255.21, 0.0084
20241031101727, TSLA, 420, 20241129, P, 0, 0, 0, 255.21, -1
20241031101727, TSLA, 425, 20241129, C, 0, 26, 0.0004, 255.21, 0.0077
20241031101727, TSLA, 425, 20241129, P, 0, 0, 0, 255.21, -1
20241031101727, TSLA, 430, 20241129, C, 0, 14, 0.0004, 255.21, 0.007
20241031101727, TSLA, 430, 20241129, P, 0, 0, 0, 255.21, -1
20241031101727, TSLA, 435, 20241129, C, 0, 27, 0.0004, 255.21, 0.0065
20241031101727, TSLA, 435, 20241129, P, 0, 0, 0, 255.21, -1
20241031101727, TSLA, 440, 20241129, C, 0, 151, 0.0003, 255.21, 0.0059
20241031101727, TSLA, 440, 20241129, P, 0, 0, 0, 255.21, -1
20241031101727, TSLA, 445, 20241129, C, 0, 20, 0.0003, 255.21, 0.0055
20241031101727, TSLA, 445, 20241129, P, 0, 0, 0, 255.21, -1
20241031101727, TSLA, 450, 20241129, C, 0, 209, 0.0003, 255.21, 0.005
20241031101727, TSLA, 450, 20241129, P, 0, 0, 0, 255.21, -1
20241031101727, TSLA, 455, 20241129, C, 0, 8, 0.0002, 255.21, 0.0046
20241031101727, TSLA, 455, 20241129, P, 0, 0, 0, 255.21, -1
20241031101727, TSLA, 460, 20241129, C, 0, 17, 0.0002, 255.21, 0.0043
20241031101727, TSLA, 460, 20241129, P, 0, 0, 0, 255.21, -1
20241031101727, TSLA, 465, 20241129, C, 0, 5, 0.0002, 255.21, 0.004
20241031101727, TSLA, 465, 20241129, P, 0, 0, 0, 255.21, -1
20241031101727, TSLA, 470, 20241129, C, 0, 19, 0.0002, 255.21, 0.0037
20241031101727, TSLA, 470, 20241129, P, 0, 0, 0, 255.21, -1
20241031101727, TSLA, 475, 20241129, C, 0, 12, 0.0002, 255.21, 0.0035
20241031101727, TSLA, 475, 20241129, P, 0, 0, 0, 255.21, -1
20241031101727, TSLA, 480, 20241129, C, 0, 131, 0.0002, 255.21, 0.0032
20241031101727, TSLA, 480, 20241129, P, 0, 0, 0, 255.21, -1
20241031101727, TSLA, 485, 20241129, C, 0, 0, 0.0002, 255.21, 0.003
20241031101727, TSLA, 485, 20241129, P, 0, 0, 0, 255.21, -1
20241031101727, TSLA, 490, 20241129, C, 0, 10, 0.0001, 255.21, 0.0028
20241031101727, TSLA, 490, 20241129, P, 0, 0, 0, 255.21, -1
20241031101727, TSLA, 495, 20241129, C, 2, 5, 0.0001, 255.21, 0.0026
20241031101727, TSLA, 495, 20241129, P, 0, 0, 0, 255.21, -1
20241031101727, TSLA, 500, 20241129, C, 100, 13, 0.0001, 255.21, 0.0025
20241031101727, TSLA, 500, 20241129, P, 0, 0, 0, 255.21, -1
20241031101727, TSLA, 510, 20241129, C, 0, 0, 0.0001, 255.21, 0.0022
20241031101727, TSLA, 510, 20241129, P, 0, 0, 0, 255.21, -1
20241031101727, TSLA, 520, 20241129, C, 0, 9, 0.0001, 255.21, 0.0019
20241031101727, TSLA, 520, 20241129, P, 0, 0, 0, 255.21, -1
