20241021, UBER, 40, 20241025, C, 0, 1, 0, 80.46, 1
20241021, UBER, 40, 20241025, P, 0, 0, 0, 80.46, 0
20241021, UBER, 45, 20241025, C, 0, 2, 0, 80.46, 1
20241021, UBER, 45, 20241025, P, 0, 1, 0, 80.46, -0.0001
20241021, UBER, 50, 20241025, C, 1, 30, 0.0001, 80.46, 0.9998
20241021, UBER, 50, 20241025, P, 0, 0, 0.0001, 80.46, -0.0002
20241021, UBER, 51, 20241025, C, 0, 0, 0.0001, 80.46, 0.9998
20241021, UBER, 51, 20241025, P, 0, 0, 0.0001, 80.46, -0.0002
20241021, UBER, 52, 20241025, C, 0, 0, 0.0001, 80.46, 0.9998
20241021, UBER, 52, 20241025, P, 0, 0, 0.0001, 80.46, -0.0003
20241021, UBER, 53, 20241025, C, 0, 0, 0.0001, 80.46, 0.9997
20241021, UBER, 53, 20241025, P, 0, 0, 0.0001, 80.46, -0.0003
20241021, UBER, 54, 20241025, C, 0, 0, 0.0001, 80.46, 0.9997
20241021, UBER, 54, 20241025, P, 0, 0, 0.0001, 80.46, -0.0004
20241021, UBER, 55, 20241025, C, 0, 20, 0.0002, 80.46, 0.9996
20241021, UBER, 55, 20241025, P, 0, 54, 0.0002, 80.46, -0.0005
20241021, UBER, 56, 20241025, C, 0, 0, 0.0002, 80.46, 0.9995
20241021, UBER, 56, 20241025, P, 0, 0, 0.0002, 80.46, -0.0006
20241021, UBER, 57, 20241025, C, 0, 2, 0.0003, 80.46, 0.9994
20241021, UBER, 57, 20241025, P, 0, 23, 0.0003, 80.46, -0.0007
20241021, UBER, 58, 20241025, C, 0, 0, 0.0003, 80.46, 0.9993
20241021, UBER, 58, 20241025, P, 0, 44, 0.0003, 80.46, -0.0008
20241021, UBER, 59, 20241025, C, 0, 0, 0.0004, 80.46, 0.9991
20241021, UBER, 59, 20241025, P, 0, 40, 0.0004, 80.46, -0.0009
20241021, UBER, 60, 20241025, C, 0, 51, 0.0005, 80.46, 0.9989
20241021, UBER, 60, 20241025, P, 2, 3576, 0.0005, 80.46, -0.0011
20241021, UBER, 61, 20241025, C, 0, 4, 0.0006, 80.46, 0.9987
20241021, UBER, 61, 20241025, P, 0, 33, 0.0006, 80.46, -0.0014
20241021, UBER, 62, 20241025, C, 0, 4, 0.0007, 80.46, 0.9984
20241021, UBER, 62, 20241025, P, 300, 1417, 0.0007, 80.46, -0.0016
20241021, UBER, 63, 20241025, C, 5, 7, 0.0009, 80.46, 0.9981
20241021, UBER, 63, 20241025, P, 0, 86, 0.0009, 80.46, -0.002
20241021, UBER, 64, 20241025, C, 2, 14, 0.0011, 80.46, 0.9976
20241021, UBER, 64, 20241025, P, 0, 697, 0.0011, 80.46, -0.0024
20241021, UBER, 65, 20241025, C, 0, 26, 0.0014, 80.46, 0.9971
20241021, UBER, 65, 20241025, P, 33, 452, 0.0014, 80.46, -0.003
20241021, UBER, 66, 20241025, C, 34, 23, 0.0018, 80.46, 0.9964
20241021, UBER, 66, 20241025, P, 0, 896, 0.0018, 80.46, -0.0037
20241021, UBER, 67, 20241025, C, 1, 11, 0.0023, 80.46, 0.9954
20241021, UBER, 67, 20241025, P, 17, 745, 0.0023, 80.46, -0.0046
20241021, UBER, 68, 20241025, C, 0, 74, 0.003, 80.46, 0.9942
20241021, UBER, 68, 20241025, P, 48, 3914, 0.003, 80.46, -0.0058
20241021, UBER, 69, 20241025, C, 0, 40, 0.0039, 80.46, 0.9927
20241021, UBER, 69, 20241025, P, 89, 4127, 0.0039, 80.46, -0.0074
20241021, UBER, 70, 20241025, C, 8, 163, 0.0052, 80.46, 0.9906
20241021, UBER, 70, 20241025, P, 304, 1328, 0.0052, 80.46, -0.0095
20241021, UBER, 71, 20241025, C, 12, 320, 0.007, 80.46, 0.9876
20241021, UBER, 71, 20241025, P, 17, 188, 0.007, 80.46, -0.0124
20241021, UBER, 72, 20241025, C, 4, 623, 0.0096, 80.46, 0.9834
20241021, UBER, 72, 20241025, P, 89, 548, 0.0096, 80.46, -0.0166
20241021, UBER, 73, 20241025, C, 59, 790, 0.0135, 80.46, 0.977
20241021, UBER, 73, 20241025, P, 44, 355, 0.0136, 80.46, -0.0231
20241021, UBER, 74, 20241025, C, 4, 348, 0.0197, 80.46, 0.9667
20241021, UBER, 74, 20241025, P, 631, 610, 0.0197, 80.46, -0.0334
20241021, UBER, 75, 20241025, C, 17, 363, 0.0294, 80.46, 0.9493
20241021, UBER, 75, 20241025, P, 287, 1293, 0.0295, 80.46, -0.0509
20241021, UBER, 76, 20241025, C, 31, 887, 0.044, 80.46, 0.9201
20241021, UBER, 76, 20241025, P, 257, 992, 0.0442, 80.46, -0.0802
20241021, UBER, 77, 20241025, C, 36, 2756, 0.0644, 80.46, 0.873
20241021, UBER, 77, 20241025, P, 282, 1129, 0.0648, 80.46, -0.1277
20241021, UBER, 78, 20241025, C, 101, 652, 0.0893, 80.46, 0.8016
20241021, UBER, 78, 20241025, P, 660, 2154, 0.09, 80.46, -0.1997
20241021, UBER, 79, 20241025, C, 625, 963, 0.1138, 80.46, 0.7023
20241021, UBER, 79, 20241025, P, 4367, 1725, 0.1149, 80.46, -0.2999
20241021, UBER, 80, 20241025, C, 1832, 2815, 0.1299, 80.46, 0.5798
20241021, UBER, 80, 20241025, P, 2166, 3350, 0.1314, 80.46, -0.4237
20241021, UBER, 81, 20241025, C, 2595, 5175, 0.1317, 80.46, 0.4482
20241021, UBER, 81, 20241025, P, 267, 1221, 0.1332, 80.46, -0.5569
20241021, UBER, 82, 20241025, C, 3128, 4643, 0.1193, 80.46, 0.324
20241021, UBER, 82, 20241025, P, 135, 978, 0.1207, 80.46, -0.6826
20241021, UBER, 83, 20241025, C, 658, 2147, 0.0974, 80.46, 0.2195
20241021, UBER, 83, 20241025, P, 301, 871, 0.0985, 80.46, -0.7882
20241021, UBER, 84, 20241025, C, 1000, 3701, 0.0726, 80.46, 0.1412
20241021, UBER, 84, 20241025, P, 39, 1348, 0.0734, 80.46, -0.8673
20241021, UBER, 85, 20241025, C, 3253, 13337, 0.0507, 80.46, 0.0884
20241021, UBER, 85, 20241025, P, 8, 3311, 0.0517, 80.46, -0.9205
20241021, UBER, 86, 20241025, C, 128, 3415, 0.0344, 80.46, 0.0558
20241021, UBER, 86, 20241025, P, 0, 526, 0.0359, 80.46, -0.9536
20241021, UBER, 87, 20241025, C, 147, 1645, 0.0234, 80.46, 0.0365
20241021, UBER, 87, 20241025, P, 6, 213, 0.0245, 80.46, -0.9734
20241021, UBER, 88, 20241025, C, 51, 1012, 0.0161, 80.46, 0.0248
20241021, UBER, 88, 20241025, P, 1, 120, 0.0161, 80.46, -0.9848
20241021, UBER, 89, 20241025, C, 1, 1444, 0.0113, 80.46, 0.0173
20241021, UBER, 89, 20241025, P, 0, 8, 0.0101, 80.46, -0.9915
20241021, UBER, 90, 20241025, C, 124, 3388, 0.008, 80.46, 0.0122
20241021, UBER, 90, 20241025, P, 0, 2, 0.006, 80.46, -0.9956
20241021, UBER, 91, 20241025, C, 15, 2842, 0.0057, 80.46, 0.0087
20241021, UBER, 91, 20241025, P, 0, 0, 0.0032, 80.46, -0.9978
20241021, UBER, 92, 20241025, C, 6, 82, 0.0041, 80.46, 0.0062
20241021, UBER, 92, 20241025, P, 0, 0, 0.0017, 80.46, -0.999
20241021, UBER, 93, 20241025, C, 7, 23, 0.003, 80.46, 0.0044
20241021, UBER, 93, 20241025, P, 2, 0, 0.0007, 80.46, -0.9996
20241021, UBER, 94, 20241025, C, 15, 21, 0.0021, 80.46, 0.0032
20241021, UBER, 94, 20241025, P, 3, 0, 0.0003, 80.46, -0.9998
20241021, UBER, 95, 20241025, C, 17, 4885, 0.0016, 80.46, 0.0024
20241021, UBER, 95, 20241025, P, 3, 0, 0.0001, 80.46, -1
20241021, UBER, 96, 20241025, C, 0, 0, 0.0012, 80.46, 0.0018
20241021, UBER, 96, 20241025, P, 0, 0, 0, 80.46, -1
20241021, UBER, 97, 20241025, C, 0, 0, 0.0009, 80.46, 0.0014
20241021, UBER, 97, 20241025, P, 0, 0, 0, 80.46, -1
20241021, UBER, 98, 20241025, C, 0, 4, 0.0007, 80.46, 0.0011
20241021, UBER, 98, 20241025, P, 0, 0, 0, 80.46, -1
20241021, UBER, 99, 20241025, C, 0, 0, 0.0005, 80.46, 0.0008
20241021, UBER, 99, 20241025, P, 0, 0, 0, 80.46, -1
20241021, UBER, 100, 20241025, C, 0, 20, 0.0004, 80.46, 0.0007
20241021, UBER, 100, 20241025, P, 0, 0, 0, 80.46, -1
20241021, UBER, 105, 20241025, C, 0, 0, 0.0002, 80.46, 0.0003
20241021, UBER, 105, 20241025, P, 0, 1, 0, 80.46, -1
20241021, UBER, 110, 20241025, C, 0, 0, 0.0001, 80.46, 0.0001
20241021, UBER, 110, 20241025, P, 0, 0, 0, 80.46, -1
20241021, UBER, 115, 20241025, C, 0, 0, 0, 80.46, 0.0001
20241021, UBER, 115, 20241025, P, 0, 0, 0, 80.46, -1
20241021, UBER, 120, 20241025, C, 0, 0, 0, 80.46, 0
20241021, UBER, 120, 20241025, P, 0, 0, 0, 80.46, -1
20241021, UBER, 125, 20241025, C, 0, 0, 0, 80.46, 0
20241021, UBER, 125, 20241025, P, 0, 0, 0, 80.46, -1
20241021, UBER, 130, 20241025, C, 0, 0, 0, 80.46, 0
20241021, UBER, 130, 20241025, P, 0, 0, 0, 80.46, -1
20241021, UBER, 40, 20241101, C, 0, 0, 0.0002, 80.46, 0.9988
20241021, UBER, 40, 20241101, P, 0, 0, 0.0002, 80.46, -0.0013
20241021, UBER, 45, 20241101, C, 0, 20, 0.0004, 80.46, 0.9978
20241021, UBER, 45, 20241101, P, 0, 0, 0.0004, 80.46, -0.0023
20241021, UBER, 50, 20241101, C, 1, 8, 0.0008, 80.46, 0.996
20241021, UBER, 50, 20241101, P, 0, 1, 0.0008, 80.46, -0.0041
20241021, UBER, 52, 20241101, C, 0, 0, 0.001, 80.46, 0.9948
20241021, UBER, 52, 20241101, P, 0, 0, 0.001, 80.46, -0.0052
20241021, UBER, 53, 20241101, C, 0, 0, 0.0012, 80.46, 0.9942
20241021, UBER, 53, 20241101, P, 0, 0, 0.0012, 80.46, -0.0059
20241021, UBER, 54, 20241101, C, 2, 0, 0.0014, 80.46, 0.9934
20241021, UBER, 54, 20241101, P, 0, 0, 0.0014, 80.46, -0.0067
20241021, UBER, 55, 20241101, C, 0, 15, 0.0016, 80.46, 0.9925
20241021, UBER, 55, 20241101, P, 0, 40, 0.0016, 80.46, -0.0076
20241021, UBER, 56, 20241101, C, 0, 0, 0.0018, 80.46, 0.9915
20241021, UBER, 56, 20241101, P, 0, 0, 0.0018, 80.46, -0.0086
20241021, UBER, 57, 20241101, C, 0, 0, 0.0021, 80.46, 0.9903
20241021, UBER, 57, 20241101, P, 1, 1, 0.0021, 80.46, -0.0098
20241021, UBER, 58, 20241101, C, 0, 5, 0.0024, 80.46, 0.9889
20241021, UBER, 58, 20241101, P, 0, 8, 0.0024, 80.46, -0.0112
20241021, UBER, 59, 20241101, C, 0, 0, 0.0028, 80.46, 0.9873
20241021, UBER, 59, 20241101, P, 0, 6, 0.0028, 80.46, -0.0128
20241021, UBER, 60, 20241101, C, 0, 3, 0.0033, 80.46, 0.9853
20241021, UBER, 60, 20241101, P, 0, 85, 0.0033, 80.46, -0.0148
20241021, UBER, 61, 20241101, C, 0, 5, 0.0038, 80.46, 0.983
20241021, UBER, 61, 20241101, P, 0, 1095, 0.0039, 80.46, -0.0171
20241021, UBER, 62, 20241101, C, 0, 0, 0.0045, 80.46, 0.9802
20241021, UBER, 62, 20241101, P, 0, 673, 0.0045, 80.46, -0.02
20241021, UBER, 63, 20241101, C, 0, 0, 0.0054, 80.46, 0.9767
20241021, UBER, 63, 20241101, P, 0, 27, 0.0054, 80.46, -0.0235
20241021, UBER, 64, 20241101, C, 0, 31, 0.0063, 80.46, 0.9724
20241021, UBER, 64, 20241101, P, 0, 87, 0.0064, 80.46, -0.0278
20241021, UBER, 65, 20241101, C, 0, 30, 0.0076, 80.46, 0.967
20241021, UBER, 65, 20241101, P, 11, 488, 0.0076, 80.46, -0.0332
20241021, UBER, 66, 20241101, C, 0, 23, 0.009, 80.46, 0.9603
20241021, UBER, 66, 20241101, P, 4, 8183, 0.0091, 80.46, -0.04
20241021, UBER, 67, 20241101, C, 0, 8, 0.0108, 80.46, 0.9519
20241021, UBER, 67, 20241101, P, 2, 264, 0.0108, 80.46, -0.0484
20241021, UBER, 68, 20241101, C, 0, 7, 0.0129, 80.46, 0.9415
20241021, UBER, 68, 20241101, P, 24, 758, 0.0129, 80.46, -0.0588
20241021, UBER, 69, 20241101, C, 0, 7, 0.0153, 80.46, 0.9286
20241021, UBER, 69, 20241101, P, 14, 308, 0.0154, 80.46, -0.0718
20241021, UBER, 70, 20241101, C, 0, 49, 0.0182, 80.46, 0.9129
20241021, UBER, 70, 20241101, P, 189, 803, 0.0183, 80.46, -0.0876
20241021, UBER, 71, 20241101, C, 1, 81, 0.0214, 80.46, 0.8939
20241021, UBER, 71, 20241101, P, 2, 204, 0.0215, 80.46, -0.1068
20241021, UBER, 72, 20241101, C, 11, 57, 0.0249, 80.46, 0.8712
20241021, UBER, 72, 20241101, P, 3053, 692, 0.0251, 80.46, -0.1296
20241021, UBER, 73, 20241101, C, 4, 212, 0.0287, 80.46, 0.8444
20241021, UBER, 73, 20241101, P, 27, 400, 0.0289, 80.46, -0.1565
20241021, UBER, 74, 20241101, C, 1, 174, 0.0326, 80.46, 0.8135
20241021, UBER, 74, 20241101, P, 125, 523, 0.0328, 80.46, -0.1877
20241021, UBER, 75, 20241101, C, 8, 249, 0.0365, 80.46, 0.7783
20241021, UBER, 75, 20241101, P, 361, 710, 0.0368, 80.46, -0.2231
20241021, UBER, 76, 20241101, C, 0, 397, 0.0403, 80.46, 0.739
20241021, UBER, 76, 20241101, P, 110, 472, 0.0405, 80.46, -0.2627
20241021, UBER, 77, 20241101, C, 16, 426, 0.0436, 80.46, 0.696
20241021, UBER, 77, 20241101, P, 311, 624, 0.0439, 80.46, -0.306
20241021, UBER, 78, 20241101, C, 69, 739, 0.0464, 80.46, 0.65
20241021, UBER, 78, 20241101, P, 162, 826, 0.0468, 80.46, -0.3524
20241021, UBER, 79, 20241101, C, 32, 465, 0.0486, 80.46, 0.6017
20241021, UBER, 79, 20241101, P, 177, 1406, 0.049, 80.46, -0.401
20241021, UBER, 80, 20241101, C, 1258, 2145, 0.0501, 80.46, 0.552
20241021, UBER, 80, 20241101, P, 557, 1363, 0.0504, 80.46, -0.4511
20241021, UBER, 81, 20241101, C, 2474, 2761, 0.0507, 80.46, 0.5016
20241021, UBER, 81, 20241101, P, 258, 506, 0.0511, 80.46, -0.5018
20241021, UBER, 82, 20241101, C, 372, 1112, 0.0506, 80.46, 0.4514
20241021, UBER, 82, 20241101, P, 16, 1109, 0.051, 80.46, -0.5525
20241021, UBER, 83, 20241101, C, 93, 1667, 0.0497, 80.46, 0.402
20241021, UBER, 83, 20241101, P, 1, 520, 0.05, 80.46, -0.6023
20241021, UBER, 84, 20241101, C, 230, 1012, 0.048, 80.46, 0.3541
20241021, UBER, 84, 20241101, P, 63, 441, 0.0484, 80.46, -0.6505
20241021, UBER, 85, 20241101, C, 456, 2140, 0.0457, 80.46, 0.3086
20241021, UBER, 85, 20241101, P, 25, 455, 0.046, 80.46, -0.6964
20241021, UBER, 86, 20241101, C, 142, 482, 0.0427, 80.46, 0.266
20241021, UBER, 86, 20241101, P, 15, 396, 0.0432, 80.46, -0.7395
20241021, UBER, 87, 20241101, C, 243, 146, 0.0394, 80.46, 0.2269
20241021, UBER, 87, 20241101, P, 0, 130, 0.0398, 80.46, -0.7791
20241021, UBER, 88, 20241101, C, 78, 186, 0.0357, 80.46, 0.1916
20241021, UBER, 88, 20241101, P, 1, 38, 0.0362, 80.46, -0.8148
20241021, UBER, 89, 20241101, C, 12, 84, 0.032, 80.46, 0.1604
20241021, UBER, 89, 20241101, P, 0, 10, 0.0326, 80.46, -0.8465
20241021, UBER, 90, 20241101, C, 170, 1059, 0.0282, 80.46, 0.1334
20241021, UBER, 90, 20241101, P, 0, 15, 0.0289, 80.46, -0.8742
20241021, UBER, 91, 20241101, C, 144, 102, 0.0246, 80.46, 0.1102
20241021, UBER, 91, 20241101, P, 0, 0, 0.0253, 80.46, -0.8978
20241021, UBER, 92, 20241101, C, 16, 50, 0.0213, 80.46, 0.0908
20241021, UBER, 92, 20241101, P, 0, 0, 0.022, 80.46, -0.9179
20241021, UBER, 93, 20241101, C, 15, 44, 0.0183, 80.46, 0.0747
20241021, UBER, 93, 20241101, P, 0, 3, 0.019, 80.46, -0.9344
20241021, UBER, 94, 20241101, C, 9, 3, 0.0156, 80.46, 0.0614
20241021, UBER, 94, 20241101, P, 0, 0, 0.0164, 80.46, -0.9483
20241021, UBER, 95, 20241101, C, 75, 423, 0.0133, 80.46, 0.0506
20241021, UBER, 95, 20241101, P, 0, 30, 0.0142, 80.46, -0.9596
20241021, UBER, 96, 20241101, C, 0, 0, 0.0113, 80.46, 0.0419
20241021, UBER, 96, 20241101, P, 0, 0, 0.0124, 80.46, -0.969
20241021, UBER, 97, 20241101, C, 0, 0, 0.0096, 80.46, 0.0348
20241021, UBER, 97, 20241101, P, 0, 0, 0.0107, 80.46, -0.9765
20241021, UBER, 98, 20241101, C, 0, 3, 0.0082, 80.46, 0.0291
20241021, UBER, 98, 20241101, P, 0, 0, 0.009, 80.46, -0.9827
20241021, UBER, 99, 20241101, C, 0, 3, 0.007, 80.46, 0.0244
20241021, UBER, 99, 20241101, P, 0, 0, 0.0075, 80.46, -0.9876
20241021, UBER, 100, 20241101, C, 6, 29, 0.006, 80.46, 0.0206
20241021, UBER, 100, 20241101, P, 0, 0, 0.0059, 80.46, -0.9912
20241021, UBER, 101, 20241101, C, 4, 0, 0.0051, 80.46, 0.0176
20241021, UBER, 101, 20241101, P, 0, 0, 0.0045, 80.46, -0.9939
20241021, UBER, 102, 20241101, C, 0, 0, 0.0044, 80.46, 0.015
20241021, UBER, 102, 20241101, P, 0, 0, 0.0033, 80.46, -0.9962
20241021, UBER, 103, 20241101, C, 0, 0, 0.0038, 80.46, 0.013
20241021, UBER, 103, 20241101, P, 0, 0, 0.0024, 80.46, -0.9974
20241021, UBER, 104, 20241101, C, 0, 0, 0.0034, 80.46, 0.0113
20241021, UBER, 104, 20241101, P, 0, 0, 0.0017, 80.46, -0.9982
20241021, UBER, 105, 20241101, C, 21, 3, 0.0029, 80.46, 0.0098
20241021, UBER, 105, 20241101, P, 2, 0, 0.0011, 80.46, -0.9989
20241021, UBER, 106, 20241101, C, 0, 0, 0.0026, 80.46, 0.0087
20241021, UBER, 106, 20241101, P, 0, 0, 0.0006, 80.46, -0.9995
20241021, UBER, 107, 20241101, C, 0, 0, 0.0023, 80.46, 0.0077
20241021, UBER, 107, 20241101, P, 0, 0, 0.0004, 80.46, -0.9996
20241021, UBER, 108, 20241101, C, 0, 0, 0.002, 80.46, 0.0068
20241021, UBER, 108, 20241101, P, 0, 0, 0.0003, 80.46, -0.9998
20241021, UBER, 109, 20241101, C, 0, 0, 0.0018, 80.46, 0.0061
20241021, UBER, 109, 20241101, P, 0, 0, 0.0002, 80.46, -0.9998
20241021, UBER, 110, 20241101, C, 20, 28, 0.0016, 80.46, 0.0055
20241021, UBER, 110, 20241101, P, 0, 0, 0.0001, 80.46, -0.9999
20241021, UBER, 115, 20241101, C, 0, 0, 0.001, 80.46, 0.0036
20241021, UBER, 115, 20241101, P, 0, 0, 0, 80.46, -1
20241021, UBER, 120, 20241101, C, 0, 0, 0.0007, 80.46, 0.0025
20241021, UBER, 120, 20241101, P, 0, 0, 0, 80.46, -1
20241021, UBER, 125, 20241101, C, 0, 0, 0.0005, 80.46, 0.0019
20241021, UBER, 125, 20241101, P, 0, 0, 0, 80.46, -1
20241021, UBER, 130, 20241101, C, 0, 0, 0.0004, 80.46, 0.0015
20241021, UBER, 130, 20241101, P, 0, 0, 0, 80.46, -1
20241021, UBER, 40, 20241108, C, 0, 0, 0.0003, 80.46, 0.9981
20241021, UBER, 40, 20241108, P, 0, 1005, 0.0003, 80.46, -0.002
20241021, UBER, 45, 20241108, C, 0, 0, 0.0006, 80.46, 0.9966
20241021, UBER, 45, 20241108, P, 0, 0, 0.0006, 80.46, -0.0036
20241021, UBER, 50, 20241108, C, 0, 0, 0.0011, 80.46, 0.9938
20241021, UBER, 50, 20241108, P, 0, 0, 0.0011, 80.46, -0.0064
20241021, UBER, 55, 20241108, C, 0, 1, 0.0021, 80.46, 0.9886
20241021, UBER, 55, 20241108, P, 0, 0, 0.0021, 80.46, -0.0116
20241021, UBER, 60, 20241108, C, 0, 1, 0.0043, 80.46, 0.9778
20241021, UBER, 60, 20241108, P, 200, 14442, 0.0043, 80.46, -0.0224
20241021, UBER, 61, 20241108, C, 0, 1, 0.005, 80.46, 0.9743
20241021, UBER, 61, 20241108, P, 0, 48, 0.005, 80.46, -0.0259
20241021, UBER, 62, 20241108, C, 0, 0, 0.0058, 80.46, 0.9701
20241021, UBER, 62, 20241108, P, 0, 13, 0.0058, 80.46, -0.0301
20241021, UBER, 63, 20241108, C, 0, 1, 0.0067, 80.46, 0.9651
20241021, UBER, 63, 20241108, P, 0, 2, 0.0068, 80.46, -0.0352
20241021, UBER, 64, 20241108, C, 0, 5, 0.0079, 80.46, 0.9591
20241021, UBER, 64, 20241108, P, 9, 32, 0.0079, 80.46, -0.0412
20241021, UBER, 65, 20241108, C, 0, 3, 0.0092, 80.46, 0.9517
20241021, UBER, 65, 20241108, P, 0, 43, 0.0092, 80.46, -0.0486
20241021, UBER, 66, 20241108, C, 0, 0, 0.0107, 80.46, 0.9429
20241021, UBER, 66, 20241108, P, 0, 65, 0.0108, 80.46, -0.0575
20241021, UBER, 67, 20241108, C, 0, 57, 0.0125, 80.46, 0.9323
20241021, UBER, 67, 20241108, P, 0, 224, 0.0125, 80.46, -0.0681
20241021, UBER, 68, 20241108, C, 0, 3, 0.0145, 80.46, 0.9197
20241021, UBER, 68, 20241108, P, 2, 347, 0.0146, 80.46, -0.0808
20241021, UBER, 69, 20241108, C, 0, 2, 0.0167, 80.46, 0.9047
20241021, UBER, 69, 20241108, P, 8, 443, 0.0168, 80.46, -0.0959
20241021, UBER, 70, 20241108, C, 3, 20, 0.0192, 80.46, 0.8871
20241021, UBER, 70, 20241108, P, 1, 484, 0.0193, 80.46, -0.1136
20241021, UBER, 71, 20241108, C, 11, 8, 0.0219, 80.46, 0.8666
20241021, UBER, 71, 20241108, P, 51, 8078, 0.022, 80.46, -0.1342
20241021, UBER, 72, 20241108, C, 2, 35, 0.0248, 80.46, 0.8432
20241021, UBER, 72, 20241108, P, 5, 127, 0.0249, 80.46, -0.1578
20241021, UBER, 73, 20241108, C, 0, 62, 0.0277, 80.46, 0.8165
20241021, UBER, 73, 20241108, P, 1, 80, 0.0279, 80.46, -0.1846
20241021, UBER, 74, 20241108, C, 0, 44, 0.0306, 80.46, 0.7867
20241021, UBER, 74, 20241108, P, 26, 591, 0.0308, 80.46, -0.2146
20241021, UBER, 75, 20241108, C, 23, 121, 0.0335, 80.46, 0.7538
20241021, UBER, 75, 20241108, P, 5, 338, 0.0337, 80.46, -0.2478
20241021, UBER, 76, 20241108, C, 0, 102, 0.0362, 80.46, 0.7181
20241021, UBER, 76, 20241108, P, 5, 327, 0.0364, 80.46, -0.2838
20241021, UBER, 77, 20241108, C, 1, 543, 0.0386, 80.46, 0.6798
20241021, UBER, 77, 20241108, P, 3, 241, 0.0389, 80.46, -0.3224
20241021, UBER, 78, 20241108, C, 2, 901, 0.0406, 80.46, 0.6394
20241021, UBER, 78, 20241108, P, 5, 94, 0.0409, 80.46, -0.3631
20241021, UBER, 79, 20241108, C, 61, 120, 0.0422, 80.46, 0.5974
20241021, UBER, 79, 20241108, P, 4, 132, 0.0426, 80.46, -0.4055
20241021, UBER, 80, 20241108, C, 67, 497, 0.0433, 80.46, 0.5544
20241021, UBER, 80, 20241108, P, 26, 302, 0.0437, 80.46, -0.449
20241021, UBER, 81, 20241108, C, 77, 147, 0.0438, 80.46, 0.5109
20241021, UBER, 81, 20241108, P, 7, 61, 0.0443, 80.46, -0.493
20241021, UBER, 82, 20241108, C, 44, 2141, 0.0439, 80.46, 0.4674
20241021, UBER, 82, 20241108, P, 0, 28, 0.0444, 80.46, -0.5369
20241021, UBER, 83, 20241108, C, 11, 594, 0.0434, 80.46, 0.4246
20241021, UBER, 83, 20241108, P, 0, 119, 0.0439, 80.46, -0.5803
20241021, UBER, 84, 20241108, C, 20, 316, 0.0424, 80.46, 0.383
20241021, UBER, 84, 20241108, P, 20, 90, 0.043, 80.46, -0.6225
20241021, UBER, 85, 20241108, C, 98, 584, 0.0409, 80.46, 0.343
20241021, UBER, 85, 20241108, P, 0, 153, 0.0415, 80.46, -0.6631
20241021, UBER, 86, 20241108, C, 10, 186, 0.039, 80.46, 0.3051
20241021, UBER, 86, 20241108, P, 0, 57, 0.0397, 80.46, -0.7017
20241021, UBER, 87, 20241108, C, 7, 56, 0.0368, 80.46, 0.2696
20241021, UBER, 87, 20241108, P, 0, 5, 0.0376, 80.46, -0.7379
20241021, UBER, 88, 20241108, C, 2, 174, 0.0344, 80.46, 0.2367
20241021, UBER, 88, 20241108, P, 0, 19, 0.0352, 80.46, -0.7715
20241021, UBER, 89, 20241108, C, 18, 119, 0.0318, 80.46, 0.2066
20241021, UBER, 89, 20241108, P, 1, 4, 0.0326, 80.46, -0.8022
20241021, UBER, 90, 20241108, C, 74, 688, 0.0292, 80.46, 0.1795
20241021, UBER, 90, 20241108, P, 1, 45, 0.03, 80.46, -0.8301
20241021, UBER, 91, 20241108, C, 5, 29, 0.0265, 80.46, 0.1552
20241021, UBER, 91, 20241108, P, 0, 0, 0.0274, 80.46, -0.855
20241021, UBER, 92, 20241108, C, 32, 17, 0.0239, 80.46, 0.1338
20241021, UBER, 92, 20241108, P, 1, 0, 0.0249, 80.46, -0.8773
20241021, UBER, 93, 20241108, C, 4, 12, 0.0214, 80.46, 0.1151
20241021, UBER, 93, 20241108, P, 0, 0, 0.0224, 80.46, -0.8967
20241021, UBER, 94, 20241108, C, 7, 5, 0.0191, 80.46, 0.0989
20241021, UBER, 94, 20241108, P, 0, 0, 0.0202, 80.46, -0.9138
20241021, UBER, 95, 20241108, C, 7, 198, 0.017, 80.46, 0.0849
20241021, UBER, 95, 20241108, P, 0, 13, 0.018, 80.46, -0.9283
20241021, UBER, 96, 20241108, C, 3, 4, 0.015, 80.46, 0.0731
20241021, UBER, 96, 20241108, P, 0, 0, 0.016, 80.46, -0.9409
20241021, UBER, 97, 20241108, C, 1, 0, 0.0133, 80.46, 0.063
20241021, UBER, 97, 20241108, P, 0, 0, 0.0142, 80.46, -0.9515
20241021, UBER, 98, 20241108, C, 0, 0, 0.0117, 80.46, 0.0546
20241021, UBER, 98, 20241108, P, 0, 0, 0.013, 80.46, -0.9608
20241021, UBER, 99, 20241108, C, 0, 1, 0.0104, 80.46, 0.0475
20241021, UBER, 99, 20241108, P, 0, 0, 0.0117, 80.46, -0.9684
20241021, UBER, 100, 20241108, C, 0, 5, 0.0092, 80.46, 0.0415
20241021, UBER, 100, 20241108, P, 0, 0, 0.0106, 80.46, -0.9748
20241021, UBER, 105, 20241108, C, 0, 4, 0.0054, 80.46, 0.0235
20241021, UBER, 105, 20241108, P, 0, 0, 0.0048, 80.46, -0.9932
20241021, UBER, 110, 20241108, C, 0, 0, 0.0035, 80.46, 0.0155
20241021, UBER, 110, 20241108, P, 0, 0, 0.0015, 80.46, -0.9985
20241021, UBER, 115, 20241108, C, 0, 0, 0.0024, 80.46, 0.0113
20241021, UBER, 115, 20241108, P, 0, 0, 0.0004, 80.46, -0.9996
20241021, UBER, 120, 20241108, C, 0, 0, 0.0018, 80.46, 0.0087
20241021, UBER, 120, 20241108, P, 0, 0, 0, 80.46, -1
20241021, UBER, 125, 20241108, C, 0, 0, 0.0014, 80.46, 0.007
20241021, UBER, 125, 20241108, P, 0, 0, 0, 80.46, -1
20241021, UBER, 130, 20241108, C, 0, 0, 0.0011, 80.46, 0.0057
20241021, UBER, 130, 20241108, P, 0, 0, 0, 80.46, -1
20241021, UBER, 30, 20241115, C, 0, 3, 0.0001, 80.46, 0.9991
20241021, UBER, 30, 20241115, P, 0, 481, 0.0001, 80.46, -0.001
20241021, UBER, 32.5, 20241115, C, 0, 0, 0.0002, 80.46, 0.9988
20241021, UBER, 32.5, 20241115, P, 0, 240, 0.0002, 80.46, -0.0013
20241021, UBER, 35, 20241115, C, 0, 23, 0.0002, 80.46, 0.9984
20241021, UBER, 35, 20241115, P, 0, 483, 0.0002, 80.46, -0.0017
20241021, UBER, 37.5, 20241115, C, 0, 1, 0.0003, 80.46, 0.9978
20241021, UBER, 37.5, 20241115, P, 0, 45, 0.0003, 80.46, -0.0022
20241021, UBER, 40, 20241115, C, 0, 460, 0.0004, 80.46, 0.9972
20241021, UBER, 40, 20241115, P, 0, 193, 0.0004, 80.46, -0.0029
20241021, UBER, 42.5, 20241115, C, 0, 52, 0.0006, 80.46, 0.9963
20241021, UBER, 42.5, 20241115, P, 0, 70, 0.0006, 80.46, -0.0038
20241021, UBER, 45, 20241115, C, 0, 4, 0.0007, 80.46, 0.9951
20241021, UBER, 45, 20241115, P, 0, 493, 0.0007, 80.46, -0.0049
20241021, UBER, 47.5, 20241115, C, 0, 15, 0.001, 80.46, 0.9936
20241021, UBER, 47.5, 20241115, P, 4, 151, 0.001, 80.46, -0.0064
20241021, UBER, 50, 20241115, C, 0, 37, 0.0014, 80.46, 0.9916
20241021, UBER, 50, 20241115, P, 45, 194, 0.0014, 80.46, -0.0084
20241021, UBER, 52.5, 20241115, C, 0, 24, 0.0018, 80.46, 0.9889
20241021, UBER, 52.5, 20241115, P, 0, 272, 0.0018, 80.46, -0.0112
20241021, UBER, 55, 20241115, C, 0, 192, 0.0025, 80.46, 0.9852
20241021, UBER, 55, 20241115, P, 1, 1322, 0.0025, 80.46, -0.0148
20241021, UBER, 57.5, 20241115, C, 0, 94, 0.0035, 80.46, 0.98
20241021, UBER, 57.5, 20241115, P, 0, 2202, 0.0035, 80.46, -0.0201
20241021, UBER, 60, 20241115, C, 0, 800, 0.0049, 80.46, 0.9724
20241021, UBER, 60, 20241115, P, 315, 2422, 0.0049, 80.46, -0.0278
20241021, UBER, 62.5, 20241115, C, 1, 461, 0.0069, 80.46, 0.9608
20241021, UBER, 62.5, 20241115, P, 64, 3396, 0.0069, 80.46, -0.0394
20241021, UBER, 65, 20241115, C, 0, 956, 0.0099, 80.46, 0.9429
20241021, UBER, 65, 20241115, P, 34, 5570, 0.0099, 80.46, -0.0574
20241021, UBER, 67.5, 20241115, C, 5, 293, 0.014, 80.46, 0.9154
20241021, UBER, 67.5, 20241115, P, 30, 4860, 0.0141, 80.46, -0.085
20241021, UBER, 68, 20241115, C, 0, 0, 0.015, 80.46, 0.9085
20241021, UBER, 68, 20241115, P, 12, 0, 0.0151, 80.46, -0.092
20241021, UBER, 69, 20241115, C, 0, 0, 0.0171, 80.46, 0.8929
20241021, UBER, 69, 20241115, P, 23, 0, 0.0172, 80.46, -0.1077
20241021, UBER, 70, 20241115, C, 24, 3845, 0.0194, 80.46, 0.8749
20241021, UBER, 70, 20241115, P, 1479, 4709, 0.0195, 80.46, -0.1258
20241021, UBER, 71, 20241115, C, 0, 0, 0.0218, 80.46, 0.8543
20241021, UBER, 71, 20241115, P, 10, 0, 0.0219, 80.46, -0.1466
20241021, UBER, 72, 20241115, C, 2, 0, 0.0243, 80.46, 0.831
20241021, UBER, 72, 20241115, P, 14, 0, 0.0245, 80.46, -0.17
20241021, UBER, 72.5, 20241115, C, 13, 4049, 0.0256, 80.46, 0.8183
20241021, UBER, 72.5, 20241115, P, 188, 3772, 0.0258, 80.46, -0.1829
20241021, UBER, 73, 20241115, C, 0, 0, 0.0269, 80.46, 0.8049
20241021, UBER, 73, 20241115, P, 11, 0, 0.0271, 80.46, -0.1964
20241021, UBER, 74, 20241115, C, 1, 0, 0.0295, 80.46, 0.7761
20241021, UBER, 74, 20241115, P, 11, 0, 0.0297, 80.46, -0.2254
20241021, UBER, 75, 20241115, C, 20, 11564, 0.032, 80.46, 0.7445
20241021, UBER, 75, 20241115, P, 3917, 7368, 0.0322, 80.46, -0.2573
20241021, UBER, 76, 20241115, C, 12, 0, 0.0343, 80.46, 0.7105
20241021, UBER, 76, 20241115, P, 9, 0, 0.0346, 80.46, -0.2916
20241021, UBER, 77, 20241115, C, 0, 0, 0.0364, 80.46, 0.6744
20241021, UBER, 77, 20241115, P, 23, 0, 0.0367, 80.46, -0.3281
20241021, UBER, 77.5, 20241115, C, 98, 5793, 0.0373, 80.46, 0.6556
20241021, UBER, 77.5, 20241115, P, 2100, 2764, 0.0376, 80.46, -0.3471
20241021, UBER, 78, 20241115, C, 9, 0, 0.0381, 80.46, 0.6364
20241021, UBER, 78, 20241115, P, 30, 0, 0.0385, 80.46, -0.3665
20241021, UBER, 79, 20241115, C, 0, 0, 0.0395, 80.46, 0.597
20241021, UBER, 79, 20241115, P, 50, 0, 0.0399, 80.46, -0.4062
20241021, UBER, 80, 20241115, C, 479, 10603, 0.0405, 80.46, 0.5568
20241021, UBER, 80, 20241115, P, 125, 6761, 0.041, 80.46, -0.447
20241021, UBER, 81, 20241115, C, 155, 0, 0.041, 80.46, 0.516
20241021, UBER, 81, 20241115, P, 25, 0, 0.0416, 80.46, -0.4883
20241021, UBER, 82, 20241115, C, 243, 0, 0.0411, 80.46, 0.4753
20241021, UBER, 82, 20241115, P, 0, 0, 0.0417, 80.46, -0.5296
20241021, UBER, 82.5, 20241115, C, 387, 4090, 0.041, 80.46, 0.4551
20241021, UBER, 82.5, 20241115, P, 7, 1701, 0.0417, 80.46, -0.5501
20241021, UBER, 83, 20241115, C, 49, 0, 0.0408, 80.46, 0.4351
20241021, UBER, 83, 20241115, P, 0, 0, 0.0415, 80.46, -0.5704
20241021, UBER, 84, 20241115, C, 35, 0, 0.04, 80.46, 0.3959
20241021, UBER, 84, 20241115, P, 0, 0, 0.0408, 80.46, -0.6104
20241021, UBER, 85, 20241115, C, 792, 12672, 0.0389, 80.46, 0.3579
20241021, UBER, 85, 20241115, P, 18, 4243, 0.0397, 80.46, -0.6491
20241021, UBER, 86, 20241115, C, 68, 0, 0.0374, 80.46, 0.3217
20241021, UBER, 86, 20241115, P, 0, 0, 0.0383, 80.46, -0.6861
20241021, UBER, 87, 20241115, C, 74, 0, 0.0356, 80.46, 0.2875
20241021, UBER, 87, 20241115, P, 0, 0, 0.0365, 80.46, -0.7212
20241021, UBER, 87.5, 20241115, C, 24, 69, 0.0346, 80.46, 0.2712
20241021, UBER, 87.5, 20241115, P, 0, 0, 0.0356, 80.46, -0.7379
20241021, UBER, 88, 20241115, C, 38, 0, 0.0336, 80.46, 0.2555
20241021, UBER, 88, 20241115, P, 0, 0, 0.0346, 80.46, -0.7541
20241021, UBER, 89, 20241115, C, 69, 0, 0.0314, 80.46, 0.226
20241021, UBER, 89, 20241115, P, 0, 0, 0.0324, 80.46, -0.7845
20241021, UBER, 90, 20241115, C, 1355, 11496, 0.0291, 80.46, 0.1989
20241021, UBER, 90, 20241115, P, 1, 432, 0.0302, 80.46, -0.8126
20241021, UBER, 91, 20241115, C, 128, 0, 0.0268, 80.46, 0.1745
20241021, UBER, 91, 20241115, P, 0, 0, 0.028, 80.46, -0.8379
20241021, UBER, 92, 20241115, C, 10, 0, 0.0245, 80.46, 0.1525
20241021, UBER, 92, 20241115, P, 0, 0, 0.0257, 80.46, -0.8609
20241021, UBER, 95, 20241115, C, 190, 4169, 0.0181, 80.46, 0.1008
20241021, UBER, 95, 20241115, P, 0, 99, 0.0196, 80.46, -0.9154
20241021, UBER, 100, 20241115, C, 171, 5162, 0.0104, 80.46, 0.0517
20241021, UBER, 100, 20241115, P, 0, 83, 0.0124, 80.46, -0.9692
20241021, UBER, 105, 20241115, C, 13, 2778, 0.0062, 80.46, 0.0296
20241021, UBER, 105, 20241115, P, 3, 8, 0.0058, 80.46, -0.9926
20241021, UBER, 110, 20241115, C, 0, 410, 0.004, 80.46, 0.0194
20241021, UBER, 110, 20241115, P, 0, 0, 0.0012, 80.46, -0.9987
20241021, UBER, 115, 20241115, C, 0, 1, 0.0028, 80.46, 0.0141
20241021, UBER, 115, 20241115, P, 0, 0, 0, 80.46, -1
20241021, UBER, 120, 20241115, C, 0, 0, 0.0021, 80.46, 0.0109
20241021, UBER, 120, 20241115, P, 0, 0, 0, 80.46, -1
20241021, UBER, 125, 20241115, C, 0, 0, 0.0016, 80.46, 0.0087
20241021, UBER, 125, 20241115, P, 0, 0, 0, 80.46, -1
20241021, UBER, 130, 20241115, C, 0, 0, 0.0013, 80.46, 0.0072
20241021, UBER, 130, 20241115, P, 0, 0, 0, 80.46, -1
20241021, UBER, 40, 20241122, C, 0, 0, 0.0005, 80.46, 0.9965
20241021, UBER, 40, 20241122, P, 0, 0, 0.0005, 80.46, -0.0034
20241021, UBER, 45, 20241122, C, 0, 1, 0.0008, 80.46, 0.994
20241021, UBER, 45, 20241122, P, 0, 0, 0.0008, 80.46, -0.0058
20241021, UBER, 50, 20241122, C, 0, 1, 0.0015, 80.46, 0.9899
20241021, UBER, 50, 20241122, P, 0, 0, 0.0015, 80.46, -0.01
20241021, UBER, 55, 20241122, C, 0, 10, 0.0028, 80.46, 0.9824
20241021, UBER, 55, 20241122, P, 0, 1, 0.0028, 80.46, -0.0175
20241021, UBER, 60, 20241122, C, 0, 3, 0.0053, 80.46, 0.9675
20241021, UBER, 60, 20241122, P, 3, 54, 0.0053, 80.46, -0.0325
20241021, UBER, 61, 20241122, C, 0, 0, 0.0061, 80.46, 0.9629
20241021, UBER, 61, 20241122, P, 2, 5, 0.0061, 80.46, -0.0372
20241021, UBER, 62, 20241122, C, 0, 70, 0.007, 80.46, 0.9574
20241021, UBER, 62, 20241122, P, 1, 2, 0.007, 80.46, -0.0427
20241021, UBER, 63, 20241122, C, 0, 0, 0.008, 80.46, 0.951
20241021, UBER, 63, 20241122, P, 201, 19, 0.008, 80.46, -0.0492
20241021, UBER, 64, 20241122, C, 0, 0, 0.0091, 80.46, 0.9434
20241021, UBER, 64, 20241122, P, 0, 12, 0.0092, 80.46, -0.0568
20241021, UBER, 65, 20241122, C, 0, 5, 0.0104, 80.46, 0.9345
20241021, UBER, 65, 20241122, P, 38, 21, 0.0105, 80.46, -0.0658
20241021, UBER, 66, 20241122, C, 1, 0, 0.0119, 80.46, 0.9241
20241021, UBER, 66, 20241122, P, 9, 5068, 0.012, 80.46, -0.0762
20241021, UBER, 67, 20241122, C, 0, 1, 0.0135, 80.46, 0.9119
20241021, UBER, 67, 20241122, P, 3, 19, 0.0136, 80.46, -0.0885
20241021, UBER, 68, 20241122, C, 0, 6, 0.0153, 80.46, 0.8979
20241021, UBER, 68, 20241122, P, 5, 15, 0.0154, 80.46, -0.1026
20241021, UBER, 69, 20241122, C, 0, 0, 0.0173, 80.46, 0.8818
20241021, UBER, 69, 20241122, P, 1, 7713, 0.0174, 80.46, -0.1188
20241021, UBER, 70, 20241122, C, 0, 2, 0.0194, 80.46, 0.8635
20241021, UBER, 70, 20241122, P, 25, 169, 0.0195, 80.46, -0.1373
20241021, UBER, 71, 20241122, C, 6, 10, 0.0216, 80.46, 0.8428
20241021, UBER, 71, 20241122, P, 30, 206, 0.0217, 80.46, -0.1582
20241021, UBER, 72, 20241122, C, 0, 20, 0.0238, 80.46, 0.8197
20241021, UBER, 72, 20241122, P, 30, 28, 0.024, 80.46, -0.1815
20241021, UBER, 73, 20241122, C, 1, 6, 0.0261, 80.46, 0.7941
20241021, UBER, 73, 20241122, P, 2, 14, 0.0263, 80.46, -0.2073
20241021, UBER, 74, 20241122, C, 0, 8, 0.0283, 80.46, 0.7661
20241021, UBER, 74, 20241122, P, 4, 56, 0.0286, 80.46, -0.2355
20241021, UBER, 75, 20241122, C, 1, 31, 0.0305, 80.46, 0.7359
20241021, UBER, 75, 20241122, P, 1, 597, 0.0308, 80.46, -0.2661
20241021, UBER, 76, 20241122, C, 0, 98, 0.0325, 80.46, 0.7035
20241021, UBER, 76, 20241122, P, 3, 27, 0.0328, 80.46, -0.2988
20241021, UBER, 77, 20241122, C, 3, 112, 0.0343, 80.46, 0.6693
20241021, UBER, 77, 20241122, P, 26, 152, 0.0347, 80.46, -0.3334
20241021, UBER, 78, 20241122, C, 0, 169, 0.0358, 80.46, 0.6336
20241021, UBER, 78, 20241122, P, 3, 17, 0.0363, 80.46, -0.3696
20241021, UBER, 79, 20241122, C, 11, 30, 0.0371, 80.46, 0.5966
20241021, UBER, 79, 20241122, P, 0, 20, 0.0376, 80.46, -0.4071
20241021, UBER, 80, 20241122, C, 69, 324, 0.038, 80.46, 0.5588
20241021, UBER, 80, 20241122, P, 10, 236, 0.0385, 80.46, -0.4454
20241021, UBER, 81, 20241122, C, 4, 29, 0.0385, 80.46, 0.5206
20241021, UBER, 81, 20241122, P, 0, 10, 0.0391, 80.46, -0.4842
20241021, UBER, 82, 20241122, C, 8, 48, 0.0387, 80.46, 0.4823
20241021, UBER, 82, 20241122, P, 49, 36, 0.0394, 80.46, -0.5232
20241021, UBER, 83, 20241122, C, 25, 90, 0.0385, 80.46, 0.4443
20241021, UBER, 83, 20241122, P, 0, 2, 0.0393, 80.46, -0.5618
20241021, UBER, 84, 20241122, C, 0, 67, 0.038, 80.46, 0.4071
20241021, UBER, 84, 20241122, P, 1, 14, 0.0388, 80.46, -0.5999
20241021, UBER, 85, 20241122, C, 47, 350, 0.0371, 80.46, 0.3709
20241021, UBER, 85, 20241122, P, 0, 50, 0.038, 80.46, -0.6369
20241021, UBER, 86, 20241122, C, 0, 90, 0.0359, 80.46, 0.336
20241021, UBER, 86, 20241122, P, 0, 46, 0.0369, 80.46, -0.6727
20241021, UBER, 87, 20241122, C, 15, 36, 0.0344, 80.46, 0.3029
20241021, UBER, 87, 20241122, P, 1, 43, 0.0355, 80.46, -0.7068
20241021, UBER, 88, 20241122, C, 5, 1573, 0.0328, 80.46, 0.2716
20241021, UBER, 88, 20241122, P, 0, 5, 0.0339, 80.46, -0.7391
20241021, UBER, 89, 20241122, C, 4, 9, 0.0309, 80.46, 0.2424
20241021, UBER, 89, 20241122, P, 0, 8, 0.0321, 80.46, -0.7694
20241021, UBER, 90, 20241122, C, 15, 757, 0.0289, 80.46, 0.2154
20241021, UBER, 90, 20241122, P, 0, 11, 0.0302, 80.46, -0.7975
20241021, UBER, 91, 20241122, C, 0, 11, 0.0269, 80.46, 0.1907
20241021, UBER, 91, 20241122, P, 0, 0, 0.0282, 80.46, -0.8234
20241021, UBER, 92, 20241122, C, 26, 18, 0.0248, 80.46, 0.1683
20241021, UBER, 92, 20241122, P, 0, 0, 0.0263, 80.46, -0.847
20241021, UBER, 93, 20241122, C, 0, 7, 0.0228, 80.46, 0.1481
20241021, UBER, 93, 20241122, P, 0, 0, 0.0243, 80.46, -0.8685
20241021, UBER, 94, 20241122, C, 0, 1, 0.0208, 80.46, 0.1301
20241021, UBER, 94, 20241122, P, 0, 0, 0.0224, 80.46, -0.8878
20241021, UBER, 95, 20241122, C, 2, 198, 0.0189, 80.46, 0.1141
20241021, UBER, 95, 20241122, P, 0, 2, 0.0206, 80.46, -0.905
20241021, UBER, 96, 20241122, C, 0, 0, 0.0171, 80.46, 0.1001
20241021, UBER, 96, 20241122, P, 0, 0, 0.0188, 80.46, -0.9202
20241021, UBER, 97, 20241122, C, 26, 19, 0.0154, 80.46, 0.0878
20241021, UBER, 97, 20241122, P, 0, 0, 0.0173, 80.46, -0.9338
20241021, UBER, 98, 20241122, C, 0, 8, 0.0139, 80.46, 0.0771
20241021, UBER, 98, 20241122, P, 0, 0, 0.0156, 80.46, -0.9454
20241021, UBER, 99, 20241122, C, 2, 1, 0.0125, 80.46, 0.0679
20241021, UBER, 99, 20241122, P, 0, 0, 0.0141, 80.46, -0.9557
20241021, UBER, 100, 20241122, C, 0, 2605, 0.0113, 80.46, 0.06
20241021, UBER, 100, 20241122, P, 0, 0, 0.0134, 80.46, -0.9652
20241021, UBER, 105, 20241122, C, 2, 3, 0.0068, 80.46, 0.0342
20241021, UBER, 105, 20241122, P, 0, 0, 0.0061, 80.46, -0.9925
20241021, UBER, 110, 20241122, C, 0, 0, 0.0044, 80.46, 0.022
20241021, UBER, 110, 20241122, P, 0, 0, 0.0008, 80.46, -0.9991
20241021, UBER, 115, 20241122, C, 0, 1, 0.0031, 80.46, 0.0158
20241021, UBER, 115, 20241122, P, 0, 0, 0, 80.46, -1
20241021, UBER, 120, 20241122, C, 0, 0, 0.0023, 80.46, 0.0121
20241021, UBER, 120, 20241122, P, 0, 0, 0, 80.46, -1
20241021, UBER, 125, 20241122, C, 0, 0, 0.0018, 80.46, 0.0097
20241021, UBER, 125, 20241122, P, 0, 0, 0, 80.46, -1
20241021, UBER, 130, 20241122, C, 0, 0, 0.0014, 80.46, 0.0079
20241021, UBER, 130, 20241122, P, 0, 0, 0, 80.46, -1
20241021, UBER, 40, 20241129, C, 0, 0, 0.0004, 80.46, 0.9966
20241021, UBER, 40, 20241129, P, 0, 1, 0.0004, 80.46, -0.0032
20241021, UBER, 45, 20241129, C, 0, 0, 0.0008, 80.46, 0.9942
20241021, UBER, 45, 20241129, P, 0, 0, 0.0008, 80.46, -0.0057
20241021, UBER, 50, 20241129, C, 0, 0, 0.0015, 80.46, 0.9899
20241021, UBER, 50, 20241129, P, 0, 0, 0.0015, 80.46, -0.01
20241021, UBER, 55, 20241129, C, 0, 1, 0.0028, 80.46, 0.9819
20241021, UBER, 55, 20241129, P, 0, 5, 0.0029, 80.46, -0.018
20241021, UBER, 60, 20241129, C, 0, 0, 0.0055, 80.46, 0.9656
20241021, UBER, 60, 20241129, P, 0, 12, 0.0055, 80.46, -0.0345
20241021, UBER, 65, 20241129, C, 0, 1, 0.0106, 80.46, 0.93
20241021, UBER, 65, 20241129, P, 2, 51, 0.0107, 80.46, -0.0703
20241021, UBER, 66, 20241129, C, 0, 0, 0.0121, 80.46, 0.919
20241021, UBER, 66, 20241129, P, 4, 6, 0.0122, 80.46, -0.0814
20241021, UBER, 67, 20241129, C, 0, 0, 0.0137, 80.46, 0.9063
20241021, UBER, 67, 20241129, P, 8, 7997, 0.0138, 80.46, -0.0942
20241021, UBER, 68, 20241129, C, 0, 5, 0.0154, 80.46, 0.8918
20241021, UBER, 68, 20241129, P, 3, 6, 0.0155, 80.46, -0.1088
20241021, UBER, 69, 20241129, C, 0, 2, 0.0173, 80.46, 0.8753
20241021, UBER, 69, 20241129, P, 2, 6, 0.0174, 80.46, -0.1258
20241021, UBER, 70, 20241129, C, 0, 3, 0.0192, 80.46, 0.8567
20241021, UBER, 70, 20241129, P, 21, 37, 0.0194, 80.46, -0.1442
20241021, UBER, 71, 20241129, C, 0, 27, 0.0213, 80.46, 0.8359
20241021, UBER, 71, 20241129, P, 0, 8, 0.0215, 80.46, -0.1652
20241021, UBER, 72, 20241129, C, 0, 21, 0.0234, 80.46, 0.8129
20241021, UBER, 72, 20241129, P, 10, 7, 0.0236, 80.46, -0.1884
20241021, UBER, 73, 20241129, C, 0, 24, 0.0255, 80.46, 0.7877
20241021, UBER, 73, 20241129, P, 0, 34, 0.0257, 80.46, -0.2138
20241021, UBER, 74, 20241129, C, 0, 1, 0.0275, 80.46, 0.7604
20241021, UBER, 74, 20241129, P, 17, 14, 0.0278, 80.46, -0.2415
20241021, UBER, 75, 20241129, C, 1, 6, 0.0295, 80.46, 0.731
20241021, UBER, 75, 20241129, P, 21, 57, 0.0298, 80.46, -0.2712
20241021, UBER, 76, 20241129, C, 0, 24, 0.0313, 80.46, 0.6998
20241021, UBER, 76, 20241129, P, 5, 15, 0.0317, 80.46, -0.3028
20241021, UBER, 77, 20241129, C, 6, 28, 0.033, 80.46, 0.6669
20241021, UBER, 77, 20241129, P, 21, 35, 0.0334, 80.46, -0.3362
20241021, UBER, 78, 20241129, C, 1, 39, 0.0344, 80.46, 0.6327
20241021, UBER, 78, 20241129, P, 2, 13, 0.0349, 80.46, -0.371
20241021, UBER, 79, 20241129, C, 7, 37, 0.0355, 80.46, 0.5973
20241021, UBER, 79, 20241129, P, 0, 31, 0.0361, 80.46, -0.4069
20241021, UBER, 80, 20241129, C, 53, 70, 0.0364, 80.46, 0.5611
20241021, UBER, 80, 20241129, P, 8, 57, 0.037, 80.46, -0.4437
20241021, UBER, 81, 20241129, C, 23, 18, 0.037, 80.46, 0.5244
20241021, UBER, 81, 20241129, P, 3, 4, 0.0376, 80.46, -0.481
20241021, UBER, 82, 20241129, C, 9, 84, 0.0372, 80.46, 0.4876
20241021, UBER, 82, 20241129, P, 0, 9, 0.038, 80.46, -0.5186
20241021, UBER, 83, 20241129, C, 5, 29, 0.0371, 80.46, 0.4511
20241021, UBER, 83, 20241129, P, 0, 37, 0.0379, 80.46, -0.556
20241021, UBER, 84, 20241129, C, 3, 41, 0.0367, 80.46, 0.4151
20241021, UBER, 84, 20241129, P, 1, 6, 0.0376, 80.46, -0.5928
20241021, UBER, 85, 20241129, C, 8, 517, 0.036, 80.46, 0.38
20241021, UBER, 85, 20241129, P, 1, 88, 0.037, 80.46, -0.6289
20241021, UBER, 86, 20241129, C, 8, 47, 0.035, 80.46, 0.346
20241021, UBER, 86, 20241129, P, 0, 10, 0.036, 80.46, -0.6639
20241021, UBER, 87, 20241129, C, 4, 62, 0.0337, 80.46, 0.3136
20241021, UBER, 87, 20241129, P, 0, 22, 0.0349, 80.46, -0.6975
20241021, UBER, 88, 20241129, C, 0, 26, 0.0322, 80.46, 0.2828
20241021, UBER, 88, 20241129, P, 0, 10, 0.0335, 80.46, -0.7295
20241021, UBER, 89, 20241129, C, 12, 47, 0.0306, 80.46, 0.2538
20241021, UBER, 89, 20241129, P, 0, 1, 0.0319, 80.46, -0.7597
20241021, UBER, 90, 20241129, C, 34, 335, 0.0288, 80.46, 0.2269
20241021, UBER, 90, 20241129, P, 0, 1, 0.0303, 80.46, -0.788
20241021, UBER, 91, 20241129, C, 0, 59, 0.0269, 80.46, 0.2021
20241021, UBER, 91, 20241129, P, 0, 0, 0.0284, 80.46, -0.8142
20241021, UBER, 92, 20241129, C, 1, 6, 0.025, 80.46, 0.1794
20241021, UBER, 92, 20241129, P, 0, 0, 0.0267, 80.46, -0.8383
20241021, UBER, 93, 20241129, C, 1, 2, 0.0231, 80.46, 0.1588
20241021, UBER, 93, 20241129, P, 0, 0, 0.0248, 80.46, -0.8603
20241021, UBER, 94, 20241129, C, 0, 7, 0.0212, 80.46, 0.1403
20241021, UBER, 94, 20241129, P, 0, 0, 0.023, 80.46, -0.8804
20241021, UBER, 95, 20241129, C, 4, 149, 0.0194, 80.46, 0.1237
20241021, UBER, 95, 20241129, P, 0, 0, 0.0214, 80.46, -0.8984
20241021, UBER, 96, 20241129, C, 1, 247, 0.0176, 80.46, 0.109
20241021, UBER, 96, 20241129, P, 0, 0, 0.0198, 80.46, -0.9145
20241021, UBER, 97, 20241129, C, 0, 12, 0.016, 80.46, 0.0961
20241021, UBER, 97, 20241129, P, 0, 0, 0.0181, 80.46, -0.929
20241021, UBER, 98, 20241129, C, 2, 3, 0.0145, 80.46, 0.0848
20241021, UBER, 98, 20241129, P, 0, 0, 0.0168, 80.46, -0.9418
20241021, UBER, 99, 20241129, C, 0, 2, 0.0131, 80.46, 0.0748
20241021, UBER, 99, 20241129, P, 0, 0, 0.0156, 80.46, -0.9534
20241021, UBER, 100, 20241129, C, 13, 17, 0.0119, 80.46, 0.0662
20241021, UBER, 100, 20241129, P, 0, 0, 0.0147, 80.46, -0.9636
20241021, UBER, 105, 20241129, C, 8, 0, 0.0072, 80.46, 0.0377
20241021, UBER, 105, 20241129, P, 0, 0, 0.0058, 80.46, -0.9937
20241021, UBER, 110, 20241129, C, 0, 0, 0.0046, 80.46, 0.0237
20241021, UBER, 110, 20241129, P, 0, 0, 0.0001, 80.46, -0.9999
20241021, UBER, 115, 20241129, C, 0, 0, 0.0032, 80.46, 0.0165
20241021, UBER, 115, 20241129, P, 0, 0, 0, 80.46, -1
20241021, UBER, 120, 20241129, C, 0, 0, 0.0023, 80.46, 0.0124
20241021, UBER, 120, 20241129, P, 0, 0, 0, 80.46, -1
20241021, UBER, 125, 20241129, C, 0, 0, 0.0018, 80.46, 0.0097
20241021, UBER, 125, 20241129, P, 0, 0, 0, 80.46, -1
20241021, UBER, 130, 20241129, C, 0, 0, 0.0014, 80.46, 0.0079
20241021, UBER, 130, 20241129, P, 0, 0, 0, 80.46, -1
20241021, UBER, 30, 20241220, C, 0, 10, 0.0002, 80.46, 0.9976
20241021, UBER, 30, 20241220, P, 0, 4, 0.0002, 80.46, -0.0022
20241021, UBER, 32.5, 20241220, C, 0, 0, 0.0003, 80.46, 0.997
20241021, UBER, 32.5, 20241220, P, 0, 106, 0.0003, 80.46, -0.0029
20241021, UBER, 35, 20241220, C, 0, 102, 0.0004, 80.46, 0.9961
20241021, UBER, 35, 20241220, P, 12, 1214, 0.0004, 80.46, -0.0037
20241021, UBER, 37.5, 20241220, C, 0, 11, 0.0005, 80.46, 0.9951
20241021, UBER, 37.5, 20241220, P, 10, 363, 0.0005, 80.46, -0.0048
20241021, UBER, 40, 20241220, C, 5, 204, 0.0007, 80.46, 0.9938
20241021, UBER, 40, 20241220, P, 0, 982, 0.0007, 80.46, -0.0061
20241021, UBER, 42.5, 20241220, C, 0, 23, 0.0009, 80.46, 0.9921
20241021, UBER, 42.5, 20241220, P, 0, 135, 0.0009, 80.46, -0.0077
20241021, UBER, 45, 20241220, C, 0, 166, 0.0012, 80.46, 0.99
20241021, UBER, 45, 20241220, P, 0, 607, 0.0012, 80.46, -0.0098
20241021, UBER, 47.5, 20241220, C, 0, 50, 0.0016, 80.46, 0.9873
20241021, UBER, 47.5, 20241220, P, 5, 1824, 0.0016, 80.46, -0.0126
20241021, UBER, 50, 20241220, C, 0, 812, 0.0021, 80.46, 0.9838
20241021, UBER, 50, 20241220, P, 3, 1802, 0.0021, 80.46, -0.0161
20241021, UBER, 52.5, 20241220, C, 0, 13, 0.0028, 80.46, 0.979
20241021, UBER, 52.5, 20241220, P, 2, 257, 0.0028, 80.46, -0.021
20241021, UBER, 55, 20241220, C, 0, 462, 0.0037, 80.46, 0.9723
20241021, UBER, 55, 20241220, P, 1, 1906, 0.0037, 80.46, -0.0277
20241021, UBER, 57.5, 20241220, C, 31, 168, 0.0049, 80.46, 0.9629
20241021, UBER, 57.5, 20241220, P, 0, 970, 0.0049, 80.46, -0.0371
20241021, UBER, 60, 20241220, C, 0, 802, 0.0066, 80.46, 0.9497
20241021, UBER, 60, 20241220, P, 50, 1105, 0.0066, 80.46, -0.0505
20241021, UBER, 62.5, 20241220, C, 1, 537, 0.0088, 80.46, 0.9311
20241021, UBER, 62.5, 20241220, P, 4, 1282, 0.0088, 80.46, -0.0692
20241021, UBER, 65, 20241220, C, 3, 1205, 0.0115, 80.46, 0.9058
20241021, UBER, 65, 20241220, P, 37, 4006, 0.0116, 80.46, -0.0948
20241021, UBER, 67.5, 20241220, C, 3, 902, 0.0148, 80.46, 0.8723
20241021, UBER, 67.5, 20241220, P, 1414, 2433, 0.015, 80.46, -0.1287
20241021, UBER, 70, 20241220, C, 60, 1513, 0.0185, 80.46, 0.8295
20241021, UBER, 70, 20241220, P, 165, 3925, 0.0187, 80.46, -0.1721
20241021, UBER, 72.5, 20241220, C, 38, 1479, 0.0223, 80.46, 0.7768
20241021, UBER, 72.5, 20241220, P, 89, 4525, 0.0226, 80.46, -0.2255
20241021, UBER, 75, 20241220, C, 568, 8838, 0.026, 80.46, 0.7145
20241021, UBER, 75, 20241220, P, 45, 1754, 0.0264, 80.46, -0.2889
20241021, UBER, 77.5, 20241220, C, 52, 1551, 0.029, 80.46, 0.644
20241021, UBER, 77.5, 20241220, P, 32, 645, 0.0296, 80.46, -0.3607
20241021, UBER, 80, 20241220, C, 872, 5177, 0.0311, 80.46, 0.5679
20241021, UBER, 80, 20241220, P, 45, 1694, 0.0318, 80.46, -0.4386
20241021, UBER, 82.5, 20241220, C, 95, 3468, 0.0319, 80.46, 0.4895
20241021, UBER, 82.5, 20241220, P, 20, 2835, 0.0328, 80.46, -0.5192
20241021, UBER, 85, 20241220, C, 257, 9297, 0.0314, 80.46, 0.4126
20241021, UBER, 85, 20241220, P, 10, 882, 0.0325, 80.46, -0.5987
20241021, UBER, 87.5, 20241220, C, 156, 1928, 0.0296, 80.46, 0.3406
20241021, UBER, 87.5, 20241220, P, 2, 273, 0.0311, 80.46, -0.6738
20241021, UBER, 90, 20241220, C, 123, 6681, 0.027, 80.46, 0.2754
20241021, UBER, 90, 20241220, P, 285, 494, 0.0288, 80.46, -0.7422
20241021, UBER, 95, 20241220, C, 192, 3636, 0.0206, 80.46, 0.1724
20241021, UBER, 95, 20241220, P, 1, 13, 0.0229, 80.46, -0.8543
20241021, UBER, 100, 20241220, C, 95, 3863, 0.0143, 80.46, 0.1028
20241021, UBER, 100, 20241220, P, 0, 0, 0.0171, 80.46, -0.9338
20241021, UBER, 105, 20241220, C, 10, 1505, 0.0094, 80.46, 0.0598
20241021, UBER, 105, 20241220, P, 0, 0, 0.0124, 80.46, -0.9856
20241021, UBER, 110, 20241220, C, 4, 728, 0.0059, 80.46, 0.0348
20241021, UBER, 110, 20241220, P, 0, 0, 0, 80.46, -1
20241021, UBER, 115, 20241220, C, 3, 595, 0.0037, 80.46, 0.0206
20241021, UBER, 115, 20241220, P, 0, 0, 0, 80.46, -1
20241021, UBER, 120, 20241220, C, 12, 1780, 0.0024, 80.46, 0.0127
20241021, UBER, 120, 20241220, P, 0, 0, 0, 80.46, -1
20241021, UBER, 125, 20241220, C, 2, 0, 0.0016, 80.46, 0.0082
20241021, UBER, 125, 20241220, P, 0, 0, 0, 80.46, -1
20241021, UBER, 130, 20241220, C, 0, 0, 0.0011, 80.46, 0.0056
20241021, UBER, 130, 20241220, P, 0, 0, 0, 80.46, -1
20241021, UBER, 12.5, 20250117, C, 0, 350, 0, 80.46, 0.9998
20241021, UBER, 12.5, 20250117, P, 17, 4066, 0, 80.46, -0.0003
20241021, UBER, 15, 20250117, C, 0, 193, 0, 80.46, 0.9996
20241021, UBER, 15, 20250117, P, 0, 3210, 0, 80.46, -0.0005
20241021, UBER, 17.5, 20250117, C, 0, 118, 0, 80.46, 0.9994
20241021, UBER, 17.5, 20250117, P, 0, 3195, 0, 80.46, -0.0007
20241021, UBER, 20, 20250117, C, 0, 1345, 0.0001, 80.46, 0.9992
20241021, UBER, 20, 20250117, P, 0, 2870, 0.0001, 80.46, -0.0009
20241021, UBER, 22.5, 20250117, C, 0, 232, 0.0001, 80.46, 0.9988
20241021, UBER, 22.5, 20250117, P, 10, 1902, 0.0001, 80.46, -0.0013
20241021, UBER, 25, 20250117, C, 0, 502, 0.0001, 80.46, 0.9984
20241021, UBER, 25, 20250117, P, 18, 7209, 0.0001, 80.46, -0.0017
20241021, UBER, 27.5, 20250117, C, 6, 369, 0.0002, 80.46, 0.9979
20241021, UBER, 27.5, 20250117, P, 5, 14713, 0.0002, 80.46, -0.0022
20241021, UBER, 30, 20250117, C, 0, 7246, 0.0003, 80.46, 0.9972
20241021, UBER, 30, 20250117, P, 0, 10193, 0.0003, 80.46, -0.0029
20241021, UBER, 32.5, 20250117, C, 0, 883, 0.0004, 80.46, 0.9964
20241021, UBER, 32.5, 20250117, P, 0, 4800, 0.0004, 80.46, -0.0038
20241021, UBER, 35, 20250117, C, 1, 3272, 0.0005, 80.46, 0.9953
20241021, UBER, 35, 20250117, P, 0, 6716, 0.0005, 80.46, -0.0048
20241021, UBER, 37.5, 20250117, C, 0, 1496, 0.0006, 80.46, 0.9939
20241021, UBER, 37.5, 20250117, P, 0, 2667, 0.0006, 80.46, -0.0062
20241021, UBER, 40, 20250117, C, 0, 5409, 0.0008, 80.46, 0.9922
20241021, UBER, 40, 20250117, P, 0, 13007, 0.0008, 80.46, -0.0079
20241021, UBER, 42.5, 20250117, C, 0, 2235, 0.0011, 80.46, 0.9901
20241021, UBER, 42.5, 20250117, P, 2, 965, 0.0011, 80.46, -0.0101
20241021, UBER, 45, 20250117, C, 5, 6301, 0.0014, 80.46, 0.9873
20241021, UBER, 45, 20250117, P, 2, 7067, 0.0014, 80.46, -0.0129
20241021, UBER, 47.5, 20250117, C, 0, 1756, 0.0019, 80.46, 0.9836
20241021, UBER, 47.5, 20250117, P, 20, 2554, 0.0019, 80.46, -0.0166
20241021, UBER, 50, 20250117, C, 5, 7446, 0.0025, 80.46, 0.9788
20241021, UBER, 50, 20250117, P, 7, 5868, 0.0025, 80.46, -0.0215
20241021, UBER, 52.5, 20250117, C, 0, 1236, 0.0032, 80.46, 0.9723
20241021, UBER, 52.5, 20250117, P, 9, 7056, 0.0033, 80.46, -0.0281
20241021, UBER, 55, 20250117, C, 4, 2852, 0.0042, 80.46, 0.9636
20241021, UBER, 55, 20250117, P, 1647, 9613, 0.0043, 80.46, -0.0369
20241021, UBER, 57.5, 20250117, C, 32, 3650, 0.0055, 80.46, 0.9517
20241021, UBER, 57.5, 20250117, P, 15, 3447, 0.0056, 80.46, -0.049
20241021, UBER, 60, 20250117, C, 2, 3341, 0.0072, 80.46, 0.9358
20241021, UBER, 60, 20250117, P, 3297, 12250, 0.0073, 80.46, -0.0649
20241021, UBER, 62.5, 20250117, C, 0, 1433, 0.0092, 80.46, 0.9148
20241021, UBER, 62.5, 20250117, P, 0, 8697, 0.0094, 80.46, -0.0863
20241021, UBER, 65, 20250117, C, 2, 6150, 0.0117, 80.46, 0.8876
20241021, UBER, 65, 20250117, P, 1654, 6003, 0.0118, 80.46, -0.1139
20241021, UBER, 67.5, 20250117, C, 23, 1417, 0.0144, 80.46, 0.8534
20241021, UBER, 67.5, 20250117, P, 14, 3344, 0.0147, 80.46, -0.1487
20241021, UBER, 70, 20250117, C, 4, 5812, 0.0174, 80.46, 0.8116
20241021, UBER, 70, 20250117, P, 58, 6115, 0.0177, 80.46, -0.1913
20241021, UBER, 72.5, 20250117, C, 0, 1985, 0.0203, 80.46, 0.7621
20241021, UBER, 72.5, 20250117, P, 10, 4003, 0.0208, 80.46, -0.2422
20241021, UBER, 75, 20250117, C, 10, 5385, 0.0231, 80.46, 0.7056
20241021, UBER, 75, 20250117, P, 91, 3949, 0.0236, 80.46, -0.2998
20241021, UBER, 77.5, 20250117, C, 15, 2223, 0.0253, 80.46, 0.6432
20241021, UBER, 77.5, 20250117, P, 63, 1053, 0.0261, 80.46, -0.364
20241021, UBER, 80, 20250117, C, 357, 11353, 0.0269, 80.46, 0.5769
20241021, UBER, 80, 20250117, P, 55, 4221, 0.0279, 80.46, -0.4325
20241021, UBER, 82.5, 20250117, C, 83, 3352, 0.0277, 80.46, 0.509
20241021, UBER, 82.5, 20250117, P, 3, 784, 0.0288, 80.46, -0.5031
20241021, UBER, 85, 20250117, C, 3286, 7673, 0.0276, 80.46, 0.4419
20241021, UBER, 85, 20250117, P, 0, 2741, 0.029, 80.46, -0.5734
20241021, UBER, 87.5, 20250117, C, 23, 2709, 0.0267, 80.46, 0.3777
20241021, UBER, 87.5, 20250117, P, 0, 498, 0.0284, 80.46, -0.6412
20241021, UBER, 90, 20250117, C, 6641, 10531, 0.0252, 80.46, 0.3181
20241021, UBER, 90, 20250117, P, 10, 1772, 0.0271, 80.46, -0.7051
20241021, UBER, 95, 20250117, C, 3281, 4715, 0.0208, 80.46, 0.2168
20241021, UBER, 95, 20250117, P, 16, 49, 0.0234, 80.46, -0.8166
20241021, UBER, 100, 20250117, C, 85, 12153, 0.0158, 80.46, 0.1407
20241021, UBER, 100, 20250117, P, 0, 29, 0.0193, 80.46, -0.9046
20241021, UBER, 105, 20250117, C, 4, 1436, 0.0113, 80.46, 0.0891
20241021, UBER, 105, 20250117, P, 0, 1, 0.016, 80.46, -0.9708
20241021, UBER, 110, 20250117, C, 20, 2833, 0.0078, 80.46, 0.0551
20241021, UBER, 110, 20250117, P, 0, 0, 0.0005, 80.46, -0.9994
20241021, UBER, 115, 20250117, C, 6, 415, 0.0052, 80.46, 0.0344
20241021, UBER, 115, 20250117, P, 0, 0, 0, 80.46, -1
20241021, UBER, 120, 20250117, C, 25, 9542, 0.0035, 80.46, 0.022
20241021, UBER, 120, 20250117, P, 0, 0, 0, 80.46, -1
20241021, UBER, 125, 20250117, C, 4, 0, 0.0024, 80.46, 0.0147
20241021, UBER, 125, 20250117, P, 0, 0, 0, 80.46, -1
20241021, UBER, 130, 20250117, C, 12, 32, 0.0017, 80.46, 0.0103
20241021, UBER, 130, 20250117, P, 0, 0, 0, 80.46, -1
20241021, UBER, 30, 20250221, C, 0, 0, 0.0003, 80.46, 0.9974
20241021, UBER, 30, 20250221, P, 0, 63, 0.0003, 80.46, -0.0033
20241021, UBER, 32.5, 20250221, C, 0, 1, 0.0004, 80.46, 0.9962
20241021, UBER, 32.5, 20250221, P, 0, 27, 0.0004, 80.46, -0.0045
20241021, UBER, 35, 20250221, C, 0, 1, 0.0006, 80.46, 0.9947
20241021, UBER, 35, 20250221, P, 0, 19, 0.0006, 80.46, -0.006
20241021, UBER, 37.5, 20250221, C, 0, 4, 0.0008, 80.46, 0.9928
20241021, UBER, 37.5, 20250221, P, 2, 32, 0.0008, 80.46, -0.008
20241021, UBER, 40, 20250221, C, 0, 4, 0.001, 80.46, 0.9903
20241021, UBER, 40, 20250221, P, 1, 75, 0.001, 80.46, -0.0105
20241021, UBER, 42.5, 20250221, C, 0, 28, 0.0014, 80.46, 0.987
20241021, UBER, 42.5, 20250221, P, 2, 47, 0.0014, 80.46, -0.0138
20241021, UBER, 45, 20250221, C, 0, 8, 0.0018, 80.46, 0.9828
20241021, UBER, 45, 20250221, P, 2, 52, 0.0018, 80.46, -0.018
20241021, UBER, 47.5, 20250221, C, 0, 18, 0.0023, 80.46, 0.9774
20241021, UBER, 47.5, 20250221, P, 2, 92, 0.0023, 80.46, -0.0235
20241021, UBER, 50, 20250221, C, 0, 41, 0.003, 80.46, 0.9703
20241021, UBER, 50, 20250221, P, 2, 118, 0.003, 80.46, -0.0307
20241021, UBER, 52.5, 20250221, C, 0, 30, 0.0039, 80.46, 0.9611
20241021, UBER, 52.5, 20250221, P, 2, 23, 0.0039, 80.46, -0.04
20241021, UBER, 55, 20250221, C, 0, 58, 0.0049, 80.46, 0.9492
20241021, UBER, 55, 20250221, P, 2, 260, 0.005, 80.46, -0.052
20241021, UBER, 57.5, 20250221, C, 0, 53, 0.0062, 80.46, 0.934
20241021, UBER, 57.5, 20250221, P, 0, 452, 0.0063, 80.46, -0.0676
20241021, UBER, 60, 20250221, C, 0, 853, 0.0078, 80.46, 0.9149
20241021, UBER, 60, 20250221, P, 2, 3199, 0.0079, 80.46, -0.0872
20241021, UBER, 62.5, 20250221, C, 0, 557, 0.0096, 80.46, 0.8911
20241021, UBER, 62.5, 20250221, P, 1, 700, 0.0097, 80.46, -0.1111
20241021, UBER, 65, 20250221, C, 3, 505, 0.0115, 80.46, 0.8621
20241021, UBER, 65, 20250221, P, 5, 1905, 0.0117, 80.46, -0.1406
20241021, UBER, 67.5, 20250221, C, 0, 174, 0.0136, 80.46, 0.8277
20241021, UBER, 67.5, 20250221, P, 0, 372, 0.0139, 80.46, -0.1758
20241021, UBER, 70, 20250221, C, 4, 267, 0.0157, 80.46, 0.7879
20241021, UBER, 70, 20250221, P, 536, 593, 0.0161, 80.46, -0.2166
20241021, UBER, 72.5, 20250221, C, 0, 199, 0.0177, 80.46, 0.743
20241021, UBER, 72.5, 20250221, P, 0, 1156, 0.0182, 80.46, -0.2628
20241021, UBER, 75, 20250221, C, 0, 778, 0.0195, 80.46, 0.6938
20241021, UBER, 75, 20250221, P, 1, 330, 0.0201, 80.46, -0.3136
20241021, UBER, 77.5, 20250221, C, 6, 288, 0.021, 80.46, 0.6412
20241021, UBER, 77.5, 20250221, P, 12, 1790, 0.0217, 80.46, -0.368
20241021, UBER, 80, 20250221, C, 22, 904, 0.022, 80.46, 0.5866
20241021, UBER, 80, 20250221, P, 0, 271, 0.023, 80.46, -0.4249
20241021, UBER, 82.5, 20250221, C, 13, 304, 0.0226, 80.46, 0.5313
20241021, UBER, 82.5, 20250221, P, 288, 561, 0.0237, 80.46, -0.4829
20241021, UBER, 85, 20250221, C, 369, 1296, 0.0227, 80.46, 0.4766
20241021, UBER, 85, 20250221, P, 0, 631, 0.0241, 80.46, -0.5408
20241021, UBER, 87.5, 20250221, C, 5, 7, 0.0224, 80.46, 0.423
20241021, UBER, 87.5, 20250221, P, 0, 0, 0.024, 80.46, -0.5974
20241021, UBER, 90, 20250221, C, 55, 1738, 0.0217, 80.46, 0.3725
20241021, UBER, 90, 20250221, P, 0, 463, 0.0235, 80.46, -0.6518
20241021, UBER, 95, 20250221, C, 70, 914, 0.0194, 80.46, 0.2819
20241021, UBER, 95, 20250221, P, 1, 196, 0.0218, 80.46, -0.7516
20241021, UBER, 100, 20250221, C, 39, 796, 0.0165, 80.46, 0.2073
20241021, UBER, 100, 20250221, P, 0, 4, 0.0195, 80.46, -0.8373
20241021, UBER, 105, 20250221, C, 0, 91, 0.0133, 80.46, 0.149
20241021, UBER, 105, 20250221, P, 0, 0, 0.0172, 80.46, -0.9088
20241021, UBER, 110, 20250221, C, 0, 159, 0.0104, 80.46, 0.1056
20241021, UBER, 110, 20250221, P, 0, 0, 0.0144, 80.46, -0.9667
20241021, UBER, 115, 20250221, C, 0, 80, 0.008, 80.46, 0.0738
20241021, UBER, 115, 20250221, P, 0, 0, 0.0026, 80.46, -0.9959
20241021, UBER, 120, 20250221, C, 0, 0, 0.006, 80.46, 0.0514
20241021, UBER, 120, 20250221, P, 0, 0, 0, 80.46, -1
20241021, UBER, 125, 20250221, C, 2, 3, 0.0044, 80.46, 0.0363
20241021, UBER, 125, 20250221, P, 0, 0, 0, 80.46, -1
20241021, UBER, 130, 20250221, C, 2, 53, 0.0033, 80.46, 0.0261
20241021, UBER, 130, 20250221, P, 0, 0, 0, 80.46, -1
20241021, UBER, 30, 20250321, C, 0, 0, 0.0004, 80.46, 0.9961
20241021, UBER, 30, 20250321, P, 2, 55, 0.0004, 80.46, -0.0047
20241021, UBER, 32.5, 20250321, C, 0, 2, 0.0005, 80.46, 0.9946
20241021, UBER, 32.5, 20250321, P, 2, 528, 0.0005, 80.46, -0.0062
20241021, UBER, 35, 20250321, C, 0, 24, 0.0007, 80.46, 0.9926
20241021, UBER, 35, 20250321, P, 2, 45, 0.0007, 80.46, -0.0082
20241021, UBER, 37.5, 20250321, C, 0, 26, 0.0009, 80.46, 0.9902
20241021, UBER, 37.5, 20250321, P, 0, 1025, 0.001, 80.46, -0.0106
20241021, UBER, 40, 20250321, C, 0, 32, 0.0012, 80.46, 0.9871
20241021, UBER, 40, 20250321, P, 2, 2765, 0.0012, 80.46, -0.0138
20241021, UBER, 42.5, 20250321, C, 0, 42, 0.0016, 80.46, 0.9831
20241021, UBER, 42.5, 20250321, P, 2, 105, 0.0016, 80.46, -0.0178
20241021, UBER, 45, 20250321, C, 0, 35, 0.002, 80.46, 0.978
20241021, UBER, 45, 20250321, P, 9, 1833, 0.0021, 80.46, -0.023
20241021, UBER, 47.5, 20250321, C, 0, 110, 0.0026, 80.46, 0.9715
20241021, UBER, 47.5, 20250321, P, 7, 640, 0.0026, 80.46, -0.0295
20241021, UBER, 50, 20250321, C, 22, 383, 0.0033, 80.46, 0.9633
20241021, UBER, 50, 20250321, P, 5, 1337, 0.0034, 80.46, -0.0379
20241021, UBER, 52.5, 20250321, C, 0, 10, 0.0042, 80.46, 0.9528
20241021, UBER, 52.5, 20250321, P, 0, 38, 0.0042, 80.46, -0.0485
20241021, UBER, 55, 20250321, C, 0, 205, 0.0052, 80.46, 0.9396
20241021, UBER, 55, 20250321, P, 0, 6137, 0.0053, 80.46, -0.0619
20241021, UBER, 57.5, 20250321, C, 0, 77, 0.0065, 80.46, 0.9232
20241021, UBER, 57.5, 20250321, P, 0, 882, 0.0066, 80.46, -0.0787
20241021, UBER, 60, 20250321, C, 7, 292, 0.0079, 80.46, 0.903
20241021, UBER, 60, 20250321, P, 5, 7397, 0.008, 80.46, -0.0992
20241021, UBER, 62.5, 20250321, C, 0, 556, 0.0095, 80.46, 0.8787
20241021, UBER, 62.5, 20250321, P, 3, 2499, 0.0097, 80.46, -0.1241
20241021, UBER, 65, 20250321, C, 14, 302, 0.0112, 80.46, 0.8499
20241021, UBER, 65, 20250321, P, 11, 860, 0.0115, 80.46, -0.1535
20241021, UBER, 67.5, 20250321, C, 0, 699, 0.013, 80.46, 0.8165
20241021, UBER, 67.5, 20250321, P, 27, 537, 0.0133, 80.46, -0.1878
20241021, UBER, 70, 20250321, C, 0, 1046, 0.0148, 80.46, 0.7786
20241021, UBER, 70, 20250321, P, 1, 1951, 0.0152, 80.46, -0.2268
20241021, UBER, 72.5, 20250321, C, 26, 916, 0.0164, 80.46, 0.7366
20241021, UBER, 72.5, 20250321, P, 0, 3042, 0.017, 80.46, -0.2702
20241021, UBER, 75, 20250321, C, 12, 903, 0.018, 80.46, 0.6911
20241021, UBER, 75, 20250321, P, 10, 1010, 0.0186, 80.46, -0.3175
20241021, UBER, 77.5, 20250321, C, 72, 1923, 0.0192, 80.46, 0.6428
20241021, UBER, 77.5, 20250321, P, 32, 1434, 0.02, 80.46, -0.3678
20241021, UBER, 80, 20250321, C, 39, 9717, 0.0201, 80.46, 0.5929
20241021, UBER, 80, 20250321, P, 14, 1059, 0.0211, 80.46, -0.4202
20241021, UBER, 82.5, 20250321, C, 3, 944, 0.0207, 80.46, 0.5422
20241021, UBER, 82.5, 20250321, P, 2, 384, 0.0219, 80.46, -0.4738
20241021, UBER, 85, 20250321, C, 51, 4717, 0.0209, 80.46, 0.4918
20241021, UBER, 85, 20250321, P, 0, 460, 0.0224, 80.46, -0.5275
20241021, UBER, 87.5, 20250321, C, 18, 2, 0.0208, 80.46, 0.4426
20241021, UBER, 87.5, 20250321, P, 0, 0, 0.0225, 80.46, -0.5804
20241021, UBER, 90, 20250321, C, 23, 2627, 0.0204, 80.46, 0.3953
20241021, UBER, 90, 20250321, P, 0, 85, 0.0223, 80.46, -0.6319
20241021, UBER, 95, 20250321, C, 5, 4610, 0.0187, 80.46, 0.309
20241021, UBER, 95, 20250321, P, 0, 139, 0.0212, 80.46, -0.728
20241021, UBER, 100, 20250321, C, 436, 2346, 0.0164, 80.46, 0.2357
20241021, UBER, 100, 20250321, P, 0, 2, 0.0195, 80.46, -0.8132
20241021, UBER, 105, 20250321, C, 7, 3086, 0.0138, 80.46, 0.1762
20241021, UBER, 105, 20250321, P, 0, 2, 0.0176, 80.46, -0.8862
20241021, UBER, 110, 20250321, C, 3, 146, 0.0112, 80.46, 0.1297
20241021, UBER, 110, 20250321, P, 0, 0, 0.0165, 80.46, -0.9492
20241021, UBER, 115, 20250321, C, 36, 325, 0.0089, 80.46, 0.0945
20241021, UBER, 115, 20250321, P, 0, 0, 0.0062, 80.46, -0.9894
20241021, UBER, 120, 20250321, C, 10, 1, 0.007, 80.46, 0.0685
20241021, UBER, 120, 20250321, P, 0, 0, 0, 80.46, -1
20241021, UBER, 125, 20250321, C, 0, 0, 0.0054, 80.46, 0.0498
20241021, UBER, 125, 20250321, P, 0, 0, 0, 80.46, -1
20241021, UBER, 130, 20250321, C, 4, 0, 0.0041, 80.46, 0.0364
20241021, UBER, 130, 20250321, P, 0, 0, 0, 80.46, -1
20241021, UBER, 22.5, 20250620, C, 0, 8, 0.0002, 80.46, 0.9976
20241021, UBER, 22.5, 20250620, P, 1, 5517, 0.0002, 80.46, -0.0036
20241021, UBER, 25, 20250620, C, 0, 48, 0.0003, 80.46, 0.9964
20241021, UBER, 25, 20250620, P, 2, 172, 0.0003, 80.46, -0.0048
20241021, UBER, 27.5, 20250620, C, 0, 22, 0.0004, 80.46, 0.9949
20241021, UBER, 27.5, 20250620, P, 2, 104, 0.0004, 80.46, -0.0064
20241021, UBER, 30, 20250620, C, 0, 297, 0.0006, 80.46, 0.993
20241021, UBER, 30, 20250620, P, 2, 381, 0.0006, 80.46, -0.0083
20241021, UBER, 32.5, 20250620, C, 0, 32, 0.0008, 80.46, 0.9906
20241021, UBER, 32.5, 20250620, P, 2, 66, 0.0008, 80.46, -0.0108
20241021, UBER, 35, 20250620, C, 2, 83, 0.001, 80.46, 0.9875
20241021, UBER, 35, 20250620, P, 4, 574, 0.001, 80.46, -0.0138
20241021, UBER, 37.5, 20250620, C, 0, 568, 0.0013, 80.46, 0.9837
20241021, UBER, 37.5, 20250620, P, 2, 237, 0.0013, 80.46, -0.0177
20241021, UBER, 40, 20250620, C, 0, 329, 0.0016, 80.46, 0.9789
20241021, UBER, 40, 20250620, P, 2, 203, 0.0016, 80.46, -0.0226
20241021, UBER, 42.5, 20250620, C, 0, 133, 0.0021, 80.46, 0.9729
20241021, UBER, 42.5, 20250620, P, 2, 203, 0.0021, 80.46, -0.0286
20241021, UBER, 45, 20250620, C, 0, 337, 0.0026, 80.46, 0.9654
20241021, UBER, 45, 20250620, P, 2, 6267, 0.0026, 80.46, -0.0362
20241021, UBER, 47.5, 20250620, C, 0, 291, 0.0032, 80.46, 0.9562
20241021, UBER, 47.5, 20250620, P, 2, 515, 0.0032, 80.46, -0.0457
20241021, UBER, 50, 20250620, C, 2, 1457, 0.0039, 80.46, 0.9449
20241021, UBER, 50, 20250620, P, 0, 5087, 0.004, 80.46, -0.0572
20241021, UBER, 52.5, 20250620, C, 0, 218, 0.0047, 80.46, 0.9314
20241021, UBER, 52.5, 20250620, P, 0, 2659, 0.0048, 80.46, -0.071
20241021, UBER, 55, 20250620, C, 0, 612, 0.0056, 80.46, 0.9153
20241021, UBER, 55, 20250620, P, 0, 5553, 0.0058, 80.46, -0.0876
20241021, UBER, 57.5, 20250620, C, 0, 404, 0.0067, 80.46, 0.8965
20241021, UBER, 57.5, 20250620, P, 0, 2296, 0.0068, 80.46, -0.107
20241021, UBER, 60, 20250620, C, 1, 954, 0.0077, 80.46, 0.8748
20241021, UBER, 60, 20250620, P, 75, 5240, 0.008, 80.46, -0.1294
20241021, UBER, 62.5, 20250620, C, 0, 1441, 0.0089, 80.46, 0.8502
20241021, UBER, 62.5, 20250620, P, 6, 2171, 0.0092, 80.46, -0.1549
20241021, UBER, 65, 20250620, C, 1, 7270, 0.01, 80.46, 0.8227
20241021, UBER, 65, 20250620, P, 22, 1945, 0.0104, 80.46, -0.183
20241021, UBER, 67.5, 20250620, C, 0, 861, 0.0112, 80.46, 0.7925
20241021, UBER, 67.5, 20250620, P, 45, 2235, 0.0116, 80.46, -0.2148
20241021, UBER, 70, 20250620, C, 10, 3626, 0.0123, 80.46, 0.7598
20241021, UBER, 70, 20250620, P, 7, 3460, 0.0129, 80.46, -0.2492
20241021, UBER, 72.5, 20250620, C, 1, 1113, 0.0133, 80.46, 0.7248
20241021, UBER, 72.5, 20250620, P, 0, 2189, 0.014, 80.46, -0.2854
20241021, UBER, 75, 20250620, C, 3, 2048, 0.0143, 80.46, 0.688
20241021, UBER, 75, 20250620, P, 20, 539, 0.015, 80.46, -0.3245
20241021, UBER, 77.5, 20250620, C, 0, 874, 0.015, 80.46, 0.6498
20241021, UBER, 77.5, 20250620, P, 9, 1486, 0.016, 80.46, -0.3651
20241021, UBER, 80, 20250620, C, 200, 5419, 0.0157, 80.46, 0.6106
20241021, UBER, 80, 20250620, P, 2, 959, 0.0168, 80.46, -0.4069
20241021, UBER, 82.5, 20250620, C, 4, 1905, 0.0162, 80.46, 0.5711
20241021, UBER, 82.5, 20250620, P, 11, 1302, 0.0174, 80.46, -0.4492
20241021, UBER, 85, 20250620, C, 42, 2228, 0.0165, 80.46, 0.5315
20241021, UBER, 85, 20250620, P, 2, 1270, 0.0179, 80.46, -0.4922
20241021, UBER, 87.5, 20250620, C, 17, 1444, 0.0166, 80.46, 0.4924
20241021, UBER, 87.5, 20250620, P, 1, 65, 0.0183, 80.46, -0.5352
20241021, UBER, 90, 20250620, C, 48, 8860, 0.0166, 80.46, 0.4542
20241021, UBER, 90, 20250620, P, 42, 597, 0.0185, 80.46, -0.5776
20241021, UBER, 95, 20250620, C, 7, 4700, 0.016, 80.46, 0.3814
20241021, UBER, 95, 20250620, P, 0, 63, 0.0184, 80.46, -0.66
20241021, UBER, 100, 20250620, C, 76, 2193, 0.015, 80.46, 0.3156
20241021, UBER, 100, 20250620, P, 40, 70, 0.018, 80.46, -0.7372
20241021, UBER, 105, 20250620, C, 9, 1591, 0.0137, 80.46, 0.2585
20241021, UBER, 105, 20250620, P, 0, 0, 0.0174, 80.46, -0.8082
20241021, UBER, 110, 20250620, C, 3, 1466, 0.0122, 80.46, 0.209
20241021, UBER, 110, 20250620, P, 0, 10, 0.0164, 80.46, -0.8724
20241021, UBER, 115, 20250620, C, 9, 506, 0.0107, 80.46, 0.1677
20241021, UBER, 115, 20250620, P, 0, 0, 0.0167, 80.46, -0.9326
20241021, UBER, 120, 20250620, C, 4, 10227, 0.0092, 80.46, 0.1342
20241021, UBER, 120, 20250620, P, 0, 0, 0.011, 80.46, -0.9763
20241021, UBER, 125, 20250620, C, 0, 21, 0.0078, 80.46, 0.1069
20241021, UBER, 125, 20250620, P, 0, 0, 0.0014, 80.46, -0.997
20241021, UBER, 130, 20250620, C, 2, 45, 0.0066, 80.46, 0.0851
20241021, UBER, 130, 20250620, P, 0, 0, 0, 80.46, -1
20241021, UBER, 35, 20250815, C, 0, 0, 0.0011, 80.46, 0.986
20241021, UBER, 35, 20250815, P, 2, 30, 0.0011, 80.46, -0.0163
20241021, UBER, 37.5, 20250815, C, 0, 0, 0.0014, 80.46, 0.9815
20241021, UBER, 37.5, 20250815, P, 2, 10, 0.0014, 80.46, -0.0208
20241021, UBER, 40, 20250815, C, 0, 25, 0.0018, 80.46, 0.9759
20241021, UBER, 40, 20250815, P, 2, 11, 0.0018, 80.46, -0.0266
20241021, UBER, 42.5, 20250815, C, 0, 1, 0.0022, 80.46, 0.9689
20241021, UBER, 42.5, 20250815, P, 2, 25, 0.0023, 80.46, -0.0337
20241021, UBER, 45, 20250815, C, 0, 53, 0.0027, 80.46, 0.9603
20241021, UBER, 45, 20250815, P, 2, 99, 0.0028, 80.46, -0.0424
20241021, UBER, 47.5, 20250815, C, 0, 5, 0.0033, 80.46, 0.9499
20241021, UBER, 47.5, 20250815, P, 0, 16, 0.0034, 80.46, -0.0532
20241021, UBER, 50, 20250815, C, 0, 40, 0.004, 80.46, 0.9375
20241021, UBER, 50, 20250815, P, 0, 103, 0.0041, 80.46, -0.0658
20241021, UBER, 55, 20250815, C, 0, 22, 0.0056, 80.46, 0.9059
20241021, UBER, 55, 20250815, P, 2, 23, 0.0058, 80.46, -0.0984
20241021, UBER, 60, 20250815, C, 0, 87, 0.0075, 80.46, 0.8648
20241021, UBER, 60, 20250815, P, 1, 44, 0.0078, 80.46, -0.1408
20241021, UBER, 62.5, 20250815, C, 0, 5, 0.0084, 80.46, 0.8407
20241021, UBER, 62.5, 20250815, P, 284, 45, 0.0088, 80.46, -0.1658
20241021, UBER, 65, 20250815, C, 0, 5, 0.0094, 80.46, 0.8143
20241021, UBER, 65, 20250815, P, 0, 83, 0.0098, 80.46, -0.1936
20241021, UBER, 67.5, 20250815, C, 0, 69, 0.0103, 80.46, 0.7858
20241021, UBER, 67.5, 20250815, P, 3, 240, 0.0108, 80.46, -0.2238
20241021, UBER, 70, 20250815, C, 1, 59, 0.0112, 80.46, 0.7554
20241021, UBER, 70, 20250815, P, 0, 374, 0.0118, 80.46, -0.2558
20241021, UBER, 72.5, 20250815, C, 60, 268, 0.0121, 80.46, 0.7234
20241021, UBER, 72.5, 20250815, P, 0, 894, 0.0128, 80.46, -0.2892
20241021, UBER, 75, 20250815, C, 2, 176, 0.0128, 80.46, 0.6901
20241021, UBER, 75, 20250815, P, 0, 233, 0.0137, 80.46, -0.3251
20241021, UBER, 77.5, 20250815, C, 0, 72, 0.0135, 80.46, 0.6558
20241021, UBER, 77.5, 20250815, P, 0, 113, 0.0144, 80.46, -0.3615
20241021, UBER, 80, 20250815, C, 0, 307, 0.014, 80.46, 0.6208
20241021, UBER, 80, 20250815, P, 0, 48, 0.0151, 80.46, -0.3993
20241021, UBER, 82.5, 20250815, C, 0, 226, 0.0144, 80.46, 0.5854
20241021, UBER, 82.5, 20250815, P, 0, 2, 0.0157, 80.46, -0.4378
20241021, UBER, 85, 20250815, C, 1, 63, 0.0147, 80.46, 0.5501
20241021, UBER, 85, 20250815, P, 0, 7, 0.0162, 80.46, -0.4766
20241021, UBER, 87.5, 20250815, C, 0, 1, 0.0149, 80.46, 0.5151
20241021, UBER, 87.5, 20250815, P, 0, 0, 0.0166, 80.46, -0.5156
20241021, UBER, 90, 20250815, C, 1, 352, 0.015, 80.46, 0.4806
20241021, UBER, 90, 20250815, P, 0, 5, 0.0169, 80.46, -0.5543
20241021, UBER, 95, 20250815, C, 3, 215, 0.0147, 80.46, 0.4145
20241021, UBER, 95, 20250815, P, 0, 1, 0.0171, 80.46, -0.6303
20241021, UBER, 100, 20250815, C, 0, 159, 0.0141, 80.46, 0.3533
20241021, UBER, 100, 20250815, P, 0, 1, 0.0171, 80.46, -0.703
20241021, UBER, 105, 20250815, C, 0, 167, 0.0132, 80.46, 0.2982
20241021, UBER, 105, 20250815, P, 0, 94, 0.0168, 80.46, -0.7715
20241021, UBER, 110, 20250815, C, 0, 59, 0.0122, 80.46, 0.2496
20241021, UBER, 110, 20250815, P, 0, 0, 0.0164, 80.46, -0.8353
20241021, UBER, 115, 20250815, C, 0, 49, 0.011, 80.46, 0.2073
20241021, UBER, 115, 20250815, P, 0, 0, 0.0161, 80.46, -0.8945
20241021, UBER, 120, 20250815, C, 21, 0, 0.0098, 80.46, 0.1718
20241021, UBER, 120, 20250815, P, 0, 0, 0.0155, 80.46, -0.9484
20241021, UBER, 125, 20250815, C, 0, 1, 0.0086, 80.46, 0.1413
20241021, UBER, 125, 20250815, P, 0, 0, 0.007, 80.46, -0.9834
20241021, UBER, 130, 20250815, C, 2, 3, 0.0075, 80.46, 0.1166
20241021, UBER, 130, 20250815, P, 0, 0, 0.0002, 80.46, -0.9996
20241021, UBER, 37.5, 20250919, C, 0, 0, 0.0015, 80.46, 0.9792
20241021, UBER, 37.5, 20250919, P, 2, 21, 0.0015, 80.46, -0.0234
20241021, UBER, 40, 20250919, C, 0, 0, 0.0019, 80.46, 0.9731
20241021, UBER, 40, 20250919, P, 2, 423, 0.0019, 80.46, -0.0296
20241021, UBER, 42.5, 20250919, C, 0, 0, 0.0023, 80.46, 0.9656
20241021, UBER, 42.5, 20250919, P, 2, 25, 0.0024, 80.46, -0.0373
20241021, UBER, 45, 20250919, C, 0, 70, 0.0028, 80.46, 0.9565
20241021, UBER, 45, 20250919, P, 2, 600, 0.0029, 80.46, -0.0467
20241021, UBER, 47.5, 20250919, C, 0, 0, 0.0034, 80.46, 0.9456
20241021, UBER, 47.5, 20250919, P, 0, 5, 0.0035, 80.46, -0.0577
20241021, UBER, 50, 20250919, C, 0, 10, 0.0041, 80.46, 0.9328
20241021, UBER, 50, 20250919, P, 1, 41, 0.0042, 80.46, -0.0709
20241021, UBER, 55, 20250919, C, 0, 2, 0.0056, 80.46, 0.9008
20241021, UBER, 55, 20250919, P, 1, 67, 0.0058, 80.46, -0.1042
20241021, UBER, 60, 20250919, C, 1, 15, 0.0073, 80.46, 0.86
20241021, UBER, 60, 20250919, P, 0, 777, 0.0076, 80.46, -0.1465
20241021, UBER, 65, 20250919, C, 0, 9, 0.0091, 80.46, 0.8107
20241021, UBER, 65, 20250919, P, 0, 38, 0.0095, 80.46, -0.1978
20241021, UBER, 67.5, 20250919, C, 0, 0, 0.0099, 80.46, 0.7832
20241021, UBER, 67.5, 20250919, P, 0, 75, 0.0104, 80.46, -0.2268
20241021, UBER, 70, 20250919, C, 0, 26, 0.0107, 80.46, 0.754
20241021, UBER, 70, 20250919, P, 0, 88, 0.0114, 80.46, -0.2577
20241021, UBER, 72.5, 20250919, C, 0, 12, 0.0115, 80.46, 0.7234
20241021, UBER, 72.5, 20250919, P, 0, 89, 0.0122, 80.46, -0.2903
20241021, UBER, 75, 20250919, C, 0, 34, 0.0122, 80.46, 0.6917
20241021, UBER, 75, 20250919, P, 0, 100, 0.013, 80.46, -0.3242
20241021, UBER, 77.5, 20250919, C, 1, 76, 0.0128, 80.46, 0.6591
20241021, UBER, 77.5, 20250919, P, 0, 87, 0.0138, 80.46, -0.3594
20241021, UBER, 80, 20250919, C, 2, 43, 0.0133, 80.46, 0.6259
20241021, UBER, 80, 20250919, P, 5, 98, 0.0144, 80.46, -0.3958
20241021, UBER, 82.5, 20250919, C, 0, 52, 0.0137, 80.46, 0.5924
20241021, UBER, 82.5, 20250919, P, 0, 115, 0.015, 80.46, -0.4322
20241021, UBER, 85, 20250919, C, 1, 236, 0.014, 80.46, 0.5589
20241021, UBER, 85, 20250919, P, 1, 46, 0.0155, 80.46, -0.4692
20241021, UBER, 87.5, 20250919, C, 6, 0, 0.0142, 80.46, 0.5257
20241021, UBER, 87.5, 20250919, P, 0, 0, 0.0159, 80.46, -0.5064
20241021, UBER, 90, 20250919, C, 5, 227, 0.0142, 80.46, 0.4929
20241021, UBER, 90, 20250919, P, 0, 37, 0.0162, 80.46, -0.5435
20241021, UBER, 95, 20250919, C, 4, 218, 0.0141, 80.46, 0.4298
20241021, UBER, 95, 20250919, P, 0, 3, 0.0165, 80.46, -0.6165
20241021, UBER, 100, 20250919, C, 4, 372, 0.0137, 80.46, 0.3711
20241021, UBER, 100, 20250919, P, 0, 1, 0.0166, 80.46, -0.6867
20241021, UBER, 105, 20250919, C, 0, 37, 0.0129, 80.46, 0.3176
20241021, UBER, 105, 20250919, P, 0, 30, 0.0165, 80.46, -0.7535
20241021, UBER, 110, 20250919, C, 0, 41, 0.012, 80.46, 0.2699
20241021, UBER, 110, 20250919, P, 0, 5, 0.0163, 80.46, -0.8162
20241021, UBER, 115, 20250919, C, 0, 270, 0.011, 80.46, 0.2281
20241021, UBER, 115, 20250919, P, 0, 4, 0.016, 80.46, -0.8754
20241021, UBER, 120, 20250919, C, 0, 0, 0.0099, 80.46, 0.192
20241021, UBER, 120, 20250919, P, 0, 0, 0.0163, 80.46, -0.9309
20241021, UBER, 125, 20250919, C, 0, 0, 0.0089, 80.46, 0.1611
20241021, UBER, 125, 20250919, P, 0, 0, 0.0113, 80.46, -0.9716
20241021, UBER, 130, 20250919, C, 23, 44, 0.0079, 80.46, 0.1351
20241021, UBER, 130, 20250919, P, 0, 0, 0.0025, 80.46, -0.9936
20241021, UBER, 30, 20251219, C, 0, 0, 0.0008, 80.46, 0.9884
20241021, UBER, 30, 20251219, P, 2, 157, 0.0008, 80.46, -0.0146
20241021, UBER, 32.5, 20251219, C, 0, 1, 0.0011, 80.46, 0.9844
20241021, UBER, 32.5, 20251219, P, 2, 70, 0.0011, 80.46, -0.0187
20241021, UBER, 35, 20251219, C, 0, 52, 0.0013, 80.46, 0.9795
20241021, UBER, 35, 20251219, P, 2, 94, 0.0014, 80.46, -0.0237
20241021, UBER, 37.5, 20251219, C, 0, 2, 0.0017, 80.46, 0.9735
20241021, UBER, 37.5, 20251219, P, 2, 127, 0.0017, 80.46, -0.0299
20241021, UBER, 40, 20251219, C, 0, 58, 0.002, 80.46, 0.9662
20241021, UBER, 40, 20251219, P, 2, 81, 0.0021, 80.46, -0.0374
20241021, UBER, 42.5, 20251219, C, 0, 27, 0.0025, 80.46, 0.9576
20241021, UBER, 42.5, 20251219, P, 2, 65, 0.0026, 80.46, -0.0462
20241021, UBER, 45, 20251219, C, 0, 469, 0.003, 80.46, 0.9474
20241021, UBER, 45, 20251219, P, 0, 1075, 0.0031, 80.46, -0.0568
20241021, UBER, 47.5, 20251219, C, 0, 24, 0.0035, 80.46, 0.9355
20241021, UBER, 47.5, 20251219, P, 0, 247, 0.0037, 80.46, -0.0692
20241021, UBER, 50, 20251219, C, 0, 1474, 0.0041, 80.46, 0.9219
20241021, UBER, 50, 20251219, P, 0, 10479, 0.0043, 80.46, -0.0831
20241021, UBER, 52.5, 20251219, C, 1, 0, 0.0048, 80.46, 0.9065
20241021, UBER, 52.5, 20251219, P, 0, 177, 0.005, 80.46, -0.0993
20241021, UBER, 55, 20251219, C, 0, 26, 0.0055, 80.46, 0.8893
20241021, UBER, 55, 20251219, P, 9, 633, 0.0057, 80.46, -0.1172
20241021, UBER, 57.5, 20251219, C, 0, 84, 0.0062, 80.46, 0.8704
20241021, UBER, 57.5, 20251219, P, 1, 415, 0.0064, 80.46, -0.1369
20241021, UBER, 60, 20251219, C, 0, 863, 0.0069, 80.46, 0.8497
20241021, UBER, 60, 20251219, P, 0, 922, 0.0072, 80.46, -0.159
20241021, UBER, 62.5, 20251219, C, 0, 75, 0.0076, 80.46, 0.8274
20241021, UBER, 62.5, 20251219, P, 324, 467, 0.008, 80.46, -0.1822
20241021, UBER, 65, 20251219, C, 0, 596, 0.0083, 80.46, 0.8036
20241021, UBER, 65, 20251219, P, 287, 3146, 0.0088, 80.46, -0.2075
20241021, UBER, 67.5, 20251219, C, 0, 530, 0.009, 80.46, 0.7784
20241021, UBER, 67.5, 20251219, P, 0, 289, 0.0095, 80.46, -0.2341
20241021, UBER, 70, 20251219, C, 0, 324, 0.0096, 80.46, 0.7521
20241021, UBER, 70, 20251219, P, 1, 362, 0.0103, 80.46, -0.2623
20241021, UBER, 72.5, 20251219, C, 0, 86, 0.0102, 80.46, 0.7248
20241021, UBER, 72.5, 20251219, P, 0, 423, 0.011, 80.46, -0.2918
20241021, UBER, 75, 20251219, C, 0, 298, 0.0107, 80.46, 0.6967
20241021, UBER, 75, 20251219, P, 3, 126, 0.0116, 80.46, -0.3227
20241021, UBER, 77.5, 20251219, C, 0, 449, 0.0112, 80.46, 0.6677
20241021, UBER, 77.5, 20251219, P, 0, 111, 0.0122, 80.46, -0.3538
20241021, UBER, 80, 20251219, C, 15, 565, 0.0116, 80.46, 0.6386
20241021, UBER, 80, 20251219, P, 0, 786, 0.0128, 80.46, -0.3858
20241021, UBER, 82.5, 20251219, C, 0, 458, 0.012, 80.46, 0.6093
20241021, UBER, 82.5, 20251219, P, 0, 242, 0.0133, 80.46, -0.4185
20241021, UBER, 85, 20251219, C, 13, 447, 0.0122, 80.46, 0.5799
20241021, UBER, 85, 20251219, P, 0, 309, 0.0138, 80.46, -0.4515
20241021, UBER, 87.5, 20251219, C, 0, 280, 0.0124, 80.46, 0.5507
20241021, UBER, 87.5, 20251219, P, 0, 55, 0.0142, 80.46, -0.4846
20241021, UBER, 90, 20251219, C, 4, 306, 0.0126, 80.46, 0.5219
20241021, UBER, 90, 20251219, P, 0, 804, 0.0145, 80.46, -0.5182
20241021, UBER, 95, 20251219, C, 0, 218, 0.0126, 80.46, 0.466
20241021, UBER, 95, 20251219, P, 0, 91, 0.015, 80.46, -0.5838
20241021, UBER, 100, 20251219, C, 2, 381, 0.0124, 80.46, 0.4129
20241021, UBER, 100, 20251219, P, 0, 33, 0.0153, 80.46, -0.6483
20241021, UBER, 105, 20251219, C, 0, 115, 0.012, 80.46, 0.3633
20241021, UBER, 105, 20251219, P, 0, 2, 0.0155, 80.46, -0.7106
20241021, UBER, 110, 20251219, C, 1, 305, 0.0115, 80.46, 0.3181
20241021, UBER, 110, 20251219, P, 0, 80, 0.0156, 80.46, -0.7708
20241021, UBER, 115, 20251219, C, 0, 786, 0.0108, 80.46, 0.2774
20241021, UBER, 115, 20251219, P, 0, 0, 0.0157, 80.46, -0.828
20241021, UBER, 120, 20251219, C, 0, 248, 0.0101, 80.46, 0.2412
20241021, UBER, 120, 20251219, P, 0, 0, 0.0153, 80.46, -0.8814
20241021, UBER, 125, 20251219, C, 0, 0, 0.0093, 80.46, 0.2092
20241021, UBER, 125, 20251219, P, 0, 0, 0.0156, 80.46, -0.9336
20241021, UBER, 130, 20251219, C, 0, 1, 0.0085, 80.46, 0.1814
20241021, UBER, 130, 20251219, P, 0, 0, 0.0105, 80.46, -0.9701
20241021, UBER, 22.5, 20260116, C, 0, 30, 0.0004, 80.46, 0.9954
20241021, UBER, 22.5, 20260116, P, 2, 5467, 0.0004, 80.46, -0.0073
20241021, UBER, 25, 20260116, C, 0, 55, 0.0005, 80.46, 0.9932
20241021, UBER, 25, 20260116, P, 2, 214, 0.0005, 80.46, -0.0096
20241021, UBER, 27.5, 20260116, C, 0, 7, 0.0007, 80.46, 0.9904
20241021, UBER, 27.5, 20260116, P, 2, 48, 0.0007, 80.46, -0.0126
20241021, UBER, 30, 20260116, C, 1, 113, 0.0009, 80.46, 0.9868
20241021, UBER, 30, 20260116, P, 2, 1072, 0.0009, 80.46, -0.0162
20241021, UBER, 32.5, 20260116, C, 0, 22, 0.0011, 80.46, 0.9825
20241021, UBER, 32.5, 20260116, P, 2, 316, 0.0012, 80.46, -0.0206
20241021, UBER, 35, 20260116, C, 0, 86, 0.0014, 80.46, 0.9772
20241021, UBER, 35, 20260116, P, 2, 967, 0.0014, 80.46, -0.0261
20241021, UBER, 37.5, 20260116, C, 0, 176, 0.0017, 80.46, 0.9707
20241021, UBER, 37.5, 20260116, P, 2, 1131, 0.0018, 80.46, -0.0327
20241021, UBER, 40, 20260116, C, 0, 316, 0.0021, 80.46, 0.963
20241021, UBER, 40, 20260116, P, 0, 800, 0.0022, 80.46, -0.0406
20241021, UBER, 42.5, 20260116, C, 0, 2849, 0.0026, 80.46, 0.954
20241021, UBER, 42.5, 20260116, P, 0, 949, 0.0026, 80.46, -0.05
20241021, UBER, 45, 20260116, C, 0, 983, 0.003, 80.46, 0.9434
20241021, UBER, 45, 20260116, P, 0, 2350, 0.0032, 80.46, -0.0609
20241021, UBER, 47.5, 20260116, C, 6, 584, 0.0036, 80.46, 0.9312
20241021, UBER, 47.5, 20260116, P, 0, 1862, 0.0037, 80.46, -0.0735
20241021, UBER, 50, 20260116, C, 0, 460, 0.0042, 80.46, 0.9175
20241021, UBER, 50, 20260116, P, 0, 10364, 0.0043, 80.46, -0.0878
20241021, UBER, 52.5, 20260116, C, 0, 365, 0.0048, 80.46, 0.902
20241021, UBER, 52.5, 20260116, P, 15, 1391, 0.005, 80.46, -0.1037
20241021, UBER, 55, 20260116, C, 0, 484, 0.0054, 80.46, 0.8849
20241021, UBER, 55, 20260116, P, 1, 10623, 0.0056, 80.46, -0.1217
20241021, UBER, 57.5, 20260116, C, 0, 146, 0.006, 80.46, 0.8662
20241021, UBER, 57.5, 20260116, P, 0, 2142, 0.0063, 80.46, -0.1413
20241021, UBER, 60, 20260116, C, 0, 562, 0.0067, 80.46, 0.8459
20241021, UBER, 60, 20260116, P, 2, 4570, 0.0071, 80.46, -0.1627
20241021, UBER, 62.5, 20260116, C, 0, 378, 0.0074, 80.46, 0.8241
20241021, UBER, 62.5, 20260116, P, 0, 1446, 0.0078, 80.46, -0.186
20241021, UBER, 65, 20260116, C, 13, 3179, 0.008, 80.46, 0.801
20241021, UBER, 65, 20260116, P, 0, 3519, 0.0085, 80.46, -0.2105
20241021, UBER, 67.5, 20260116, C, 0, 902, 0.0086, 80.46, 0.7766
20241021, UBER, 67.5, 20260116, P, 2, 587, 0.0092, 80.46, -0.2364
20241021, UBER, 70, 20260116, C, 2, 2192, 0.0092, 80.46, 0.751
20241021, UBER, 70, 20260116, P, 7, 2141, 0.01, 80.46, -0.2641
20241021, UBER, 72.5, 20260116, C, 0, 238, 0.0098, 80.46, 0.7247
20241021, UBER, 72.5, 20260116, P, 20, 767, 0.0106, 80.46, -0.2922
20241021, UBER, 75, 20260116, C, 13, 2052, 0.0103, 80.46, 0.6978
20241021, UBER, 75, 20260116, P, 100, 827, 0.0112, 80.46, -0.3217
20241021, UBER, 77.5, 20260116, C, 0, 314, 0.0107, 80.46, 0.6702
20241021, UBER, 77.5, 20260116, P, 0, 1179, 0.0118, 80.46, -0.352
20241021, UBER, 80, 20260116, C, 1, 7348, 0.0112, 80.46, 0.6422
20241021, UBER, 80, 20260116, P, 0, 235, 0.0123, 80.46, -0.3829
20241021, UBER, 82.5, 20260116, C, 76, 632, 0.0115, 80.46, 0.6141
20241021, UBER, 82.5, 20260116, P, 0, 295, 0.0128, 80.46, -0.4147
20241021, UBER, 85, 20260116, C, 4, 1511, 0.0118, 80.46, 0.5857
20241021, UBER, 85, 20260116, P, 1, 91, 0.0133, 80.46, -0.4462
20241021, UBER, 87.5, 20260116, C, 1, 482, 0.012, 80.46, 0.5579
20241021, UBER, 87.5, 20260116, P, 0, 9, 0.0136, 80.46, -0.4783
20241021, UBER, 90, 20260116, C, 2, 3813, 0.0121, 80.46, 0.5302
20241021, UBER, 90, 20260116, P, 0, 271, 0.014, 80.46, -0.5103
20241021, UBER, 95, 20260116, C, 11, 3355, 0.0122, 80.46, 0.4762
20241021, UBER, 95, 20260116, P, 0, 464, 0.0145, 80.46, -0.5739
20241021, UBER, 100, 20260116, C, 0, 4567, 0.012, 80.46, 0.4245
20241021, UBER, 100, 20260116, P, 0, 418, 0.0149, 80.46, -0.6363
20241021, UBER, 105, 20260116, C, 2, 556, 0.0117, 80.46, 0.3767
20241021, UBER, 105, 20260116, P, 0, 1, 0.015, 80.46, -0.6963
20241021, UBER, 110, 20260116, C, 0, 2225, 0.0112, 80.46, 0.3328
20241021, UBER, 110, 20260116, P, 0, 24, 0.0151, 80.46, -0.7541
20241021, UBER, 115, 20260116, C, 0, 396, 0.0107, 80.46, 0.2936
20241021, UBER, 115, 20260116, P, 0, 0, 0.0154, 80.46, -0.8102
20241021, UBER, 120, 20260116, C, 53, 3279, 0.01, 80.46, 0.2579
20241021, UBER, 120, 20260116, P, 0, 95, 0.0152, 80.46, -0.8614
20241021, UBER, 125, 20260116, C, 0, 1, 0.0093, 80.46, 0.2262
20241021, UBER, 125, 20260116, P, 0, 0, 0.0155, 80.46, -0.914
20241021, UBER, 130, 20260116, C, 0, 21, 0.0086, 80.46, 0.1982
20241021, UBER, 130, 20260116, P, 0, 0, 0.0143, 80.46, -0.9559
20241021, UBER, 30, 20260618, C, 0, 36, 0.001, 80.46, 0.982
20241021, UBER, 30, 20260618, P, 0, 2595, 0.0011, 80.46, -0.0226
20241021, UBER, 32.5, 20260618, C, 0, 1, 0.0013, 80.46, 0.9765
20241021, UBER, 32.5, 20260618, P, 0, 23, 0.0013, 80.46, -0.0282
20241021, UBER, 35, 20260618, C, 0, 20, 0.0016, 80.46, 0.97
20241021, UBER, 35, 20260618, P, 0, 215, 0.0016, 80.46, -0.035
20241021, UBER, 37.5, 20260618, C, 0, 41, 0.0019, 80.46, 0.9624
20241021, UBER, 37.5, 20260618, P, 0, 34, 0.002, 80.46, -0.0429
20241021, UBER, 40, 20260618, C, 0, 153, 0.0023, 80.46, 0.9536
20241021, UBER, 40, 20260618, P, 0, 22, 0.0024, 80.46, -0.0519
20241021, UBER, 42.5, 20260618, C, 0, 5, 0.0027, 80.46, 0.9435
20241021, UBER, 42.5, 20260618, P, 0, 721, 0.0028, 80.46, -0.0624
20241021, UBER, 45, 20260618, C, 1, 12, 0.0031, 80.46, 0.9322
20241021, UBER, 45, 20260618, P, 0, 332, 0.0032, 80.46, -0.0743
20241021, UBER, 47.5, 20260618, C, 0, 9, 0.0036, 80.46, 0.9196
20241021, UBER, 47.5, 20260618, P, 0, 76, 0.0037, 80.46, -0.0876
20241021, UBER, 50, 20260618, C, 0, 201, 0.004, 80.46, 0.9056
20241021, UBER, 50, 20260618, P, 0, 275, 0.0042, 80.46, -0.1022
20241021, UBER, 52.5, 20260618, C, 0, 4, 0.0045, 80.46, 0.8904
20241021, UBER, 52.5, 20260618, P, 0, 161, 0.0048, 80.46, -0.1183
20241021, UBER, 55, 20260618, C, 0, 6, 0.005, 80.46, 0.874
20241021, UBER, 55, 20260618, P, 0, 2113, 0.0053, 80.46, -0.1357
20241021, UBER, 57.5, 20260618, C, 0, 23, 0.0055, 80.46, 0.8564
20241021, UBER, 57.5, 20260618, P, 0, 37, 0.0059, 80.46, -0.1544
20241021, UBER, 60, 20260618, C, 1, 198, 0.006, 80.46, 0.8377
20241021, UBER, 60, 20260618, P, 1, 34, 0.0065, 80.46, -0.1747
20241021, UBER, 62.5, 20260618, C, 0, 222, 0.0065, 80.46, 0.8181
20241021, UBER, 62.5, 20260618, P, 0, 39, 0.007, 80.46, -0.1957
20241021, UBER, 65, 20260618, C, 0, 56, 0.007, 80.46, 0.7975
20241021, UBER, 65, 20260618, P, 0, 238, 0.0076, 80.46, -0.218
20241021, UBER, 67.5, 20260618, C, 4, 1640, 0.0075, 80.46, 0.7761
20241021, UBER, 67.5, 20260618, P, 0, 23, 0.0082, 80.46, -0.2411
20241021, UBER, 70, 20260618, C, 0, 774, 0.0079, 80.46, 0.754
20241021, UBER, 70, 20260618, P, 0, 654, 0.0087, 80.46, -0.2655
20241021, UBER, 72.5, 20260618, C, 0, 94, 0.0084, 80.46, 0.7314
20241021, UBER, 72.5, 20260618, P, 0, 32, 0.0092, 80.46, -0.2907
20241021, UBER, 75, 20260618, C, 0, 321, 0.0087, 80.46, 0.7081
20241021, UBER, 75, 20260618, P, 0, 39, 0.0097, 80.46, -0.3161
20241021, UBER, 77.5, 20260618, C, 0, 139, 0.0091, 80.46, 0.6848
20241021, UBER, 77.5, 20260618, P, 1, 3, 0.0102, 80.46, -0.3424
20241021, UBER, 80, 20260618, C, 0, 145, 0.0094, 80.46, 0.6612
20241021, UBER, 80, 20260618, P, 0, 298, 0.0106, 80.46, -0.3692
20241021, UBER, 82.5, 20260618, C, 0, 91, 0.0097, 80.46, 0.6374
20241021, UBER, 82.5, 20260618, P, 0, 6, 0.0111, 80.46, -0.3967
20241021, UBER, 85, 20260618, C, 0, 258, 0.0099, 80.46, 0.6135
20241021, UBER, 85, 20260618, P, 0, 29, 0.0115, 80.46, -0.424
20241021, UBER, 87.5, 20260618, C, 0, 68, 0.0101, 80.46, 0.5898
20241021, UBER, 87.5, 20260618, P, 0, 11, 0.0118, 80.46, -0.4521
20241021, UBER, 90, 20260618, C, 0, 368, 0.0103, 80.46, 0.5662
20241021, UBER, 90, 20260618, P, 0, 33, 0.0122, 80.46, -0.4798
20241021, UBER, 95, 20260618, C, 1, 336, 0.0105, 80.46, 0.52
20241021, UBER, 95, 20260618, P, 0, 0, 0.0128, 80.46, -0.5356
20241021, UBER, 100, 20260618, C, 0, 73, 0.0105, 80.46, 0.4754
20241021, UBER, 100, 20260618, P, 0, 0, 0.0133, 80.46, -0.5912
20241021, UBER, 105, 20260618, C, 0, 33, 0.0104, 80.46, 0.4332
20241021, UBER, 105, 20260618, P, 0, 0, 0.0137, 80.46, -0.646
20241021, UBER, 110, 20260618, C, 0, 75, 0.0102, 80.46, 0.3932
20241021, UBER, 110, 20260618, P, 0, 0, 0.014, 80.46, -0.6993
20241021, UBER, 115, 20260618, C, 0, 64, 0.0099, 80.46, 0.3567
20241021, UBER, 115, 20260618, P, 0, 0, 0.0144, 80.46, -0.7514
20241021, UBER, 120, 20260618, C, 0, 151, 0.0096, 80.46, 0.3229
20241021, UBER, 120, 20260618, P, 0, 0, 0.0147, 80.46, -0.8018
20241021, UBER, 125, 20260618, C, 0, 0, 0.0092, 80.46, 0.292
20241021, UBER, 125, 20260618, P, 0, 0, 0.0149, 80.46, -0.8503
20241021, UBER, 30, 20261218, C, 0, 354, 0.0012, 80.46, 0.9787
20241021, UBER, 30, 20261218, P, 0, 550, 0.0012, 80.46, -0.0282
20241021, UBER, 32.5, 20261218, C, 0, 37, 0.0014, 80.46, 0.9723
20241021, UBER, 32.5, 20261218, P, 0, 157, 0.0014, 80.46, -0.0349
20241021, UBER, 35, 20261218, C, 0, 55, 0.0017, 80.46, 0.9649
20241021, UBER, 35, 20261218, P, 0, 861, 0.0018, 80.46, -0.0426
20241021, UBER, 37.5, 20261218, C, 0, 63, 0.002, 80.46, 0.9565
20241021, UBER, 37.5, 20261218, P, 0, 244, 0.0021, 80.46, -0.0514
20241021, UBER, 40, 20261218, C, 0, 91, 0.0023, 80.46, 0.947
20241021, UBER, 40, 20261218, P, 0, 1149, 0.0024, 80.46, -0.0613
20241021, UBER, 42.5, 20261218, C, 0, 208, 0.0026, 80.46, 0.9365
20241021, UBER, 42.5, 20261218, P, 0, 499, 0.0028, 80.46, -0.0725
20241021, UBER, 45, 20261218, C, 0, 118, 0.003, 80.46, 0.9249
20241021, UBER, 45, 20261218, P, 0, 1447, 0.0032, 80.46, -0.0848
20241021, UBER, 47.5, 20261218, C, 0, 76, 0.0034, 80.46, 0.9123
20241021, UBER, 47.5, 20261218, P, 0, 988, 0.0036, 80.46, -0.0982
20241021, UBER, 50, 20261218, C, 0, 148, 0.0038, 80.46, 0.8987
20241021, UBER, 50, 20261218, P, 0, 3545, 0.0041, 80.46, -0.1127
20241021, UBER, 52.5, 20261218, C, 0, 243, 0.0042, 80.46, 0.8842
20241021, UBER, 52.5, 20261218, P, 0, 987, 0.0045, 80.46, -0.1285
20241021, UBER, 55, 20261218, C, 0, 126, 0.0046, 80.46, 0.8688
20241021, UBER, 55, 20261218, P, 0, 503, 0.005, 80.46, -0.1452
20241021, UBER, 57.5, 20261218, C, 0, 123, 0.005, 80.46, 0.8525
20241021, UBER, 57.5, 20261218, P, 0, 1521, 0.0054, 80.46, -0.1629
20241021, UBER, 60, 20261218, C, 0, 261, 0.0054, 80.46, 0.8355
20241021, UBER, 60, 20261218, P, 0, 338, 0.0059, 80.46, -0.1813
20241021, UBER, 62.5, 20261218, C, 0, 68, 0.0058, 80.46, 0.8179
20241021, UBER, 62.5, 20261218, P, 0, 46, 0.0064, 80.46, -0.2009
20241021, UBER, 65, 20261218, C, 2, 231, 0.0061, 80.46, 0.7996
20241021, UBER, 65, 20261218, P, 2, 2140, 0.0068, 80.46, -0.2209
20241021, UBER, 67.5, 20261218, C, 1, 129, 0.0065, 80.46, 0.7808
20241021, UBER, 67.5, 20261218, P, 0, 114, 0.0072, 80.46, -0.2418
20241021, UBER, 70, 20261218, C, 1, 479, 0.0068, 80.46, 0.7616
20241021, UBER, 70, 20261218, P, 0, 991, 0.0077, 80.46, -0.2637
20241021, UBER, 72.5, 20261218, C, 0, 1133, 0.0072, 80.46, 0.7421
20241021, UBER, 72.5, 20261218, P, 0, 1321, 0.0081, 80.46, -0.2858
20241021, UBER, 75, 20261218, C, 0, 471, 0.0075, 80.46, 0.7222
20241021, UBER, 75, 20261218, P, 1, 148, 0.0085, 80.46, -0.3084
20241021, UBER, 77.5, 20261218, C, 0, 144, 0.0078, 80.46, 0.7022
20241021, UBER, 77.5, 20261218, P, 0, 325, 0.009, 80.46, -0.3319
20241021, UBER, 80, 20261218, C, 2, 453, 0.008, 80.46, 0.6818
20241021, UBER, 80, 20261218, P, 0, 89, 0.0093, 80.46, -0.3553
20241021, UBER, 82.5, 20261218, C, 0, 64, 0.0082, 80.46, 0.6616
20241021, UBER, 82.5, 20261218, P, 0, 106, 0.0097, 80.46, -0.3794
20241021, UBER, 85, 20261218, C, 0, 379, 0.0084, 80.46, 0.6413
20241021, UBER, 85, 20261218, P, 0, 41, 0.0101, 80.46, -0.4033
20241021, UBER, 87.5, 20261218, C, 3, 220, 0.0086, 80.46, 0.6209
20241021, UBER, 87.5, 20261218, P, 0, 361, 0.0104, 80.46, -0.4278
20241021, UBER, 90, 20261218, C, 0, 346, 0.0088, 80.46, 0.6009
20241021, UBER, 90, 20261218, P, 0, 64, 0.0107, 80.46, -0.4523
20241021, UBER, 95, 20261218, C, 0, 926, 0.009, 80.46, 0.561
20241021, UBER, 95, 20261218, P, 0, 26, 0.0114, 80.46, -0.502
20241021, UBER, 100, 20261218, C, 0, 629, 0.0092, 80.46, 0.5223
20241021, UBER, 100, 20261218, P, 0, 51, 0.0119, 80.46, -0.5519
20241021, UBER, 105, 20261218, C, 0, 612, 0.0092, 80.46, 0.485
20241021, UBER, 105, 20261218, P, 0, 30, 0.0124, 80.46, -0.6015
20241021, UBER, 110, 20261218, C, 0, 565, 0.0092, 80.46, 0.4499
20241021, UBER, 110, 20261218, P, 0, 0, 0.0129, 80.46, -0.6505
20241021, UBER, 115, 20261218, C, 0, 399, 0.0091, 80.46, 0.4164
20241021, UBER, 115, 20261218, P, 0, 120, 0.0133, 80.46, -0.6988
20241021, UBER, 120, 20261218, C, 0, 1446, 0.0089, 80.46, 0.385
20241021, UBER, 120, 20261218, P, 0, 45, 0.0138, 80.46, -0.746
20241021, UBER, 125, 20261218, C, 0, 0, 0.0087, 80.46, 0.356
20241021, UBER, 125, 20261218, P, 0, 0, 0.0144, 80.46, -0.7929
20241021, UBER, 130, 20261218, C, 0, 3, 0.0084, 80.46, 0.3291
20241021, UBER, 130, 20261218, P, 0, 0, 0.015, 80.46, -0.839
20241021, UBER, 37.5, 20270115, C, 3, 1, 0.002, 80.46, 0.9564
20241021, UBER, 37.5, 20270115, P, 0, 13, 0.0021, 80.46, -0.0522
20241021, UBER, 40, 20270115, C, 0, 10, 0.0023, 80.46, 0.9468
20241021, UBER, 40, 20270115, P, 0, 28, 0.0024, 80.46, -0.0623
20241021, UBER, 42.5, 20270115, C, 0, 1, 0.0026, 80.46, 0.9363
20241021, UBER, 42.5, 20270115, P, 0, 0, 0.0028, 80.46, -0.0735
20241021, UBER, 45, 20270115, C, 0, 129, 0.003, 80.46, 0.9248
20241021, UBER, 45, 20270115, P, 0, 17, 0.0032, 80.46, -0.0857
20241021, UBER, 47.5, 20270115, C, 0, 0, 0.0034, 80.46, 0.9122
20241021, UBER, 47.5, 20270115, P, 0, 7, 0.0036, 80.46, -0.0992
20241021, UBER, 50, 20270115, C, 0, 15, 0.0038, 80.46, 0.8987
20241021, UBER, 50, 20270115, P, 0, 18, 0.004, 80.46, -0.1139
20241021, UBER, 55, 20270115, C, 0, 96, 0.0045, 80.46, 0.869
20241021, UBER, 55, 20270115, P, 0, 231, 0.0049, 80.46, -0.1459
20241021, UBER, 60, 20270115, C, 0, 31, 0.0053, 80.46, 0.8361
20241021, UBER, 60, 20270115, P, 10, 26, 0.0058, 80.46, -0.182
20241021, UBER, 62.5, 20270115, C, 0, 1, 0.0057, 80.46, 0.8187
20241021, UBER, 62.5, 20270115, P, 1, 2, 0.0063, 80.46, -0.201
20241021, UBER, 65, 20270115, C, 2, 12, 0.006, 80.46, 0.8008
20241021, UBER, 65, 20270115, P, 0, 18, 0.0067, 80.46, -0.2211
20241021, UBER, 67.5, 20270115, C, 1, 0, 0.0064, 80.46, 0.7823
20241021, UBER, 67.5, 20270115, P, 0, 2, 0.0072, 80.46, -0.2418
20241021, UBER, 70, 20270115, C, 1, 77, 0.0067, 80.46, 0.7634
20241021, UBER, 70, 20270115, P, 0, 22, 0.0076, 80.46, -0.2629
20241021, UBER, 72.5, 20270115, C, 0, 21, 0.007, 80.46, 0.7442
20241021, UBER, 72.5, 20270115, P, 0, 19, 0.008, 80.46, -0.285
20241021, UBER, 75, 20270115, C, 1, 130, 0.0073, 80.46, 0.7248
20241021, UBER, 75, 20270115, P, 0, 34, 0.0084, 80.46, -0.3075
20241021, UBER, 77.5, 20270115, C, 1, 25, 0.0076, 80.46, 0.7051
20241021, UBER, 77.5, 20270115, P, 0, 23, 0.0088, 80.46, -0.3302
20241021, UBER, 80, 20270115, C, 2, 350, 0.0078, 80.46, 0.6853
20241021, UBER, 80, 20270115, P, 0, 4, 0.0092, 80.46, -0.3532
20241021, UBER, 82.5, 20270115, C, 1, 12, 0.0081, 80.46, 0.6653
20241021, UBER, 82.5, 20270115, P, 0, 1, 0.0096, 80.46, -0.3768
20241021, UBER, 85, 20270115, C, 0, 61, 0.0083, 80.46, 0.6455
20241021, UBER, 85, 20270115, P, 0, 72, 0.0099, 80.46, -0.4006
20241021, UBER, 87.5, 20270115, C, 0, 0, 0.0085, 80.46, 0.6257
20241021, UBER, 87.5, 20270115, P, 0, 0, 0.0103, 80.46, -0.4248
20241021, UBER, 90, 20270115, C, 5, 66, 0.0086, 80.46, 0.6059
20241021, UBER, 90, 20270115, P, 0, 27, 0.0106, 80.46, -0.449
20241021, UBER, 95, 20270115, C, 9, 614, 0.0088, 80.46, 0.567
20241021, UBER, 95, 20270115, P, 0, 5, 0.0112, 80.46, -0.4979
20241021, UBER, 100, 20270115, C, 72, 57, 0.009, 80.46, 0.5291
20241021, UBER, 100, 20270115, P, 0, 2, 0.0118, 80.46, -0.547
20241021, UBER, 105, 20270115, C, 0, 63, 0.0091, 80.46, 0.4926
20241021, UBER, 105, 20270115, P, 0, 51, 0.0123, 80.46, -0.5959
20241021, UBER, 110, 20270115, C, 0, 22, 0.009, 80.46, 0.4579
20241021, UBER, 110, 20270115, P, 0, 57, 0.0127, 80.46, -0.6443
20241021, UBER, 115, 20270115, C, 1, 20, 0.0089, 80.46, 0.425
20241021, UBER, 115, 20270115, P, 0, 0, 0.0132, 80.46, -0.6918
20241021, UBER, 120, 20270115, C, 0, 4, 0.0088, 80.46, 0.3942
20241021, UBER, 120, 20270115, P, 0, 0, 0.0137, 80.46, -0.7386
20241021, UBER, 125, 20270115, C, 0, 4, 0.0086, 80.46, 0.3653
20241021, UBER, 125, 20270115, P, 0, 0, 0.0141, 80.46, -0.7846
20241021, UBER, 130, 20270115, C, 4, 17, 0.0083, 80.46, 0.3388
20241021, UBER, 130, 20270115, P, 0, 0, 0.0147, 80.46, -0.8305
