20250102, D, 20, 20250117, C, 0, 0, 0, 54.4, 0.9995
20250102, D, 20, 20250117, P, 0, 0, 0, 54.4, -0.0001
20250102, D, 22.5, 20250117, C, 0, 0, 0, 54.4, 0.9995
20250102, D, 22.5, 20250117, P, 0, 105, 0, 54.4, -0.0002
20250102, D, 25, 20250117, C, 0, 0, 0.0001, 54.4, 0.9994
20250102, D, 25, 20250117, P, 0, 233, 0.0001, 54.4, -0.0002
20250102, D, 27.5, 20250117, C, 0, 0, 0.0001, 54.4, 0.9994
20250102, D, 27.5, 20250117, P, 0, 328, 0.0001, 54.4, -0.0003
20250102, D, 30, 20250117, C, 0, 1, 0.0001, 54.4, 0.9993
20250102, D, 30, 20250117, P, 0, 426, 0.0001, 54.4, -0.0004
20250102, D, 32.5, 20250117, C, 0, 0, 0.0002, 54.4, 0.9991
20250102, D, 32.5, 20250117, P, 0, 1154, 0.0002, 54.4, -0.0006
20250102, D, 35, 20250117, C, 0, 0, 0.0004, 54.4, 0.9988
20250102, D, 35, 20250117, P, 0, 261, 0.0004, 54.4, -0.0008
20250102, D, 37.5, 20250117, C, 0, 0, 0.0006, 54.4, 0.9983
20250102, D, 37.5, 20250117, P, 0, 340, 0.0006, 54.4, -0.0013
20250102, D, 40, 20250117, C, 4, 17, 0.0012, 54.4, 0.9974
20250102, D, 40, 20250117, P, 0, 1690, 0.0012, 54.4, -0.0023
20250102, D, 42.5, 20250117, C, 0, 10, 0.0024, 54.4, 0.9954
20250102, D, 42.5, 20250117, P, 0, 767, 0.0024, 54.4, -0.0043
20250102, D, 45, 20250117, C, 0, 120, 0.0053, 54.4, 0.9908
20250102, D, 45, 20250117, P, 30, 3960, 0.0054, 54.4, -0.0089
20250102, D, 47.5, 20250117, C, 0, 21, 0.0134, 54.4, 0.9786
20250102, D, 47.5, 20250117, P, 50, 2516, 0.0136, 54.4, -0.0212
20250102, D, 50, 20250117, C, 0, 32, 0.0384, 54.4, 0.9402
20250102, D, 50, 20250117, P, 151, 1870, 0.0389, 54.4, -0.0603
20250102, D, 52.5, 20250117, C, 102, 241, 0.1116, 54.4, 0.801
20250102, D, 52.5, 20250117, P, 54, 2708, 0.1131, 54.4, -0.2013
20250102, D, 55, 20250117, C, 77, 6111, 0.1764, 54.4, 0.4241
20250102, D, 55, 20250117, P, 60, 2876, 0.1805, 54.4, -0.5855
20250102, D, 57.5, 20250117, C, 303, 5227, 0.0826, 54.4, 0.1178
20250102, D, 57.5, 20250117, P, 58, 1126, 0.0849, 54.4, -0.9
20250102, D, 60, 20250117, C, 126, 6396, 0.0247, 54.4, 0.0298
20250102, D, 60, 20250117, P, 0, 38, 0.016, 54.4, -0.9961
20250102, D, 62.5, 20250117, C, 11, 2892, 0.0075, 54.4, 0.0086
20250102, D, 62.5, 20250117, P, 0, 0, 0, 54.4, -1
20250102, D, 65, 20250117, C, 0, 2378, 0.0025, 54.4, 0.0028
20250102, D, 65, 20250117, P, 0, 0, 0, 54.4, -1
20250102, D, 67.5, 20250117, C, 5, 7631, 0.0009, 54.4, 0.001
20250102, D, 67.5, 20250117, P, 0, 0, 0, 54.4, -1
20250102, D, 70, 20250117, C, 0, 901, 0.0004, 54.4, 0.0004
20250102, D, 70, 20250117, P, 0, 0, 0, 54.4, -1
20250102, D, 72.5, 20250117, C, 0, 283, 0.0001, 54.4, 0.0002
20250102, D, 72.5, 20250117, P, 0, 0, 0, 54.4, -1
20250102, D, 75, 20250117, C, 0, 802, 0.0001, 54.4, 0.0001
20250102, D, 75, 20250117, P, 0, 0, 0, 54.4, -1
20250102, D, 77.5, 20250117, C, 0, 1542, 0, 54.4, 0
20250102, D, 77.5, 20250117, P, 0, 0, 0, 54.4, -1
20250102, D, 80, 20250117, C, 0, 859, 0, 54.4, 0
20250102, D, 80, 20250117, P, 0, 0, 0, 54.4, -1
20250102, D, 82.5, 20250117, C, 0, 134, 0, 54.4, 0
20250102, D, 82.5, 20250117, P, 0, 0, 0, 54.4, -1
20250102, D, 85, 20250117, C, 0, 168, 0, 54.4, 0
20250102, D, 85, 20250117, P, 0, 0, 0, 54.4, -1
20250102, D, 87.5, 20250117, C, 0, 1821, 0, 54.4, 0
20250102, D, 87.5, 20250117, P, 0, 0, 0, 54.4, -1
20250102, D, 90, 20250117, C, 0, 205, 0, 54.4, 0
20250102, D, 90, 20250117, P, 0, 0, 0, 54.4, -1
20250102, D, 92.5, 20250117, C, 0, 235, 0, 54.4, 0
20250102, D, 92.5, 20250117, P, 0, 0, 0, 54.4, -1
20250102, D, 95, 20250117, C, 0, 740, 0, 54.4, 0
20250102, D, 95, 20250117, P, 0, 0, 0, 54.4, -1
20250102, D, 100, 20250117, C, 0, 135, 0, 54.4, 0
20250102, D, 100, 20250117, P, 0, 0, 0, 54.4, -1
20250102, D, 105, 20250117, C, 0, 7, 0, 54.4, 0
20250102, D, 105, 20250117, P, 0, 0, 0, 54.4, -1
20250102, D, 110, 20250117, C, 0, 5, 0, 54.4, 0
20250102, D, 110, 20250117, P, 0, 0, 0, 54.4, -1
20250102, D, 115, 20250117, C, 0, 31, 0, 54.4, 0
20250102, D, 115, 20250117, P, 0, 0, 0, 54.4, -1
20250102, D, 120, 20250117, C, 0, 1, 0, 54.4, 0
20250102, D, 120, 20250117, P, 0, 0, 0, 54.4, -1
20250102, D, 125, 20250117, C, 0, 1, 0, 54.4, 0
20250102, D, 125, 20250117, P, 0, 0, 0, 54.4, -1
20250102, D, 30, 20250221, C, 0, 0, 0.001, 54.4, 0.9957
20250102, D, 30, 20250221, P, 0, 0, 0.001, 54.4, -0.0045
20250102, D, 32.5, 20250221, C, 0, 0, 0.0014, 54.4, 0.9942
20250102, D, 32.5, 20250221, P, 0, 0, 0.0014, 54.4, -0.006
20250102, D, 35, 20250221, C, 0, 0, 0.0021, 54.4, 0.992
20250102, D, 35, 20250221, P, 0, 0, 0.0021, 54.4, -0.0082
20250102, D, 37.5, 20250221, C, 0, 0, 0.0032, 54.4, 0.9886
20250102, D, 37.5, 20250221, P, 0, 0, 0.0032, 54.4, -0.0116
20250102, D, 40, 20250221, C, 0, 0, 0.005, 54.4, 0.983
20250102, D, 40, 20250221, P, 0, 0, 0.0051, 54.4, -0.0173
20250102, D, 42.5, 20250221, C, 0, 0, 0.0083, 54.4, 0.9733
20250102, D, 42.5, 20250221, P, 0, 0, 0.0084, 54.4, -0.0271
20250102, D, 45, 20250221, C, 0, 0, 0.0144, 54.4, 0.9556
20250102, D, 45, 20250221, P, 0, 0, 0.0145, 54.4, -0.045
20250102, D, 47.5, 20250221, C, 0, 0, 0.0257, 54.4, 0.9214
20250102, D, 47.5, 20250221, P, 0, 17, 0.0261, 54.4, -0.0797
20250102, D, 50, 20250221, C, 2, 7, 0.0464, 54.4, 0.8521
20250102, D, 50, 20250221, P, 8, 62, 0.0473, 54.4, -0.1504
20250102, D, 52.5, 20250221, C, 7, 8, 0.077, 54.4, 0.7154
20250102, D, 52.5, 20250221, P, 16, 52, 0.0794, 54.4, -0.2911
20250102, D, 55, 20250221, C, 44, 248, 0.0981, 54.4, 0.4957
20250102, D, 55, 20250221, P, 50, 45, 0.1035, 54.4, -0.5211
20250102, D, 57.5, 20250221, C, 48, 213, 0.0822, 54.4, 0.2704
20250102, D, 57.5, 20250221, P, 0, 10, 0.0917, 54.4, -0.7645
20250102, D, 60, 20250221, C, 7, 47, 0.0498, 54.4, 0.1277
20250102, D, 60, 20250221, P, 0, 0, 0.0564, 54.4, -0.9252
20250102, D, 62.5, 20250221, C, 0, 1, 0.0262, 54.4, 0.0584
20250102, D, 62.5, 20250221, P, 0, 0, 0, 54.4, -1
20250102, D, 65, 20250221, C, 0, 0, 0.0132, 54.4, 0.0272
20250102, D, 65, 20250221, P, 0, 0, 0, 54.4, -1
20250102, D, 70, 20250221, C, 0, 0, 0.0034, 54.4, 0.0065
20250102, D, 70, 20250221, P, 0, 0, 0, 54.4, -1
20250102, D, 75, 20250221, C, 0, 0, 0.001, 54.4, 0.0018
20250102, D, 75, 20250221, P, 0, 0, 0, 54.4, -1
20250102, D, 30, 20250417, C, 0, 0, 0.0004, 54.4, 0.999
20250102, D, 30, 20250417, P, 0, 638, 0.0011, 54.4, -0.0051
20250102, D, 32.5, 20250417, C, 0, 0, 0.0008, 54.4, 0.9978
20250102, D, 32.5, 20250417, P, 0, 0, 0.0018, 54.4, -0.0078
20250102, D, 35, 20250417, C, 0, 6, 0.0016, 54.4, 0.9955
20250102, D, 35, 20250417, P, 0, 0, 0.0029, 54.4, -0.0122
20250102, D, 37.5, 20250417, C, 0, 0, 0.003, 54.4, 0.9911
20250102, D, 37.5, 20250417, P, 0, 0, 0.0046, 54.4, -0.0194
20250102, D, 40, 20250417, C, 0, 0, 0.0055, 54.4, 0.9829
20250102, D, 40, 20250417, P, 0, 5, 0.0076, 54.4, -0.0313
20250102, D, 42.5, 20250417, C, 0, 0, 0.01, 54.4, 0.9674
20250102, D, 42.5, 20250417, P, 0, 5, 0.0123, 54.4, -0.0512
20250102, D, 45, 20250417, C, 0, 49, 0.0178, 54.4, 0.9384
20250102, D, 45, 20250417, P, 0, 78, 0.0199, 54.4, -0.0848
20250102, D, 47.5, 20250417, C, 0, 54, 0.0299, 54.4, 0.8861
20250102, D, 47.5, 20250417, P, 0, 119, 0.0312, 54.4, -0.1409
20250102, D, 50, 20250417, C, 16, 81, 0.0459, 54.4, 0.7981
20250102, D, 50, 20250417, P, 6, 103, 0.0462, 54.4, -0.2308
20250102, D, 52.5, 20250417, C, 4, 168, 0.0615, 54.4, 0.6666
20250102, D, 52.5, 20250417, P, 6, 159, 0.0615, 54.4, -0.3619
20250102, D, 55, 20250417, C, 8, 486, 0.0689, 54.4, 0.5024
20250102, D, 55, 20250417, P, 1, 229, 0.0695, 54.4, -0.5268
20250102, D, 57.5, 20250417, C, 21, 519, 0.0635, 54.4, 0.3385
20250102, D, 57.5, 20250417, P, 8, 104, 0.0641, 54.4, -0.6925
20250102, D, 60, 20250417, C, 2, 2015, 0.0492, 54.4, 0.2072
20250102, D, 60, 20250417, P, 0, 204, 0.0484, 54.4, -0.8229
20250102, D, 62.5, 20250417, C, 2, 909, 0.0338, 54.4, 0.1199
20250102, D, 62.5, 20250417, P, 0, 48, 0.0313, 54.4, -0.9063
20250102, D, 65, 20250417, C, 0, 495, 0.0215, 54.4, 0.0677
20250102, D, 65, 20250417, P, 0, 7, 0.0184, 54.4, -0.9527
20250102, D, 67.5, 20250417, C, 0, 219, 0.0133, 54.4, 0.0382
20250102, D, 67.5, 20250417, P, 0, 3, 0.0102, 54.4, -0.9766
20250102, D, 70, 20250417, C, 0, 100, 0.008, 54.4, 0.0217
20250102, D, 70, 20250417, P, 0, 0, 0.0055, 54.4, -0.9885
20250102, D, 75, 20250417, C, 0, 40, 0.003, 54.4, 0.0074
20250102, D, 75, 20250417, P, 0, 0, 0.0016, 54.4, -0.9974
20250102, D, 80, 20250417, C, 0, 13, 0.0012, 54.4, 0.0027
20250102, D, 80, 20250417, P, 0, 0, 0.0005, 54.4, -0.9996
20250102, D, 85, 20250417, C, 0, 3, 0.0005, 54.4, 0.0011
20250102, D, 85, 20250417, P, 0, 0, 0, 54.4, -1
20250102, D, 25, 20250620, C, 0, 0, 0.0002, 54.4, 1
20250102, D, 25, 20250620, P, 0, 1, 0.0009, 54.4, -0.0055
20250102, D, 27.5, 20250620, C, 0, 0, 0.0004, 54.4, 0.9995
20250102, D, 27.5, 20250620, P, 0, 0, 0.0014, 54.4, -0.008
20250102, D, 30, 20250620, C, 0, 0, 0.0007, 54.4, 0.9982
20250102, D, 30, 20250620, P, 0, 2, 0.002, 54.4, -0.0116
20250102, D, 32.5, 20250620, C, 0, 0, 0.0014, 54.4, 0.9957
20250102, D, 32.5, 20250620, P, 0, 0, 0.0031, 54.4, -0.0169
20250102, D, 35, 20250620, C, 0, 3, 0.0028, 54.4, 0.9907
20250102, D, 35, 20250620, P, 0, 88, 0.0046, 54.4, -0.025
20250102, D, 37.5, 20250620, C, 0, 2, 0.0051, 54.4, 0.9815
20250102, D, 37.5, 20250620, P, 0, 87, 0.007, 54.4, -0.0374
20250102, D, 40, 20250620, C, 0, 0, 0.0086, 54.4, 0.9656
20250102, D, 40, 20250620, P, 0, 145, 0.0104, 54.4, -0.0561
20250102, D, 42.5, 20250620, C, 0, 5, 0.0137, 54.4, 0.9394
20250102, D, 42.5, 20250620, P, 0, 147, 0.0153, 54.4, -0.0846
20250102, D, 45, 20250620, C, 0, 133, 0.0206, 54.4, 0.8984
20250102, D, 45, 20250620, P, 0, 874, 0.0221, 54.4, -0.1272
20250102, D, 47.5, 20250620, C, 0, 46, 0.0291, 54.4, 0.8388
20250102, D, 47.5, 20250620, P, 0, 283, 0.0307, 54.4, -0.1892
20250102, D, 50, 20250620, C, 1, 859, 0.039, 54.4, 0.7562
20250102, D, 50, 20250620, P, 7, 1654, 0.0403, 54.4, -0.2751
20250102, D, 52.5, 20250620, C, 53, 271, 0.0483, 54.4, 0.6483
20250102, D, 52.5, 20250620, P, 1, 255, 0.0486, 54.4, -0.3849
20250102, D, 55, 20250620, C, 22, 731, 0.0537, 54.4, 0.5212
20250102, D, 55, 20250620, P, 0, 1119, 0.0529, 54.4, -0.5105
20250102, D, 57.5, 20250620, C, 1, 3425, 0.053, 54.4, 0.3904
20250102, D, 57.5, 20250620, P, 0, 359, 0.0514, 54.4, -0.638
20250102, D, 60, 20250620, C, 23, 2177, 0.0463, 54.4, 0.2732
20250102, D, 60, 20250620, P, 0, 207, 0.045, 54.4, -0.7517
20250102, D, 62.5, 20250620, C, 0, 2372, 0.0367, 54.4, 0.1814
20250102, D, 62.5, 20250620, P, 0, 45, 0.0359, 54.4, -0.8424
20250102, D, 65, 20250620, C, 17, 938, 0.027, 54.4, 0.1167
20250102, D, 65, 20250620, P, 0, 7, 0.026, 54.4, -0.9076
20250102, D, 67.5, 20250620, C, 4, 42, 0.0189, 54.4, 0.0733
20250102, D, 67.5, 20250620, P, 0, 0, 0.017, 54.4, -0.9496
20250102, D, 70, 20250620, C, 0, 157, 0.0128, 54.4, 0.0458
20250102, D, 70, 20250620, P, 0, 0, 0.0102, 54.4, -0.9742
20250102, D, 75, 20250620, C, 0, 333, 0.0057, 54.4, 0.018
20250102, D, 75, 20250620, P, 0, 0, 0.003, 54.4, -0.9944
20250102, D, 80, 20250620, C, 0, 1, 0.0025, 54.4, 0.0074
20250102, D, 80, 20250620, P, 0, 0, 0.0008, 54.4, -0.9993
20250102, D, 85, 20250620, C, 0, 0, 0.0011, 54.4, 0.0031
20250102, D, 85, 20250620, P, 0, 0, 0, 54.4, -1
20250102, D, 27.5, 20250718, C, 0, 0, 0.0003, 54.4, 0.9993
20250102, D, 27.5, 20250718, P, 0, 0, 0.0015, 54.4, -0.0088
20250102, D, 30, 20250718, C, 0, 0, 0.0007, 54.4, 0.998
20250102, D, 30, 20250718, P, 0, 0, 0.0022, 54.4, -0.0128
20250102, D, 32.5, 20250718, C, 0, 0, 0.0015, 54.4, 0.9954
20250102, D, 32.5, 20250718, P, 0, 0, 0.0033, 54.4, -0.0188
20250102, D, 35, 20250718, C, 0, 0, 0.0029, 54.4, 0.99
20250102, D, 35, 20250718, P, 0, 0, 0.0049, 54.4, -0.0278
20250102, D, 37.5, 20250718, C, 0, 0, 0.0055, 54.4, 0.9798
20250102, D, 37.5, 20250718, P, 0, 0, 0.0073, 54.4, -0.0412
20250102, D, 40, 20250718, C, 0, 0, 0.0094, 54.4, 0.9617
20250102, D, 40, 20250718, P, 0, 0, 0.0107, 54.4, -0.0614
20250102, D, 42.5, 20250718, C, 0, 0, 0.0147, 54.4, 0.9321
20250102, D, 42.5, 20250718, P, 0, 71, 0.0156, 54.4, -0.0918
20250102, D, 45, 20250718, C, 0, 0, 0.0214, 54.4, 0.8877
20250102, D, 45, 20250718, P, 20, 35, 0.0221, 54.4, -0.1357
20250102, D, 47.5, 20250718, C, 0, 0, 0.0293, 54.4, 0.8254
20250102, D, 47.5, 20250718, P, 0, 1, 0.0301, 54.4, -0.1981
20250102, D, 50, 20250718, C, 0, 7, 0.0379, 54.4, 0.7423
20250102, D, 50, 20250718, P, 10, 53, 0.0387, 54.4, -0.2823
20250102, D, 52.5, 20250718, C, 0, 8, 0.0456, 54.4, 0.6382
20250102, D, 52.5, 20250718, P, 0, 10, 0.0462, 54.4, -0.3877
20250102, D, 55, 20250718, C, 0, 969, 0.05, 54.4, 0.5188
20250102, D, 55, 20250718, P, 0, 2, 0.0502, 54.4, -0.5076
20250102, D, 57.5, 20250718, C, 8, 26, 0.0494, 54.4, 0.397
20250102, D, 57.5, 20250718, P, 0, 0, 0.0492, 54.4, -0.6292
20250102, D, 60, 20250718, C, 3, 63, 0.0442, 54.4, 0.2864
20250102, D, 60, 20250718, P, 0, 0, 0.0437, 54.4, -0.7392
20250102, D, 62.5, 20250718, C, 0, 4, 0.0361, 54.4, 0.1965
20250102, D, 62.5, 20250718, P, 0, 4, 0.0358, 54.4, -0.8296
20250102, D, 65, 20250718, C, 0, 8, 0.0274, 54.4, 0.1298
20250102, D, 65, 20250718, P, 0, 0, 0.0268, 54.4, -0.8974
20250102, D, 70, 20250718, C, 0, 9, 0.0138, 54.4, 0.0529
20250102, D, 70, 20250718, P, 0, 0, 0.011, 54.4, -0.9714
20250102, D, 75, 20250718, C, 0, 0, 0.0063, 54.4, 0.0211
20250102, D, 75, 20250718, P, 0, 0, 0.003, 54.4, -0.9942
20250102, D, 80, 20250718, C, 0, 0, 0.0028, 54.4, 0.0085
20250102, D, 80, 20250718, P, 0, 0, 0.0006, 54.4, -0.9992
20250102, D, 85, 20250718, C, 0, 0, 0.0012, 54.4, 0.0035
20250102, D, 85, 20250718, P, 0, 0, 0, 54.4, -1
20250102, D, 27.5, 20250919, C, 0, 0, 0.0004, 54.4, 0.9993
20250102, D, 27.5, 20250919, P, 0, 0, 0.002, 54.4, -0.0142
20250102, D, 30, 20250919, C, 0, 0, 0.0009, 54.4, 0.9974
20250102, D, 30, 20250919, P, 0, 0, 0.003, 54.4, -0.0202
20250102, D, 32.5, 20250919, C, 0, 0, 0.0021, 54.4, 0.9932
20250102, D, 32.5, 20250919, P, 0, 0, 0.0043, 54.4, -0.0288
20250102, D, 35, 20250919, C, 0, 0, 0.0041, 54.4, 0.9847
20250102, D, 35, 20250919, P, 0, 0, 0.0061, 54.4, -0.0411
20250102, D, 37.5, 20250919, C, 0, 0, 0.0072, 54.4, 0.9691
20250102, D, 37.5, 20250919, P, 0, 2, 0.0087, 54.4, -0.0586
20250102, D, 40, 20250919, C, 0, 20, 0.0112, 54.4, 0.9442
20250102, D, 40, 20250919, P, 0, 9, 0.0121, 54.4, -0.0833
20250102, D, 42.5, 20250919, C, 0, 8, 0.0159, 54.4, 0.9082
20250102, D, 42.5, 20250919, P, 0, 20, 0.0166, 54.4, -0.118
20250102, D, 45, 20250919, C, 0, 6, 0.0212, 54.4, 0.8603
20250102, D, 45, 20250919, P, 0, 29, 0.022, 54.4, -0.1649
20250102, D, 47.5, 20250919, C, 0, 0, 0.0272, 54.4, 0.7989
20250102, D, 47.5, 20250919, P, 3, 29, 0.0282, 54.4, -0.2264
20250102, D, 50, 20250919, C, 0, 44, 0.0335, 54.4, 0.723
20250102, D, 50, 20250919, P, 3, 6, 0.0343, 54.4, -0.3038
20250102, D, 52.5, 20250919, C, 0, 283, 0.0392, 54.4, 0.6327
20250102, D, 52.5, 20250919, P, 3, 88, 0.0394, 54.4, -0.3948
20250102, D, 55, 20250919, C, 0, 451, 0.0426, 54.4, 0.5319
20250102, D, 55, 20250919, P, 0, 12, 0.0423, 54.4, -0.4952
20250102, D, 57.5, 20250919, C, 0, 328, 0.0431, 54.4, 0.4278
20250102, D, 57.5, 20250919, P, 0, 340, 0.0424, 54.4, -0.5981
20250102, D, 60, 20250919, C, 3, 1031, 0.0405, 54.4, 0.3295
20250102, D, 60, 20250919, P, 0, 86, 0.0398, 54.4, -0.6956
20250102, D, 62.5, 20250919, C, 0, 119, 0.0355, 54.4, 0.2437
20250102, D, 62.5, 20250919, P, 0, 16, 0.0353, 54.4, -0.7823
20250102, D, 65, 20250919, C, 0, 96, 0.0292, 54.4, 0.174
20250102, D, 65, 20250919, P, 0, 0, 0.0297, 54.4, -0.8551
20250102, D, 67.5, 20250919, C, 0, 19, 0.023, 54.4, 0.1211
20250102, D, 67.5, 20250919, P, 0, 0, 0.0228, 54.4, -0.912
20250102, D, 70, 20250919, C, 0, 37, 0.0173, 54.4, 0.0826
20250102, D, 70, 20250919, P, 0, 0, 0.0156, 54.4, -0.952
20250102, D, 75, 20250919, C, 0, 5, 0.0091, 54.4, 0.037
20250102, D, 75, 20250919, P, 0, 0, 0.005, 54.4, -0.9896
20250102, D, 80, 20250919, C, 0, 30, 0.0045, 54.4, 0.0163
20250102, D, 80, 20250919, P, 0, 0, 0.001, 54.4, -0.9987
20250102, D, 85, 20250919, C, 0, 0, 0.0022, 54.4, 0.0072
20250102, D, 85, 20250919, P, 0, 0, 0, 54.4, -1
20250102, D, 20, 20260116, C, 0, 0, 0, 54.4, 1
20250102, D, 20, 20260116, P, 1, 22, 0.0008, 54.4, -0.0061
20250102, D, 22.5, 20260116, C, 0, 0, 0, 54.4, 1
20250102, D, 22.5, 20260116, P, 0, 245, 0.0012, 54.4, -0.009
20250102, D, 25, 20260116, C, 0, 0, 0, 54.4, 0.9999
20250102, D, 25, 20260116, P, 0, 138, 0.0017, 54.4, -0.0133
20250102, D, 27.5, 20260116, C, 0, 0, 0.0002, 54.4, 0.9995
20250102, D, 27.5, 20260116, P, 0, 12, 0.0025, 54.4, -0.0195
20250102, D, 30, 20260116, C, 0, 0, 0.0008, 54.4, 0.9978
20250102, D, 30, 20260116, P, 0, 67, 0.0037, 54.4, -0.0284
20250102, D, 32.5, 20260116, C, 0, 10, 0.0023, 54.4, 0.9926
20250102, D, 32.5, 20260116, P, 0, 143, 0.0052, 54.4, -0.0408
20250102, D, 35, 20260116, C, 0, 35, 0.0052, 54.4, 0.9796
20250102, D, 35, 20260116, P, 0, 147, 0.0073, 54.4, -0.0579
20250102, D, 37.5, 20260116, C, 0, 1, 0.0092, 54.4, 0.9559
20250102, D, 37.5, 20260116, P, 0, 129, 0.0099, 54.4, -0.081
20250102, D, 40, 20260116, C, 0, 30, 0.0133, 54.4, 0.9207
20250102, D, 40, 20260116, P, 0, 197, 0.0131, 54.4, -0.1114
20250102, D, 42.5, 20260116, C, 0, 102, 0.017, 54.4, 0.8763
20250102, D, 42.5, 20260116, P, 0, 463, 0.0168, 54.4, -0.1507
20250102, D, 45, 20260116, C, 0, 289, 0.0207, 54.4, 0.8237
20250102, D, 45, 20260116, P, 1, 285, 0.0209, 54.4, -0.1996
20250102, D, 47.5, 20260116, C, 0, 183, 0.0247, 54.4, 0.7633
20250102, D, 47.5, 20260116, P, 0, 176, 0.0251, 54.4, -0.2586
20250102, D, 50, 20260116, C, 26, 757, 0.0285, 54.4, 0.6947
20250102, D, 50, 20260116, P, 87, 269, 0.029, 54.4, -0.3266
20250102, D, 52.5, 20260116, C, 49, 263, 0.0318, 54.4, 0.6188
20250102, D, 52.5, 20260116, P, 2, 138, 0.0322, 54.4, -0.4024
20250102, D, 55, 20260116, C, 2, 516, 0.034, 54.4, 0.538
20250102, D, 55, 20260116, P, 2, 126, 0.0342, 54.4, -0.4831
20250102, D, 57.5, 20260116, C, 5, 206, 0.0348, 54.4, 0.4555
20250102, D, 57.5, 20260116, P, 0, 524, 0.0347, 54.4, -0.5656
20250102, D, 60, 20260116, C, 1, 1283, 0.034, 54.4, 0.3741
20250102, D, 60, 20260116, P, 0, 161, 0.0339, 54.4, -0.647
20250102, D, 62.5, 20260116, C, 0, 384, 0.0318, 54.4, 0.2988
20250102, D, 62.5, 20260116, P, 0, 20, 0.0318, 54.4, -0.7242
20250102, D, 65, 20260116, C, 1, 924, 0.0285, 54.4, 0.2313
20250102, D, 65, 20260116, P, 0, 18, 0.029, 54.4, -0.795
20250102, D, 67.5, 20260116, C, 0, 65, 0.0244, 54.4, 0.1736
20250102, D, 67.5, 20260116, P, 0, 0, 0.0256, 54.4, -0.8589
20250102, D, 70, 20260116, C, 0, 830, 0.02, 54.4, 0.1263
20250102, D, 70, 20260116, P, 0, 0, 0.0208, 54.4, -0.9134
20250102, D, 75, 20260116, C, 0, 902, 0.0121, 54.4, 0.0618
20250102, D, 75, 20260116, P, 0, 0, 0.0081, 54.4, -0.9804
20250102, D, 80, 20260116, C, 0, 265, 0.0064, 54.4, 0.0272
20250102, D, 80, 20260116, P, 0, 0, 0.0012, 54.4, -0.9982
20250102, D, 85, 20260116, C, 2, 146, 0.003, 54.4, 0.0111
20250102, D, 85, 20260116, P, 0, 0, 0, 54.4, -0.9999
20250102, D, 25, 20260618, C, 0, 0, 0, 54.4, 0.9995
20250102, D, 25, 20260618, P, 0, 8, 0.0027, 54.4, -0.0269
20250102, D, 27.5, 20260618, C, 0, 0, 0.0003, 54.4, 0.9989
20250102, D, 27.5, 20260618, P, 0, 18, 0.0037, 54.4, -0.0362
20250102, D, 30, 20260618, C, 0, 2, 0.0012, 54.4, 0.9962
20250102, D, 30, 20260618, P, 0, 22, 0.005, 54.4, -0.0484
20250102, D, 32.5, 20260618, C, 0, 0, 0.0033, 54.4, 0.988
20250102, D, 32.5, 20260618, P, 0, 4, 0.0065, 54.4, -0.0642
20250102, D, 35, 20260618, C, 0, 5, 0.0069, 54.4, 0.9701
20250102, D, 35, 20260618, P, 0, 37, 0.0085, 54.4, -0.0846
20250102, D, 37.5, 20260618, C, 0, 7, 0.011, 54.4, 0.9402
20250102, D, 37.5, 20260618, P, 0, 21, 0.0108, 54.4, -0.1104
20250102, D, 40, 20260618, C, 0, 218, 0.0146, 54.4, 0.8991
20250102, D, 40, 20260618, P, 0, 14, 0.0135, 54.4, -0.1425
20250102, D, 42.5, 20260618, C, 0, 2, 0.0173, 54.4, 0.8515
20250102, D, 42.5, 20260618, P, 0, 0, 0.0165, 54.4, -0.1815
20250102, D, 45, 20260618, C, 0, 5, 0.0199, 54.4, 0.7993
20250102, D, 45, 20260618, P, 0, 79, 0.0197, 54.4, -0.228
20250102, D, 47.5, 20260618, C, 0, 10, 0.0228, 54.4, 0.7419
20250102, D, 47.5, 20260618, P, 0, 3, 0.0228, 54.4, -0.2815
20250102, D, 50, 20260618, C, 0, 38, 0.0256, 54.4, 0.6794
20250102, D, 50, 20260618, P, 0, 11, 0.0257, 54.4, -0.3418
20250102, D, 52.5, 20260618, C, 0, 31, 0.028, 54.4, 0.6122
20250102, D, 52.5, 20260618, P, 0, 5, 0.028, 54.4, -0.4071
20250102, D, 55, 20260618, C, 0, 49, 0.0296, 54.4, 0.542
20250102, D, 55, 20260618, P, 10, 42, 0.0296, 54.4, -0.4762
20250102, D, 57.5, 20260618, C, 0, 91, 0.0305, 54.4, 0.4709
20250102, D, 57.5, 20260618, P, 0, 68, 0.0302, 54.4, -0.5467
20250102, D, 60, 20260618, C, 0, 268, 0.0303, 54.4, 0.4005
20250102, D, 60, 20260618, P, 0, 42, 0.03, 54.4, -0.6167
20250102, D, 62.5, 20260618, C, 0, 36, 0.0291, 54.4, 0.3343
20250102, D, 62.5, 20260618, P, 0, 1, 0.0288, 54.4, -0.6845
20250102, D, 65, 20260618, C, 0, 171, 0.027, 54.4, 0.273
20250102, D, 65, 20260618, P, 0, 0, 0.027, 54.4, -0.7482
20250102, D, 67.5, 20260618, C, 0, 20, 0.0244, 54.4, 0.2186
20250102, D, 67.5, 20260618, P, 0, 0, 0.0249, 54.4, -0.8072
20250102, D, 70, 20260618, C, 0, 56, 0.0213, 54.4, 0.1718
20250102, D, 70, 20260618, P, 0, 0, 0.0227, 54.4, -0.8613
20250102, D, 75, 20260618, C, 0, 16, 0.0151, 54.4, 0.1008
20250102, D, 75, 20260618, P, 0, 0, 0.0147, 54.4, -0.9493
20250102, D, 80, 20260618, C, 0, 193, 0.0098, 54.4, 0.056
20250102, D, 80, 20260618, P, 0, 0, 0.0044, 54.4, -0.9903
20250102, D, 85, 20260618, C, 0, 0, 0.0059, 54.4, 0.0298
20250102, D, 85, 20260618, P, 0, 0, 0.0005, 54.4, -0.9988
20250102, D, 90, 20260618, C, 0, 0, 0.0034, 54.4, 0.0153
20250102, D, 90, 20260618, P, 0, 0, 0, 54.4, -1
20250102, D, 27.5, 20270115, C, 0, 0, 0.0007, 54.4, 0.998
20250102, D, 27.5, 20270115, P, 0, 0, 0.0045, 54.4, -0.0542
20250102, D, 30, 20270115, C, 0, 0, 0.0025, 54.4, 0.9913
20250102, D, 30, 20270115, P, 0, 5, 0.0057, 54.4, -0.0684
20250102, D, 32.5, 20270115, C, 0, 0, 0.0056, 54.4, 0.975
20250102, D, 32.5, 20270115, P, 0, 1, 0.0072, 54.4, -0.086
20250102, D, 35, 20270115, C, 0, 3, 0.0091, 54.4, 0.9468
20250102, D, 35, 20270115, P, 0, 5, 0.0089, 54.4, -0.1075
20250102, D, 37.5, 20270115, C, 0, 7, 0.0116, 54.4, 0.9098
20250102, D, 37.5, 20270115, P, 0, 46, 0.0108, 54.4, -0.1336
20250102, D, 40, 20270115, C, 0, 7, 0.0133, 54.4, 0.8701
20250102, D, 40, 20270115, P, 0, 10, 0.0131, 54.4, -0.1647
20250102, D, 42.5, 20270115, C, 0, 1, 0.0153, 54.4, 0.828
20250102, D, 42.5, 20270115, P, 0, 2, 0.0154, 54.4, -0.2012
20250102, D, 45, 20270115, C, 0, 46, 0.0176, 54.4, 0.7824
20250102, D, 45, 20270115, P, 0, 7, 0.0179, 54.4, -0.2433
20250102, D, 47.5, 20270115, C, 0, 10, 0.02, 54.4, 0.733
20250102, D, 47.5, 20270115, P, 0, 15, 0.0204, 54.4, -0.2909
20250102, D, 50, 20270115, C, 0, 16, 0.0223, 54.4, 0.6798
20250102, D, 50, 20270115, P, 0, 17, 0.0226, 54.4, -0.343
20250102, D, 52.5, 20270115, C, 1, 8, 0.0243, 54.4, 0.6227
20250102, D, 52.5, 20270115, P, 0, 9, 0.0245, 54.4, -0.3996
20250102, D, 55, 20270115, C, 0, 27, 0.0258, 54.4, 0.5634
20250102, D, 55, 20270115, P, 0, 72, 0.0259, 54.4, -0.4588
20250102, D, 57.5, 20270115, C, 0, 39, 0.0268, 54.4, 0.5027
20250102, D, 57.5, 20270115, P, 0, 10, 0.0268, 54.4, -0.5202
20250102, D, 60, 20270115, C, 4, 183, 0.027, 54.4, 0.4423
20250102, D, 60, 20270115, P, 0, 37, 0.0272, 54.4, -0.5827
20250102, D, 62.5, 20270115, C, 2, 67, 0.0266, 54.4, 0.384
20250102, D, 62.5, 20270115, P, 0, 2, 0.0271, 54.4, -0.645
20250102, D, 65, 20270115, C, 0, 120, 0.0255, 54.4, 0.3291
20250102, D, 65, 20270115, P, 0, 0, 0.0266, 54.4, -0.7061
20250102, D, 67.5, 20270115, C, 0, 23, 0.024, 54.4, 0.2786
20250102, D, 67.5, 20270115, P, 0, 0, 0.026, 54.4, -0.7653
20250102, D, 70, 20270115, C, 0, 122, 0.0221, 54.4, 0.2333
20250102, D, 70, 20270115, P, 0, 0, 0.0253, 54.4, -0.8231
20250102, D, 75, 20270115, C, 0, 20, 0.0178, 54.4, 0.159
20250102, D, 75, 20270115, P, 0, 0, 0.0193, 54.4, -0.9258
20250102, D, 80, 20270115, C, 0, 64, 0.0135, 54.4, 0.1055
20250102, D, 80, 20270115, P, 0, 0, 0.0074, 54.4, -0.9826
20250102, D, 85, 20270115, C, 0, 70, 0.0098, 54.4, 0.0684
20250102, D, 85, 20270115, P, 0, 0, 0, 54.4, -1
20250102, D, 90, 20270115, C, 0, 30, 0.0069, 54.4, 0.044
20250102, D, 90, 20270115, P, 0, 0, 0, 54.4, -1
20250103, D, 20, 20250117, C, 0, 0, 0.0003, 54.73, 0.9977
20250103, D, 20, 20250117, P, 0, 0, 0.0003, 54.73, -0.0021
20250103, D, 22.5, 20250117, C, 0, 0, 0.0004, 54.73, 0.9974
20250103, D, 22.5, 20250117, P, 0, 105, 0.0004, 54.73, -0.0024
20250103, D, 25, 20250117, C, 0, 0, 0.0005, 54.73, 0.997
20250103, D, 25, 20250117, P, 0, 233, 0.0005, 54.73, -0.0027
20250103, D, 27.5, 20250117, C, 0, 0, 0.0007, 54.73, 0.9966
20250103, D, 27.5, 20250117, P, 0, 328, 0.0007, 54.73, -0.0032
20250103, D, 30, 20250117, C, 0, 1, 0.0009, 54.73, 0.996
20250103, D, 30, 20250117, P, 0, 426, 0.0009, 54.73, -0.0038
20250103, D, 32.5, 20250117, C, 0, 0, 0.0012, 54.73, 0.9951
20250103, D, 32.5, 20250117, P, 0, 1154, 0.0012, 54.73, -0.0046
20250103, D, 35, 20250117, C, 0, 0, 0.0016, 54.73, 0.994
20250103, D, 35, 20250117, P, 0, 261, 0.0016, 54.73, -0.0058
20250103, D, 37.5, 20250117, C, 0, 0, 0.0023, 54.73, 0.9924
20250103, D, 37.5, 20250117, P, 0, 340, 0.0023, 54.73, -0.0074
20250103, D, 40, 20250117, C, 0, 17, 0.0034, 54.73, 0.99
20250103, D, 40, 20250117, P, 0, 1690, 0.0034, 54.73, -0.0098
20250103, D, 42.5, 20250117, C, 0, 10, 0.0054, 54.73, 0.9861
20250103, D, 42.5, 20250117, P, 0, 767, 0.0054, 54.73, -0.0137
20250103, D, 45, 20250117, C, 0, 120, 0.009, 54.73, 0.9794
20250103, D, 45, 20250117, P, 0, 3960, 0.0091, 54.73, -0.0204
20250103, D, 47.5, 20250117, C, 0, 21, 0.0168, 54.73, 0.9664
20250103, D, 47.5, 20250117, P, 14, 2516, 0.0169, 54.73, -0.0335
20250103, D, 50, 20250117, C, 0, 32, 0.0365, 54.73, 0.9365
20250103, D, 50, 20250117, P, 186, 1981, 0.0368, 54.73, -0.0638
20250103, D, 52.5, 20250117, C, 2, 331, 0.0979, 54.73, 0.8443
20250103, D, 52.5, 20250117, P, 109, 2682, 0.0993, 54.73, -0.1575
20250103, D, 55, 20250117, C, 115, 6113, 0.2129, 54.73, 0.4794
20250103, D, 55, 20250117, P, 20, 2874, 0.2183, 54.73, -0.531
20250103, D, 57.5, 20250117, C, 1512, 4939, 0.0963, 54.73, 0.1495
20250103, D, 57.5, 20250117, P, 1, 1126, 0.1006, 54.73, -0.8672
20250103, D, 60, 20250117, C, 148, 6337, 0.0389, 54.73, 0.0614
20250103, D, 60, 20250117, P, 0, 38, 0.0393, 54.73, -0.9539
20250103, D, 62.5, 20250117, C, 1, 2884, 0.0185, 54.73, 0.0308
20250103, D, 62.5, 20250117, P, 0, 0, 0.0168, 54.73, -0.9813
20250103, D, 65, 20250117, C, 3, 2378, 0.0099, 54.73, 0.0173
20250103, D, 65, 20250117, P, 0, 0, 0.0076, 54.73, -0.9918
20250103, D, 67.5, 20250117, C, 12, 7628, 0.0057, 54.73, 0.0105
20250103, D, 67.5, 20250117, P, 0, 0, 0.0036, 54.73, -0.9962
20250103, D, 70, 20250117, C, 0, 901, 0.0035, 54.73, 0.0067
20250103, D, 70, 20250117, P, 0, 0, 0.0018, 54.73, -0.9982
20250103, D, 72.5, 20250117, C, 0, 283, 0.0022, 54.73, 0.0044
20250103, D, 72.5, 20250117, P, 0, 0, 0.0008, 54.73, -0.9992
20250103, D, 75, 20250117, C, 0, 802, 0.0015, 54.73, 0.003
20250103, D, 75, 20250117, P, 0, 0, 0.0004, 54.73, -0.9996
20250103, D, 77.5, 20250117, C, 0, 1542, 0.001, 54.73, 0.0021
20250103, D, 77.5, 20250117, P, 0, 0, 0.0002, 54.73, -0.9998
20250103, D, 80, 20250117, C, 0, 859, 0.0007, 54.73, 0.0015
20250103, D, 80, 20250117, P, 0, 0, 0.0001, 54.73, -0.9999
20250103, D, 82.5, 20250117, C, 0, 134, 0.0005, 54.73, 0.0011
20250103, D, 82.5, 20250117, P, 0, 0, 0, 54.73, -1
20250103, D, 85, 20250117, C, 0, 168, 0.0004, 54.73, 0.0008
20250103, D, 85, 20250117, P, 0, 0, 0, 54.73, -1
20250103, D, 87.5, 20250117, C, 0, 1821, 0.0003, 54.73, 0.0006
20250103, D, 87.5, 20250117, P, 0, 0, 0, 54.73, -1
20250103, D, 90, 20250117, C, 0, 205, 0.0002, 54.73, 0.0005
20250103, D, 90, 20250117, P, 0, 0, 0, 54.73, -1
20250103, D, 92.5, 20250117, C, 0, 235, 0.0001, 54.73, 0.0004
20250103, D, 92.5, 20250117, P, 0, 0, 0, 54.73, -1
20250103, D, 95, 20250117, C, 0, 740, 0.0001, 54.73, 0.0003
20250103, D, 95, 20250117, P, 0, 0, 0, 54.73, -1
20250103, D, 100, 20250117, C, 0, 135, 0.0001, 54.73, 0.0002
20250103, D, 100, 20250117, P, 0, 0, 0, 54.73, -1
20250103, D, 105, 20250117, C, 0, 7, 0, 54.73, 0.0001
20250103, D, 105, 20250117, P, 0, 0, 0, 54.73, -1
20250103, D, 110, 20250117, C, 0, 5, 0, 54.73, 0.0001
20250103, D, 110, 20250117, P, 0, 0, 0, 54.73, -1
20250103, D, 115, 20250117, C, 0, 31, 0, 54.73, 0
20250103, D, 115, 20250117, P, 0, 0, 0, 54.73, -1
20250103, D, 120, 20250117, C, 0, 1, 0, 54.73, 0
20250103, D, 120, 20250117, P, 0, 0, 0, 54.73, -1
20250103, D, 125, 20250117, C, 0, 1, 0, 54.73, 0
20250103, D, 125, 20250117, P, 0, 0, 0, 54.73, -1
20250103, D, 30, 20250221, C, 0, 0, 0.0008, 54.73, 0.9967
20250103, D, 30, 20250221, P, 0, 0, 0.0008, 54.73, -0.0033
20250103, D, 32.5, 20250221, C, 0, 0, 0.0011, 54.73, 0.9956
20250103, D, 32.5, 20250221, P, 0, 0, 0.0011, 54.73, -0.0044
20250103, D, 35, 20250221, C, 0, 0, 0.0017, 54.73, 0.9939
20250103, D, 35, 20250221, P, 0, 0, 0.0017, 54.73, -0.0061
20250103, D, 37.5, 20250221, C, 0, 0, 0.0026, 54.73, 0.9912
20250103, D, 37.5, 20250221, P, 0, 0, 0.0026, 54.73, -0.0088
20250103, D, 40, 20250221, C, 0, 0, 0.0042, 54.73, 0.9866
20250103, D, 40, 20250221, P, 0, 0, 0.0042, 54.73, -0.0135
20250103, D, 42.5, 20250221, C, 0, 0, 0.0071, 54.73, 0.9785
20250103, D, 42.5, 20250221, P, 0, 0, 0.0071, 54.73, -0.0217
20250103, D, 45, 20250221, C, 0, 0, 0.0125, 54.73, 0.9631
20250103, D, 45, 20250221, P, 0, 0, 0.0127, 54.73, -0.0372
20250103, D, 47.5, 20250221, C, 0, 0, 0.0231, 54.73, 0.9325
20250103, D, 47.5, 20250221, P, 0, 17, 0.0234, 54.73, -0.0683
20250103, D, 50, 20250221, C, 20, 6, 0.0428, 54.73, 0.8693
20250103, D, 50, 20250221, P, 11, 62, 0.0436, 54.73, -0.1327
20250103, D, 52.5, 20250221, C, 14, 14, 0.0736, 54.73, 0.7418
20250103, D, 52.5, 20250221, P, 2, 67, 0.0757, 54.73, -0.2636
20250103, D, 55, 20250221, C, 35, 278, 0.0992, 54.73, 0.5275
20250103, D, 55, 20250221, P, 10, 95, 0.104, 54.73, -0.4869
20250103, D, 57.5, 20250221, C, 85, 256, 0.088, 54.73, 0.2885
20250103, D, 57.5, 20250221, P, 0, 10, 0.0975, 54.73, -0.7441
20250103, D, 60, 20250221, C, 27, 53, 0.0529, 54.73, 0.1277
20250103, D, 60, 20250221, P, 5, 0, 0.0617, 54.73, -0.9278
20250103, D, 62.5, 20250221, C, 0, 1, 0.0256, 54.73, 0.0516
20250103, D, 62.5, 20250221, P, 0, 0, 0.0099, 54.73, -0.995
20250103, D, 65, 20250221, C, 0, 0, 0.0114, 54.73, 0.0206
20250103, D, 65, 20250221, P, 0, 0, 0, 54.73, -1
20250103, D, 70, 20250221, C, 0, 0, 0.0022, 54.73, 0.0035
20250103, D, 70, 20250221, P, 0, 0, 0, 54.73, -1
20250103, D, 75, 20250221, C, 0, 0, 0.0004, 54.73, 0.0007
20250103, D, 75, 20250221, P, 0, 0, 0, 54.73, -1
20250103, D, 30, 20250417, C, 0, 0, 0.0002, 54.73, 0.9999
20250103, D, 30, 20250417, P, 0, 638, 0.0007, 54.73, -0.0029
20250103, D, 32.5, 20250417, C, 0, 0, 0.0004, 54.73, 0.9992
20250103, D, 32.5, 20250417, P, 0, 0, 0.0012, 54.73, -0.0047
20250103, D, 35, 20250417, C, 0, 6, 0.0009, 54.73, 0.9979
20250103, D, 35, 20250417, P, 0, 0, 0.002, 54.73, -0.0078
20250103, D, 37.5, 20250417, C, 0, 0, 0.0019, 54.73, 0.9952
20250103, D, 37.5, 20250417, P, 0, 0, 0.0035, 54.73, -0.0132
20250103, D, 40, 20250417, C, 0, 0, 0.0039, 54.73, 0.9894
20250103, D, 40, 20250417, P, 0, 5, 0.0061, 54.73, -0.0228
20250103, D, 42.5, 20250417, C, 0, 0, 0.0079, 54.73, 0.9772
20250103, D, 42.5, 20250417, P, 0, 5, 0.0105, 54.73, -0.0397
20250103, D, 45, 20250417, C, 0, 49, 0.0153, 54.73, 0.9528
20250103, D, 45, 20250417, P, 0, 78, 0.0178, 54.73, -0.0698
20250103, D, 47.5, 20250417, C, 0, 54, 0.0275, 54.73, 0.905
20250103, D, 47.5, 20250417, P, 10, 119, 0.0292, 54.73, -0.1222
20250103, D, 50, 20250417, C, 6, 91, 0.0443, 54.73, 0.8206
20250103, D, 50, 20250417, P, 0, 103, 0.0447, 54.73, -0.2089
20250103, D, 52.5, 20250417, C, 5, 165, 0.0612, 54.73, 0.6902
20250103, D, 52.5, 20250417, P, 11, 160, 0.0611, 54.73, -0.3389
20250103, D, 55, 20250417, C, 13, 493, 0.07, 54.73, 0.5247
20250103, D, 55, 20250417, P, 1, 230, 0.0705, 54.73, -0.5046
20250103, D, 57.5, 20250417, C, 61, 540, 0.0655, 54.73, 0.3565
20250103, D, 57.5, 20250417, P, 0, 110, 0.0663, 54.73, -0.6744
20250103, D, 60, 20250417, C, 9, 2015, 0.0515, 54.73, 0.22
20250103, D, 60, 20250417, P, 11, 204, 0.0509, 54.73, -0.811
20250103, D, 62.5, 20250417, C, 3, 909, 0.0356, 54.73, 0.127
20250103, D, 62.5, 20250417, P, 0, 48, 0.0332, 54.73, -0.9003
20250103, D, 65, 20250417, C, 1, 495, 0.0226, 54.73, 0.0708
20250103, D, 65, 20250417, P, 0, 7, 0.0193, 54.73, -0.9504
20250103, D, 67.5, 20250417, C, 0, 219, 0.0137, 54.73, 0.039
20250103, D, 67.5, 20250417, P, 0, 3, 0.0106, 54.73, -0.9761
20250103, D, 70, 20250417, C, 0, 100, 0.0081, 54.73, 0.0216
20250103, D, 70, 20250417, P, 0, 0, 0.0056, 54.73, -0.9887
20250103, D, 75, 20250417, C, 0, 40, 0.0028, 54.73, 0.0068
20250103, D, 75, 20250417, P, 0, 0, 0.0015, 54.73, -0.9976
20250103, D, 80, 20250417, C, 0, 13, 0.001, 54.73, 0.0024
20250103, D, 80, 20250417, P, 0, 0, 0.0004, 54.73, -0.9997
20250103, D, 85, 20250417, C, 0, 3, 0.0004, 54.73, 0.0009
20250103, D, 85, 20250417, P, 0, 0, 0.0001, 54.73, -1
20250103, D, 25, 20250620, C, 0, 0, 0.0001, 54.73, 1
20250103, D, 25, 20250620, P, 0, 1, 0.0007, 54.73, -0.0039
20250103, D, 27.5, 20250620, C, 0, 0, 0.0002, 54.73, 1
20250103, D, 27.5, 20250620, P, 0, 0, 0.0011, 54.73, -0.0058
20250103, D, 30, 20250620, C, 0, 0, 0.0005, 54.73, 0.9991
20250103, D, 30, 20250620, P, 2, 2, 0.0017, 54.73, -0.0088
20250103, D, 32.5, 20250620, C, 0, 0, 0.001, 54.73, 0.9974
20250103, D, 32.5, 20250620, P, 0, 0, 0.0026, 54.73, -0.0133
20250103, D, 35, 20250620, C, 0, 3, 0.0021, 54.73, 0.9936
20250103, D, 35, 20250620, P, 0, 88, 0.004, 54.73, -0.0204
20250103, D, 37.5, 20250620, C, 0, 2, 0.0041, 54.73, 0.9862
20250103, D, 37.5, 20250620, P, 0, 87, 0.0062, 54.73, -0.0314
20250103, D, 40, 20250620, C, 0, 0, 0.0075, 54.73, 0.9722
20250103, D, 40, 20250620, P, 0, 145, 0.0095, 54.73, -0.0487
20250103, D, 42.5, 20250620, C, 0, 5, 0.0126, 54.73, 0.948
20250103, D, 42.5, 20250620, P, 0, 147, 0.0143, 54.73, -0.0754
20250103, D, 45, 20250620, C, 0, 133, 0.0194, 54.73, 0.9095
20250103, D, 45, 20250620, P, 5, 874, 0.021, 54.73, -0.116
20250103, D, 47.5, 20250620, C, 0, 46, 0.028, 54.73, 0.8516
20250103, D, 47.5, 20250620, P, 0, 283, 0.0296, 54.73, -0.176
20250103, D, 50, 20250620, C, 1, 860, 0.0379, 54.73, 0.7709
20250103, D, 50, 20250620, P, 0, 1661, 0.0393, 54.73, -0.2598
20250103, D, 52.5, 20250620, C, 0, 282, 0.0476, 54.73, 0.6649
20250103, D, 52.5, 20250620, P, 1, 256, 0.048, 54.73, -0.3679
20250103, D, 55, 20250620, C, 1, 747, 0.0536, 54.73, 0.5386
20250103, D, 55, 20250620, P, 0, 1119, 0.0529, 54.73, -0.4935
20250103, D, 57.5, 20250620, C, 4, 3425, 0.0536, 54.73, 0.4066
20250103, D, 57.5, 20250620, P, 2, 359, 0.0521, 54.73, -0.6223
20250103, D, 60, 20250620, C, 1, 2182, 0.0476, 54.73, 0.2864
20250103, D, 60, 20250620, P, 0, 207, 0.0462, 54.73, -0.739
20250103, D, 62.5, 20250620, C, 0, 2372, 0.038, 54.73, 0.1902
20250103, D, 62.5, 20250620, P, 0, 45, 0.0372, 54.73, -0.8339
20250103, D, 65, 20250620, C, 0, 938, 0.0281, 54.73, 0.1213
20250103, D, 65, 20250620, P, 0, 7, 0.0271, 54.73, -0.903
20250103, D, 67.5, 20250620, C, 0, 46, 0.0195, 54.73, 0.0752
20250103, D, 67.5, 20250620, P, 0, 0, 0.0177, 54.73, -0.948
20250103, D, 70, 20250620, C, 1, 157, 0.0131, 54.73, 0.046
20250103, D, 70, 20250620, P, 0, 0, 0.0104, 54.73, -0.9742
20250103, D, 75, 20250620, C, 0, 333, 0.0055, 54.73, 0.0169
20250103, D, 75, 20250620, P, 0, 0, 0.0028, 54.73, -0.995
20250103, D, 80, 20250620, C, 0, 1, 0.0023, 54.73, 0.0065
20250103, D, 80, 20250620, P, 0, 0, 0.0006, 54.73, -0.9995
20250103, D, 85, 20250620, C, 0, 0, 0.001, 54.73, 0.0026
20250103, D, 85, 20250620, P, 0, 0, 0.0001, 54.73, -1
20250103, D, 27.5, 20250718, C, 0, 0, 0.0004, 54.73, 0.9991
20250103, D, 27.5, 20250718, P, 0, 0, 0.0016, 54.73, -0.0103
20250103, D, 30, 20250718, C, 0, 0, 0.0009, 54.73, 0.9975
20250103, D, 30, 20250718, P, 0, 0, 0.0023, 54.73, -0.0144
20250103, D, 32.5, 20250718, C, 0, 0, 0.0017, 54.73, 0.9944
20250103, D, 32.5, 20250718, P, 0, 0, 0.0034, 54.73, -0.0204
20250103, D, 35, 20250718, C, 0, 0, 0.0032, 54.73, 0.9885
20250103, D, 35, 20250718, P, 0, 0, 0.0049, 54.73, -0.0291
20250103, D, 37.5, 20250718, C, 0, 0, 0.0056, 54.73, 0.9781
20250103, D, 37.5, 20250718, P, 0, 0, 0.0072, 54.73, -0.0419
20250103, D, 40, 20250718, C, 0, 0, 0.0092, 54.73, 0.9606
20250103, D, 40, 20250718, P, 0, 0, 0.0104, 54.73, -0.0609
20250103, D, 42.5, 20250718, C, 0, 0, 0.014, 54.73, 0.9331
20250103, D, 42.5, 20250718, P, 0, 71, 0.0149, 54.73, -0.0888
20250103, D, 45, 20250718, C, 0, 0, 0.0202, 54.73, 0.8923
20250103, D, 45, 20250718, P, 0, 45, 0.021, 54.73, -0.1296
20250103, D, 47.5, 20250718, C, 0, 0, 0.0278, 54.73, 0.8349
20250103, D, 47.5, 20250718, P, 0, 1, 0.0288, 54.73, -0.1878
20250103, D, 50, 20250718, C, 0, 7, 0.0365, 54.73, 0.7567
20250103, D, 50, 20250718, P, 2, 63, 0.0375, 54.73, -0.2678
20250103, D, 52.5, 20250718, C, 0, 8, 0.0448, 54.73, 0.6562
20250103, D, 52.5, 20250718, P, 0, 10, 0.0455, 54.73, -0.3702
20250103, D, 55, 20250718, C, 8, 969, 0.05, 54.73, 0.5381
20250103, D, 55, 20250718, P, 0, 2, 0.0503, 54.73, -0.4894
20250103, D, 57.5, 20250718, C, 1, 34, 0.0501, 54.73, 0.4153
20250103, D, 57.5, 20250718, P, 0, 0, 0.05, 54.73, -0.6125
20250103, D, 60, 20250718, C, 1, 66, 0.0452, 54.73, 0.3028
20250103, D, 60, 20250718, P, 0, 0, 0.0452, 54.73, -0.725
20250103, D, 62.5, 20250718, C, 3, 4, 0.0374, 54.73, 0.2112
20250103, D, 62.5, 20250718, P, 0, 4, 0.0375, 54.73, -0.8179
20250103, D, 65, 20250718, C, 0, 8, 0.0289, 54.73, 0.1431
20250103, D, 65, 20250718, P, 0, 0, 0.0286, 54.73, -0.8877
20250103, D, 70, 20250718, C, 0, 9, 0.0154, 54.73, 0.0633
20250103, D, 70, 20250718, P, 0, 0, 0.0127, 54.73, -0.9652
20250103, D, 75, 20250718, C, 0, 0, 0.0077, 54.73, 0.028
20250103, D, 75, 20250718, P, 0, 0, 0.0042, 54.73, -0.9914
20250103, D, 80, 20250718, C, 0, 0, 0.0038, 54.73, 0.0128
20250103, D, 80, 20250718, P, 0, 0, 0.0011, 54.73, -0.9984
20250103, D, 85, 20250718, C, 0, 0, 0.0019, 54.73, 0.0061
20250103, D, 85, 20250718, P, 0, 0, 0.0003, 54.73, -1
20250103, D, 27.5, 20250919, C, 0, 0, 0.0007, 54.73, 0.9978
20250103, D, 27.5, 20250919, P, 0, 0, 0.0024, 54.73, -0.0189
20250103, D, 30, 20250919, C, 0, 0, 0.0014, 54.73, 0.995
20250103, D, 30, 20250919, P, 0, 0, 0.0034, 54.73, -0.0256
20250103, D, 32.5, 20250919, C, 0, 0, 0.0027, 54.73, 0.9894
20250103, D, 32.5, 20250919, P, 0, 0, 0.0047, 54.73, -0.0347
20250103, D, 35, 20250919, C, 0, 0, 0.0048, 54.73, 0.9795
20250103, D, 35, 20250919, P, 0, 0, 0.0064, 54.73, -0.0473
20250103, D, 37.5, 20250919, C, 0, 0, 0.0077, 54.73, 0.9633
20250103, D, 37.5, 20250919, P, 0, 2, 0.0088, 54.73, -0.0646
20250103, D, 40, 20250919, C, 0, 20, 0.0113, 54.73, 0.939
20250103, D, 40, 20250919, P, 0, 9, 0.012, 54.73, -0.0884
20250103, D, 42.5, 20250919, C, 0, 8, 0.0156, 54.73, 0.9049
20250103, D, 42.5, 20250919, P, 0, 20, 0.0161, 54.73, -0.121
20250103, D, 45, 20250919, C, 0, 6, 0.0205, 54.73, 0.8598
20250103, D, 45, 20250919, P, 0, 29, 0.0211, 54.73, -0.1649
20250103, D, 47.5, 20250919, C, 0, 0, 0.0262, 54.73, 0.802
20250103, D, 47.5, 20250919, P, 0, 29, 0.027, 54.73, -0.2226
20250103, D, 50, 20250919, C, 0, 44, 0.0323, 54.73, 0.7297
20250103, D, 50, 20250919, P, 5, 8, 0.033, 54.73, -0.2957
20250103, D, 52.5, 20250919, C, 0, 283, 0.0381, 54.73, 0.6426
20250103, D, 52.5, 20250919, P, 0, 88, 0.0384, 54.73, -0.3837
20250103, D, 55, 20250919, C, 0, 451, 0.0421, 54.73, 0.5436
20250103, D, 55, 20250919, P, 0, 12, 0.0418, 54.73, -0.4825
20250103, D, 57.5, 20250919, C, 30, 328, 0.0431, 54.73, 0.4395
20250103, D, 57.5, 20250919, P, 0, 340, 0.0424, 54.73, -0.5855
20250103, D, 60, 20250919, C, 9, 1034, 0.041, 54.73, 0.3392
20250103, D, 60, 20250919, P, 0, 86, 0.0401, 54.73, -0.6843
20250103, D, 62.5, 20250919, C, 1, 119, 0.0361, 54.73, 0.2514
20250103, D, 62.5, 20250919, P, 0, 16, 0.0357, 54.73, -0.7722
20250103, D, 65, 20250919, C, 0, 96, 0.0299, 54.73, 0.1798
20250103, D, 65, 20250919, P, 0, 0, 0.0302, 54.73, -0.846
20250103, D, 67.5, 20250919, C, 0, 19, 0.0236, 54.73, 0.1258
20250103, D, 67.5, 20250919, P, 0, 0, 0.0237, 54.73, -0.904
20250103, D, 70, 20250919, C, 0, 37, 0.0179, 54.73, 0.0865
20250103, D, 70, 20250919, P, 0, 0, 0.0167, 54.73, -0.9455
20250103, D, 75, 20250919, C, 0, 5, 0.0096, 54.73, 0.04
20250103, D, 75, 20250919, P, 0, 0, 0.0059, 54.73, -0.9867
20250103, D, 80, 20250919, C, 0, 30, 0.0049, 54.73, 0.0185
20250103, D, 80, 20250919, P, 0, 0, 0.0014, 54.73, -0.9977
20250103, D, 85, 20250919, C, 0, 0, 0.0025, 54.73, 0.0088
20250103, D, 85, 20250919, P, 0, 0, 0.0002, 54.73, -0.9999
20250103, D, 20, 20260116, C, 0, 0, 0.0001, 54.73, 1
20250103, D, 20, 20260116, P, 0, 23, 0.0014, 54.73, -0.0149
20250103, D, 22.5, 20260116, C, 0, 0, 0.0002, 54.73, 0.9997
20250103, D, 22.5, 20260116, P, 0, 245, 0.0019, 54.73, -0.0193
20250103, D, 25, 20260116, C, 0, 0, 0.0005, 54.73, 0.9984
20250103, D, 25, 20260116, P, 0, 138, 0.0025, 54.73, -0.0248
20250103, D, 27.5, 20260116, C, 0, 0, 0.0012, 54.73, 0.9954
20250103, D, 27.5, 20260116, P, 0, 12, 0.0033, 54.73, -0.032
20250103, D, 30, 20260116, C, 0, 0, 0.0025, 54.73, 0.9895
20250103, D, 30, 20260116, P, 0, 67, 0.0044, 54.73, -0.0414
20250103, D, 32.5, 20260116, C, 0, 10, 0.0044, 54.73, 0.9791
20250103, D, 32.5, 20260116, P, 0, 143, 0.0058, 54.73, -0.0536
20250103, D, 35, 20260116, C, 0, 35, 0.0069, 54.73, 0.9625
20250103, D, 35, 20260116, P, 0, 147, 0.0075, 54.73, -0.0695
20250103, D, 37.5, 20260116, C, 0, 1, 0.0097, 54.73, 0.939
20250103, D, 37.5, 20260116, P, 0, 129, 0.0098, 54.73, -0.0902
20250103, D, 40, 20260116, C, 0, 30, 0.0126, 54.73, 0.9085
20250103, D, 40, 20260116, P, 0, 197, 0.0126, 54.73, -0.1169
20250103, D, 42.5, 20260116, C, 0, 102, 0.0157, 54.73, 0.8714
20250103, D, 42.5, 20260116, P, 0, 463, 0.016, 54.73, -0.1512
20250103, D, 45, 20260116, C, 0, 289, 0.0193, 54.73, 0.8265
20250103, D, 45, 20260116, P, 0, 285, 0.0199, 54.73, -0.1946
20250103, D, 47.5, 20260116, C, 0, 183, 0.0235, 54.73, 0.7728
20250103, D, 47.5, 20260116, P, 470, 176, 0.0242, 54.73, -0.2484
20250103, D, 50, 20260116, C, 1, 783, 0.0279, 54.73, 0.7095
20250103, D, 50, 20260116, P, 0, 343, 0.0285, 54.73, -0.313
20250103, D, 52.5, 20260116, C, 48, 303, 0.0318, 54.73, 0.636
20250103, D, 52.5, 20260116, P, 0, 140, 0.0322, 54.73, -0.3877
20250103, D, 55, 20260116, C, 2, 518, 0.0346, 54.73, 0.5546
20250103, D, 55, 20260116, P, 0, 128, 0.0348, 54.73, -0.4697
20250103, D, 57.5, 20260116, C, 3, 208, 0.0358, 54.73, 0.4695
20250103, D, 57.5, 20260116, P, 0, 524, 0.0359, 54.73, -0.5554
20250103, D, 60, 20260116, C, 603, 1283, 0.0352, 54.73, 0.386
20250103, D, 60, 20260116, P, 0, 161, 0.0353, 54.73, -0.6402
20250103, D, 62.5, 20260116, C, 2, 384, 0.0328, 54.73, 0.3092
20250103, D, 62.5, 20260116, P, 0, 20, 0.0333, 54.73, -0.7198
20250103, D, 65, 20260116, C, 471, 924, 0.0294, 54.73, 0.2422
20250103, D, 65, 20260116, P, 0, 18, 0.0305, 54.73, -0.7916
20250103, D, 67.5, 20260116, C, 7, 65, 0.0253, 54.73, 0.1865
20250103, D, 67.5, 20260116, P, 0, 0, 0.027, 54.73, -0.8544
20250103, D, 70, 20260116, C, 1, 830, 0.0212, 54.73, 0.1419
20250103, D, 70, 20260116, P, 0, 0, 0.0222, 54.73, -0.9063
20250103, D, 75, 20260116, C, 0, 902, 0.014, 54.73, 0.0807
20250103, D, 75, 20260116, P, 0, 0, 0.0106, 54.73, -0.9709
20250103, D, 80, 20260116, C, 0, 265, 0.0088, 54.73, 0.0458
20250103, D, 80, 20260116, P, 0, 0, 0.0032, 54.73, -0.9939
20250103, D, 85, 20260116, C, 0, 148, 0.0054, 54.73, 0.026
20250103, D, 85, 20260116, P, 0, 0, 0.0006, 54.73, -0.9993
20250103, D, 25, 20260618, C, 0, 0, 0.0001, 54.73, 0.9991
20250103, D, 25, 20260618, P, 0, 8, 0.003, 54.73, -0.0326
20250103, D, 27.5, 20260618, C, 0, 0, 0.0006, 54.73, 0.9977
20250103, D, 27.5, 20260618, P, 0, 18, 0.0039, 54.73, -0.0419
20250103, D, 30, 20260618, C, 0, 2, 0.0017, 54.73, 0.9935
20250103, D, 30, 20260618, P, 0, 22, 0.0051, 54.73, -0.0539
20250103, D, 32.5, 20260618, C, 0, 0, 0.004, 54.73, 0.9838
20250103, D, 32.5, 20260618, P, 0, 4, 0.0066, 54.73, -0.0692
20250103, D, 35, 20260618, C, 0, 5, 0.0072, 54.73, 0.9658
20250103, D, 35, 20260618, P, 0, 37, 0.0084, 54.73, -0.0884
20250103, D, 37.5, 20260618, C, 0, 7, 0.0108, 54.73, 0.9377
20250103, D, 37.5, 20260618, P, 0, 21, 0.0106, 54.73, -0.1126
20250103, D, 40, 20260618, C, 0, 218, 0.0142, 54.73, 0.8998
20250103, D, 40, 20260618, P, 0, 14, 0.0131, 54.73, -0.1425
20250103, D, 42.5, 20260618, C, 0, 2, 0.0169, 54.73, 0.8546
20250103, D, 42.5, 20260618, P, 0, 0, 0.016, 54.73, -0.1792
20250103, D, 45, 20260618, C, 0, 5, 0.0196, 54.73, 0.8047
20250103, D, 45, 20260618, P, 0, 79, 0.0191, 54.73, -0.2228
20250103, D, 47.5, 20260618, C, 0, 10, 0.0226, 54.73, 0.7489
20250103, D, 47.5, 20260618, P, 0, 3, 0.0223, 54.73, -0.2745
20250103, D, 50, 20260618, C, 0, 38, 0.0255, 54.73, 0.687
20250103, D, 50, 20260618, P, 0, 11, 0.0254, 54.73, -0.3335
20250103, D, 52.5, 20260618, C, 0, 31, 0.028, 54.73, 0.6198
20250103, D, 52.5, 20260618, P, 0, 5, 0.028, 54.73, -0.3988
20250103, D, 55, 20260618, C, 0, 49, 0.0299, 54.73, 0.5486
20250103, D, 55, 20260618, P, 0, 52, 0.0298, 54.73, -0.4684
20250103, D, 57.5, 20260618, C, 0, 91, 0.0308, 54.73, 0.4759
20250103, D, 57.5, 20260618, P, 0, 68, 0.0306, 54.73, -0.5401
20250103, D, 60, 20260618, C, 0, 268, 0.0307, 54.73, 0.4046
20250103, D, 60, 20260618, P, 0, 42, 0.0303, 54.73, -0.6111
20250103, D, 62.5, 20260618, C, 0, 36, 0.0295, 54.73, 0.337
20250103, D, 62.5, 20260618, P, 0, 1, 0.0292, 54.73, -0.6792
20250103, D, 65, 20260618, C, 0, 171, 0.0274, 54.73, 0.2754
20250103, D, 65, 20260618, P, 0, 0, 0.0273, 54.73, -0.7429
20250103, D, 67.5, 20260618, C, 20, 20, 0.0246, 54.73, 0.2213
20250103, D, 67.5, 20260618, P, 0, 0, 0.0251, 54.73, -0.8011
20250103, D, 70, 20260618, C, 1, 56, 0.0216, 54.73, 0.1754
20250103, D, 70, 20260618, P, 0, 0, 0.0229, 54.73, -0.8538
20250103, D, 75, 20260618, C, 0, 16, 0.0155, 54.73, 0.1067
20250103, D, 75, 20260618, P, 0, 0, 0.016, 54.73, -0.9393
20250103, D, 80, 20260618, C, 0, 193, 0.0105, 54.73, 0.0632
20250103, D, 80, 20260618, P, 0, 0, 0.0063, 54.73, -0.9846
20250103, D, 85, 20260618, C, 0, 0, 0.0068, 54.73, 0.037
20250103, D, 85, 20260618, P, 0, 0, 0.0012, 54.73, -0.9974
20250103, D, 90, 20260618, C, 0, 0, 0.0043, 54.73, 0.0218
20250103, D, 90, 20260618, P, 0, 0, 0.0001, 54.73, -0.9993
20250103, D, 27.5, 20270115, C, 0, 0, 0.0006, 54.73, 0.9986
20250103, D, 27.5, 20270115, P, 0, 0, 0.0043, 54.73, -0.0511
20250103, D, 30, 20270115, C, 0, 0, 0.0023, 54.73, 0.9924
20250103, D, 30, 20270115, P, 0, 5, 0.0055, 54.73, -0.0651
20250103, D, 32.5, 20270115, C, 0, 0, 0.0053, 54.73, 0.9767
20250103, D, 32.5, 20270115, P, 0, 1, 0.0069, 54.73, -0.0822
20250103, D, 35, 20270115, C, 0, 3, 0.0088, 54.73, 0.9488
20250103, D, 35, 20270115, P, 0, 5, 0.0086, 54.73, -0.103
20250103, D, 37.5, 20270115, C, 0, 7, 0.0111, 54.73, 0.9127
20250103, D, 37.5, 20270115, P, 0, 46, 0.0105, 54.73, -0.1283
20250103, D, 40, 20270115, C, 0, 7, 0.0128, 54.73, 0.8741
20250103, D, 40, 20270115, P, 0, 10, 0.0127, 54.73, -0.1586
20250103, D, 42.5, 20270115, C, 0, 1, 0.0147, 54.73, 0.8336
20250103, D, 42.5, 20270115, P, 0, 2, 0.015, 54.73, -0.1942
20250103, D, 45, 20270115, C, 2, 46, 0.0171, 54.73, 0.7899
20250103, D, 45, 20270115, P, 0, 7, 0.0174, 54.73, -0.235
20250103, D, 47.5, 20270115, C, 0, 10, 0.0195, 54.73, 0.7423
20250103, D, 47.5, 20270115, P, 0, 15, 0.0199, 54.73, -0.2815
20250103, D, 50, 20270115, C, 0, 16, 0.0219, 54.73, 0.6902
20250103, D, 50, 20270115, P, 0, 17, 0.0222, 54.73, -0.333
20250103, D, 52.5, 20270115, C, 0, 9, 0.0239, 54.73, 0.6345
20250103, D, 52.5, 20270115, P, 0, 9, 0.0241, 54.73, -0.3886
20250103, D, 55, 20270115, C, 0, 27, 0.0255, 54.73, 0.5759
20250103, D, 55, 20270115, P, 0, 72, 0.0257, 54.73, -0.4474
20250103, D, 57.5, 20270115, C, 0, 39, 0.0266, 54.73, 0.5156
20250103, D, 57.5, 20270115, P, 0, 10, 0.0268, 54.73, -0.5093
20250103, D, 60, 20270115, C, 0, 186, 0.027, 54.73, 0.4552
20250103, D, 60, 20270115, P, 8, 37, 0.0274, 54.73, -0.5727
20250103, D, 62.5, 20270115, C, 5, 65, 0.0267, 54.73, 0.3962
20250103, D, 62.5, 20270115, P, 0, 2, 0.0276, 54.73, -0.6364
20250103, D, 65, 20270115, C, 0, 120, 0.0258, 54.73, 0.3402
20250103, D, 65, 20270115, P, 0, 0, 0.0273, 54.73, -0.6996
20250103, D, 67.5, 20270115, C, 0, 23, 0.0244, 54.73, 0.2883
20250103, D, 67.5, 20270115, P, 0, 0, 0.0268, 54.73, -0.7614
20250103, D, 70, 20270115, C, 0, 122, 0.0225, 54.73, 0.2413
20250103, D, 70, 20270115, P, 0, 0, 0.0261, 54.73, -0.8221
20250103, D, 75, 20270115, C, 0, 20, 0.0182, 54.73, 0.1637
20250103, D, 75, 20270115, P, 0, 0, 0.0193, 54.73, -0.9287
20250103, D, 80, 20270115, C, 0, 64, 0.0138, 54.73, 0.1072
20250103, D, 80, 20270115, P, 0, 0, 0.0068, 54.73, -0.9852
20250103, D, 85, 20270115, C, 0, 70, 0.0099, 54.73, 0.0681
20250103, D, 85, 20270115, P, 0, 0, 0, 54.73, -1
20250103, D, 90, 20270115, C, 0, 30, 0.0069, 54.73, 0.0427
20250103, D, 90, 20270115, P, 0, 0, 0, 54.73, -1
20250106, D, 20, 20250117, C, 0, 0, 0.0001, 53.66, 0.9999
20250106, D, 20, 20250117, P, 0, 0, 0.0001, 53.66, -0.0003
20250106, D, 22.5, 20250117, C, 0, 0, 0.0001, 53.66, 0.9999
20250106, D, 22.5, 20250117, P, 0, 105, 0.0001, 53.66, -0.0004
20250106, D, 25, 20250117, C, 0, 0, 0.0001, 53.66, 0.9998
20250106, D, 25, 20250117, P, 0, 233, 0.0001, 53.66, -0.0005
20250106, D, 27.5, 20250117, C, 0, 0, 0.0002, 53.66, 0.9997
20250106, D, 27.5, 20250117, P, 0, 328, 0.0002, 53.66, -0.0006
20250106, D, 30, 20250117, C, 0, 1, 0.0002, 53.66, 0.9995
20250106, D, 30, 20250117, P, 0, 426, 0.0002, 53.66, -0.0008
20250106, D, 32.5, 20250117, C, 0, 0, 0.0004, 53.66, 0.9992
20250106, D, 32.5, 20250117, P, 0, 1154, 0.0004, 53.66, -0.001
20250106, D, 35, 20250117, C, 0, 0, 0.0006, 53.66, 0.9988
20250106, D, 35, 20250117, P, 0, 261, 0.0006, 53.66, -0.0014
20250106, D, 37.5, 20250117, C, 0, 0, 0.001, 53.66, 0.9981
20250106, D, 37.5, 20250117, P, 0, 340, 0.001, 53.66, -0.0021
20250106, D, 40, 20250117, C, 0, 17, 0.0017, 53.66, 0.9969
20250106, D, 40, 20250117, P, 0, 1690, 0.0017, 53.66, -0.0034
20250106, D, 42.5, 20250117, C, 0, 10, 0.0032, 53.66, 0.9945
20250106, D, 42.5, 20250117, P, 0, 767, 0.0032, 53.66, -0.0058
20250106, D, 45, 20250117, C, 0, 120, 0.0069, 53.66, 0.9891
20250106, D, 45, 20250117, P, 0, 3960, 0.0069, 53.66, -0.0112
20250106, D, 47.5, 20250117, C, 0, 21, 0.0171, 53.66, 0.9749
20250106, D, 47.5, 20250117, P, 50, 2513, 0.0173, 53.66, -0.0255
20250106, D, 50, 20250117, C, 7, 31, 0.0508, 53.66, 0.9283
20250106, D, 50, 20250117, P, 4, 1881, 0.0515, 53.66, -0.0729
20250106, D, 52.5, 20250117, C, 25, 329, 0.1572, 53.66, 0.7331
20250106, D, 52.5, 20250117, P, 130, 2684, 0.1604, 53.66, -0.2724
20250106, D, 55, 20250117, C, 302, 6103, 0.164, 53.66, 0.2807
20250106, D, 55, 20250117, P, 11, 2872, 0.169, 53.66, -0.7338
20250106, D, 57.5, 20250117, C, 346, 5231, 0.0575, 53.66, 0.0761
20250106, D, 57.5, 20250117, P, 7, 1126, 0.0646, 53.66, -0.9451
20250106, D, 60, 20250117, C, 227, 6256, 0.0194, 53.66, 0.0245
20250106, D, 60, 20250117, P, 0, 38, 0.0118, 53.66, -0.9958
20250106, D, 62.5, 20250117, C, 2, 2883, 0.0073, 53.66, 0.0092
20250106, D, 62.5, 20250117, P, 0, 0, 0, 53.66, -1
20250106, D, 65, 20250117, C, 4, 2378, 0.003, 53.66, 0.0039
20250106, D, 65, 20250117, P, 0, 0, 0, 53.66, -1
20250106, D, 67.5, 20250117, C, 10, 7620, 0.0014, 53.66, 0.0018
20250106, D, 67.5, 20250117, P, 0, 0, 0, 53.66, -1
20250106, D, 70, 20250117, C, 0, 901, 0.0006, 53.66, 0.0009
20250106, D, 70, 20250117, P, 0, 0, 0, 53.66, -1
20250106, D, 72.5, 20250117, C, 0, 283, 0.0003, 53.66, 0.0004
20250106, D, 72.5, 20250117, P, 0, 0, 0, 53.66, -1
20250106, D, 75, 20250117, C, 0, 802, 0.0002, 53.66, 0.0002
20250106, D, 75, 20250117, P, 0, 0, 0, 53.66, -1
20250106, D, 77.5, 20250117, C, 0, 1542, 0.0001, 53.66, 0.0001
20250106, D, 77.5, 20250117, P, 0, 0, 0, 53.66, -1
20250106, D, 80, 20250117, C, 0, 859, 0, 53.66, 0.0001
20250106, D, 80, 20250117, P, 0, 0, 0, 53.66, -1
20250106, D, 82.5, 20250117, C, 0, 134, 0, 53.66, 0
20250106, D, 82.5, 20250117, P, 0, 0, 0, 53.66, -1
20250106, D, 85, 20250117, C, 0, 168, 0, 53.66, 0
20250106, D, 85, 20250117, P, 0, 0, 0, 53.66, -1
20250106, D, 87.5, 20250117, C, 0, 1821, 0, 53.66, 0
20250106, D, 87.5, 20250117, P, 0, 0, 0, 53.66, -1
20250106, D, 90, 20250117, C, 0, 205, 0, 53.66, 0
20250106, D, 90, 20250117, P, 0, 0, 0, 53.66, -1
20250106, D, 92.5, 20250117, C, 0, 235, 0, 53.66, 0
20250106, D, 92.5, 20250117, P, 0, 0, 0, 53.66, -1
20250106, D, 95, 20250117, C, 0, 740, 0, 53.66, 0
20250106, D, 95, 20250117, P, 0, 0, 0, 53.66, -1
20250106, D, 100, 20250117, C, 0, 135, 0, 53.66, 0
20250106, D, 100, 20250117, P, 0, 0, 0, 53.66, -1
20250106, D, 105, 20250117, C, 0, 7, 0, 53.66, 0
20250106, D, 105, 20250117, P, 0, 0, 0, 53.66, -1
20250106, D, 110, 20250117, C, 0, 5, 0, 53.66, 0
20250106, D, 110, 20250117, P, 0, 0, 0, 53.66, -1
20250106, D, 115, 20250117, C, 0, 31, 0, 53.66, 0
20250106, D, 115, 20250117, P, 0, 0, 0, 53.66, -1
20250106, D, 120, 20250117, C, 0, 1, 0, 53.66, 0
20250106, D, 120, 20250117, P, 0, 0, 0, 53.66, -1
20250106, D, 125, 20250117, C, 0, 1, 0, 53.66, 0
20250106, D, 125, 20250117, P, 0, 0, 0, 53.66, -1
20250106, D, 30, 20250221, C, 0, 0, 0.0008, 53.66, 0.997
20250106, D, 30, 20250221, P, 0, 0, 0.0008, 53.66, -0.0034
20250106, D, 32.5, 20250221, C, 0, 0, 0.0012, 53.66, 0.9958
20250106, D, 32.5, 20250221, P, 0, 0, 0.0012, 53.66, -0.0046
20250106, D, 35, 20250221, C, 0, 0, 0.0019, 53.66, 0.9939
20250106, D, 35, 20250221, P, 0, 0, 0.0019, 53.66, -0.0065
20250106, D, 37.5, 20250221, C, 0, 0, 0.003, 53.66, 0.9908
20250106, D, 37.5, 20250221, P, 0, 0, 0.003, 53.66, -0.0097
20250106, D, 40, 20250221, C, 0, 0, 0.0049, 53.66, 0.9854
20250106, D, 40, 20250221, P, 0, 0, 0.005, 53.66, -0.0151
20250106, D, 42.5, 20250221, C, 0, 0, 0.0086, 53.66, 0.9754
20250106, D, 42.5, 20250221, P, 0, 0, 0.0087, 53.66, -0.0251
20250106, D, 45, 20250221, C, 0, 0, 0.0158, 53.66, 0.956
20250106, D, 45, 20250221, P, 0, 0, 0.016, 53.66, -0.0449
20250106, D, 47.5, 20250221, C, 0, 0, 0.03, 53.66, 0.9154
20250106, D, 47.5, 20250221, P, 3, 17, 0.0304, 53.66, -0.0861
20250106, D, 50, 20250221, C, 6, 26, 0.056, 53.66, 0.8285
20250106, D, 50, 20250221, P, 23, 71, 0.0572, 53.66, -0.175
20250106, D, 52.5, 20250221, C, 12, 27, 0.0898, 53.66, 0.6579
20250106, D, 52.5, 20250221, P, 47, 69, 0.0929, 53.66, -0.3511
20250106, D, 55, 20250221, C, 74, 263, 0.1002, 53.66, 0.4145
20250106, D, 55, 20250221, P, 24, 103, 0.1067, 53.66, -0.6067
20250106, D, 57.5, 20250221, C, 24, 335, 0.0725, 53.66, 0.2068
20250106, D, 57.5, 20250221, P, 0, 10, 0.0824, 53.66, -0.833
20250106, D, 60, 20250221, C, 1, 69, 0.0399, 53.66, 0.0918
20250106, D, 60, 20250221, P, 0, 5, 0.055, 53.66, -0.9697
20250106, D, 62.5, 20250221, C, 0, 1, 0.0196, 53.66, 0.0398
20250106, D, 62.5, 20250221, P, 0, 0, 0, 53.66, -1
20250106, D, 65, 20250221, C, 0, 0, 0.0093, 53.66, 0.0176
20250106, D, 65, 20250221, P, 0, 0, 0, 53.66, -1
20250106, D, 70, 20250221, C, 0, 0, 0.0022, 53.66, 0.0037
20250106, D, 70, 20250221, P, 0, 0, 0, 53.66, -1
20250106, D, 75, 20250221, C, 0, 0, 0.0005, 53.66, 0.0009
20250106, D, 75, 20250221, P, 0, 0, 0, 53.66, -1
20250106, D, 30, 20250417, C, 0, 0, 0.0007, 53.66, 0.998
20250106, D, 30, 20250417, P, 0, 638, 0.0016, 53.66, -0.0077
20250106, D, 32.5, 20250417, C, 0, 0, 0.0012, 53.66, 0.9964
20250106, D, 32.5, 20250417, P, 0, 0, 0.0024, 53.66, -0.0109
20250106, D, 35, 20250417, C, 0, 6, 0.0021, 53.66, 0.9936
20250106, D, 35, 20250417, P, 0, 0, 0.0036, 53.66, -0.0158
20250106, D, 37.5, 20250417, C, 0, 0, 0.0037, 53.66, 0.9887
20250106, D, 37.5, 20250417, P, 0, 0, 0.0056, 53.66, -0.0236
20250106, D, 40, 20250417, C, 0, 0, 0.0066, 53.66, 0.9796
20250106, D, 40, 20250417, P, 0, 5, 0.0088, 53.66, -0.0365
20250106, D, 42.5, 20250417, C, 0, 0, 0.0117, 53.66, 0.9626
20250106, D, 42.5, 20250417, P, 3, 5, 0.0141, 53.66, -0.058
20250106, D, 45, 20250417, C, 0, 49, 0.0207, 53.66, 0.9306
20250106, D, 45, 20250417, P, 1, 78, 0.0227, 53.66, -0.095
20250106, D, 47.5, 20250417, C, 0, 54, 0.0348, 53.66, 0.871
20250106, D, 47.5, 20250417, P, 4, 119, 0.0358, 53.66, -0.1581
20250106, D, 50, 20250417, C, 24, 97, 0.053, 53.66, 0.769
20250106, D, 50, 20250417, P, 5, 103, 0.0528, 53.66, -0.2612
20250106, D, 52.5, 20250417, C, 1, 170, 0.0683, 53.66, 0.6183
20250106, D, 52.5, 20250417, P, 42, 170, 0.0682, 53.66, -0.4107
20250106, D, 55, 20250417, C, 76, 499, 0.0711, 53.66, 0.4428
20250106, D, 55, 20250417, P, 0, 230, 0.072, 53.66, -0.5872
20250106, D, 57.5, 20250417, C, 34, 563, 0.0604, 53.66, 0.2845
20250106, D, 57.5, 20250417, P, 0, 110, 0.0608, 53.66, -0.7468
20250106, D, 60, 20250417, C, 18, 2022, 0.044, 53.66, 0.17
20250106, D, 60, 20250417, P, 0, 193, 0.0426, 53.66, -0.8595
20250106, D, 62.5, 20250417, C, 2, 909, 0.0292, 53.66, 0.0981
20250106, D, 62.5, 20250417, P, 0, 48, 0.0264, 53.66, -0.9266
20250106, D, 65, 20250417, C, 15, 495, 0.0185, 53.66, 0.0562
20250106, D, 65, 20250417, P, 0, 7, 0.0152, 53.66, -0.9626
20250106, D, 67.5, 20250417, C, 0, 219, 0.0114, 53.66, 0.0322
20250106, D, 67.5, 20250417, P, 0, 3, 0.0085, 53.66, -0.9812
20250106, D, 70, 20250417, C, 0, 100, 0.007, 53.66, 0.0187
20250106, D, 70, 20250417, P, 0, 0, 0.0046, 53.66, -0.9906
20250106, D, 75, 20250417, C, 0, 40, 0.0027, 53.66, 0.0066
20250106, D, 75, 20250417, P, 0, 0, 0.0014, 53.66, -0.9978
20250106, D, 80, 20250417, C, 0, 13, 0.001, 53.66, 0.0025
20250106, D, 80, 20250417, P, 0, 0, 0.0004, 53.66, -0.9997
20250106, D, 85, 20250417, C, 0, 3, 0.0004, 53.66, 0.001
20250106, D, 85, 20250417, P, 0, 0, 0.0001, 53.66, -1
20250106, D, 25, 20250620, C, 0, 0, 0.0002, 53.66, 1
20250106, D, 25, 20250620, P, 0, 1, 0.001, 53.66, -0.0064
20250106, D, 27.5, 20250620, C, 0, 0, 0.0004, 53.66, 0.9995
20250106, D, 27.5, 20250620, P, 0, 0, 0.0016, 53.66, -0.009
20250106, D, 30, 20250620, C, 0, 0, 0.0009, 53.66, 0.9979
20250106, D, 30, 20250620, P, 0, 2, 0.0023, 53.66, -0.0129
20250106, D, 32.5, 20250620, C, 0, 0, 0.0018, 53.66, 0.9949
20250106, D, 32.5, 20250620, P, 0, 0, 0.0034, 53.66, -0.0186
20250106, D, 35, 20250620, C, 0, 3, 0.0033, 53.66, 0.9892
20250106, D, 35, 20250620, P, 0, 88, 0.0051, 53.66, -0.0273
20250106, D, 37.5, 20250620, C, 0, 2, 0.0058, 53.66, 0.9788
20250106, D, 37.5, 20250620, P, 0, 87, 0.0077, 53.66, -0.0405
20250106, D, 40, 20250620, C, 0, 0, 0.0098, 53.66, 0.9607
20250106, D, 40, 20250620, P, 0, 145, 0.0115, 53.66, -0.0607
20250106, D, 42.5, 20250620, C, 0, 5, 0.0153, 53.66, 0.9315
20250106, D, 42.5, 20250620, P, 0, 147, 0.017, 53.66, -0.0916
20250106, D, 45, 20250620, C, 0, 133, 0.0226, 53.66, 0.8871
20250106, D, 45, 20250620, P, 0, 874, 0.0246, 53.66, -0.1385
20250106, D, 47.5, 20250620, C, 0, 46, 0.0322, 53.66, 0.8229
20250106, D, 47.5, 20250620, P, 0, 283, 0.0341, 53.66, -0.2072
20250106, D, 50, 20250620, C, 2, 861, 0.0431, 53.66, 0.7319
20250106, D, 50, 20250620, P, 10, 1661, 0.0442, 53.66, -0.3019
20250106, D, 52.5, 20250620, C, 0, 282, 0.0523, 53.66, 0.6136
20250106, D, 52.5, 20250620, P, 0, 256, 0.0523, 53.66, -0.4214
20250106, D, 55, 20250620, C, 0, 747, 0.0562, 53.66, 0.4789
20250106, D, 55, 20250620, P, 4, 1119, 0.055, 53.66, -0.5546
20250106, D, 57.5, 20250620, C, 49, 3429, 0.0529, 53.66, 0.3464
20250106, D, 57.5, 20250620, P, 0, 357, 0.0514, 53.66, -0.6831
20250106, D, 60, 20250620, C, 33, 2183, 0.0442, 53.66, 0.2348
20250106, D, 60, 20250620, P, 0, 207, 0.0433, 53.66, -0.7926
20250106, D, 62.5, 20250620, C, 0, 2372, 0.0336, 53.66, 0.1521
20250106, D, 62.5, 20250620, P, 0, 45, 0.0328, 53.66, -0.8756
20250106, D, 65, 20250620, C, 0, 938, 0.0239, 53.66, 0.0958
20250106, D, 65, 20250620, P, 0, 7, 0.0223, 53.66, -0.9314
20250106, D, 67.5, 20250620, C, 0, 46, 0.0164, 53.66, 0.0596
20250106, D, 67.5, 20250620, P, 0, 0, 0.0137, 53.66, -0.9651
20250106, D, 70, 20250620, C, 0, 156, 0.0109, 53.66, 0.0369
20250106, D, 70, 20250620, P, 0, 0, 0.0077, 53.66, -0.9835
20250106, D, 75, 20250620, C, 0, 333, 0.0047, 53.66, 0.0144
20250106, D, 75, 20250620, P, 0, 0, 0.002, 53.66, -0.9973
20250106, D, 80, 20250620, C, 0, 1, 0.0021, 53.66, 0.0058
20250106, D, 80, 20250620, P, 0, 0, 0.0004, 53.66, -1
20250106, D, 85, 20250620, C, 0, 0, 0.0009, 53.66, 0.0025
20250106, D, 85, 20250620, P, 0, 0, 0, 53.66, -1
20250106, D, 27.5, 20250718, C, 0, 0, 0.0005, 53.66, 0.999
20250106, D, 27.5, 20250718, P, 0, 0, 0.0018, 53.66, -0.0114
20250106, D, 30, 20250718, C, 0, 0, 0.0011, 53.66, 0.997
20250106, D, 30, 20250718, P, 0, 0, 0.0026, 53.66, -0.0161
20250106, D, 32.5, 20250718, C, 0, 0, 0.0021, 53.66, 0.9932
20250106, D, 32.5, 20250718, P, 0, 0, 0.0039, 53.66, -0.0229
20250106, D, 35, 20250718, C, 0, 0, 0.004, 53.66, 0.986
20250106, D, 35, 20250718, P, 0, 0, 0.0057, 53.66, -0.0331
20250106, D, 37.5, 20250718, C, 0, 0, 0.0069, 53.66, 0.9731
20250106, D, 37.5, 20250718, P, 0, 0, 0.0083, 53.66, -0.0482
20250106, D, 40, 20250718, C, 0, 0, 0.0111, 53.66, 0.9516
20250106, D, 40, 20250718, P, 1, 0, 0.0121, 53.66, -0.0706
20250106, D, 42.5, 20250718, C, 0, 0, 0.0166, 53.66, 0.9183
20250106, D, 42.5, 20250718, P, 0, 71, 0.0174, 53.66, -0.1037
20250106, D, 45, 20250718, C, 0, 0, 0.0234, 53.66, 0.8702
20250106, D, 45, 20250718, P, 0, 45, 0.0244, 53.66, -0.152
20250106, D, 47.5, 20250718, C, 0, 0, 0.0317, 53.66, 0.8035
20250106, D, 47.5, 20250718, P, 0, 1, 0.0328, 53.66, -0.2201
20250106, D, 50, 20250718, C, 0, 7, 0.0407, 53.66, 0.7146
20250106, D, 50, 20250718, P, 2, 65, 0.0415, 53.66, -0.3108
20250106, D, 52.5, 20250718, C, 0, 8, 0.0479, 53.66, 0.6045
20250106, D, 52.5, 20250718, P, 0, 10, 0.0485, 53.66, -0.4228
20250106, D, 55, 20250718, C, 5, 973, 0.051, 53.66, 0.4814
20250106, D, 55, 20250718, P, 0, 2, 0.0512, 53.66, -0.5462
20250106, D, 57.5, 20250718, C, 0, 35, 0.0487, 53.66, 0.3606
20250106, D, 57.5, 20250718, P, 0, 0, 0.0486, 53.66, -0.6672
20250106, D, 60, 20250718, C, 0, 67, 0.0421, 53.66, 0.256
20250106, D, 60, 20250718, P, 0, 0, 0.0422, 53.66, -0.7727
20250106, D, 62.5, 20250718, C, 0, 7, 0.0336, 53.66, 0.1741
20250106, D, 62.5, 20250718, P, 0, 4, 0.0336, 53.66, -0.8565
20250106, D, 65, 20250718, C, 0, 8, 0.0251, 53.66, 0.1149
20250106, D, 65, 20250718, P, 0, 0, 0.0243, 53.66, -0.9168
20250106, D, 70, 20250718, C, 0, 9, 0.0127, 53.66, 0.0486
20250106, D, 70, 20250718, P, 0, 0, 0.0092, 53.66, -0.9782
20250106, D, 75, 20250718, C, 0, 0, 0.006, 53.66, 0.0204
20250106, D, 75, 20250718, P, 0, 0, 0.0025, 53.66, -0.9959
20250106, D, 80, 20250718, C, 0, 0, 0.0028, 53.66, 0.0088
20250106, D, 80, 20250718, P, 0, 0, 0.0005, 53.66, -0.9998
20250106, D, 85, 20250718, C, 0, 0, 0.0013, 53.66, 0.004
20250106, D, 85, 20250718, P, 0, 0, 0.0001, 53.66, -1
20250106, D, 27.5, 20250919, C, 0, 0, 0.0006, 53.66, 0.9989
20250106, D, 27.5, 20250919, P, 0, 0, 0.0024, 53.66, -0.0168
20250106, D, 30, 20250919, C, 0, 0, 0.0013, 53.66, 0.9962
20250106, D, 30, 20250919, P, 0, 0, 0.0034, 53.66, -0.0236
20250106, D, 32.5, 20250919, C, 0, 0, 0.0028, 53.66, 0.9904
20250106, D, 32.5, 20250919, P, 0, 0, 0.0049, 53.66, -0.0332
20250106, D, 35, 20250919, C, 0, 0, 0.0052, 53.66, 0.9794
20250106, D, 35, 20250919, P, 0, 0, 0.0069, 53.66, -0.0468
20250106, D, 37.5, 20250919, C, 0, 0, 0.0086, 53.66, 0.9606
20250106, D, 37.5, 20250919, P, 0, 2, 0.0097, 53.66, -0.0661
20250106, D, 40, 20250919, C, 0, 20, 0.0126, 53.66, 0.9322
20250106, D, 40, 20250919, P, 0, 9, 0.0134, 53.66, -0.0934
20250106, D, 42.5, 20250919, C, 0, 8, 0.0172, 53.66, 0.8933
20250106, D, 42.5, 20250919, P, 0, 20, 0.0181, 53.66, -0.1308
20250106, D, 45, 20250919, C, 0, 6, 0.0227, 53.66, 0.8429
20250106, D, 45, 20250919, P, 8, 29, 0.0238, 53.66, -0.1814
20250106, D, 47.5, 20250919, C, 0, 0, 0.0291, 53.66, 0.779
20250106, D, 47.5, 20250919, P, 7, 29, 0.0302, 53.66, -0.2474
20250106, D, 50, 20250919, C, 0, 44, 0.0357, 53.66, 0.6991
20250106, D, 50, 20250919, P, 27, 11, 0.0363, 53.66, -0.3295
20250106, D, 52.5, 20250919, C, 0, 283, 0.0409, 53.66, 0.6043
20250106, D, 52.5, 20250919, P, 0, 88, 0.041, 53.66, -0.4249
20250106, D, 55, 20250919, C, 0, 451, 0.0437, 53.66, 0.5003
20250106, D, 55, 20250919, P, 5, 12, 0.0432, 53.66, -0.5284
20250106, D, 57.5, 20250919, C, 0, 344, 0.0432, 53.66, 0.3962
20250106, D, 57.5, 20250919, P, 0, 340, 0.0424, 53.66, -0.6316
20250106, D, 60, 20250919, C, 0, 1036, 0.0395, 53.66, 0.3003
20250106, D, 60, 20250919, P, 0, 86, 0.0391, 53.66, -0.7272
20250106, D, 62.5, 20250919, C, 1, 120, 0.0338, 53.66, 0.2191
20250106, D, 62.5, 20250919, P, 0, 16, 0.0342, 53.66, -0.8105
20250106, D, 65, 20250919, C, 4, 96, 0.0274, 53.66, 0.1555
20250106, D, 65, 20250919, P, 0, 0, 0.0279, 53.66, -0.8787
20250106, D, 67.5, 20250919, C, 0, 19, 0.0212, 53.66, 0.1078
20250106, D, 67.5, 20250919, P, 0, 0, 0.0206, 53.66, -0.9296
20250106, D, 70, 20250919, C, 0, 37, 0.0159, 53.66, 0.0738
20250106, D, 70, 20250919, P, 0, 0, 0.0134, 53.66, -0.9632
20250106, D, 75, 20250919, C, 0, 5, 0.0084, 53.66, 0.0341
20250106, D, 75, 20250919, P, 0, 0, 0.0039, 53.66, -0.9928
20250106, D, 80, 20250919, C, 0, 30, 0.0043, 53.66, 0.0157
20250106, D, 80, 20250919, P, 0, 0, 0.0008, 53.66, -0.9995
20250106, D, 85, 20250919, C, 0, 0, 0.0022, 53.66, 0.0074
20250106, D, 85, 20250919, P, 0, 0, 0.0001, 53.66, -1
20250106, D, 20, 20260116, C, 0, 0, 0, 53.66, 1
20250106, D, 20, 20260116, P, 0, 23, 0.0011, 53.66, -0.01
20250106, D, 22.5, 20260116, C, 0, 0, 0, 53.66, 1
20250106, D, 22.5, 20260116, P, 0, 245, 0.0016, 53.66, -0.0139
20250106, D, 25, 20260116, C, 0, 0, 0.0001, 53.66, 0.9999
20250106, D, 25, 20260116, P, 4, 138, 0.0022, 53.66, -0.0192
20250106, D, 27.5, 20260116, C, 0, 0, 0.0006, 53.66, 0.9986
20250106, D, 27.5, 20260116, P, 0, 12, 0.0032, 53.66, -0.0265
20250106, D, 30, 20260116, C, 0, 0, 0.0017, 53.66, 0.9947
20250106, D, 30, 20260116, P, 0, 67, 0.0044, 53.66, -0.0362
20250106, D, 32.5, 20260116, C, 0, 10, 0.0038, 53.66, 0.9858
20250106, D, 32.5, 20260116, P, 0, 143, 0.006, 53.66, -0.0495
20250106, D, 35, 20260116, C, 0, 35, 0.007, 53.66, 0.9691
20250106, D, 35, 20260116, P, 0, 147, 0.0081, 53.66, -0.0672
20250106, D, 37.5, 20260116, C, 0, 1, 0.0107, 53.66, 0.9425
20250106, D, 37.5, 20260116, P, 0, 129, 0.0108, 53.66, -0.0909
20250106, D, 40, 20260116, C, 0, 30, 0.0142, 53.66, 0.9065
20250106, D, 40, 20260116, P, 50, 197, 0.0141, 53.66, -0.122
20250106, D, 42.5, 20260116, C, 0, 102, 0.0178, 53.66, 0.8624
20250106, D, 42.5, 20260116, P, 1, 463, 0.018, 53.66, -0.1622
20250106, D, 45, 20260116, C, 0, 289, 0.0218, 53.66, 0.8101
20250106, D, 45, 20260116, P, 0, 285, 0.0224, 53.66, -0.2126
20250106, D, 47.5, 20260116, C, 2, 183, 0.0262, 53.66, 0.7482
20250106, D, 47.5, 20260116, P, 5, 646, 0.0268, 53.66, -0.2741
20250106, D, 50, 20260116, C, 20, 783, 0.0304, 53.66, 0.6769
20250106, D, 50, 20260116, P, 0, 343, 0.031, 53.66, -0.3462
20250106, D, 52.5, 20260116, C, 0, 337, 0.0337, 53.66, 0.5974
20250106, D, 52.5, 20260116, P, 0, 140, 0.0341, 53.66, -0.4264
20250106, D, 55, 20260116, C, 15, 518, 0.0356, 53.66, 0.5131
20250106, D, 55, 20260116, P, 0, 128, 0.0356, 53.66, -0.5106
20250106, D, 57.5, 20260116, C, 0, 208, 0.0356, 53.66, 0.4286
20250106, D, 57.5, 20260116, P, 0, 524, 0.0355, 53.66, -0.5948
20250106, D, 60, 20260116, C, 37, 1216, 0.034, 53.66, 0.3501
20250106, D, 60, 20260116, P, 0, 161, 0.034, 53.66, -0.6748
20250106, D, 62.5, 20260116, C, 3, 384, 0.031, 53.66, 0.2797
20250106, D, 62.5, 20260116, P, 0, 20, 0.0314, 53.66, -0.7473
20250106, D, 65, 20260116, C, 1, 1394, 0.0273, 53.66, 0.2198
20250106, D, 65, 20260116, P, 0, 18, 0.0283, 53.66, -0.8114
20250106, D, 67.5, 20260116, C, 0, 65, 0.0234, 53.66, 0.1705
20250106, D, 67.5, 20260116, P, 0, 0, 0.0249, 53.66, -0.8669
20250106, D, 70, 20260116, C, 0, 831, 0.0196, 53.66, 0.1319
20250106, D, 70, 20260116, P, 0, 0, 0.0205, 53.66, -0.9126
20250106, D, 75, 20260116, C, 0, 902, 0.0131, 53.66, 0.078
20250106, D, 75, 20260116, P, 0, 0, 0.0103, 53.66, -0.9706
20250106, D, 80, 20260116, C, 0, 265, 0.0086, 53.66, 0.0463
20250106, D, 80, 20260116, P, 0, 0, 0.0035, 53.66, -0.9928
20250106, D, 85, 20260116, C, 2, 148, 0.0055, 53.66, 0.0279
20250106, D, 85, 20260116, P, 0, 0, 0.0008, 53.66, -0.9988
20250106, D, 25, 20260618, C, 0, 0, 0.001, 53.66, 0.9968
20250106, D, 25, 20260618, P, 0, 8, 0.0036, 53.66, -0.0436
20250106, D, 27.5, 20260618, C, 0, 0, 0.0023, 53.66, 0.9908
20250106, D, 27.5, 20260618, P, 0, 18, 0.0046, 53.66, -0.054
20250106, D, 30, 20260618, C, 0, 2, 0.0043, 53.66, 0.9794
20250106, D, 30, 20260618, P, 0, 22, 0.0058, 53.66, -0.067
20250106, D, 32.5, 20260618, C, 0, 0, 0.0068, 53.66, 0.9613
20250106, D, 32.5, 20260618, P, 0, 4, 0.0073, 53.66, -0.0831
20250106, D, 35, 20260618, C, 0, 5, 0.0094, 53.66, 0.9363
20250106, D, 35, 20260618, P, 0, 37, 0.0091, 53.66, -0.1029
20250106, D, 37.5, 20260618, C, 0, 7, 0.0116, 53.66, 0.9052
20250106, D, 37.5, 20260618, P, 0, 21, 0.0113, 53.66, -0.1276
20250106, D, 40, 20260618, C, 0, 218, 0.0138, 53.66, 0.8701
20250106, D, 40, 20260618, P, 0, 14, 0.0139, 53.66, -0.1581
20250106, D, 42.5, 20260618, C, 0, 2, 0.0166, 53.66, 0.8299
20250106, D, 42.5, 20260618, P, 0, 0, 0.0169, 53.66, -0.196
20250106, D, 45, 20260618, C, 0, 5, 0.0197, 53.66, 0.7833
20250106, D, 45, 20260618, P, 0, 79, 0.0202, 53.66, -0.241
20250106, D, 47.5, 20260618, C, 0, 10, 0.023, 53.66, 0.7298
20250106, D, 47.5, 20260618, P, 0, 3, 0.0235, 53.66, -0.2941
20250106, D, 50, 20260618, C, 0, 38, 0.0262, 53.66, 0.6695
20250106, D, 50, 20260618, P, 0, 11, 0.0266, 53.66, -0.3551
20250106, D, 52.5, 20260618, C, 0, 31, 0.029, 53.66, 0.6024
20250106, D, 52.5, 20260618, P, 0, 5, 0.0291, 53.66, -0.4225
20250106, D, 55, 20260618, C, 0, 49, 0.0308, 53.66, 0.5309
20250106, D, 55, 20260618, P, 0, 52, 0.0308, 53.66, -0.4944
20250106, D, 57.5, 20260618, C, 0, 91, 0.0315, 53.66, 0.4582
20250106, D, 57.5, 20260618, P, 0, 68, 0.0314, 53.66, -0.5679
20250106, D, 60, 20260618, C, 0, 268, 0.0309, 53.66, 0.3876
20250106, D, 60, 20260618, P, 0, 42, 0.031, 53.66, -0.6401
20250106, D, 62.5, 20260618, C, 0, 36, 0.0293, 53.66, 0.3226
20250106, D, 62.5, 20260618, P, 0, 1, 0.0298, 53.66, -0.7087
20250106, D, 65, 20260618, C, 0, 171, 0.0269, 53.66, 0.2649
20250106, D, 65, 20260618, P, 0, 0, 0.0281, 53.66, -0.7721
20250106, D, 67.5, 20260618, C, 0, 10, 0.0241, 53.66, 0.2152
20250106, D, 67.5, 20260618, P, 0, 0, 0.0263, 53.66, -0.8303
20250106, D, 70, 20260618, C, 0, 56, 0.0211, 53.66, 0.174
20250106, D, 70, 20260618, P, 0, 0, 0.0236, 53.66, -0.8822
20250106, D, 75, 20260618, C, 0, 16, 0.0156, 53.66, 0.1129
20250106, D, 75, 20260618, P, 0, 0, 0.0139, 53.66, -0.9567
20250106, D, 80, 20260618, C, 0, 193, 0.0112, 53.66, 0.0733
20250106, D, 80, 20260618, P, 0, 0, 0.005, 53.66, -0.9894
20250106, D, 85, 20260618, C, 0, 0, 0.0079, 53.66, 0.0483
20250106, D, 85, 20260618, P, 0, 0, 0.0012, 53.66, -0.9983
20250106, D, 90, 20260618, C, 0, 0, 0.0056, 53.66, 0.0324
20250106, D, 90, 20260618, P, 0, 0, 0, 53.66, -1
20250106, D, 27.5, 20270115, C, 0, 0, 0.0002, 53.66, 0.9998
20250106, D, 27.5, 20270115, P, 0, 0, 0.0044, 53.66, -0.0474
20250106, D, 30, 20270115, C, 0, 0, 0.0017, 53.66, 0.9957
20250106, D, 30, 20270115, P, 0, 5, 0.0058, 53.66, -0.0623
20250106, D, 32.5, 20270115, C, 0, 0, 0.0053, 53.66, 0.9814
20250106, D, 32.5, 20270115, P, 0, 1, 0.0074, 53.66, -0.0809
20250106, D, 35, 20270115, C, 1, 3, 0.0095, 53.66, 0.9511
20250106, D, 35, 20270115, P, 0, 5, 0.0094, 53.66, -0.104
20250106, D, 37.5, 20270115, C, 0, 7, 0.012, 53.66, 0.9109
20250106, D, 37.5, 20270115, P, 0, 46, 0.0116, 53.66, -0.1323
20250106, D, 40, 20270115, C, 0, 7, 0.014, 53.66, 0.868
20250106, D, 40, 20270115, P, 0, 10, 0.014, 53.66, -0.1664
20250106, D, 42.5, 20270115, C, 0, 1, 0.0163, 53.66, 0.8232
20250106, D, 42.5, 20270115, P, 0, 2, 0.0166, 53.66, -0.2062
20250106, D, 45, 20270115, C, 0, 44, 0.0188, 53.66, 0.7747
20250106, D, 45, 20270115, P, 0, 7, 0.0192, 53.66, -0.2519
20250106, D, 47.5, 20270115, C, 5, 10, 0.0213, 53.66, 0.7227
20250106, D, 47.5, 20270115, P, 0, 15, 0.0217, 53.66, -0.3027
20250106, D, 50, 20270115, C, 0, 16, 0.0236, 53.66, 0.667
20250106, D, 50, 20270115, P, 0, 17, 0.0239, 53.66, -0.3583
20250106, D, 52.5, 20270115, C, 0, 9, 0.0254, 53.66, 0.6083
20250106, D, 52.5, 20270115, P, 0, 9, 0.0256, 53.66, -0.4174
20250106, D, 55, 20270115, C, 2, 27, 0.0267, 53.66, 0.5476
20250106, D, 55, 20270115, P, 0, 72, 0.0268, 53.66, -0.4778
20250106, D, 57.5, 20270115, C, 0, 39, 0.0273, 53.66, 0.4865
20250106, D, 57.5, 20270115, P, 0, 10, 0.0274, 53.66, -0.5404
20250106, D, 60, 20270115, C, 1, 186, 0.0272, 53.66, 0.4266
20250106, D, 60, 20270115, P, 0, 45, 0.0276, 53.66, -0.6032
20250106, D, 62.5, 20270115, C, 0, 65, 0.0265, 53.66, 0.3696
20250106, D, 62.5, 20270115, P, 0, 2, 0.0274, 53.66, -0.665
20250106, D, 65, 20270115, C, 0, 120, 0.0253, 53.66, 0.3166
20250106, D, 65, 20270115, P, 0, 0, 0.0268, 53.66, -0.7252
20250106, D, 67.5, 20270115, C, 0, 23, 0.0236, 53.66, 0.2683
20250106, D, 67.5, 20270115, P, 0, 0, 0.0264, 53.66, -0.7844
20250106, D, 70, 20270115, C, 0, 122, 0.0216, 53.66, 0.225
20250106, D, 70, 20270115, P, 0, 0, 0.0257, 53.66, -0.8421
20250106, D, 75, 20270115, C, 0, 20, 0.0174, 53.66, 0.1551
20250106, D, 75, 20270115, P, 0, 0, 0.0178, 53.66, -0.9403
20250106, D, 80, 20270115, C, 1, 64, 0.0132, 53.66, 0.104
20250106, D, 80, 20270115, P, 0, 0, 0.0058, 53.66, -0.9881
20250106, D, 85, 20270115, C, 20, 70, 0.0097, 53.66, 0.0686
20250106, D, 85, 20270115, P, 0, 0, 0.0007, 53.66, -0.9993
20250106, D, 90, 20270115, C, 0, 30, 0.007, 53.66, 0.0448
20250106, D, 90, 20270115, P, 0, 0, 0, 53.66, -1
20250107, D, 20, 20250117, C, 0, 0, 0.0005, 54.03, 0.9964
20250107, D, 20, 20250117, P, 0, 0, 0.0005, 54.03, -0.0036
20250107, D, 22.5, 20250117, C, 0, 0, 0.0006, 54.03, 0.9959
20250107, D, 22.5, 20250117, P, 0, 105, 0.0006, 54.03, -0.0041
20250107, D, 25, 20250117, C, 0, 0, 0.0008, 54.03, 0.9953
20250107, D, 25, 20250117, P, 0, 233, 0.0008, 54.03, -0.0047
20250107, D, 27.5, 20250117, C, 0, 0, 0.001, 54.03, 0.9946
20250107, D, 27.5, 20250117, P, 0, 328, 0.001, 54.03, -0.0054
20250107, D, 30, 20250117, C, 0, 1, 0.0013, 54.03, 0.9937
20250107, D, 30, 20250117, P, 0, 426, 0.0013, 54.03, -0.0063
20250107, D, 32.5, 20250117, C, 0, 0, 0.0017, 54.03, 0.9925
20250107, D, 32.5, 20250117, P, 0, 1154, 0.0017, 54.03, -0.0075
20250107, D, 35, 20250117, C, 0, 0, 0.0024, 54.03, 0.9909
20250107, D, 35, 20250117, P, 0, 261, 0.0024, 54.03, -0.0091
20250107, D, 37.5, 20250117, C, 0, 0, 0.0033, 54.03, 0.9887
20250107, D, 37.5, 20250117, P, 0, 340, 0.0033, 54.03, -0.0113
20250107, D, 40, 20250117, C, 0, 17, 0.0048, 54.03, 0.9855
20250107, D, 40, 20250117, P, 0, 1690, 0.0048, 54.03, -0.0146
20250107, D, 42.5, 20250117, C, 0, 10, 0.0073, 54.03, 0.9804
20250107, D, 42.5, 20250117, P, 0, 767, 0.0073, 54.03, -0.0196
20250107, D, 45, 20250117, C, 0, 120, 0.012, 54.03, 0.9718
20250107, D, 45, 20250117, P, 0, 3960, 0.0121, 54.03, -0.0282
20250107, D, 47.5, 20250117, C, 0, 21, 0.0222, 54.03, 0.9555
20250107, D, 47.5, 20250117, P, 14, 2513, 0.0223, 54.03, -0.0448
20250107, D, 50, 20250117, C, 0, 26, 0.0486, 54.03, 0.9174
20250107, D, 50, 20250117, P, 0, 1882, 0.049, 54.03, -0.0833
20250107, D, 52.5, 20250117, C, 2, 326, 0.1393, 54.03, 0.7887
20250107, D, 52.5, 20250117, P, 9, 2662, 0.1415, 54.03, -0.2143
20250107, D, 55, 20250117, C, 184, 5912, 0.1999, 54.03, 0.3157
20250107, D, 55, 20250117, P, 12, 2876, 0.2047, 54.03, -0.6973
20250107, D, 57.5, 20250117, C, 8, 5533, 0.0706, 54.03, 0.1044
20250107, D, 57.5, 20250117, P, 5, 1125, 0.0736, 54.03, -0.9087
20250107, D, 60, 20250117, C, 1, 6139, 0.0306, 54.03, 0.0492
20250107, D, 60, 20250117, P, 2, 38, 0.0357, 54.03, -0.9639
20250107, D, 62.5, 20250117, C, 4, 2881, 0.0158, 54.03, 0.0274
20250107, D, 62.5, 20250117, P, 0, 0, 0.0182, 54.03, -0.9862
20250107, D, 65, 20250117, C, 0, 2378, 0.0091, 54.03, 0.0168
20250107, D, 65, 20250117, P, 0, 0, 0.0076, 54.03, -0.9955
20250107, D, 67.5, 20250117, C, 7, 7616, 0.0056, 54.03, 0.011
20250107, D, 67.5, 20250117, P, 0, 0, 0.0025, 54.03, -0.9986
20250107, D, 70, 20250117, C, 0, 901, 0.0037, 54.03, 0.0075
20250107, D, 70, 20250117, P, 0, 0, 0.0007, 54.03, -0.9997
20250107, D, 72.5, 20250117, C, 0, 283, 0.0025, 54.03, 0.0053
20250107, D, 72.5, 20250117, P, 0, 0, 0.0001, 54.03, -1
20250107, D, 75, 20250117, C, 0, 802, 0.0018, 54.03, 0.0038
20250107, D, 75, 20250117, P, 0, 0, 0, 54.03, -1
20250107, D, 77.5, 20250117, C, 0, 1542, 0.0012, 54.03, 0.0028
20250107, D, 77.5, 20250117, P, 0, 0, 0, 54.03, -1
20250107, D, 80, 20250117, C, 0, 859, 0.0009, 54.03, 0.0021
20250107, D, 80, 20250117, P, 0, 0, 0, 54.03, -1
20250107, D, 82.5, 20250117, C, 0, 134, 0.0007, 54.03, 0.0016
20250107, D, 82.5, 20250117, P, 0, 0, 0, 54.03, -1
20250107, D, 85, 20250117, C, 0, 168, 0.0005, 54.03, 0.0012
20250107, D, 85, 20250117, P, 0, 0, 0, 54.03, -1
20250107, D, 87.5, 20250117, C, 0, 1821, 0.0004, 54.03, 0.001
20250107, D, 87.5, 20250117, P, 0, 0, 0, 54.03, -1
20250107, D, 90, 20250117, C, 0, 205, 0.0003, 54.03, 0.0008
20250107, D, 90, 20250117, P, 0, 0, 0, 54.03, -1
20250107, D, 92.5, 20250117, C, 0, 235, 0.0002, 54.03, 0.0006
20250107, D, 92.5, 20250117, P, 0, 0, 0, 54.03, -1
20250107, D, 95, 20250117, C, 0, 740, 0.0002, 54.03, 0.0005
20250107, D, 95, 20250117, P, 0, 0, 0, 54.03, -1
20250107, D, 100, 20250117, C, 0, 135, 0.0001, 54.03, 0.0003
20250107, D, 100, 20250117, P, 0, 0, 0, 54.03, -1
20250107, D, 105, 20250117, C, 0, 7, 0.0001, 54.03, 0.0002
20250107, D, 105, 20250117, P, 0, 0, 0, 54.03, -1
20250107, D, 110, 20250117, C, 0, 5, 0, 54.03, 0.0001
20250107, D, 110, 20250117, P, 0, 0, 0, 54.03, -1
20250107, D, 115, 20250117, C, 0, 31, 0, 54.03, 0.0001
20250107, D, 115, 20250117, P, 0, 0, 0, 54.03, -1
20250107, D, 120, 20250117, C, 0, 1, 0, 54.03, 0.0001
20250107, D, 120, 20250117, P, 0, 0, 0, 54.03, -1
20250107, D, 125, 20250117, C, 0, 1, 0, 54.03, 0
20250107, D, 125, 20250117, P, 0, 0, 0, 54.03, -1
20250107, D, 30, 20250221, C, 0, 0, 0.0008, 54.03, 0.9976
20250107, D, 30, 20250221, P, 0, 0, 0.0008, 54.03, -0.0031
20250107, D, 32.5, 20250221, C, 0, 0, 0.0011, 54.03, 0.9966
20250107, D, 32.5, 20250221, P, 0, 0, 0.0011, 54.03, -0.0042
20250107, D, 35, 20250221, C, 0, 0, 0.0017, 54.03, 0.9949
20250107, D, 35, 20250221, P, 0, 0, 0.0017, 54.03, -0.0059
20250107, D, 37.5, 20250221, C, 0, 0, 0.0027, 54.03, 0.9922
20250107, D, 37.5, 20250221, P, 0, 0, 0.0027, 54.03, -0.0086
20250107, D, 40, 20250221, C, 0, 0, 0.0044, 54.03, 0.9875
20250107, D, 40, 20250221, P, 0, 0, 0.0044, 54.03, -0.0134
20250107, D, 42.5, 20250221, C, 0, 0, 0.0077, 54.03, 0.9788
20250107, D, 42.5, 20250221, P, 0, 0, 0.0077, 54.03, -0.0222
20250107, D, 45, 20250221, C, 0, 0, 0.0141, 54.03, 0.9618
20250107, D, 45, 20250221, P, 0, 0, 0.0142, 54.03, -0.0394
20250107, D, 47.5, 20250221, C, 0, 0, 0.0269, 54.03, 0.9262
20250107, D, 47.5, 20250221, P, 0, 20, 0.0273, 54.03, -0.0755
20250107, D, 50, 20250221, C, 1, 31, 0.0511, 54.03, 0.8492
20250107, D, 50, 20250221, P, 82, 94, 0.0523, 54.03, -0.1546
20250107, D, 52.5, 20250221, C, 4, 32, 0.0856, 54.03, 0.6927
20250107, D, 52.5, 20250221, P, 2, 106, 0.0885, 54.03, -0.3156
20250107, D, 55, 20250221, C, 61, 259, 0.1027, 54.03, 0.4528
20250107, D, 55, 20250221, P, 5, 123, 0.1091, 54.03, -0.5676
20250107, D, 57.5, 20250221, C, 84, 352, 0.0786, 54.03, 0.2299
20250107, D, 57.5, 20250221, P, 0, 10, 0.089, 54.03, -0.8106
20250107, D, 60, 20250221, C, 75, 70, 0.0437, 54.03, 0.1004
20250107, D, 60, 20250221, P, 0, 5, 0.0706, 54.03, -0.966
20250107, D, 62.5, 20250221, C, 0, 1, 0.0211, 54.03, 0.042
20250107, D, 62.5, 20250221, P, 0, 0, 0, 54.03, -1
20250107, D, 65, 20250221, C, 0, 0, 0.0096, 54.03, 0.0176
20250107, D, 65, 20250221, P, 0, 0, 0, 54.03, -1
20250107, D, 70, 20250221, C, 0, 0, 0.002, 54.03, 0.0034
20250107, D, 70, 20250221, P, 0, 0, 0, 54.03, -1
20250107, D, 75, 20250221, C, 0, 0, 0.0004, 54.03, 0.0007
20250107, D, 75, 20250221, P, 0, 0, 0, 54.03, -1
20250107, D, 30, 20250417, C, 0, 0, 0.0005, 54.03, 0.9988
20250107, D, 30, 20250417, P, 0, 638, 0.0013, 54.03, -0.0061
20250107, D, 32.5, 20250417, C, 0, 0, 0.001, 54.03, 0.9975
20250107, D, 32.5, 20250417, P, 0, 0, 0.002, 54.03, -0.0089
20250107, D, 35, 20250417, C, 0, 6, 0.0017, 54.03, 0.9952
20250107, D, 35, 20250417, P, 0, 0, 0.0031, 54.03, -0.0133
20250107, D, 37.5, 20250417, C, 0, 0, 0.0031, 54.03, 0.9909
20250107, D, 37.5, 20250417, P, 0, 0, 0.005, 54.03, -0.0205
20250107, D, 40, 20250417, C, 0, 0, 0.0058, 54.03, 0.9827
20250107, D, 40, 20250417, P, 0, 5, 0.008, 54.03, -0.0325
20250107, D, 42.5, 20250417, C, 0, 0, 0.0106, 54.03, 0.9669
20250107, D, 42.5, 20250417, P, 0, 8, 0.013, 54.03, -0.0528
20250107, D, 45, 20250417, C, 0, 49, 0.019, 54.03, 0.937
20250107, D, 45, 20250417, P, 0, 79, 0.0212, 54.03, -0.0876
20250107, D, 47.5, 20250417, C, 0, 54, 0.0324, 54.03, 0.8814
20250107, D, 47.5, 20250417, P, 2, 123, 0.0335, 54.03, -0.1466
20250107, D, 50, 20250417, C, 7, 97, 0.05, 54.03, 0.7861
20250107, D, 50, 20250417, P, 6, 108, 0.05, 54.03, -0.2432
20250107, D, 52.5, 20250417, C, 0, 171, 0.0662, 54.03, 0.6434
20250107, D, 52.5, 20250417, P, 1, 169, 0.0661, 54.03, -0.3856
20250107, D, 55, 20250417, C, 62, 556, 0.0717, 54.03, 0.4695
20250107, D, 55, 20250417, P, 0, 230, 0.0727, 54.03, -0.5607
20250107, D, 57.5, 20250417, C, 20, 575, 0.0631, 54.03, 0.3037
20250107, D, 57.5, 20250417, P, 5, 110, 0.0638, 54.03, -0.7288
20250107, D, 60, 20250417, C, 12, 2025, 0.0467, 54.03, 0.1783
20250107, D, 60, 20250417, P, 0, 193, 0.0452, 54.03, -0.8533
20250107, D, 62.5, 20250417, C, 52, 908, 0.0305, 54.03, 0.0986
20250107, D, 62.5, 20250417, P, 0, 48, 0.0273, 54.03, -0.9277
20250107, D, 65, 20250417, C, 2, 495, 0.0184, 54.03, 0.0529
20250107, D, 65, 20250417, P, 0, 7, 0.0148, 54.03, -0.9663
20250107, D, 67.5, 20250417, C, 2, 219, 0.0108, 54.03, 0.0283
20250107, D, 67.5, 20250417, P, 0, 3, 0.0076, 54.03, -0.9849
20250107, D, 70, 20250417, C, 0, 100, 0.0062, 54.03, 0.0152
20250107, D, 70, 20250417, P, 0, 0, 0.0038, 54.03, -0.9934
20250107, D, 75, 20250417, C, 0, 40, 0.002, 54.03, 0.0046
20250107, D, 75, 20250417, P, 0, 0, 0.0009, 54.03, -0.9991
20250107, D, 80, 20250417, C, 0, 13, 0.0007, 54.03, 0.0015
20250107, D, 80, 20250417, P, 0, 0, 0.0002, 54.03, -1
20250107, D, 85, 20250417, C, 0, 3, 0.0002, 54.03, 0.0005
20250107, D, 85, 20250417, P, 0, 0, 0, 54.03, -1
20250107, D, 25, 20250620, C, 0, 0, 0.0001, 54.03, 1
20250107, D, 25, 20250620, P, 0, 1, 0.0008, 54.03, -0.0048
20250107, D, 27.5, 20250620, C, 0, 0, 0.0003, 54.03, 1
20250107, D, 27.5, 20250620, P, 0, 0, 0.0013, 54.03, -0.007
20250107, D, 30, 20250620, C, 0, 0, 0.0006, 54.03, 0.9991
20250107, D, 30, 20250620, P, 0, 2, 0.0019, 54.03, -0.0103
20250107, D, 32.5, 20250620, C, 0, 0, 0.0014, 54.03, 0.9966
20250107, D, 32.5, 20250620, P, 0, 0, 0.003, 54.03, -0.0153
20250107, D, 35, 20250620, C, 0, 3, 0.0028, 54.03, 0.9917
20250107, D, 35, 20250620, P, 0, 88, 0.0045, 54.03, -0.0232
20250107, D, 37.5, 20250620, C, 0, 2, 0.0051, 54.03, 0.9823
20250107, D, 37.5, 20250620, P, 0, 87, 0.007, 54.03, -0.0354
20250107, D, 40, 20250620, C, 0, 0, 0.0089, 54.03, 0.9654
20250107, D, 40, 20250620, P, 0, 145, 0.0106, 54.03, -0.0545
20250107, D, 42.5, 20250620, C, 0, 5, 0.0141, 54.03, 0.9378
20250107, D, 42.5, 20250620, P, 0, 147, 0.0159, 54.03, -0.0842
20250107, D, 45, 20250620, C, 0, 133, 0.0212, 54.03, 0.8955
20250107, D, 45, 20250620, P, 0, 874, 0.0233, 54.03, -0.1292
20250107, D, 47.5, 20250620, C, 0, 46, 0.0305, 54.03, 0.8343
20250107, D, 47.5, 20250620, P, 0, 283, 0.0325, 54.03, -0.195
20250107, D, 50, 20250620, C, 0, 862, 0.0412, 54.03, 0.7473
20250107, D, 50, 20250620, P, 0, 1671, 0.0425, 54.03, -0.2861
20250107, D, 52.5, 20250620, C, 0, 282, 0.0508, 54.03, 0.6335
20250107, D, 52.5, 20250620, P, 0, 256, 0.051, 54.03, -0.4022
20250107, D, 55, 20250620, C, 13, 747, 0.0558, 54.03, 0.5009
20250107, D, 55, 20250620, P, 0, 1120, 0.0547, 54.03, -0.533
20250107, D, 57.5, 20250620, C, 5, 3425, 0.0539, 54.03, 0.3666
20250107, D, 57.5, 20250620, P, 0, 357, 0.0526, 54.03, -0.6645
20250107, D, 60, 20250620, C, 224, 2181, 0.046, 54.03, 0.2487
20250107, D, 60, 20250620, P, 0, 207, 0.0452, 54.03, -0.7811
20250107, D, 62.5, 20250620, C, 0, 2372, 0.0352, 54.03, 0.1579
20250107, D, 62.5, 20250620, P, 0, 45, 0.0344, 54.03, -0.8725
20250107, D, 65, 20250620, C, 4, 938, 0.0246, 54.03, 0.0952
20250107, D, 65, 20250620, P, 0, 7, 0.0227, 54.03, -0.9345
20250107, D, 67.5, 20250620, C, 3, 46, 0.0161, 54.03, 0.0552
20250107, D, 67.5, 20250620, P, 0, 0, 0.0128, 54.03, -0.9704
20250107, D, 70, 20250620, C, 1, 156, 0.0101, 54.03, 0.0315
20250107, D, 70, 20250620, P, 0, 0, 0.0063, 54.03, -0.9884
20250107, D, 75, 20250620, C, 0, 333, 0.0037, 54.03, 0.01
20250107, D, 75, 20250620, P, 0, 0, 0.0011, 54.03, -0.9994
20250107, D, 80, 20250620, C, 0, 1, 0.0013, 54.03, 0.0032
20250107, D, 80, 20250620, P, 0, 0, 0.0001, 54.03, -1
20250107, D, 85, 20250620, C, 0, 0, 0.0004, 54.03, 0.001
20250107, D, 85, 20250620, P, 0, 0, 0.0004, 54.03, -1
20250107, D, 27.5, 20250718, C, 0, 0, 0.0004, 54.03, 0.9996
20250107, D, 27.5, 20250718, P, 0, 0, 0.0016, 54.03, -0.0099
20250107, D, 30, 20250718, C, 0, 0, 0.0009, 54.03, 0.998
20250107, D, 30, 20250718, P, 0, 0, 0.0024, 54.03, -0.0141
20250107, D, 32.5, 20250718, C, 0, 0, 0.0018, 54.03, 0.9948
20250107, D, 32.5, 20250718, P, 0, 0, 0.0035, 54.03, -0.0203
20250107, D, 35, 20250718, C, 0, 0, 0.0035, 54.03, 0.9883
20250107, D, 35, 20250718, P, 0, 0, 0.0052, 54.03, -0.0296
20250107, D, 37.5, 20250718, C, 0, 0, 0.0062, 54.03, 0.9765
20250107, D, 37.5, 20250718, P, 0, 0, 0.0077, 54.03, -0.0435
20250107, D, 40, 20250718, C, 0, 0, 0.0102, 54.03, 0.9568
20250107, D, 40, 20250718, P, 0, 1, 0.0113, 54.03, -0.0643
20250107, D, 42.5, 20250718, C, 0, 0, 0.0154, 54.03, 0.9257
20250107, D, 42.5, 20250718, P, 0, 71, 0.0164, 54.03, -0.0953
20250107, D, 45, 20250718, C, 0, 0, 0.022, 54.03, 0.8806
20250107, D, 45, 20250718, P, 0, 45, 0.0232, 54.03, -0.1409
20250107, D, 47.5, 20250718, C, 0, 0, 0.0303, 54.03, 0.8179
20250107, D, 47.5, 20250718, P, 0, 1, 0.0315, 54.03, -0.2054
20250107, D, 50, 20250718, C, 0, 7, 0.0396, 54.03, 0.7327
20250107, D, 50, 20250718, P, 0, 67, 0.0406, 54.03, -0.2934
20250107, D, 52.5, 20250718, C, 0, 8, 0.0475, 54.03, 0.6248
20250107, D, 52.5, 20250718, P, 0, 10, 0.0483, 54.03, -0.4029
20250107, D, 55, 20250718, C, 5, 978, 0.0516, 54.03, 0.5014
20250107, D, 55, 20250718, P, 0, 2, 0.0521, 54.03, -0.5276
20250107, D, 57.5, 20250718, C, 0, 35, 0.0503, 54.03, 0.3767
20250107, D, 57.5, 20250718, P, 0, 0, 0.0505, 54.03, -0.6533
20250107, D, 60, 20250718, C, 2, 67, 0.044, 54.03, 0.2656
20250107, D, 60, 20250718, P, 0, 0, 0.0445, 54.03, -0.7664
20250107, D, 62.5, 20250718, C, 0, 7, 0.0351, 54.03, 0.1773
20250107, D, 62.5, 20250718, P, 0, 4, 0.0353, 54.03, -0.8578
20250107, D, 65, 20250718, C, 0, 8, 0.0259, 54.03, 0.1136
20250107, D, 65, 20250718, P, 0, 0, 0.0246, 54.03, -0.9229
20250107, D, 70, 20250718, C, 0, 9, 0.0122, 54.03, 0.0433
20250107, D, 70, 20250718, P, 0, 0, 0.0078, 54.03, -0.9843
20250107, D, 75, 20250718, C, 0, 0, 0.0052, 54.03, 0.016
20250107, D, 75, 20250718, P, 0, 0, 0.0015, 54.03, -0.9984
20250107, D, 80, 20250718, C, 0, 0, 0.0021, 54.03, 0.006
20250107, D, 80, 20250718, P, 0, 0, 0.0002, 54.03, -1
20250107, D, 85, 20250718, C, 0, 0, 0.0009, 54.03, 0.0023
20250107, D, 85, 20250718, P, 0, 0, 0, 54.03, -1
20250107, D, 27.5, 20250919, C, 0, 0, 0.0005, 54.03, 0.999
20250107, D, 27.5, 20250919, P, 0, 0, 0.0023, 54.03, -0.0162
20250107, D, 30, 20250919, C, 0, 0, 0.0011, 54.03, 0.9968
20250107, D, 30, 20250919, P, 0, 0, 0.0032, 54.03, -0.0226
20250107, D, 32.5, 20250919, C, 0, 0, 0.0024, 54.03, 0.9918
20250107, D, 32.5, 20250919, P, 0, 0, 0.0046, 54.03, -0.0316
20250107, D, 35, 20250919, C, 0, 0, 0.0047, 54.03, 0.9821
20250107, D, 35, 20250919, P, 0, 0, 0.0066, 54.03, -0.0445
20250107, D, 37.5, 20250919, C, 0, 0, 0.008, 54.03, 0.9652
20250107, D, 37.5, 20250919, P, 0, 2, 0.0092, 54.03, -0.0628
20250107, D, 40, 20250919, C, 0, 20, 0.0121, 54.03, 0.9388
20250107, D, 40, 20250919, P, 0, 9, 0.0128, 54.03, -0.0885
20250107, D, 42.5, 20250919, C, 0, 8, 0.0167, 54.03, 0.9016
20250107, D, 42.5, 20250919, P, 0, 20, 0.0174, 54.03, -0.1241
20250107, D, 45, 20250919, C, 0, 6, 0.0221, 54.03, 0.8524
20250107, D, 45, 20250919, P, 0, 31, 0.0231, 54.03, -0.1727
20250107, D, 47.5, 20250919, C, 0, 0, 0.0284, 54.03, 0.7895
20250107, D, 47.5, 20250919, P, 0, 36, 0.0294, 54.03, -0.2362
20250107, D, 50, 20250919, C, 0, 44, 0.0351, 54.03, 0.7112
20250107, D, 50, 20250919, P, 0, 38, 0.0358, 54.03, -0.3163
20250107, D, 52.5, 20250919, C, 0, 283, 0.0408, 54.03, 0.6175
20250107, D, 52.5, 20250919, P, 0, 88, 0.041, 54.03, -0.4111
20250107, D, 55, 20250919, C, 0, 451, 0.0442, 54.03, 0.5123
20250107, D, 55, 20250919, P, 0, 17, 0.0437, 54.03, -0.5154
20250107, D, 57.5, 20250919, C, 9, 344, 0.0442, 54.03, 0.4051
20250107, D, 57.5, 20250919, P, 0, 340, 0.0434, 54.03, -0.6213
20250107, D, 60, 20250919, C, 0, 1036, 0.0407, 54.03, 0.3059
20250107, D, 60, 20250919, P, 0, 86, 0.04, 54.03, -0.7205
20250107, D, 62.5, 20250919, C, 0, 121, 0.0349, 54.03, 0.2206
20250107, D, 62.5, 20250919, P, 0, 16, 0.0349, 54.03, -0.8071
20250107, D, 65, 20250919, C, 0, 99, 0.028, 54.03, 0.1533
20250107, D, 65, 20250919, P, 0, 0, 0.0285, 54.03, -0.8783
20250107, D, 67.5, 20250919, C, 0, 19, 0.0214, 54.03, 0.104
20250107, D, 67.5, 20250919, P, 0, 0, 0.0208, 54.03, -0.9314
20250107, D, 70, 20250919, C, 0, 37, 0.0157, 54.03, 0.0692
20250107, D, 70, 20250919, P, 0, 0, 0.013, 54.03, -0.966
20250107, D, 75, 20250919, C, 0, 5, 0.0078, 54.03, 0.0298
20250107, D, 75, 20250919, P, 0, 0, 0.0032, 54.03, -0.9945
20250107, D, 80, 20250919, C, 0, 30, 0.0037, 54.03, 0.0127
20250107, D, 80, 20250919, P, 0, 0, 0.0005, 54.03, -0.9998
20250107, D, 85, 20250919, C, 0, 0, 0.0018, 54.03, 0.0055
20250107, D, 85, 20250919, P, 0, 0, 0, 54.03, -1
20250107, D, 20, 20260116, C, 0, 0, 0, 54.03, 1
20250107, D, 20, 20260116, P, 0, 23, 0.0008, 54.03, -0.0062
20250107, D, 22.5, 20260116, C, 0, 0, 0, 54.03, 1
20250107, D, 22.5, 20260116, P, 0, 245, 0.0012, 54.03, -0.0093
20250107, D, 25, 20260116, C, 0, 0, 0, 54.03, 1
20250107, D, 25, 20260116, P, 0, 140, 0.0018, 54.03, -0.0137
20250107, D, 27.5, 20260116, C, 0, 0, 0.0002, 54.03, 0.9999
20250107, D, 27.5, 20260116, P, 0, 12, 0.0026, 54.03, -0.02
20250107, D, 30, 20260116, C, 0, 0, 0.001, 54.03, 0.9977
20250107, D, 30, 20260116, P, 0, 67, 0.0038, 54.03, -0.029
20250107, D, 32.5, 20260116, C, 0, 10, 0.0028, 54.03, 0.9914
20250107, D, 32.5, 20260116, P, 0, 143, 0.0054, 54.03, -0.0415
20250107, D, 35, 20260116, C, 0, 35, 0.006, 54.03, 0.9763
20250107, D, 35, 20260116, P, 0, 147, 0.0075, 54.03, -0.0587
20250107, D, 37.5, 20260116, C, 0, 1, 0.0098, 54.03, 0.9505
20250107, D, 37.5, 20260116, P, 10, 129, 0.0102, 54.03, -0.082
20250107, D, 40, 20260116, C, 0, 30, 0.0134, 54.03, 0.9146
20250107, D, 40, 20260116, P, 0, 247, 0.0135, 54.03, -0.1129
20250107, D, 42.5, 20260116, C, 0, 102, 0.017, 54.03, 0.8709
20250107, D, 42.5, 20260116, P, 0, 463, 0.0174, 54.03, -0.1528
20250107, D, 45, 20260116, C, 0, 289, 0.021, 54.03, 0.8195
20250107, D, 45, 20260116, P, 0, 285, 0.0217, 54.03, -0.2027
20250107, D, 47.5, 20260116, C, 2, 181, 0.0254, 54.03, 0.7596
20250107, D, 47.5, 20260116, P, 0, 646, 0.0261, 54.03, -0.2629
20250107, D, 50, 20260116, C, 24, 791, 0.0296, 54.03, 0.6904
20250107, D, 50, 20260116, P, 0, 343, 0.0302, 54.03, -0.3332
20250107, D, 52.5, 20260116, C, 0, 337, 0.0331, 54.03, 0.6127
20250107, D, 52.5, 20260116, P, 0, 140, 0.0334, 54.03, -0.4117
20250107, D, 55, 20260116, C, 0, 525, 0.0353, 54.03, 0.5289
20250107, D, 55, 20260116, P, 0, 128, 0.0354, 54.03, -0.4955
20250107, D, 57.5, 20260116, C, 0, 208, 0.0359, 54.03, 0.4442
20250107, D, 57.5, 20260116, P, 0, 524, 0.036, 54.03, -0.5815
20250107, D, 60, 20260116, C, 0, 1236, 0.0347, 54.03, 0.3614
20250107, D, 60, 20260116, P, 0, 161, 0.035, 54.03, -0.6657
20250107, D, 62.5, 20260116, C, 0, 384, 0.0321, 54.03, 0.2859
20250107, D, 62.5, 20260116, P, 0, 20, 0.0328, 54.03, -0.7451
20250107, D, 65, 20260116, C, 0, 1394, 0.0283, 54.03, 0.219
20250107, D, 65, 20260116, P, 0, 18, 0.0299, 54.03, -0.8181
20250107, D, 67.5, 20260116, C, 0, 65, 0.024, 54.03, 0.1637
20250107, D, 67.5, 20260116, P, 0, 0, 0.0257, 54.03, -0.8825
20250107, D, 70, 20260116, C, 0, 831, 0.0196, 54.03, 0.1192
20250107, D, 70, 20260116, P, 0, 0, 0.0194, 54.03, -0.9342
20250107, D, 75, 20260116, C, 0, 902, 0.0118, 54.03, 0.0593
20250107, D, 75, 20260116, P, 0, 0, 0.0059, 54.03, -0.9883
20250107, D, 80, 20260116, C, 0, 265, 0.0064, 54.03, 0.0277
20250107, D, 80, 20260116, P, 0, 0, 0.0007, 54.03, -0.9996
20250107, D, 85, 20260116, C, 1, 148, 0.0032, 54.03, 0.0122
20250107, D, 85, 20260116, P, 0, 0, 0, 54.03, -1
20250107, D, 25, 20260618, C, 0, 0, 0.0003, 54.03, 0.9994
20250107, D, 25, 20260618, P, 0, 8, 0.0032, 54.03, -0.0353
20250107, D, 27.5, 20260618, C, 0, 0, 0.0011, 54.03, 0.9967
20250107, D, 27.5, 20260618, P, 0, 18, 0.0042, 54.03, -0.0451
20250107, D, 30, 20260618, C, 0, 2, 0.0028, 54.03, 0.9897
20250107, D, 30, 20260618, P, 0, 22, 0.0054, 54.03, -0.0575
20250107, D, 32.5, 20260618, C, 0, 0, 0.0056, 54.03, 0.9752
20250107, D, 32.5, 20260618, P, 0, 4, 0.0069, 54.03, -0.0732
20250107, D, 35, 20260618, C, 0, 5, 0.0087, 54.03, 0.9516
20250107, D, 35, 20260618, P, 0, 37, 0.0088, 54.03, -0.093
20250107, D, 37.5, 20260618, C, 0, 7, 0.0115, 54.03, 0.9201
20250107, D, 37.5, 20260618, P, 0, 21, 0.0111, 54.03, -0.1179
20250107, D, 40, 20260618, C, 0, 218, 0.0139, 54.03, 0.8828
20250107, D, 40, 20260618, P, 0, 14, 0.0137, 54.03, -0.1487
20250107, D, 42.5, 20260618, C, 0, 2, 0.0165, 54.03, 0.8404
20250107, D, 42.5, 20260618, P, 0, 0, 0.0167, 54.03, -0.1862
20250107, D, 45, 20260618, C, 0, 5, 0.0196, 54.03, 0.7928
20250107, D, 45, 20260618, P, 0, 79, 0.02, 54.03, -0.2315
20250107, D, 47.5, 20260618, C, 0, 10, 0.0228, 54.03, 0.7385
20250107, D, 47.5, 20260618, P, 0, 3, 0.0233, 54.03, -0.2847
20250107, D, 50, 20260618, C, 0, 38, 0.0261, 54.03, 0.6782
20250107, D, 50, 20260618, P, 0, 11, 0.0264, 54.03, -0.3453
20250107, D, 52.5, 20260618, C, 0, 31, 0.0289, 54.03, 0.611
20250107, D, 52.5, 20260618, P, 0, 5, 0.0291, 54.03, -0.4126
20250107, D, 55, 20260618, C, 2, 49, 0.0309, 54.03, 0.5395
20250107, D, 55, 20260618, P, 0, 52, 0.0309, 54.03, -0.4849
20250107, D, 57.5, 20260618, C, 0, 91, 0.0318, 54.03, 0.4653
20250107, D, 57.5, 20260618, P, 0, 68, 0.0317, 54.03, -0.5594
20250107, D, 60, 20260618, C, 23, 268, 0.0315, 54.03, 0.393
20250107, D, 60, 20260618, P, 0, 42, 0.0315, 54.03, -0.6339
20250107, D, 62.5, 20260618, C, 0, 36, 0.03, 54.03, 0.3245
20250107, D, 62.5, 20260618, P, 0, 1, 0.0304, 54.03, -0.7059
20250107, D, 65, 20260618, C, 0, 171, 0.0276, 54.03, 0.2627
20250107, D, 65, 20260618, P, 0, 0, 0.0287, 54.03, -0.7734
20250107, D, 67.5, 20260618, C, 0, 10, 0.0246, 54.03, 0.2091
20250107, D, 67.5, 20260618, P, 0, 0, 0.0268, 54.03, -0.8365
20250107, D, 70, 20260618, C, 0, 56, 0.0214, 54.03, 0.164
20250107, D, 70, 20260618, P, 0, 0, 0.0235, 54.03, -0.8931
20250107, D, 75, 20260618, C, 0, 16, 0.015, 54.03, 0.0978
20250107, D, 75, 20260618, P, 0, 0, 0.0115, 54.03, -0.9703
20250107, D, 80, 20260618, C, 0, 193, 0.0099, 54.03, 0.0569
20250107, D, 80, 20260618, P, 0, 0, 0.0025, 54.03, -0.9959
20250107, D, 85, 20260618, C, 0, 0, 0.0063, 54.03, 0.0328
20250107, D, 85, 20260618, P, 0, 0, 0.0002, 54.03, -0.9999
20250107, D, 90, 20260618, C, 0, 0, 0.004, 54.03, 0.019
20250107, D, 90, 20260618, P, 0, 0, 0, 54.03, -1
20250107, D, 27.5, 20270115, C, 0, 0, 0.0004, 54.03, 0.9994
20250107, D, 27.5, 20270115, P, 0, 0, 0.0044, 54.03, -0.0492
20250107, D, 30, 20270115, C, 0, 0, 0.002, 54.03, 0.9945
20250107, D, 30, 20270115, P, 0, 5, 0.0057, 54.03, -0.0635
20250107, D, 32.5, 20270115, C, 0, 0, 0.0055, 54.03, 0.9788
20250107, D, 32.5, 20270115, P, 0, 1, 0.0072, 54.03, -0.0815
20250107, D, 35, 20270115, C, 0, 3, 0.0092, 54.03, 0.9491
20250107, D, 35, 20270115, P, 0, 5, 0.0091, 54.03, -0.1037
20250107, D, 37.5, 20270115, C, 0, 7, 0.0116, 54.03, 0.9108
20250107, D, 37.5, 20270115, P, 0, 46, 0.0112, 54.03, -0.1308
20250107, D, 40, 20270115, C, 0, 7, 0.0135, 54.03, 0.8704
20250107, D, 40, 20270115, P, 0, 10, 0.0136, 54.03, -0.1628
20250107, D, 42.5, 20270115, C, 0, 1, 0.0158, 54.03, 0.8274
20250107, D, 42.5, 20270115, P, 0, 2, 0.0161, 54.03, -0.201
20250107, D, 45, 20270115, C, 0, 44, 0.0182, 54.03, 0.7809
20250107, D, 45, 20270115, P, 0, 7, 0.0187, 54.03, -0.2449
20250107, D, 47.5, 20270115, C, 0, 7, 0.0208, 54.03, 0.731
20250107, D, 47.5, 20270115, P, 0, 15, 0.0212, 54.03, -0.2943
20250107, D, 50, 20270115, C, 0, 16, 0.0232, 54.03, 0.6767
20250107, D, 50, 20270115, P, 0, 17, 0.0235, 54.03, -0.3491
20250107, D, 52.5, 20270115, C, 0, 9, 0.0251, 54.03, 0.6186
20250107, D, 52.5, 20270115, P, 0, 9, 0.0253, 54.03, -0.407
20250107, D, 55, 20270115, C, 0, 29, 0.0266, 54.03, 0.5581
20250107, D, 55, 20270115, P, 0, 72, 0.0267, 54.03, -0.4677
20250107, D, 57.5, 20270115, C, 0, 39, 0.0273, 54.03, 0.4965
20250107, D, 57.5, 20270115, P, 0, 10, 0.0276, 54.03, -0.5313
20250107, D, 60, 20270115, C, 0, 187, 0.0274, 54.03, 0.4355
20250107, D, 60, 20270115, P, 0, 45, 0.0279, 54.03, -0.5949
20250107, D, 62.5, 20270115, C, 0, 65, 0.0268, 54.03, 0.3773
20250107, D, 62.5, 20270115, P, 0, 2, 0.0277, 54.03, -0.6582
20250107, D, 65, 20270115, C, 0, 120, 0.0256, 54.03, 0.3234
20250107, D, 65, 20270115, P, 0, 0, 0.0273, 54.03, -0.72
20250107, D, 67.5, 20270115, C, 0, 23, 0.024, 54.03, 0.2738
20250107, D, 67.5, 20270115, P, 0, 0, 0.027, 54.03, -0.7806
20250107, D, 70, 20270115, C, 0, 122, 0.022, 54.03, 0.2294
20250107, D, 70, 20270115, P, 0, 0, 0.0264, 54.03, -0.8404
20250107, D, 75, 20270115, C, 0, 20, 0.0177, 54.03, 0.1572
20250107, D, 75, 20270115, P, 0, 0, 0.0181, 54.03, -0.942
20250107, D, 80, 20270115, C, 1, 65, 0.0134, 54.03, 0.1048
20250107, D, 80, 20270115, P, 0, 0, 0.0054, 54.03, -0.9894
20250107, D, 85, 20270115, C, 0, 90, 0.0098, 54.03, 0.0689
20250107, D, 85, 20270115, P, 0, 0, 0.0006, 54.03, -0.9995
20250107, D, 90, 20270115, C, 0, 30, 0.007, 54.03, 0.0448
20250107, D, 90, 20270115, P, 0, 0, 0, 54.03, -1
