20241231, LSCC, 22.5, 20250117, C, 0, 0, 0.0006, 56.24, 0.9975
20241231, LSCC, 22.5, 20250117, P, 0, 4, 0.0006, 56.24, -0.0042
20241231, LSCC, 25, 20250117, C, 0, 0, 0.0008, 56.24, 0.9966
20241231, LSCC, 25, 20250117, P, 0, 5, 0.0008, 56.24, -0.0051
20241231, LSCC, 30, 20250117, C, 0, 0, 0.0014, 56.24, 0.9938
20241231, LSCC, 30, 20250117, P, 0, 2371, 0.0014, 56.24, -0.0079
20241231, LSCC, 35, 20250117, C, 0, 14, 0.0026, 56.24, 0.9885
20241231, LSCC, 35, 20250117, P, 0, 1064, 0.0027, 56.24, -0.0132
20241231, LSCC, 40, 20250117, C, 0, 39, 0.0055, 56.24, 0.9775
20241231, LSCC, 40, 20250117, P, 1, 1348, 0.0055, 56.24, -0.0243
20241231, LSCC, 45, 20250117, C, 0, 45, 0.0128, 56.24, 0.9508
20241231, LSCC, 45, 20250117, P, 0, 709, 0.0129, 56.24, -0.0513
20241231, LSCC, 50, 20250117, C, 0, 306, 0.0329, 56.24, 0.873
20241231, LSCC, 50, 20250117, P, 0, 626, 0.0333, 56.24, -0.13
20241231, LSCC, 55, 20250117, C, 0, 864, 0.0721, 56.24, 0.6328
20241231, LSCC, 55, 20250117, P, 0, 393, 0.0732, 56.24, -0.3741
20241231, LSCC, 60, 20250117, C, 63, 290, 0.0629, 56.24, 0.282
20241231, LSCC, 60, 20250117, P, 0, 559, 0.0646, 56.24, -0.7318
20241231, LSCC, 65, 20250117, C, 205, 504, 0.0307, 56.24, 0.1111
20241231, LSCC, 65, 20250117, P, 0, 153, 0.0329, 56.24, -0.9074
20241231, LSCC, 70, 20250117, C, 0, 730, 0.0144, 56.24, 0.0484
20241231, LSCC, 70, 20250117, P, 0, 34, 0.0146, 56.24, -0.9715
20241231, LSCC, 75, 20250117, C, 0, 780, 0.0071, 56.24, 0.0233
20241231, LSCC, 75, 20250117, P, 0, 4, 0.005, 56.24, -0.9927
20241231, LSCC, 80, 20250117, C, 0, 81, 0.0037, 56.24, 0.0121
20241231, LSCC, 80, 20250117, P, 0, 0, 0.0013, 56.24, -0.9985
20241231, LSCC, 85, 20250117, C, 0, 88, 0.0021, 56.24, 0.0066
20241231, LSCC, 85, 20250117, P, 0, 0, 0.0002, 56.24, -0.9998
20241231, LSCC, 90, 20250117, C, 0, 146, 0.0012, 56.24, 0.0038
20241231, LSCC, 90, 20250117, P, 0, 0, 0, 56.24, -1
20241231, LSCC, 95, 20250117, C, 0, 62, 0.0007, 56.24, 0.0023
20241231, LSCC, 95, 20250117, P, 0, 0, 0, 56.24, -1
20241231, LSCC, 100, 20250117, C, 0, 126, 0.0004, 56.24, 0.0014
20241231, LSCC, 100, 20250117, P, 0, 0, 0, 56.24, -1
20241231, LSCC, 105, 20250117, C, 0, 39, 0.0003, 56.24, 0.0009
20241231, LSCC, 105, 20250117, P, 0, 0, 0, 56.24, -1
20241231, LSCC, 110, 20250117, C, 0, 118, 0.0002, 56.24, 0.0006
20241231, LSCC, 110, 20250117, P, 0, 0, 0, 56.24, -1
20241231, LSCC, 115, 20250117, C, 0, 30, 0.0001, 56.24, 0.0004
20241231, LSCC, 115, 20250117, P, 0, 0, 0, 56.24, -1
20241231, LSCC, 120, 20250117, C, 0, 88, 0.0001, 56.24, 0.0002
20241231, LSCC, 120, 20250117, P, 0, 0, 0, 56.24, -1
20241231, LSCC, 125, 20250117, C, 0, 63, 0, 56.24, 0.0002
20241231, LSCC, 125, 20250117, P, 0, 0, 0, 56.24, -1
20241231, LSCC, 130, 20250117, C, 0, 42, 0, 56.24, 0.0001
20241231, LSCC, 130, 20250117, P, 0, 0, 0, 56.24, -1
20241231, LSCC, 135, 20250117, C, 0, 90, 0, 56.24, 0.0001
20241231, LSCC, 135, 20250117, P, 0, 0, 0, 56.24, -1
20241231, LSCC, 35, 20250221, C, 0, 0, 0.0038, 56.24, 0.9767
20241231, LSCC, 35, 20250221, P, 0, 0, 0.0039, 56.24, -0.0242
20241231, LSCC, 40, 20250221, C, 0, 0, 0.0084, 56.24, 0.9448
20241231, LSCC, 40, 20250221, P, 0, 10, 0.0085, 56.24, -0.0562
20241231, LSCC, 45, 20250221, C, 0, 0, 0.0164, 56.24, 0.879
20241231, LSCC, 45, 20250221, P, 0, 9, 0.0166, 56.24, -0.1226
20241231, LSCC, 50, 20250221, C, 0, 0, 0.0268, 56.24, 0.7635
20241231, LSCC, 50, 20250221, P, 2, 6, 0.027, 56.24, -0.2392
20241231, LSCC, 55, 20250221, C, 0, 5, 0.0348, 56.24, 0.601
20241231, LSCC, 55, 20250221, P, 0, 11, 0.0354, 56.24, -0.404
20241231, LSCC, 60, 20250221, C, 0, 61, 0.036, 56.24, 0.4236
20241231, LSCC, 60, 20250221, P, 0, 243, 0.0369, 56.24, -0.585
20241231, LSCC, 65, 20250221, C, 18, 143, 0.0306, 56.24, 0.271
20241231, LSCC, 65, 20250221, P, 0, 0, 0.0319, 56.24, -0.7426
20241231, LSCC, 70, 20250221, C, 0, 6, 0.0225, 56.24, 0.1618
20241231, LSCC, 70, 20250221, P, 0, 0, 0.0241, 56.24, -0.8578
20241231, LSCC, 75, 20250221, C, 0, 0, 0.015, 56.24, 0.0927
20241231, LSCC, 75, 20250221, P, 0, 0, 0.0173, 56.24, -0.9334
20241231, LSCC, 80, 20250221, C, 0, 7, 0.0095, 56.24, 0.0521
20241231, LSCC, 80, 20250221, P, 0, 0, 0.0099, 56.24, -0.9794
20241231, LSCC, 85, 20250221, C, 0, 0, 0.0058, 56.24, 0.0292
20241231, LSCC, 85, 20250221, P, 0, 0, 0.0021, 56.24, -0.9976
20241231, LSCC, 90, 20250221, C, 0, 0, 0.0035, 56.24, 0.0164
20241231, LSCC, 90, 20250221, P, 0, 0, 0, 56.24, -1
20241231, LSCC, 95, 20250221, C, 0, 30, 0.0021, 56.24, 0.0093
20241231, LSCC, 95, 20250221, P, 0, 0, 0, 56.24, -1
20241231, LSCC, 22.5, 20250321, C, 0, 0, 0.001, 56.24, 0.9926
20241231, LSCC, 22.5, 20250321, P, 0, 828, 0.001, 56.24, -0.0093
20241231, LSCC, 25, 20250321, C, 0, 0, 0.0014, 56.24, 0.9889
20241231, LSCC, 25, 20250321, P, 0, 300, 0.0015, 56.24, -0.0129
20241231, LSCC, 30, 20250321, C, 0, 1, 0.0029, 56.24, 0.9769
20241231, LSCC, 30, 20250321, P, 0, 20, 0.0029, 56.24, -0.025
20241231, LSCC, 35, 20250321, C, 0, 9, 0.0054, 56.24, 0.9544
20241231, LSCC, 35, 20250321, P, 0, 26, 0.0055, 56.24, -0.0476
20241231, LSCC, 40, 20250321, C, 0, 63, 0.0097, 56.24, 0.9138
20241231, LSCC, 40, 20250321, P, 0, 207, 0.0098, 56.24, -0.0887
20241231, LSCC, 45, 20250321, C, 0, 55, 0.0158, 56.24, 0.8451
20241231, LSCC, 45, 20250321, P, 0, 1386, 0.016, 56.24, -0.1581
20241231, LSCC, 50, 20250321, C, 0, 207, 0.0229, 56.24, 0.7413
20241231, LSCC, 50, 20250321, P, 0, 497, 0.0232, 56.24, -0.2634
20241231, LSCC, 55, 20250321, C, 0, 269, 0.0285, 56.24, 0.6065
20241231, LSCC, 55, 20250321, P, 0, 321, 0.0291, 56.24, -0.401
20241231, LSCC, 60, 20250321, C, 0, 255, 0.0302, 56.24, 0.4598
20241231, LSCC, 60, 20250321, P, 0, 238, 0.0312, 56.24, -0.5519
20241231, LSCC, 65, 20250321, C, 0, 434, 0.0277, 56.24, 0.3256
20241231, LSCC, 65, 20250321, P, 0, 167, 0.0292, 56.24, -0.692
20241231, LSCC, 70, 20250321, C, 4, 1049, 0.0228, 56.24, 0.2191
20241231, LSCC, 70, 20250321, P, 0, 27, 0.0248, 56.24, -0.8058
20241231, LSCC, 75, 20250321, C, 0, 67, 0.0173, 56.24, 0.1428
20241231, LSCC, 75, 20250321, P, 0, 23, 0.0197, 56.24, -0.8902
20241231, LSCC, 80, 20250321, C, 0, 35, 0.0125, 56.24, 0.0916
20241231, LSCC, 80, 20250321, P, 0, 0, 0.0154, 56.24, -0.9502
20241231, LSCC, 85, 20250321, C, 0, 35, 0.0087, 56.24, 0.0584
20241231, LSCC, 85, 20250321, P, 0, 0, 0.0075, 56.24, -0.9868
20241231, LSCC, 90, 20250321, C, 0, 169, 0.006, 56.24, 0.0373
20241231, LSCC, 90, 20250321, P, 0, 0, 0.0011, 56.24, -0.9987
20241231, LSCC, 25, 20250620, C, 0, 0, 0.0019, 56.24, 0.981
20241231, LSCC, 25, 20250620, P, 0, 1, 0.0019, 56.24, -0.0207
20241231, LSCC, 30, 20250620, C, 0, 0, 0.0036, 56.24, 0.961
20241231, LSCC, 30, 20250620, P, 0, 13, 0.0037, 56.24, -0.0409
20241231, LSCC, 35, 20250620, C, 0, 0, 0.0062, 56.24, 0.9276
20241231, LSCC, 35, 20250620, P, 0, 10, 0.0063, 56.24, -0.0747
20241231, LSCC, 40, 20250620, C, 0, 2, 0.0096, 56.24, 0.8769
20241231, LSCC, 40, 20250620, P, 0, 549, 0.0098, 56.24, -0.1264
20241231, LSCC, 45, 20250620, C, 0, 50, 0.0135, 56.24, 0.8071
20241231, LSCC, 45, 20250620, P, 0, 21, 0.0138, 56.24, -0.1976
20241231, LSCC, 50, 20250620, C, 0, 0, 0.0171, 56.24, 0.7203
20241231, LSCC, 50, 20250620, P, 0, 57, 0.0176, 56.24, -0.2868
20241231, LSCC, 55, 20250620, C, 0, 2, 0.0198, 56.24, 0.6222
20241231, LSCC, 55, 20250620, P, 5, 12, 0.0206, 56.24, -0.3884
20241231, LSCC, 60, 20250620, C, 2, 35, 0.0211, 56.24, 0.5205
20241231, LSCC, 60, 20250620, P, 1, 29, 0.0222, 56.24, -0.495
20241231, LSCC, 65, 20250620, C, 1, 49, 0.021, 56.24, 0.423
20241231, LSCC, 65, 20250620, P, 0, 46, 0.0225, 56.24, -0.5987
20241231, LSCC, 70, 20250620, C, 0, 130, 0.0198, 56.24, 0.3354
20241231, LSCC, 70, 20250620, P, 0, 4, 0.0217, 56.24, -0.694
20241231, LSCC, 75, 20250620, C, 0, 29, 0.0177, 56.24, 0.2606
20241231, LSCC, 75, 20250620, P, 0, 4, 0.0202, 56.24, -0.7778
20241231, LSCC, 80, 20250620, C, 0, 23, 0.0153, 56.24, 0.1993
20241231, LSCC, 80, 20250620, P, 0, 0, 0.0183, 56.24, -0.8494
20241231, LSCC, 85, 20250620, C, 1, 13, 0.0128, 56.24, 0.1507
20241231, LSCC, 85, 20250620, P, 0, 0, 0.0166, 56.24, -0.9097
20241231, LSCC, 90, 20250620, C, 0, 1, 0.0105, 56.24, 0.113
20241231, LSCC, 90, 20250620, P, 0, 0, 0.0136, 56.24, -0.9586
20241231, LSCC, 22.5, 20260116, C, 0, 11, 0.002, 56.24, 0.9732
20241231, LSCC, 22.5, 20260116, P, 0, 2, 0.002, 56.24, -0.0305
20241231, LSCC, 25, 20260116, C, 0, 8, 0.0026, 56.24, 0.9622
20241231, LSCC, 25, 20260116, P, 0, 5, 0.0027, 56.24, -0.0417
20241231, LSCC, 30, 20260116, C, 0, 9, 0.0042, 56.24, 0.933
20241231, LSCC, 30, 20260116, P, 0, 241, 0.0043, 56.24, -0.0717
20241231, LSCC, 35, 20260116, C, 0, 4, 0.0061, 56.24, 0.8936
20241231, LSCC, 35, 20260116, P, 0, 31, 0.0063, 56.24, -0.1123
20241231, LSCC, 40, 20260116, C, 0, 3, 0.0081, 56.24, 0.8444
20241231, LSCC, 40, 20260116, P, 0, 21, 0.0084, 56.24, -0.1633
20241231, LSCC, 45, 20260116, C, 0, 12, 0.01, 56.24, 0.7872
20241231, LSCC, 45, 20260116, P, 0, 34, 0.0105, 56.24, -0.2233
20241231, LSCC, 50, 20260116, C, 0, 10, 0.0117, 56.24, 0.724
20241231, LSCC, 50, 20260116, P, 2, 71, 0.0124, 56.24, -0.2901
20241231, LSCC, 55, 20260116, C, 0, 63, 0.013, 56.24, 0.6577
20241231, LSCC, 55, 20260116, P, 0, 13, 0.014, 56.24, -0.3612
20241231, LSCC, 60, 20260116, C, 0, 71, 0.014, 56.24, 0.5906
20241231, LSCC, 60, 20260116, P, 0, 231, 0.0153, 56.24, -0.4342
20241231, LSCC, 65, 20260116, C, 0, 42, 0.0144, 56.24, 0.5251
20241231, LSCC, 65, 20260116, P, 0, 39, 0.0162, 56.24, -0.5069
20241231, LSCC, 70, 20260116, C, 0, 164, 0.0145, 56.24, 0.4628
20241231, LSCC, 70, 20260116, P, 0, 36, 0.0167, 56.24, -0.5777
20241231, LSCC, 75, 20260116, C, 0, 27, 0.0143, 56.24, 0.4048
20241231, LSCC, 75, 20260116, P, 0, 10, 0.0169, 56.24, -0.6453
20241231, LSCC, 80, 20260116, C, 0, 47, 0.0137, 56.24, 0.352
20241231, LSCC, 80, 20260116, P, 0, 0, 0.0169, 56.24, -0.7092
20241231, LSCC, 85, 20260116, C, 0, 118, 0.013, 56.24, 0.3046
20241231, LSCC, 85, 20260116, P, 0, 0, 0.0167, 56.24, -0.7687
20241231, LSCC, 90, 20260116, C, 0, 19, 0.0122, 56.24, 0.2625
20241231, LSCC, 90, 20260116, P, 0, 0, 0.0165, 56.24, -0.8245
20241231, LSCC, 95, 20260116, C, 0, 10, 0.0112, 56.24, 0.2256
20241231, LSCC, 95, 20260116, P, 0, 0, 0.016, 56.24, -0.8762
20241231, LSCC, 100, 20260116, C, 0, 56, 0.0103, 56.24, 0.1935
20241231, LSCC, 100, 20260116, P, 0, 0, 0.0157, 56.24, -0.9244
20241231, LSCC, 105, 20260116, C, 0, 4, 0.0093, 56.24, 0.1656
20241231, LSCC, 105, 20260116, P, 0, 0, 0.0136, 56.24, -0.9624
20241231, LSCC, 110, 20260116, C, 0, 124, 0.0084, 56.24, 0.1417
20241231, LSCC, 110, 20260116, P, 0, 0, 0.0055, 56.24, -0.9865
20241231, LSCC, 115, 20260116, C, 0, 1, 0.0076, 56.24, 0.1211
20241231, LSCC, 115, 20260116, P, 0, 0, 0.0001, 56.24, -0.9998
20241231, LSCC, 120, 20260116, C, 0, 13, 0.0068, 56.24, 0.1036
20241231, LSCC, 120, 20260116, P, 0, 0, 0, 56.24, -1
20241231, LSCC, 125, 20260116, C, 0, 17, 0.006, 56.24, 0.0885
20241231, LSCC, 125, 20260116, P, 0, 0, 0, 56.24, -1
20241231, LSCC, 130, 20260116, C, 0, 10, 0.0054, 56.24, 0.076
20241231, LSCC, 130, 20260116, P, 0, 0, 0, 56.24, -1
20241231, LSCC, 135, 20260116, C, 0, 59, 0.0048, 56.24, 0.0651
20241231, LSCC, 135, 20260116, P, 0, 0, 0, 56.24, -1
20241231, LSCC, 22.5, 20270115, C, 0, 0, 0.0022, 56.24, 0.9615
20241231, LSCC, 22.5, 20270115, P, 0, 6, 0.0023, 56.24, -0.0483
20241231, LSCC, 25, 20270115, C, 0, 0, 0.0027, 56.24, 0.9486
20241231, LSCC, 25, 20270115, P, 0, 0, 0.0028, 56.24, -0.0618
20241231, LSCC, 30, 20270115, C, 0, 0, 0.0038, 56.24, 0.9182
20241231, LSCC, 30, 20270115, P, 0, 1, 0.0041, 56.24, -0.0939
20241231, LSCC, 35, 20270115, C, 0, 10, 0.005, 56.24, 0.8824
20241231, LSCC, 35, 20270115, P, 0, 0, 0.0054, 56.24, -0.1322
20241231, LSCC, 40, 20270115, C, 0, 0, 0.0062, 56.24, 0.8422
20241231, LSCC, 40, 20270115, P, 0, 1, 0.0067, 56.24, -0.1757
20241231, LSCC, 45, 20270115, C, 0, 1, 0.0072, 56.24, 0.7987
20241231, LSCC, 45, 20270115, P, 0, 37, 0.008, 56.24, -0.2236
20241231, LSCC, 50, 20270115, C, 0, 10, 0.0082, 56.24, 0.753
20241231, LSCC, 50, 20270115, P, 0, 9, 0.0092, 56.24, -0.2746
20241231, LSCC, 55, 20270115, C, 0, 20, 0.0091, 56.24, 0.7063
20241231, LSCC, 55, 20270115, P, 0, 4, 0.0104, 56.24, -0.3283
20241231, LSCC, 60, 20270115, C, 0, 32, 0.0097, 56.24, 0.6594
20241231, LSCC, 60, 20270115, P, 0, 2, 0.0114, 56.24, -0.3831
20241231, LSCC, 65, 20270115, C, 0, 49, 0.0102, 56.24, 0.613
20241231, LSCC, 65, 20270115, P, 0, 0, 0.0124, 56.24, -0.4386
20241231, LSCC, 70, 20270115, C, 0, 0, 0.0106, 56.24, 0.5678
20241231, LSCC, 70, 20270115, P, 0, 0, 0.0132, 56.24, -0.4942
20241231, LSCC, 75, 20270115, C, 0, 3, 0.0108, 56.24, 0.5243
20241231, LSCC, 75, 20270115, P, 0, 0, 0.0139, 56.24, -0.5496
20241231, LSCC, 80, 20270115, C, 0, 0, 0.0109, 56.24, 0.4827
20241231, LSCC, 80, 20270115, P, 0, 0, 0.0146, 56.24, -0.6046
20241231, LSCC, 85, 20270115, C, 0, 0, 0.0108, 56.24, 0.4434
20241231, LSCC, 85, 20270115, P, 0, 0, 0.0152, 56.24, -0.6587
20241231, LSCC, 90, 20270115, C, 0, 4, 0.0107, 56.24, 0.4064
20241231, LSCC, 90, 20270115, P, 0, 0, 0.0157, 56.24, -0.712
20250102, LSCC, 22.5, 20250117, C, 0, 0, 0.0002, 55.95, 0.9992
20250102, LSCC, 22.5, 20250117, P, 0, 4, 0.0002, 55.95, -0.0011
20250102, LSCC, 25, 20250117, C, 0, 0, 0.0003, 55.95, 0.9988
20250102, LSCC, 25, 20250117, P, 0, 5, 0.0003, 55.95, -0.0015
20250102, LSCC, 30, 20250117, C, 0, 0, 0.0007, 55.95, 0.9974
20250102, LSCC, 30, 20250117, P, 0, 2371, 0.0007, 55.95, -0.0029
20250102, LSCC, 35, 20250117, C, 0, 14, 0.0015, 55.95, 0.9943
20250102, LSCC, 35, 20250117, P, 0, 1064, 0.0016, 55.95, -0.006
20250102, LSCC, 40, 20250117, C, 0, 39, 0.004, 55.95, 0.9862
20250102, LSCC, 40, 20250117, P, 190, 1348, 0.004, 55.95, -0.0141
20250102, LSCC, 45, 20250117, C, 0, 45, 0.0115, 55.95, 0.9618
20250102, LSCC, 45, 20250117, P, 0, 709, 0.0116, 55.95, -0.0387
20250102, LSCC, 50, 20250117, C, 1, 306, 0.035, 55.95, 0.8762
20250102, LSCC, 50, 20250117, P, 0, 626, 0.0352, 55.95, -0.1249
20250102, LSCC, 55, 20250117, C, 0, 864, 0.0766, 55.95, 0.6063
20250102, LSCC, 55, 20250117, P, 0, 401, 0.0773, 55.95, -0.3974
20250102, LSCC, 60, 20250117, C, 7, 337, 0.0617, 55.95, 0.247
20250102, LSCC, 60, 20250117, P, 0, 559, 0.0629, 55.95, -0.7612
20250102, LSCC, 65, 20250117, C, 2, 676, 0.0265, 55.95, 0.0817
20250102, LSCC, 65, 20250117, P, 0, 153, 0.027, 55.95, -0.9291
20250102, LSCC, 70, 20250117, C, 2, 730, 0.0103, 55.95, 0.0287
20250102, LSCC, 70, 20250117, P, 0, 34, 0.0133, 55.95, -0.9872
20250102, LSCC, 75, 20250117, C, 0, 780, 0.0042, 55.95, 0.0111
20250102, LSCC, 75, 20250117, P, 0, 4, 0, 55.95, -1
20250102, LSCC, 80, 20250117, C, 0, 81, 0.0018, 55.95, 0.0047
20250102, LSCC, 80, 20250117, P, 0, 0, 0, 55.95, -1
20250102, LSCC, 85, 20250117, C, 0, 88, 0.0008, 55.95, 0.0021
20250102, LSCC, 85, 20250117, P, 0, 0, 0, 55.95, -1
20250102, LSCC, 90, 20250117, C, 0, 146, 0.0004, 55.95, 0.001
20250102, LSCC, 90, 20250117, P, 0, 0, 0, 55.95, -1
20250102, LSCC, 95, 20250117, C, 0, 62, 0.0002, 55.95, 0.0005
20250102, LSCC, 95, 20250117, P, 0, 0, 0, 55.95, -1
20250102, LSCC, 100, 20250117, C, 0, 126, 0.0001, 55.95, 0.0003
20250102, LSCC, 100, 20250117, P, 0, 0, 0, 55.95, -1
20250102, LSCC, 105, 20250117, C, 0, 39, 0.0001, 55.95, 0.0001
20250102, LSCC, 105, 20250117, P, 0, 0, 0, 55.95, -1
20250102, LSCC, 110, 20250117, C, 0, 118, 0, 55.95, 0.0001
20250102, LSCC, 110, 20250117, P, 0, 0, 0, 55.95, -1
20250102, LSCC, 115, 20250117, C, 0, 30, 0, 55.95, 0
20250102, LSCC, 115, 20250117, P, 0, 0, 0, 55.95, -1
20250102, LSCC, 120, 20250117, C, 0, 88, 0, 55.95, 0
20250102, LSCC, 120, 20250117, P, 0, 0, 0, 55.95, -1
20250102, LSCC, 125, 20250117, C, 0, 63, 0, 55.95, 0
20250102, LSCC, 125, 20250117, P, 0, 0, 0, 55.95, -1
20250102, LSCC, 130, 20250117, C, 0, 42, 0, 55.95, 0
20250102, LSCC, 130, 20250117, P, 0, 0, 0, 55.95, -1
20250102, LSCC, 135, 20250117, C, 0, 90, 0, 55.95, 0
20250102, LSCC, 135, 20250117, P, 0, 0, 0, 55.95, -1
20250102, LSCC, 35, 20250221, C, 0, 0, 0.0042, 55.95, 0.9741
20250102, LSCC, 35, 20250221, P, 0, 0, 0.0042, 55.95, -0.0268
20250102, LSCC, 40, 20250221, C, 0, 0, 0.0088, 55.95, 0.9416
20250102, LSCC, 40, 20250221, P, 0, 10, 0.0089, 55.95, -0.0596
20250102, LSCC, 45, 20250221, C, 0, 0, 0.017, 55.95, 0.8748
20250102, LSCC, 45, 20250221, P, 0, 9, 0.0171, 55.95, -0.1268
20250102, LSCC, 50, 20250221, C, 0, 0, 0.0276, 55.95, 0.7569
20250102, LSCC, 50, 20250221, P, 0, 6, 0.0279, 55.95, -0.2459
20250102, LSCC, 55, 20250221, C, 0, 5, 0.0357, 55.95, 0.5904
20250102, LSCC, 55, 20250221, P, 0, 11, 0.0363, 55.95, -0.4146
20250102, LSCC, 60, 20250221, C, 4, 61, 0.0364, 55.95, 0.4108
20250102, LSCC, 60, 20250221, P, 0, 243, 0.0373, 55.95, -0.5979
20250102, LSCC, 65, 20250221, C, 1, 146, 0.0303, 55.95, 0.2597
20250102, LSCC, 65, 20250221, P, 0, 0, 0.0316, 55.95, -0.7539
20250102, LSCC, 70, 20250221, C, 2, 6, 0.0219, 55.95, 0.1541
20250102, LSCC, 70, 20250221, P, 0, 0, 0.0236, 55.95, -0.8653
20250102, LSCC, 75, 20250221, C, 0, 0, 0.0146, 55.95, 0.0884
20250102, LSCC, 75, 20250221, P, 0, 0, 0.0161, 55.95, -0.9368
20250102, LSCC, 80, 20250221, C, 0, 7, 0.0092, 55.95, 0.0501
20250102, LSCC, 80, 20250221, P, 0, 0, 0.0148, 55.95, -0.9826
20250102, LSCC, 85, 20250221, C, 0, 0, 0.0057, 55.95, 0.0284
20250102, LSCC, 85, 20250221, P, 0, 0, 0, 55.95, -1
20250102, LSCC, 90, 20250221, C, 0, 0, 0.0035, 55.95, 0.0162
20250102, LSCC, 90, 20250221, P, 0, 0, 0, 55.95, -1
20250102, LSCC, 95, 20250221, C, 0, 30, 0.0021, 55.95, 0.0094
20250102, LSCC, 95, 20250221, P, 0, 0, 0, 55.95, -1
20250102, LSCC, 22.5, 20250321, C, 0, 0, 0.0012, 55.95, 0.9899
20250102, LSCC, 22.5, 20250321, P, 0, 828, 0.0012, 55.95, -0.0112
20250102, LSCC, 25, 20250321, C, 0, 0, 0.0016, 55.95, 0.9858
20250102, LSCC, 25, 20250321, P, 0, 300, 0.0016, 55.95, -0.0152
20250102, LSCC, 30, 20250321, C, 0, 1, 0.0031, 55.95, 0.973
20250102, LSCC, 30, 20250321, P, 0, 20, 0.0031, 55.95, -0.0281
20250102, LSCC, 35, 20250321, C, 0, 9, 0.0058, 55.95, 0.9496
20250102, LSCC, 35, 20250321, P, 0, 26, 0.0058, 55.95, -0.0516
20250102, LSCC, 40, 20250321, C, 0, 63, 0.0101, 55.95, 0.9082
20250102, LSCC, 40, 20250321, P, 0, 207, 0.0102, 55.95, -0.0934
20250102, LSCC, 45, 20250321, C, 0, 55, 0.0163, 55.95, 0.8387
20250102, LSCC, 45, 20250321, P, 0, 1386, 0.0164, 55.95, -0.1636
20250102, LSCC, 50, 20250321, C, 0, 207, 0.0235, 55.95, 0.7334
20250102, LSCC, 50, 20250321, P, 0, 497, 0.0238, 55.95, -0.2704
20250102, LSCC, 55, 20250321, C, 7, 269, 0.0291, 55.95, 0.596
20250102, LSCC, 55, 20250321, P, 10, 331, 0.0297, 55.95, -0.4104
20250102, LSCC, 60, 20250321, C, 0, 255, 0.0306, 55.95, 0.4468
20250102, LSCC, 60, 20250321, P, 10, 238, 0.0316, 55.95, -0.5638
20250102, LSCC, 65, 20250321, C, 0, 434, 0.0278, 55.95, 0.3121
20250102, LSCC, 65, 20250321, P, 0, 167, 0.0292, 55.95, -0.7042
20250102, LSCC, 70, 20250321, C, 7, 1034, 0.0224, 55.95, 0.2074
20250102, LSCC, 70, 20250321, P, 5, 27, 0.0243, 55.95, -0.8157
20250102, LSCC, 75, 20250321, C, 0, 67, 0.0168, 55.95, 0.134
20250102, LSCC, 75, 20250321, P, 0, 23, 0.0191, 55.95, -0.8968
20250102, LSCC, 80, 20250321, C, 0, 35, 0.012, 55.95, 0.0856
20250102, LSCC, 80, 20250321, P, 0, 0, 0.0141, 55.95, -0.9526
20250102, LSCC, 85, 20250321, C, 0, 35, 0.0083, 55.95, 0.0546
20250102, LSCC, 85, 20250321, P, 0, 0, 0.0082, 55.95, -0.9902
20250102, LSCC, 90, 20250321, C, 0, 169, 0.0057, 55.95, 0.0351
20250102, LSCC, 90, 20250321, P, 0, 0, 0, 55.95, -1
20250102, LSCC, 25, 20250620, C, 0, 0, 0.0022, 55.95, 0.9741
20250102, LSCC, 25, 20250620, P, 0, 1, 0.0022, 55.95, -0.0259
20250102, LSCC, 30, 20250620, C, 0, 0, 0.004, 55.95, 0.9528
20250102, LSCC, 30, 20250620, P, 0, 13, 0.004, 55.95, -0.0474
20250102, LSCC, 35, 20250620, C, 0, 0, 0.0065, 55.95, 0.9187
20250102, LSCC, 35, 20250620, P, 0, 10, 0.0066, 55.95, -0.0821
20250102, LSCC, 40, 20250620, C, 0, 2, 0.0099, 55.95, 0.8679
20250102, LSCC, 40, 20250620, P, 0, 549, 0.01, 55.95, -0.1335
20250102, LSCC, 45, 20250620, C, 0, 50, 0.0136, 55.95, 0.7983
20250102, LSCC, 45, 20250620, P, 0, 21, 0.0139, 55.95, -0.2045
20250102, LSCC, 50, 20250620, C, 0, 0, 0.0172, 55.95, 0.7116
20250102, LSCC, 50, 20250620, P, 0, 57, 0.0177, 55.95, -0.2934
20250102, LSCC, 55, 20250620, C, 1, 2, 0.0199, 55.95, 0.6131
20250102, LSCC, 55, 20250620, P, 0, 12, 0.0207, 55.95, -0.3953
20250102, LSCC, 60, 20250620, C, 2, 37, 0.0212, 55.95, 0.5109
20250102, LSCC, 60, 20250620, P, 0, 30, 0.0223, 55.95, -0.5021
20250102, LSCC, 65, 20250620, C, 0, 49, 0.021, 55.95, 0.4132
20250102, LSCC, 65, 20250620, P, 0, 46, 0.0225, 55.95, -0.6057
20250102, LSCC, 70, 20250620, C, 0, 130, 0.0197, 55.95, 0.326
20250102, LSCC, 70, 20250620, P, 0, 4, 0.0216, 55.95, -0.7003
20250102, LSCC, 75, 20250620, C, 1, 29, 0.0175, 55.95, 0.2522
20250102, LSCC, 75, 20250620, P, 5, 4, 0.0199, 55.95, -0.7826
20250102, LSCC, 80, 20250620, C, 0, 23, 0.015, 55.95, 0.1924
20250102, LSCC, 80, 20250620, P, 0, 0, 0.0179, 55.95, -0.8519
20250102, LSCC, 85, 20250620, C, 0, 13, 0.0126, 55.95, 0.1454
20250102, LSCC, 85, 20250620, P, 0, 0, 0.016, 55.95, -0.9098
20250102, LSCC, 90, 20250620, C, 10, 1, 0.0102, 55.95, 0.109
20250102, LSCC, 90, 20250620, P, 0, 0, 0.0148, 55.95, -0.9585
20250102, LSCC, 22.5, 20260116, C, 0, 11, 0.002, 55.95, 0.9694
20250102, LSCC, 22.5, 20260116, P, 0, 2, 0.0021, 55.95, -0.0314
20250102, LSCC, 25, 20260116, C, 0, 8, 0.0027, 55.95, 0.9581
20250102, LSCC, 25, 20260116, P, 0, 5, 0.0028, 55.95, -0.0429
20250102, LSCC, 30, 20260116, C, 0, 9, 0.0043, 55.95, 0.9282
20250102, LSCC, 30, 20260116, P, 0, 241, 0.0044, 55.95, -0.0736
20250102, LSCC, 35, 20260116, C, 0, 4, 0.0062, 55.95, 0.888
20250102, LSCC, 35, 20260116, P, 0, 31, 0.0064, 55.95, -0.115
20250102, LSCC, 40, 20260116, C, 0, 3, 0.0082, 55.95, 0.8381
20250102, LSCC, 40, 20260116, P, 0, 21, 0.0085, 55.95, -0.1668
20250102, LSCC, 45, 20260116, C, 0, 12, 0.0102, 55.95, 0.78
20250102, LSCC, 45, 20260116, P, 0, 34, 0.0107, 55.95, -0.2275
20250102, LSCC, 50, 20260116, C, 0, 10, 0.0119, 55.95, 0.7162
20250102, LSCC, 50, 20260116, P, 0, 69, 0.0126, 55.95, -0.295
20250102, LSCC, 55, 20260116, C, 0, 63, 0.0132, 55.95, 0.6492
20250102, LSCC, 55, 20260116, P, 0, 13, 0.0142, 55.95, -0.3661
20250102, LSCC, 60, 20260116, C, 0, 71, 0.0141, 55.95, 0.5816
20250102, LSCC, 60, 20260116, P, 0, 231, 0.0154, 55.95, -0.4394
20250102, LSCC, 65, 20260116, C, 0, 42, 0.0145, 55.95, 0.5157
20250102, LSCC, 65, 20260116, P, 0, 39, 0.0162, 55.95, -0.5122
20250102, LSCC, 70, 20260116, C, 0, 164, 0.0146, 55.95, 0.4532
20250102, LSCC, 70, 20260116, P, 0, 36, 0.0167, 55.95, -0.5829
20250102, LSCC, 75, 20260116, C, 0, 27, 0.0143, 55.95, 0.3953
20250102, LSCC, 75, 20260116, P, 0, 10, 0.0168, 55.95, -0.6503
20250102, LSCC, 80, 20260116, C, 0, 47, 0.0137, 55.95, 0.3426
20250102, LSCC, 80, 20260116, P, 0, 0, 0.0168, 55.95, -0.7138
20250102, LSCC, 85, 20260116, C, 0, 118, 0.013, 55.95, 0.2955
20250102, LSCC, 85, 20260116, P, 0, 0, 0.0166, 55.95, -0.7729
20250102, LSCC, 90, 20260116, C, 0, 19, 0.0121, 55.95, 0.2534
20250102, LSCC, 90, 20260116, P, 0, 0, 0.0163, 55.95, -0.8279
20250102, LSCC, 95, 20260116, C, 0, 10, 0.0111, 55.95, 0.2169
20250102, LSCC, 95, 20260116, P, 0, 0, 0.0162, 55.95, -0.8792
20250102, LSCC, 100, 20260116, C, 0, 56, 0.0101, 55.95, 0.1853
20250102, LSCC, 100, 20260116, P, 0, 0, 0.0158, 55.95, -0.9273
20250102, LSCC, 105, 20260116, C, 0, 4, 0.0092, 55.95, 0.158
20250102, LSCC, 105, 20260116, P, 0, 0, 0.0128, 55.95, -0.9653
20250102, LSCC, 110, 20260116, C, 0, 124, 0.0082, 55.95, 0.1347
20250102, LSCC, 110, 20260116, P, 0, 0, 0.0047, 55.95, -0.9886
20250102, LSCC, 115, 20260116, C, 0, 1, 0.0074, 55.95, 0.1147
20250102, LSCC, 115, 20260116, P, 0, 0, 0.0001, 55.95, -0.9998
20250102, LSCC, 120, 20260116, C, 0, 13, 0.0066, 55.95, 0.0976
20250102, LSCC, 120, 20260116, P, 0, 0, 0, 55.95, -1
20250102, LSCC, 125, 20260116, C, 0, 17, 0.0058, 55.95, 0.0832
20250102, LSCC, 125, 20260116, P, 0, 0, 0, 55.95, -1
20250102, LSCC, 130, 20260116, C, 0, 10, 0.0052, 55.95, 0.0709
20250102, LSCC, 130, 20260116, P, 0, 0, 0, 55.95, -1
20250102, LSCC, 135, 20260116, C, 0, 59, 0.0046, 55.95, 0.0604
20250102, LSCC, 135, 20260116, P, 0, 0, 0, 55.95, -1
20250102, LSCC, 22.5, 20270115, C, 0, 0, 0.0023, 55.95, 0.9537
20250102, LSCC, 22.5, 20270115, P, 0, 6, 0.0024, 55.95, -0.0512
20250102, LSCC, 25, 20270115, C, 0, 0, 0.0028, 55.95, 0.9405
20250102, LSCC, 25, 20270115, P, 0, 0, 0.0029, 55.95, -0.0651
20250102, LSCC, 30, 20270115, C, 0, 0, 0.0039, 55.95, 0.9096
20250102, LSCC, 30, 20270115, P, 0, 1, 0.0041, 55.95, -0.0977
20250102, LSCC, 35, 20270115, C, 0, 10, 0.005, 55.95, 0.8735
20250102, LSCC, 35, 20270115, P, 0, 0, 0.0054, 55.95, -0.1362
20250102, LSCC, 40, 20270115, C, 0, 0, 0.0062, 55.95, 0.8332
20250102, LSCC, 40, 20270115, P, 0, 1, 0.0067, 55.95, -0.1798
20250102, LSCC, 45, 20270115, C, 0, 1, 0.0072, 55.95, 0.7898
20250102, LSCC, 45, 20270115, P, 0, 37, 0.008, 55.95, -0.2274
20250102, LSCC, 50, 20270115, C, 0, 10, 0.0082, 55.95, 0.7444
20250102, LSCC, 50, 20270115, P, 0, 9, 0.0092, 55.95, -0.2782
20250102, LSCC, 55, 20270115, C, 0, 20, 0.009, 55.95, 0.6979
20250102, LSCC, 55, 20270115, P, 0, 4, 0.0103, 55.95, -0.331
20250102, LSCC, 60, 20270115, C, 1, 32, 0.0097, 55.95, 0.6512
20250102, LSCC, 60, 20270115, P, 0, 2, 0.0113, 55.95, -0.3852
20250102, LSCC, 65, 20270115, C, 0, 49, 0.0102, 55.95, 0.6051
20250102, LSCC, 65, 20270115, P, 0, 0, 0.0122, 55.95, -0.4396
20250102, LSCC, 70, 20270115, C, 0, 0, 0.0105, 55.95, 0.5602
20250102, LSCC, 70, 20270115, P, 0, 0, 0.013, 55.95, -0.4945
20250102, LSCC, 75, 20270115, C, 0, 3, 0.0107, 55.95, 0.5168
20250102, LSCC, 75, 20270115, P, 0, 0, 0.0137, 55.95, -0.5492
20250102, LSCC, 80, 20270115, C, 0, 0, 0.0108, 55.95, 0.4754
20250102, LSCC, 80, 20270115, P, 0, 0, 0.0143, 55.95, -0.6034
20250102, LSCC, 85, 20270115, C, 0, 0, 0.0108, 55.95, 0.4362
20250102, LSCC, 85, 20270115, P, 0, 0, 0.0149, 55.95, -0.6568
20250102, LSCC, 90, 20270115, C, 0, 4, 0.0106, 55.95, 0.3989
20250102, LSCC, 90, 20270115, P, 0, 0, 0.0154, 55.95, -0.7095
20250106, LSCC, 22.5, 20250117, C, 0, 0, 0, 57.24, 1
20250106, LSCC, 22.5, 20250117, P, 0, 4, 0, 57.24, -0.0002
20250106, LSCC, 25, 20250117, C, 0, 0, 0.0001, 57.24, 1
20250106, LSCC, 25, 20250117, P, 0, 5, 0.0001, 57.24, -0.0003
20250106, LSCC, 30, 20250117, C, 0, 0, 0.0002, 57.24, 0.9998
20250106, LSCC, 30, 20250117, P, 0, 2371, 0.0002, 57.24, -0.0008
20250106, LSCC, 35, 20250117, C, 0, 14, 0.0006, 57.24, 0.9986
20250106, LSCC, 35, 20250117, P, 0, 1064, 0.0006, 57.24, -0.0019
20250106, LSCC, 40, 20250117, C, 0, 39, 0.0018, 57.24, 0.9952
20250106, LSCC, 40, 20250117, P, 0, 1457, 0.0018, 57.24, -0.0054
20250106, LSCC, 45, 20250117, C, 0, 45, 0.0063, 57.24, 0.9831
20250106, LSCC, 45, 20250117, P, 0, 709, 0.0064, 57.24, -0.0175
20250106, LSCC, 50, 20250117, C, 0, 306, 0.024, 57.24, 0.9329
20250106, LSCC, 50, 20250117, P, 0, 628, 0.0242, 57.24, -0.0681
20250106, LSCC, 55, 20250117, C, 1, 866, 0.0746, 57.24, 0.7177
20250106, LSCC, 55, 20250117, P, 120, 404, 0.0754, 57.24, -0.2855
20250106, LSCC, 60, 20250117, C, 13, 343, 0.0767, 57.24, 0.3017
20250106, LSCC, 60, 20250117, P, 0, 593, 0.0777, 57.24, -0.706
20250106, LSCC, 65, 20250117, C, 119, 871, 0.0318, 57.24, 0.0921
20250106, LSCC, 65, 20250117, P, 0, 153, 0.0331, 57.24, -0.9184
20250106, LSCC, 70, 20250117, C, 0, 727, 0.0117, 57.24, 0.0308
20250106, LSCC, 70, 20250117, P, 0, 34, 0.013, 57.24, -0.9827
20250106, LSCC, 75, 20250117, C, 0, 780, 0.0047, 57.24, 0.0119
20250106, LSCC, 75, 20250117, P, 0, 4, 0.002, 57.24, -0.9984
20250106, LSCC, 80, 20250117, C, 0, 81, 0.002, 57.24, 0.0051
20250106, LSCC, 80, 20250117, P, 0, 0, 0, 57.24, -1
20250106, LSCC, 85, 20250117, C, 0, 88, 0.001, 57.24, 0.0024
20250106, LSCC, 85, 20250117, P, 0, 0, 0, 57.24, -1
20250106, LSCC, 90, 20250117, C, 0, 146, 0.0005, 57.24, 0.0012
20250106, LSCC, 90, 20250117, P, 0, 0, 0, 57.24, -1
20250106, LSCC, 95, 20250117, C, 0, 62, 0.0003, 57.24, 0.0007
20250106, LSCC, 95, 20250117, P, 0, 0, 0, 57.24, -1
20250106, LSCC, 100, 20250117, C, 0, 126, 0.0001, 57.24, 0.0004
20250106, LSCC, 100, 20250117, P, 0, 0, 0, 57.24, -1
20250106, LSCC, 105, 20250117, C, 0, 39, 0.0001, 57.24, 0.0002
20250106, LSCC, 105, 20250117, P, 0, 0, 0, 57.24, -1
20250106, LSCC, 110, 20250117, C, 0, 118, 0, 57.24, 0.0001
20250106, LSCC, 110, 20250117, P, 0, 0, 0, 57.24, -1
20250106, LSCC, 115, 20250117, C, 0, 30, 0, 57.24, 0.0001
20250106, LSCC, 115, 20250117, P, 0, 0, 0, 57.24, -1
20250106, LSCC, 120, 20250117, C, 0, 88, 0, 57.24, 0
20250106, LSCC, 120, 20250117, P, 0, 0, 0, 57.24, -1
20250106, LSCC, 125, 20250117, C, 0, 63, 0, 57.24, 0
20250106, LSCC, 125, 20250117, P, 0, 0, 0, 57.24, -1
20250106, LSCC, 130, 20250117, C, 0, 42, 0, 57.24, 0
20250106, LSCC, 130, 20250117, P, 0, 0, 0, 57.24, -1
20250106, LSCC, 135, 20250117, C, 0, 90, 0, 57.24, 0
20250106, LSCC, 135, 20250117, P, 0, 0, 0, 57.24, -1
20250106, LSCC, 35, 20250221, C, 0, 0, 0.0035, 57.24, 0.9778
20250106, LSCC, 35, 20250221, P, 0, 0, 0.0035, 57.24, -0.0227
20250106, LSCC, 40, 20250221, C, 0, 0, 0.0075, 57.24, 0.9506
20250106, LSCC, 40, 20250221, P, 0, 4, 0.0076, 57.24, -0.0499
20250106, LSCC, 45, 20250221, C, 0, 0, 0.0148, 57.24, 0.8944
20250106, LSCC, 45, 20250221, P, 0, 9, 0.0148, 57.24, -0.1065
20250106, LSCC, 50, 20250221, C, 0, 0, 0.0251, 57.24, 0.7909
20250106, LSCC, 50, 20250221, P, 1, 8, 0.0253, 57.24, -0.211
20250106, LSCC, 55, 20250221, C, 1, 5, 0.0347, 57.24, 0.6339
20250106, LSCC, 55, 20250221, P, 18, 11, 0.0351, 57.24, -0.3696
20250106, LSCC, 60, 20250221, C, 2, 63, 0.0376, 57.24, 0.4501
20250106, LSCC, 60, 20250221, P, 0, 237, 0.0384, 57.24, -0.5564
20250106, LSCC, 65, 20250221, C, 27, 158, 0.0326, 57.24, 0.2851
20250106, LSCC, 65, 20250221, P, 0, 0, 0.0337, 57.24, -0.7256
20250106, LSCC, 70, 20250221, C, 1, 8, 0.0238, 57.24, 0.1663
20250106, LSCC, 70, 20250221, P, 0, 0, 0.0252, 57.24, -0.8495
20250106, LSCC, 75, 20250221, C, 0, 0, 0.0156, 57.24, 0.0926
20250106, LSCC, 75, 20250221, P, 0, 0, 0.0174, 57.24, -0.929
20250106, LSCC, 80, 20250221, C, 0, 7, 0.0096, 57.24, 0.0505
20250106, LSCC, 80, 20250221, P, 0, 0, 0.012, 57.24, -0.9777
20250106, LSCC, 85, 20250221, C, 0, 0, 0.0057, 57.24, 0.0275
20250106, LSCC, 85, 20250221, P, 0, 0, 0.0016, 57.24, -0.9984
20250106, LSCC, 90, 20250221, C, 0, 0, 0.0034, 57.24, 0.015
20250106, LSCC, 90, 20250221, P, 0, 0, 0, 57.24, -1
20250106, LSCC, 95, 20250221, C, 0, 30, 0.002, 57.24, 0.0084
20250106, LSCC, 95, 20250221, P, 0, 0, 0, 57.24, -1
20250106, LSCC, 22.5, 20250321, C, 0, 0, 0.0009, 57.24, 0.9919
20250106, LSCC, 22.5, 20250321, P, 0, 828, 0.0009, 57.24, -0.0085
20250106, LSCC, 25, 20250321, C, 0, 0, 0.0013, 57.24, 0.9888
20250106, LSCC, 25, 20250321, P, 0, 300, 0.0013, 57.24, -0.0117
20250106, LSCC, 30, 20250321, C, 0, 1, 0.0026, 57.24, 0.9784
20250106, LSCC, 30, 20250321, P, 0, 20, 0.0026, 57.24, -0.022
20250106, LSCC, 35, 20250321, C, 0, 9, 0.0048, 57.24, 0.9591
20250106, LSCC, 35, 20250321, P, 0, 26, 0.0049, 57.24, -0.0415
20250106, LSCC, 40, 20250321, C, 0, 63, 0.0088, 57.24, 0.9235
20250106, LSCC, 40, 20250321, P, 0, 207, 0.0088, 57.24, -0.0773
20250106, LSCC, 45, 20250321, C, 0, 55, 0.0147, 57.24, 0.8616
20250106, LSCC, 45, 20250321, P, 0, 1386, 0.0148, 57.24, -0.1398
20250106, LSCC, 50, 20250321, C, 0, 207, 0.022, 57.24, 0.7639
20250106, LSCC, 50, 20250321, P, 0, 497, 0.0223, 57.24, -0.2387
20250106, LSCC, 55, 20250321, C, 0, 272, 0.0284, 57.24, 0.631
20250106, LSCC, 55, 20250321, P, 0, 328, 0.0289, 57.24, -0.3737
20250106, LSCC, 60, 20250321, C, 0, 256, 0.0309, 57.24, 0.4808
20250106, LSCC, 60, 20250321, P, 0, 228, 0.0318, 57.24, -0.5274
20250106, LSCC, 65, 20250321, C, 7, 434, 0.0288, 57.24, 0.3403
20250106, LSCC, 65, 20250321, P, 0, 167, 0.03, 57.24, -0.6727
20250106, LSCC, 70, 20250321, C, 16, 1024, 0.0238, 57.24, 0.2281
20250106, LSCC, 70, 20250321, P, 0, 27, 0.0254, 57.24, -0.7909
20250106, LSCC, 75, 20250321, C, 4, 68, 0.018, 57.24, 0.1479
20250106, LSCC, 75, 20250321, P, 0, 23, 0.02, 57.24, -0.8778
20250106, LSCC, 80, 20250321, C, 4, 35, 0.0129, 57.24, 0.0944
20250106, LSCC, 80, 20250321, P, 0, 0, 0.0156, 57.24, -0.9388
20250106, LSCC, 85, 20250321, C, 0, 35, 0.009, 57.24, 0.06
20250106, LSCC, 85, 20250321, P, 0, 0, 0.012, 57.24, -0.9811
20250106, LSCC, 90, 20250321, C, 0, 169, 0.0062, 57.24, 0.0383
20250106, LSCC, 90, 20250321, P, 0, 0, 0.0006, 57.24, -0.9992
20250106, LSCC, 25, 20250620, C, 0, 0, 0.002, 57.24, 0.9762
20250106, LSCC, 25, 20250620, P, 0, 1, 0.0021, 57.24, -0.025
20250106, LSCC, 30, 20250620, C, 0, 0, 0.0036, 57.24, 0.9573
20250106, LSCC, 30, 20250620, P, 0, 13, 0.0036, 57.24, -0.044
20250106, LSCC, 35, 20250620, C, 0, 0, 0.0059, 57.24, 0.927
20250106, LSCC, 35, 20250620, P, 0, 10, 0.006, 57.24, -0.0747
20250106, LSCC, 40, 20250620, C, 0, 2, 0.009, 57.24, 0.8814
20250106, LSCC, 40, 20250620, P, 0, 549, 0.0092, 57.24, -0.1211
20250106, LSCC, 45, 20250620, C, 0, 50, 0.0127, 57.24, 0.8174
20250106, LSCC, 45, 20250620, P, 0, 21, 0.013, 57.24, -0.1864
20250106, LSCC, 50, 20250620, C, 0, 0, 0.0164, 57.24, 0.7353
20250106, LSCC, 50, 20250620, P, 0, 57, 0.0168, 57.24, -0.2705
20250106, LSCC, 55, 20250620, C, 1, 1, 0.0193, 57.24, 0.6393
20250106, LSCC, 55, 20250620, P, 0, 12, 0.02, 57.24, -0.3695
20250106, LSCC, 60, 20250620, C, 4, 32, 0.021, 57.24, 0.5378
20250106, LSCC, 60, 20250620, P, 0, 29, 0.022, 57.24, -0.4757
20250106, LSCC, 65, 20250620, C, 0, 37, 0.0211, 57.24, 0.439
20250106, LSCC, 65, 20250620, P, 0, 46, 0.0225, 57.24, -0.5799
20250106, LSCC, 70, 20250620, C, 0, 130, 0.02, 57.24, 0.3497
20250106, LSCC, 70, 20250620, P, 0, 4, 0.0217, 57.24, -0.676
20250106, LSCC, 75, 20250620, C, 1, 30, 0.018, 57.24, 0.2735
20250106, LSCC, 75, 20250620, P, 0, 9, 0.0202, 57.24, -0.7603
20250106, LSCC, 80, 20250620, C, 0, 22, 0.0156, 57.24, 0.2109
20250106, LSCC, 80, 20250620, P, 0, 0, 0.0183, 57.24, -0.8317
20250106, LSCC, 85, 20250620, C, 0, 13, 0.0132, 57.24, 0.1615
20250106, LSCC, 85, 20250620, P, 0, 0, 0.0164, 57.24, -0.891
20250106, LSCC, 90, 20250620, C, 0, 11, 0.0109, 57.24, 0.1231
20250106, LSCC, 90, 20250620, P, 0, 0, 0.015, 57.24, -0.9407
20250106, LSCC, 22.5, 20260116, C, 0, 11, 0.0019, 57.24, 0.9734
20250106, LSCC, 22.5, 20260116, P, 0, 2, 0.0019, 57.24, -0.0308
20250106, LSCC, 25, 20260116, C, 0, 8, 0.0025, 57.24, 0.9631
20250106, LSCC, 25, 20260116, P, 0, 5, 0.0026, 57.24, -0.0413
20250106, LSCC, 30, 20260116, C, 0, 9, 0.004, 57.24, 0.9358
20250106, LSCC, 30, 20260116, P, 0, 241, 0.0041, 57.24, -0.0693
20250106, LSCC, 35, 20260116, C, 0, 4, 0.0057, 57.24, 0.8987
20250106, LSCC, 35, 20260116, P, 0, 31, 0.0059, 57.24, -0.1075
20250106, LSCC, 40, 20260116, C, 0, 3, 0.0077, 57.24, 0.852
20250106, LSCC, 40, 20260116, P, 0, 21, 0.008, 57.24, -0.1559
20250106, LSCC, 45, 20260116, C, 0, 12, 0.0096, 57.24, 0.797
20250106, LSCC, 45, 20260116, P, 0, 34, 0.01, 57.24, -0.2136
20250106, LSCC, 50, 20260116, C, 0, 10, 0.0113, 57.24, 0.7355
20250106, LSCC, 50, 20260116, P, 0, 69, 0.012, 57.24, -0.2783
20250106, LSCC, 55, 20260116, C, 3, 63, 0.0127, 57.24, 0.6701
20250106, LSCC, 55, 20260116, P, 0, 13, 0.0136, 57.24, -0.3483
20250106, LSCC, 60, 20260116, C, 0, 71, 0.0137, 57.24, 0.6033
20250106, LSCC, 60, 20260116, P, 0, 231, 0.0149, 57.24, -0.4205
20250106, LSCC, 65, 20260116, C, 0, 42, 0.0143, 57.24, 0.5379
20250106, LSCC, 65, 20260116, P, 0, 39, 0.0158, 57.24, -0.4927
20250106, LSCC, 70, 20260116, C, 0, 164, 0.0144, 57.24, 0.475
20250106, LSCC, 70, 20260116, P, 0, 36, 0.0164, 57.24, -0.5634
20250106, LSCC, 75, 20260116, C, 0, 27, 0.0142, 57.24, 0.4165
20250106, LSCC, 75, 20260116, P, 0, 10, 0.0167, 57.24, -0.631
20250106, LSCC, 80, 20260116, C, 0, 47, 0.0138, 57.24, 0.363
20250106, LSCC, 80, 20260116, P, 0, 0, 0.0167, 57.24, -0.6949
20250106, LSCC, 85, 20260116, C, 0, 118, 0.0131, 57.24, 0.3148
20250106, LSCC, 85, 20260116, P, 0, 0, 0.0165, 57.24, -0.7547
20250106, LSCC, 90, 20260116, C, 0, 19, 0.0122, 57.24, 0.272
20250106, LSCC, 90, 20260116, P, 0, 0, 0.0163, 57.24, -0.8105
20250106, LSCC, 95, 20260116, C, 0, 10, 0.0114, 57.24, 0.2346
20250106, LSCC, 95, 20260116, P, 0, 0, 0.016, 57.24, -0.8618
20250106, LSCC, 100, 20260116, C, 0, 56, 0.0104, 57.24, 0.2018
20250106, LSCC, 100, 20260116, P, 0, 0, 0.0158, 57.24, -0.91
20250106, LSCC, 105, 20260116, C, 0, 4, 0.0095, 57.24, 0.1733
20250106, LSCC, 105, 20260116, P, 0, 0, 0.0142, 57.24, -0.9521
20250106, LSCC, 110, 20260116, C, 0, 124, 0.0086, 57.24, 0.1487
20250106, LSCC, 110, 20260116, P, 0, 0, 0.0077, 57.24, -0.9808
20250106, LSCC, 115, 20260116, C, 0, 1, 0.0077, 57.24, 0.1276
20250106, LSCC, 115, 20260116, P, 0, 0, 0.0017, 57.24, -0.9957
20250106, LSCC, 120, 20260116, C, 0, 13, 0.007, 57.24, 0.1095
20250106, LSCC, 120, 20260116, P, 0, 0, 0, 57.24, -1
20250106, LSCC, 125, 20260116, C, 0, 17, 0.0062, 57.24, 0.094
20250106, LSCC, 125, 20260116, P, 0, 0, 0, 57.24, -1
20250106, LSCC, 130, 20260116, C, 0, 10, 0.0056, 57.24, 0.0808
20250106, LSCC, 130, 20260116, P, 0, 0, 0, 57.24, -1
20250106, LSCC, 135, 20260116, C, 0, 59, 0.0049, 57.24, 0.0695
20250106, LSCC, 135, 20260116, P, 0, 0, 0, 57.24, -1
20250106, LSCC, 22.5, 20270115, C, 0, 0, 0.0021, 57.24, 0.966
20250106, LSCC, 22.5, 20270115, P, 0, 6, 0.0022, 57.24, -0.048
20250106, LSCC, 25, 20270115, C, 0, 0, 0.0026, 57.24, 0.9536
20250106, LSCC, 25, 20270115, P, 0, 0, 0.0027, 57.24, -0.061
20250106, LSCC, 30, 20270115, C, 0, 0, 0.0036, 57.24, 0.9244
20250106, LSCC, 30, 20270115, P, 0, 1, 0.0038, 57.24, -0.0919
20250106, LSCC, 35, 20270115, C, 0, 10, 0.0047, 57.24, 0.8902
20250106, LSCC, 35, 20270115, P, 0, 0, 0.0051, 57.24, -0.1286
20250106, LSCC, 40, 20270115, C, 0, 0, 0.0058, 57.24, 0.8517
20250106, LSCC, 40, 20270115, P, 0, 1, 0.0064, 57.24, -0.1703
20250106, LSCC, 45, 20270115, C, 0, 1, 0.0069, 57.24, 0.8098
20250106, LSCC, 45, 20270115, P, 0, 37, 0.0076, 57.24, -0.2162
20250106, LSCC, 50, 20270115, C, 0, 10, 0.0078, 57.24, 0.7657
20250106, LSCC, 50, 20270115, P, 0, 9, 0.0088, 57.24, -0.2655
20250106, LSCC, 55, 20270115, C, 0, 20, 0.0087, 57.24, 0.7205
20250106, LSCC, 55, 20270115, P, 0, 4, 0.01, 57.24, -0.3173
20250106, LSCC, 60, 20270115, C, 0, 34, 0.0094, 57.24, 0.6743
20250106, LSCC, 60, 20270115, P, 0, 2, 0.011, 57.24, -0.371
20250106, LSCC, 65, 20270115, C, 0, 49, 0.0099, 57.24, 0.6285
20250106, LSCC, 65, 20270115, P, 0, 0, 0.012, 57.24, -0.4257
20250106, LSCC, 70, 20270115, C, 0, 0, 0.0103, 57.24, 0.5838
20250106, LSCC, 70, 20270115, P, 0, 0, 0.0128, 57.24, -0.4809
20250106, LSCC, 75, 20270115, C, 0, 3, 0.0106, 57.24, 0.5401
20250106, LSCC, 75, 20270115, P, 0, 0, 0.0136, 57.24, -0.536
20250106, LSCC, 80, 20270115, C, 0, 0, 0.0107, 57.24, 0.498
20250106, LSCC, 80, 20270115, P, 0, 0, 0.0143, 57.24, -0.5915
20250106, LSCC, 85, 20270115, C, 0, 0, 0.0108, 57.24, 0.4579
20250106, LSCC, 85, 20270115, P, 0, 0, 0.0149, 57.24, -0.6462
20250106, LSCC, 90, 20270115, C, 0, 4, 0.0107, 57.24, 0.4199
20250106, LSCC, 90, 20270115, P, 0, 0, 0.0155, 57.24, -0.7006
20250107, LSCC, 22.5, 20250117, C, 0, 0, 0.0002, 57.58, 0.9985
20250107, LSCC, 22.5, 20250117, P, 0, 4, 0.0002, 57.58, -0.0012
20250107, LSCC, 25, 20250117, C, 0, 0, 0.0003, 57.58, 0.9981
20250107, LSCC, 25, 20250117, P, 0, 5, 0.0003, 57.58, -0.0016
20250107, LSCC, 30, 20250117, C, 0, 0, 0.0006, 57.58, 0.9968
20250107, LSCC, 30, 20250117, P, 4, 2371, 0.0006, 57.58, -0.0029
20250107, LSCC, 35, 20250117, C, 0, 14, 0.0014, 57.58, 0.9941
20250107, LSCC, 35, 20250117, P, 0, 1063, 0.0014, 57.58, -0.0056
20250107, LSCC, 40, 20250117, C, 0, 39, 0.0032, 57.58, 0.9878
20250107, LSCC, 40, 20250117, P, 0, 1457, 0.0032, 57.58, -0.0119
20250107, LSCC, 45, 20250117, C, 0, 45, 0.0083, 57.58, 0.9715
20250107, LSCC, 45, 20250117, P, 1, 709, 0.0083, 57.58, -0.0283
20250107, LSCC, 50, 20250117, C, 0, 306, 0.0244, 57.58, 0.9202
20250107, LSCC, 50, 20250117, P, 0, 628, 0.0245, 57.58, -0.0799
20250107, LSCC, 55, 20250117, C, 0, 865, 0.0696, 57.58, 0.7322
20250107, LSCC, 55, 20250117, P, 0, 414, 0.0701, 57.58, -0.2692
20250107, LSCC, 60, 20250117, C, 31, 359, 0.08, 57.58, 0.3194
20250107, LSCC, 60, 20250117, P, 0, 594, 0.0806, 57.58, -0.6842
20250107, LSCC, 65, 20250117, C, 3, 823, 0.0339, 57.58, 0.1006
20250107, LSCC, 65, 20250117, P, 0, 153, 0.0344, 57.58, -0.9046
20250107, LSCC, 70, 20250117, C, 1, 727, 0.0133, 57.58, 0.0371
20250107, LSCC, 70, 20250117, P, 0, 34, 0.0146, 57.58, -0.9695
20250107, LSCC, 75, 20250117, C, 0, 780, 0.0058, 57.58, 0.0161
20250107, LSCC, 75, 20250117, P, 0, 4, 0.006, 57.58, -0.9916
20250107, LSCC, 80, 20250117, C, 0, 81, 0.0028, 57.58, 0.0078
20250107, LSCC, 80, 20250117, P, 0, 0, 0.0016, 57.58, -0.9983
20250107, LSCC, 85, 20250117, C, 0, 88, 0.0015, 57.58, 0.0042
20250107, LSCC, 85, 20250117, P, 0, 0, 0.0002, 57.58, -0.9998
20250107, LSCC, 90, 20250117, C, 0, 146, 0.0008, 57.58, 0.0024
20250107, LSCC, 90, 20250117, P, 0, 0, 0, 57.58, -1
20250107, LSCC, 95, 20250117, C, 0, 62, 0.0005, 57.58, 0.0014
20250107, LSCC, 95, 20250117, P, 0, 0, 0, 57.58, -1
20250107, LSCC, 100, 20250117, C, 0, 126, 0.0003, 57.58, 0.0009
20250107, LSCC, 100, 20250117, P, 0, 0, 0, 57.58, -1
20250107, LSCC, 105, 20250117, C, 0, 39, 0.0002, 57.58, 0.0006
20250107, LSCC, 105, 20250117, P, 0, 0, 0, 57.58, -1
20250107, LSCC, 110, 20250117, C, 0, 118, 0.0001, 57.58, 0.0004
20250107, LSCC, 110, 20250117, P, 0, 0, 0, 57.58, -1
20250107, LSCC, 115, 20250117, C, 0, 30, 0.0001, 57.58, 0.0003
20250107, LSCC, 115, 20250117, P, 0, 0, 0, 57.58, -1
20250107, LSCC, 120, 20250117, C, 0, 88, 0.0001, 57.58, 0.0002
20250107, LSCC, 120, 20250117, P, 0, 0, 0, 57.58, -1
20250107, LSCC, 125, 20250117, C, 0, 63, 0, 57.58, 0.0001
20250107, LSCC, 125, 20250117, P, 0, 0, 0, 57.58, -1
20250107, LSCC, 130, 20250117, C, 0, 42, 0, 57.58, 0.0001
20250107, LSCC, 130, 20250117, P, 0, 0, 0, 57.58, -1
20250107, LSCC, 135, 20250117, C, 0, 90, 0, 57.58, 0.0001
20250107, LSCC, 135, 20250117, P, 0, 0, 0, 57.58, -1
20250107, LSCC, 35, 20250221, C, 0, 0, 0.0036, 57.58, 0.975
20250107, LSCC, 35, 20250221, P, 0, 0, 0.0036, 57.58, -0.0242
20250107, LSCC, 40, 20250221, C, 0, 0, 0.0074, 57.58, 0.9488
20250107, LSCC, 40, 20250221, P, 0, 4, 0.0074, 57.58, -0.0505
20250107, LSCC, 45, 20250221, C, 0, 0, 0.0143, 57.58, 0.8954
20250107, LSCC, 45, 20250221, P, 0, 9, 0.0144, 57.58, -0.1041
20250107, LSCC, 50, 20250221, C, 0, 0, 0.0244, 57.58, 0.7963
20250107, LSCC, 50, 20250221, P, 0, 9, 0.0246, 57.58, -0.2039
20250107, LSCC, 55, 20250221, C, 0, 6, 0.0343, 57.58, 0.6425
20250107, LSCC, 55, 20250221, P, 0, 28, 0.0346, 57.58, -0.359
20250107, LSCC, 60, 20250221, C, 0, 64, 0.0376, 57.58, 0.4592
20250107, LSCC, 60, 20250221, P, 0, 237, 0.0381, 57.58, -0.5445
20250107, LSCC, 65, 20250221, C, 3, 159, 0.0328, 57.58, 0.2942
20250107, LSCC, 65, 20250221, P, 0, 0, 0.0336, 57.58, -0.7129
20250107, LSCC, 70, 20250221, C, 1, 8, 0.0242, 57.58, 0.1756
20250107, LSCC, 70, 20250221, P, 0, 0, 0.0254, 57.58, -0.8356
20250107, LSCC, 75, 20250221, C, 0, 0, 0.0162, 57.58, 0.1013
20250107, LSCC, 75, 20250221, P, 0, 0, 0.0176, 57.58, -0.914
20250107, LSCC, 80, 20250221, C, 0, 7, 0.0104, 57.58, 0.058
20250107, LSCC, 80, 20250221, P, 0, 0, 0.0125, 57.58, -0.9619
20250107, LSCC, 85, 20250221, C, 0, 0, 0.0065, 57.58, 0.0335
20250107, LSCC, 85, 20250221, P, 0, 0, 0.0068, 57.58, -0.9905
20250107, LSCC, 90, 20250221, C, 0, 0, 0.004, 57.58, 0.0196
20250107, LSCC, 90, 20250221, P, 0, 0, 0.0002, 57.58, -0.9998
20250107, LSCC, 95, 20250221, C, 0, 30, 0.0025, 57.58, 0.0116
20250107, LSCC, 95, 20250221, P, 0, 0, 0, 57.58, -1
20250107, LSCC, 22.5, 20250321, C, 0, 0, 0.0008, 57.58, 0.9944
20250107, LSCC, 22.5, 20250321, P, 0, 828, 0.0008, 57.58, -0.0068
20250107, LSCC, 25, 20250321, C, 0, 0, 0.0011, 57.58, 0.9916
20250107, LSCC, 25, 20250321, P, 0, 300, 0.0011, 57.58, -0.0096
20250107, LSCC, 30, 20250321, C, 0, 1, 0.0023, 57.58, 0.9824
20250107, LSCC, 30, 20250321, P, 0, 20, 0.0023, 57.58, -0.0189
20250107, LSCC, 35, 20250321, C, 0, 9, 0.0045, 57.58, 0.9644
20250107, LSCC, 35, 20250321, P, 0, 26, 0.0045, 57.58, -0.0371
20250107, LSCC, 40, 20250321, C, 0, 63, 0.0083, 57.58, 0.9304
20250107, LSCC, 40, 20250321, P, 0, 207, 0.0084, 57.58, -0.0713
20250107, LSCC, 45, 20250321, C, 0, 55, 0.0142, 57.58, 0.8702
20250107, LSCC, 45, 20250321, P, 0, 1386, 0.0144, 57.58, -0.1322
20250107, LSCC, 50, 20250321, C, 0, 207, 0.0216, 57.58, 0.7741
20250107, LSCC, 50, 20250321, P, 1, 497, 0.0219, 57.58, -0.2292
20250107, LSCC, 55, 20250321, C, 0, 272, 0.0281, 57.58, 0.6424
20250107, LSCC, 55, 20250321, P, 0, 327, 0.0286, 57.58, -0.3632
20250107, LSCC, 60, 20250321, C, 0, 256, 0.0309, 57.58, 0.4926
20250107, LSCC, 60, 20250321, P, 1, 228, 0.0317, 57.58, -0.5164
20250107, LSCC, 65, 20250321, C, 0, 438, 0.029, 57.58, 0.3513
20250107, LSCC, 65, 20250321, P, 5, 172, 0.0303, 57.58, -0.6629
20250107, LSCC, 70, 20250321, C, 5, 1037, 0.0242, 57.58, 0.2369
20250107, LSCC, 70, 20250321, P, 0, 27, 0.0258, 57.58, -0.7833
20250107, LSCC, 75, 20250321, C, 0, 70, 0.0184, 57.58, 0.1539
20250107, LSCC, 75, 20250321, P, 0, 23, 0.0205, 57.58, -0.8732
20250107, LSCC, 80, 20250321, C, 0, 39, 0.0133, 57.58, 0.0982
20250107, LSCC, 80, 20250321, P, 0, 0, 0.0156, 57.58, -0.9362
20250107, LSCC, 85, 20250321, C, 0, 35, 0.0093, 57.58, 0.0623
20250107, LSCC, 85, 20250321, P, 0, 0, 0.0133, 57.58, -0.9802
20250107, LSCC, 90, 20250321, C, 0, 169, 0.0064, 57.58, 0.0396
20250107, LSCC, 90, 20250321, P, 0, 0, 0.0002, 57.58, -0.9997
20250107, LSCC, 25, 20250620, C, 0, 0, 0.0019, 57.58, 0.976
20250107, LSCC, 25, 20250620, P, 0, 1, 0.0019, 57.58, -0.023
20250107, LSCC, 30, 20250620, C, 0, 0, 0.0034, 57.58, 0.9576
20250107, LSCC, 30, 20250620, P, 0, 13, 0.0035, 57.58, -0.0416
20250107, LSCC, 35, 20250620, C, 0, 0, 0.0058, 57.58, 0.9277
20250107, LSCC, 35, 20250620, P, 0, 10, 0.0058, 57.58, -0.0719
20250107, LSCC, 40, 20250620, C, 0, 2, 0.0088, 57.58, 0.8822
20250107, LSCC, 40, 20250620, P, 0, 549, 0.009, 57.58, -0.1181
20250107, LSCC, 45, 20250620, C, 0, 50, 0.0125, 57.58, 0.8186
20250107, LSCC, 45, 20250620, P, 0, 21, 0.0127, 57.58, -0.1828
20250107, LSCC, 50, 20250620, C, 0, 0, 0.0161, 57.58, 0.7372
20250107, LSCC, 50, 20250620, P, 0, 57, 0.0165, 57.58, -0.2662
20250107, LSCC, 55, 20250620, C, 0, 2, 0.019, 57.58, 0.6424
20250107, LSCC, 55, 20250620, P, 0, 12, 0.0196, 57.58, -0.3636
20250107, LSCC, 60, 20250620, C, 10, 34, 0.0207, 57.58, 0.5416
20250107, LSCC, 60, 20250620, P, 0, 29, 0.0216, 57.58, -0.4682
20250107, LSCC, 65, 20250620, C, 0, 37, 0.0209, 57.58, 0.4432
20250107, LSCC, 65, 20250620, P, 0, 46, 0.0222, 57.58, -0.5719
20250107, LSCC, 70, 20250620, C, 0, 130, 0.0199, 57.58, 0.3532
20250107, LSCC, 70, 20250620, P, 0, 4, 0.0215, 57.58, -0.6679
20250107, LSCC, 75, 20250620, C, 1, 31, 0.018, 57.58, 0.2762
20250107, LSCC, 75, 20250620, P, 0, 9, 0.02, 57.58, -0.7524
20250107, LSCC, 80, 20250620, C, 0, 22, 0.0157, 57.58, 0.2126
20250107, LSCC, 80, 20250620, P, 0, 0, 0.0181, 57.58, -0.8242
20250107, LSCC, 85, 20250620, C, 0, 13, 0.0132, 57.58, 0.1621
20250107, LSCC, 85, 20250620, P, 0, 0, 0.0161, 57.58, -0.8841
20250107, LSCC, 90, 20250620, C, 0, 11, 0.0109, 57.58, 0.1228
20250107, LSCC, 90, 20250620, P, 0, 0, 0.0143, 57.58, -0.9334
20250107, LSCC, 22.5, 20260116, C, 0, 11, 0.0019, 57.58, 0.9731
20250107, LSCC, 22.5, 20260116, P, 0, 2, 0.0019, 57.58, -0.03
20250107, LSCC, 25, 20260116, C, 0, 8, 0.0024, 57.58, 0.963
20250107, LSCC, 25, 20260116, P, 0, 5, 0.0025, 57.58, -0.0404
20250107, LSCC, 30, 20260116, C, 0, 9, 0.0039, 57.58, 0.9361
20250107, LSCC, 30, 20260116, P, 0, 241, 0.004, 57.58, -0.068
20250107, LSCC, 35, 20260116, C, 0, 4, 0.0056, 57.58, 0.8995
20250107, LSCC, 35, 20260116, P, 0, 31, 0.0058, 57.58, -0.1057
20250107, LSCC, 40, 20260116, C, 0, 3, 0.0075, 57.58, 0.8534
20250107, LSCC, 40, 20260116, P, 0, 21, 0.0078, 57.58, -0.1534
20250107, LSCC, 45, 20260116, C, 0, 12, 0.0094, 57.58, 0.799
20250107, LSCC, 45, 20260116, P, 0, 34, 0.0099, 57.58, -0.2104
20250107, LSCC, 50, 20260116, C, 0, 10, 0.0112, 57.58, 0.7381
20250107, LSCC, 50, 20260116, P, 0, 69, 0.0118, 57.58, -0.2746
20250107, LSCC, 55, 20260116, C, 0, 63, 0.0126, 57.58, 0.6733
20250107, LSCC, 55, 20260116, P, 0, 13, 0.0134, 57.58, -0.3437
20250107, LSCC, 60, 20260116, C, 0, 71, 0.0136, 57.58, 0.6071
20250107, LSCC, 60, 20260116, P, 0, 231, 0.0148, 57.58, -0.4154
20250107, LSCC, 65, 20260116, C, 0, 42, 0.0141, 57.58, 0.5416
20250107, LSCC, 65, 20260116, P, 0, 39, 0.0157, 57.58, -0.487
20250107, LSCC, 70, 20260116, C, 0, 164, 0.0143, 57.58, 0.4789
20250107, LSCC, 70, 20260116, P, 0, 36, 0.0162, 57.58, -0.5574
20250107, LSCC, 75, 20260116, C, 0, 27, 0.0142, 57.58, 0.4205
20250107, LSCC, 75, 20260116, P, 0, 10, 0.0165, 57.58, -0.6248
20250107, LSCC, 80, 20260116, C, 0, 47, 0.0137, 57.58, 0.3669
20250107, LSCC, 80, 20260116, P, 0, 0, 0.0165, 57.58, -0.6885
20250107, LSCC, 85, 20260116, C, 0, 118, 0.013, 57.58, 0.3186
20250107, LSCC, 85, 20260116, P, 0, 0, 0.0164, 57.58, -0.7482
20250107, LSCC, 90, 20260116, C, 0, 19, 0.0122, 57.58, 0.2756
20250107, LSCC, 90, 20260116, P, 0, 0, 0.0162, 57.58, -0.804
20250107, LSCC, 95, 20260116, C, 0, 10, 0.0114, 57.58, 0.2377
20250107, LSCC, 95, 20260116, P, 0, 0, 0.016, 57.58, -0.8554
20250107, LSCC, 100, 20260116, C, 0, 56, 0.0104, 57.58, 0.2045
20250107, LSCC, 100, 20260116, P, 0, 0, 0.0155, 57.58, -0.9032
20250107, LSCC, 105, 20260116, C, 0, 4, 0.0095, 57.58, 0.1758
20250107, LSCC, 105, 20260116, P, 0, 0, 0.0151, 57.58, -0.9471
20250107, LSCC, 110, 20260116, C, 0, 124, 0.0086, 57.58, 0.151
20250107, LSCC, 110, 20260116, P, 0, 0, 0.0092, 57.58, -0.977
20250107, LSCC, 115, 20260116, C, 0, 1, 0.0078, 57.58, 0.1296
20250107, LSCC, 115, 20260116, P, 0, 0, 0.002, 57.58, -0.995
20250107, LSCC, 120, 20260116, C, 0, 13, 0.007, 57.58, 0.1112
20250107, LSCC, 120, 20260116, P, 0, 0, 0, 57.58, -1
20250107, LSCC, 125, 20260116, C, 0, 17, 0.0063, 57.58, 0.0955
20250107, LSCC, 125, 20260116, P, 0, 0, 0, 57.58, -1
20250107, LSCC, 130, 20260116, C, 0, 10, 0.0056, 57.58, 0.0821
20250107, LSCC, 130, 20260116, P, 0, 0, 0, 57.58, -1
20250107, LSCC, 135, 20260116, C, 0, 59, 0.005, 57.58, 0.0706
20250107, LSCC, 135, 20260116, P, 0, 0, 0, 57.58, -1
20250107, LSCC, 22.5, 20270115, C, 0, 0, 0.0021, 57.58, 0.9553
20250107, LSCC, 22.5, 20270115, P, 0, 6, 0.0022, 57.58, -0.0462
20250107, LSCC, 25, 20270115, C, 0, 0, 0.0026, 57.58, 0.9429
20250107, LSCC, 25, 20270115, P, 0, 0, 0.0027, 57.58, -0.0592
20250107, LSCC, 30, 20270115, C, 0, 0, 0.0036, 57.58, 0.9136
20250107, LSCC, 30, 20270115, P, 0, 1, 0.0038, 57.58, -0.09
20250107, LSCC, 35, 20270115, C, 0, 10, 0.0047, 57.58, 0.879
20250107, LSCC, 35, 20270115, P, 0, 0, 0.0051, 57.58, -0.1268
20250107, LSCC, 40, 20270115, C, 0, 0, 0.0058, 57.58, 0.84
20250107, LSCC, 40, 20270115, P, 0, 1, 0.0063, 57.58, -0.1687
20250107, LSCC, 45, 20270115, C, 0, 1, 0.0069, 57.58, 0.7979
20250107, LSCC, 45, 20270115, P, 0, 37, 0.0076, 57.58, -0.2148
20250107, LSCC, 50, 20270115, C, 0, 10, 0.0078, 57.58, 0.7536
20250107, LSCC, 50, 20270115, P, 0, 9, 0.0088, 57.58, -0.264
20250107, LSCC, 55, 20270115, C, 0, 20, 0.0087, 57.58, 0.7079
20250107, LSCC, 55, 20270115, P, 0, 4, 0.0098, 57.58, -0.3156
20250107, LSCC, 60, 20270115, C, 0, 35, 0.0094, 57.58, 0.6618
20250107, LSCC, 60, 20270115, P, 0, 2, 0.0108, 57.58, -0.3687
20250107, LSCC, 65, 20270115, C, 0, 49, 0.0099, 57.58, 0.616
20250107, LSCC, 65, 20270115, P, 0, 0, 0.0118, 57.58, -0.4227
20250107, LSCC, 70, 20270115, C, 0, 0, 0.0103, 57.58, 0.5708
20250107, LSCC, 70, 20270115, P, 0, 0, 0.0126, 57.58, -0.477
20250107, LSCC, 75, 20270115, C, 0, 3, 0.0105, 57.58, 0.5274
20250107, LSCC, 75, 20270115, P, 0, 0, 0.0133, 57.58, -0.5312
20250107, LSCC, 80, 20270115, C, 0, 0, 0.0106, 57.58, 0.4857
20250107, LSCC, 80, 20270115, P, 0, 0, 0.0139, 57.58, -0.585
20250107, LSCC, 85, 20270115, C, 0, 0, 0.0106, 57.58, 0.446
20250107, LSCC, 85, 20270115, P, 0, 0, 0.0145, 57.58, -0.6382
20250107, LSCC, 90, 20270115, C, 0, 4, 0.0105, 57.58, 0.4086
20250107, LSCC, 90, 20270115, P, 0, 0, 0.015, 57.58, -0.6906
