20241231, SITM, 115, 20250117, C, 0, 0, 0.0004, 214.53, 0.9915
20241231, SITM, 115, 20250117, P, 0, 1, 0.0004, 214.53, -0.008
20241231, SITM, 120, 20250117, C, 0, 0, 0.0004, 214.53, 0.9902
20241231, SITM, 120, 20250117, P, 0, 2, 0.0004, 214.53, -0.0094
20241231, SITM, 125, 20250117, C, 0, 0, 0.0005, 214.53, 0.9885
20241231, SITM, 125, 20250117, P, 0, 0, 0.0005, 214.53, -0.011
20241231, SITM, 130, 20250117, C, 0, 0, 0.0006, 214.53, 0.9866
20241231, SITM, 130, 20250117, P, 0, 0, 0.0006, 214.53, -0.013
20241231, SITM, 135, 20250117, C, 0, 0, 0.0008, 214.53, 0.9842
20241231, SITM, 135, 20250117, P, 0, 0, 0.0008, 214.53, -0.0154
20241231, SITM, 140, 20250117, C, 0, 0, 0.001, 214.53, 0.9813
20241231, SITM, 140, 20250117, P, 0, 0, 0.001, 214.53, -0.0183
20241231, SITM, 145, 20250117, C, 0, 0, 0.0012, 214.53, 0.9776
20241231, SITM, 145, 20250117, P, 0, 0, 0.0012, 214.53, -0.0219
20241231, SITM, 150, 20250117, C, 0, 0, 0.0014, 214.53, 0.9731
20241231, SITM, 150, 20250117, P, 0, 1, 0.0014, 214.53, -0.0264
20241231, SITM, 155, 20250117, C, 0, 0, 0.0018, 214.53, 0.9674
20241231, SITM, 155, 20250117, P, 0, 0, 0.0018, 214.53, -0.0321
20241231, SITM, 160, 20250117, C, 0, 0, 0.0022, 214.53, 0.9603
20241231, SITM, 160, 20250117, P, 0, 0, 0.0022, 214.53, -0.0393
20241231, SITM, 165, 20250117, C, 0, 1, 0.0028, 214.53, 0.9511
20241231, SITM, 165, 20250117, P, 0, 0, 0.0028, 214.53, -0.0485
20241231, SITM, 170, 20250117, C, 0, 0, 0.0034, 214.53, 0.9393
20241231, SITM, 170, 20250117, P, 0, 1, 0.0034, 214.53, -0.0604
20241231, SITM, 175, 20250117, C, 0, 0, 0.0043, 214.53, 0.9241
20241231, SITM, 175, 20250117, P, 0, 1, 0.0043, 214.53, -0.0756
20241231, SITM, 180, 20250117, C, 0, 0, 0.0054, 214.53, 0.9044
20241231, SITM, 180, 20250117, P, 0, 5, 0.0054, 214.53, -0.0955
20241231, SITM, 185, 20250117, C, 0, 0, 0.0067, 214.53, 0.8787
20241231, SITM, 185, 20250117, P, 0, 1, 0.0068, 214.53, -0.1213
20241231, SITM, 190, 20250117, C, 0, 1, 0.0083, 214.53, 0.8454
20241231, SITM, 190, 20250117, P, 0, 2, 0.0084, 214.53, -0.1547
20241231, SITM, 195, 20250117, C, 0, 2, 0.0102, 214.53, 0.8027
20241231, SITM, 195, 20250117, P, 0, 2, 0.0102, 214.53, -0.1976
20241231, SITM, 200, 20250117, C, 0, 1, 0.0121, 214.53, 0.7493
20241231, SITM, 200, 20250117, P, 0, 10, 0.0122, 214.53, -0.2513
20241231, SITM, 210, 20250117, C, 0, 8, 0.0153, 214.53, 0.611
20241231, SITM, 210, 20250117, P, 3, 3, 0.0154, 214.53, -0.3905
20241231, SITM, 220, 20250117, C, 5, 2, 0.016, 214.53, 0.4525
20241231, SITM, 220, 20250117, P, 3, 6, 0.0161, 214.53, -0.5502
20241231, SITM, 230, 20250117, C, 0, 5, 0.0139, 214.53, 0.3125
20241231, SITM, 230, 20250117, P, 2, 7, 0.0141, 214.53, -0.6913
20241231, SITM, 240, 20250117, C, 5, 20, 0.0108, 214.53, 0.2098
20241231, SITM, 240, 20250117, P, 0, 9, 0.011, 214.53, -0.795
20241231, SITM, 250, 20250117, C, 0, 4, 0.008, 214.53, 0.141
20241231, SITM, 250, 20250117, P, 0, 10, 0.0081, 214.53, -0.8646
20241231, SITM, 260, 20250117, C, 1, 5, 0.0058, 214.53, 0.096
20241231, SITM, 260, 20250117, P, 0, 0, 0.006, 214.53, -0.9104
20241231, SITM, 270, 20250117, C, 0, 188, 0.0042, 214.53, 0.0666
20241231, SITM, 270, 20250117, P, 0, 1, 0.0044, 214.53, -0.9406
20241231, SITM, 280, 20250117, C, 0, 2, 0.003, 214.53, 0.047
20241231, SITM, 280, 20250117, P, 0, 0, 0.0032, 214.53, -0.9609
20241231, SITM, 290, 20250117, C, 0, 0, 0.0022, 214.53, 0.0338
20241231, SITM, 290, 20250117, P, 0, 0, 0.0024, 214.53, -0.9747
20241231, SITM, 300, 20250117, C, 0, 1, 0.0017, 214.53, 0.0246
20241231, SITM, 300, 20250117, P, 0, 0, 0.0017, 214.53, -0.9839
20241231, SITM, 310, 20250117, C, 0, 4, 0.0012, 214.53, 0.0182
20241231, SITM, 310, 20250117, P, 0, 0, 0.0012, 214.53, -0.9901
20241231, SITM, 320, 20250117, C, 10, 23, 0.0009, 214.53, 0.0137
20241231, SITM, 320, 20250117, P, 0, 0, 0.0008, 214.53, -0.9942
20241231, SITM, 330, 20250117, C, 0, 5, 0.0007, 214.53, 0.0104
20241231, SITM, 330, 20250117, P, 0, 0, 0.0005, 214.53, -0.9966
20241231, SITM, 340, 20250117, C, 0, 0, 0.0006, 214.53, 0.008
20241231, SITM, 340, 20250117, P, 0, 0, 0.0003, 214.53, -0.9981
20241231, SITM, 350, 20250117, C, 0, 7, 0.0004, 214.53, 0.0062
20241231, SITM, 350, 20250117, P, 0, 0, 0.0002, 214.53, -0.999
20241231, SITM, 55, 20250221, C, 0, 0, 0.0001, 214.53, 0.9978
20241231, SITM, 55, 20250221, P, 0, 72, 0.0001, 214.53, -0.0029
20241231, SITM, 60, 20250221, C, 0, 0, 0.0001, 214.53, 0.9972
20241231, SITM, 60, 20250221, P, 0, 1, 0.0001, 214.53, -0.0036
20241231, SITM, 65, 20250221, C, 0, 0, 0.0001, 214.53, 0.9964
20241231, SITM, 65, 20250221, P, 0, 1, 0.0001, 214.53, -0.0044
20241231, SITM, 70, 20250221, C, 0, 0, 0.0001, 214.53, 0.9954
20241231, SITM, 70, 20250221, P, 0, 4, 0.0001, 214.53, -0.0054
20241231, SITM, 75, 20250221, C, 0, 0, 0.0002, 214.53, 0.9942
20241231, SITM, 75, 20250221, P, 0, 0, 0.0002, 214.53, -0.0065
20241231, SITM, 80, 20250221, C, 0, 1, 0.0002, 214.53, 0.9928
20241231, SITM, 80, 20250221, P, 0, 1, 0.0002, 214.53, -0.008
20241231, SITM, 85, 20250221, C, 0, 0, 0.0003, 214.53, 0.9911
20241231, SITM, 85, 20250221, P, 0, 0, 0.0003, 214.53, -0.0096
20241231, SITM, 90, 20250221, C, 0, 45, 0.0003, 214.53, 0.9891
20241231, SITM, 90, 20250221, P, 0, 1, 0.0003, 214.53, -0.0116
20241231, SITM, 95, 20250221, C, 0, 0, 0.0004, 214.53, 0.9867
20241231, SITM, 95, 20250221, P, 0, 1, 0.0004, 214.53, -0.014
20241231, SITM, 100, 20250221, C, 0, 0, 0.0005, 214.53, 0.9839
20241231, SITM, 100, 20250221, P, 0, 0, 0.0005, 214.53, -0.0169
20241231, SITM, 105, 20250221, C, 0, 1, 0.0006, 214.53, 0.9805
20241231, SITM, 105, 20250221, P, 0, 0, 0.0006, 214.53, -0.0203
20241231, SITM, 110, 20250221, C, 0, 2, 0.0007, 214.53, 0.9765
20241231, SITM, 110, 20250221, P, 0, 0, 0.0007, 214.53, -0.0243
20241231, SITM, 115, 20250221, C, 0, 0, 0.0008, 214.53, 0.9718
20241231, SITM, 115, 20250221, P, 0, 1, 0.0008, 214.53, -0.029
20241231, SITM, 120, 20250221, C, 0, 40, 0.001, 214.53, 0.9663
20241231, SITM, 120, 20250221, P, 0, 0, 0.001, 214.53, -0.0346
20241231, SITM, 125, 20250221, C, 0, 6, 0.0012, 214.53, 0.9598
20241231, SITM, 125, 20250221, P, 0, 2, 0.0012, 214.53, -0.0412
20241231, SITM, 130, 20250221, C, 0, 1, 0.0014, 214.53, 0.9522
20241231, SITM, 130, 20250221, P, 0, 1, 0.0014, 214.53, -0.0488
20241231, SITM, 135, 20250221, C, 0, 1, 0.0016, 214.53, 0.9434
20241231, SITM, 135, 20250221, P, 0, 0, 0.0016, 214.53, -0.0577
20241231, SITM, 140, 20250221, C, 0, 1, 0.0018, 214.53, 0.9331
20241231, SITM, 140, 20250221, P, 0, 12, 0.0019, 214.53, -0.068
20241231, SITM, 145, 20250221, C, 0, 2, 0.0021, 214.53, 0.9213
20241231, SITM, 145, 20250221, P, 0, 16, 0.0022, 214.53, -0.0798
20241231, SITM, 150, 20250221, C, 0, 39, 0.0024, 214.53, 0.9079
20241231, SITM, 150, 20250221, P, 0, 6, 0.0025, 214.53, -0.0934
20241231, SITM, 155, 20250221, C, 0, 10, 0.0028, 214.53, 0.8926
20241231, SITM, 155, 20250221, P, 0, 1, 0.0028, 214.53, -0.1088
20241231, SITM, 160, 20250221, C, 0, 2, 0.0032, 214.53, 0.8754
20241231, SITM, 160, 20250221, P, 1, 7, 0.0032, 214.53, -0.1261
20241231, SITM, 165, 20250221, C, 0, 1, 0.0035, 214.53, 0.8561
20241231, SITM, 165, 20250221, P, 0, 2, 0.0036, 214.53, -0.1456
20241231, SITM, 170, 20250221, C, 0, 1, 0.0039, 214.53, 0.8347
20241231, SITM, 170, 20250221, P, 0, 2, 0.004, 214.53, -0.1669
20241231, SITM, 175, 20250221, C, 0, 1, 0.0043, 214.53, 0.8113
20241231, SITM, 175, 20250221, P, 0, 0, 0.0044, 214.53, -0.1904
20241231, SITM, 180, 20250221, C, 0, 13, 0.0047, 214.53, 0.7859
20241231, SITM, 180, 20250221, P, 0, 0, 0.0048, 214.53, -0.2161
20241231, SITM, 185, 20250221, C, 0, 10, 0.0051, 214.53, 0.7585
20241231, SITM, 185, 20250221, P, 0, 6, 0.0052, 214.53, -0.2437
20241231, SITM, 190, 20250221, C, 0, 10, 0.0055, 214.53, 0.7294
20241231, SITM, 190, 20250221, P, 0, 0, 0.0055, 214.53, -0.273
20241231, SITM, 195, 20250221, C, 0, 1, 0.0058, 214.53, 0.6988
20241231, SITM, 195, 20250221, P, 0, 0, 0.0059, 214.53, -0.3039
20241231, SITM, 200, 20250221, C, 0, 29, 0.0061, 214.53, 0.6669
20241231, SITM, 200, 20250221, P, 0, 0, 0.0062, 214.53, -0.3361
20241231, SITM, 210, 20250221, C, 0, 44, 0.0066, 214.53, 0.6008
20241231, SITM, 210, 20250221, P, 0, 2, 0.0066, 214.53, -0.4029
20241231, SITM, 220, 20250221, C, 1, 1, 0.0068, 214.53, 0.5337
20241231, SITM, 220, 20250221, P, 0, 2, 0.0069, 214.53, -0.4709
20241231, SITM, 230, 20250221, C, 0, 62, 0.0068, 214.53, 0.4682
20241231, SITM, 230, 20250221, P, 0, 1, 0.0069, 214.53, -0.5374
20241231, SITM, 240, 20250221, C, 2, 17, 0.0067, 214.53, 0.4064
20241231, SITM, 240, 20250221, P, 0, 0, 0.0068, 214.53, -0.6003
20241231, SITM, 250, 20250221, C, 0, 1, 0.0063, 214.53, 0.3497
20241231, SITM, 250, 20250221, P, 0, 1, 0.0065, 214.53, -0.6581
20241231, SITM, 260, 20250221, C, 2, 20, 0.0059, 214.53, 0.2989
20241231, SITM, 260, 20250221, P, 0, 1, 0.0061, 214.53, -0.7102
20241231, SITM, 270, 20250221, C, 0, 145, 0.0054, 214.53, 0.2543
20241231, SITM, 270, 20250221, P, 0, 2, 0.0056, 214.53, -0.7561
20241231, SITM, 280, 20250221, C, 11, 71, 0.0049, 214.53, 0.2156
20241231, SITM, 280, 20250221, P, 0, 0, 0.0051, 214.53, -0.7961
20241231, SITM, 290, 20250221, C, 0, 1, 0.0044, 214.53, 0.1824
20241231, SITM, 290, 20250221, P, 0, 0, 0.0046, 214.53, -0.8307
20241231, SITM, 300, 20250221, C, 0, 12, 0.0039, 214.53, 0.1543
20241231, SITM, 300, 20250221, P, 0, 0, 0.0042, 214.53, -0.8603
20241231, SITM, 310, 20250221, C, 0, 7, 0.0035, 214.53, 0.1304
20241231, SITM, 310, 20250221, P, 0, 0, 0.0037, 214.53, -0.8856
20241231, SITM, 320, 20250221, C, 0, 12, 0.0031, 214.53, 0.1102
20241231, SITM, 320, 20250221, P, 0, 0, 0.0033, 214.53, -0.907
20241231, SITM, 330, 20250221, C, 0, 0, 0.0027, 214.53, 0.0933
20241231, SITM, 330, 20250221, P, 0, 0, 0.003, 214.53, -0.9254
20241231, SITM, 340, 20250221, C, 0, 0, 0.0024, 214.53, 0.0792
20241231, SITM, 340, 20250221, P, 0, 0, 0.0027, 214.53, -0.941
20241231, SITM, 350, 20250221, C, 0, 3, 0.0021, 214.53, 0.0673
20241231, SITM, 350, 20250221, P, 0, 0, 0.0024, 214.53, -0.9545
20241231, SITM, 360, 20250221, C, 0, 0, 0.0018, 214.53, 0.0573
20241231, SITM, 360, 20250221, P, 0, 0, 0.0021, 214.53, -0.9661
20241231, SITM, 370, 20250221, C, 0, 2, 0.0016, 214.53, 0.0489
20241231, SITM, 370, 20250221, P, 0, 0, 0.0018, 214.53, -0.9753
20241231, SITM, 380, 20250221, C, 0, 0, 0.0014, 214.53, 0.0418
20241231, SITM, 380, 20250221, P, 0, 0, 0.0014, 214.53, -0.9831
20241231, SITM, 390, 20250221, C, 20, 5, 0.0012, 214.53, 0.0359
20241231, SITM, 390, 20250221, P, 0, 0, 0.0011, 214.53, -0.989
20241231, SITM, 85, 20250516, C, 0, 0, 0.0004, 214.53, 0.9867
20241231, SITM, 85, 20250516, P, 0, 10, 0.0004, 214.53, -0.0151
20241231, SITM, 90, 20250516, C, 0, 0, 0.0004, 214.53, 0.9827
20241231, SITM, 90, 20250516, P, 0, 7, 0.0004, 214.53, -0.0191
20241231, SITM, 95, 20250516, C, 0, 0, 0.0005, 214.53, 0.978
20241231, SITM, 95, 20250516, P, 1, 15, 0.0006, 214.53, -0.0238
20241231, SITM, 100, 20250516, C, 0, 0, 0.0006, 214.53, 0.9726
20241231, SITM, 100, 20250516, P, 1, 11, 0.0007, 214.53, -0.0293
20241231, SITM, 105, 20250516, C, 0, 0, 0.0008, 214.53, 0.9662
20241231, SITM, 105, 20250516, P, 1, 5, 0.0008, 214.53, -0.0357
20241231, SITM, 110, 20250516, C, 0, 0, 0.0009, 214.53, 0.9589
20241231, SITM, 110, 20250516, P, 0, 4, 0.0009, 214.53, -0.0431
20241231, SITM, 115, 20250516, C, 0, 0, 0.0011, 214.53, 0.9506
20241231, SITM, 115, 20250516, P, 0, 1, 0.0011, 214.53, -0.0514
20241231, SITM, 120, 20250516, C, 0, 0, 0.0012, 214.53, 0.9413
20241231, SITM, 120, 20250516, P, 0, 12, 0.0012, 214.53, -0.0608
20241231, SITM, 125, 20250516, C, 0, 1, 0.0014, 214.53, 0.931
20241231, SITM, 125, 20250516, P, 0, 18, 0.0014, 214.53, -0.0713
20241231, SITM, 130, 20250516, C, 0, 1, 0.0016, 214.53, 0.9195
20241231, SITM, 130, 20250516, P, 0, 9, 0.0016, 214.53, -0.0829
20241231, SITM, 135, 20250516, C, 0, 0, 0.0018, 214.53, 0.907
20241231, SITM, 135, 20250516, P, 0, 0, 0.0018, 214.53, -0.0955
20241231, SITM, 140, 20250516, C, 0, 3, 0.002, 214.53, 0.8934
20241231, SITM, 140, 20250516, P, 0, 0, 0.002, 214.53, -0.1092
20241231, SITM, 145, 20250516, C, 0, 0, 0.0022, 214.53, 0.8788
20241231, SITM, 145, 20250516, P, 0, 0, 0.0022, 214.53, -0.124
20241231, SITM, 150, 20250516, C, 0, 86, 0.0024, 214.53, 0.8632
20241231, SITM, 150, 20250516, P, 0, 1, 0.0024, 214.53, -0.1398
20241231, SITM, 155, 20250516, C, 0, 0, 0.0026, 214.53, 0.8466
20241231, SITM, 155, 20250516, P, 0, 0, 0.0026, 214.53, -0.1566
20241231, SITM, 160, 20250516, C, 0, 0, 0.0027, 214.53, 0.8292
20241231, SITM, 160, 20250516, P, 0, 0, 0.0028, 214.53, -0.1743
20241231, SITM, 165, 20250516, C, 0, 2, 0.0029, 214.53, 0.811
20241231, SITM, 165, 20250516, P, 0, 0, 0.003, 214.53, -0.1928
20241231, SITM, 170, 20250516, C, 0, 0, 0.0031, 214.53, 0.792
20241231, SITM, 170, 20250516, P, 0, 0, 0.0032, 214.53, -0.212
20241231, SITM, 175, 20250516, C, 0, 2, 0.0033, 214.53, 0.7724
20241231, SITM, 175, 20250516, P, 0, 0, 0.0034, 214.53, -0.2321
20241231, SITM, 180, 20250516, C, 0, 106, 0.0035, 214.53, 0.7523
20241231, SITM, 180, 20250516, P, 0, 6, 0.0035, 214.53, -0.2526
20241231, SITM, 185, 20250516, C, 0, 0, 0.0036, 214.53, 0.7317
20241231, SITM, 185, 20250516, P, 0, 0, 0.0037, 214.53, -0.2736
20241231, SITM, 190, 20250516, C, 0, 1, 0.0038, 214.53, 0.7107
20241231, SITM, 190, 20250516, P, 0, 0, 0.0038, 214.53, -0.295
20241231, SITM, 195, 20250516, C, 0, 1, 0.0039, 214.53, 0.6895
20241231, SITM, 195, 20250516, P, 0, 0, 0.004, 214.53, -0.3167
20241231, SITM, 200, 20250516, C, 0, 124, 0.004, 214.53, 0.6681
20241231, SITM, 200, 20250516, P, 0, 1, 0.0041, 214.53, -0.3386
20241231, SITM, 210, 20250516, C, 0, 2, 0.0042, 214.53, 0.6251
20241231, SITM, 210, 20250516, P, 0, 0, 0.0043, 214.53, -0.3826
20241231, SITM, 220, 20250516, C, 0, 1, 0.0043, 214.53, 0.5823
20241231, SITM, 220, 20250516, P, 0, 3, 0.0044, 214.53, -0.4262
20241231, SITM, 230, 20250516, C, 0, 11, 0.0044, 214.53, 0.5404
20241231, SITM, 230, 20250516, P, 0, 0, 0.0045, 214.53, -0.4694
20241231, SITM, 240, 20250516, C, 0, 8, 0.0044, 214.53, 0.4998
20241231, SITM, 240, 20250516, P, 0, 1, 0.0046, 214.53, -0.5114
20241231, SITM, 250, 20250516, C, 0, 17, 0.0044, 214.53, 0.4608
20241231, SITM, 250, 20250516, P, 0, 0, 0.0046, 214.53, -0.5519
20241231, SITM, 260, 20250516, C, 0, 0, 0.0044, 214.53, 0.4237
20241231, SITM, 260, 20250516, P, 0, 1, 0.0046, 214.53, -0.5905
20241231, SITM, 270, 20250516, C, 0, 5, 0.0043, 214.53, 0.3884
20241231, SITM, 270, 20250516, P, 0, 0, 0.0045, 214.53, -0.6273
20241231, SITM, 280, 20250516, C, 0, 0, 0.0041, 214.53, 0.3555
20241231, SITM, 280, 20250516, P, 0, 0, 0.0044, 214.53, -0.6619
20241231, SITM, 290, 20250516, C, 0, 2, 0.004, 214.53, 0.3249
20241231, SITM, 290, 20250516, P, 0, 2, 0.0043, 214.53, -0.6945
20241231, SITM, 300, 20250516, C, 0, 10, 0.0038, 214.53, 0.2965
20241231, SITM, 300, 20250516, P, 0, 3, 0.0041, 214.53, -0.7248
20241231, SITM, 310, 20250516, C, 0, 1, 0.0037, 214.53, 0.2702
20241231, SITM, 310, 20250516, P, 0, 1, 0.004, 214.53, -0.7532
20241231, SITM, 320, 20250516, C, 0, 0, 0.0035, 214.53, 0.2461
20241231, SITM, 320, 20250516, P, 0, 0, 0.0038, 214.53, -0.7795
20241231, SITM, 330, 20250516, C, 0, 0, 0.0033, 214.53, 0.2239
20241231, SITM, 330, 20250516, P, 0, 0, 0.0037, 214.53, -0.804
20241231, SITM, 340, 20250516, C, 0, 0, 0.0031, 214.53, 0.2038
20241231, SITM, 340, 20250516, P, 0, 0, 0.0035, 214.53, -0.8266
20241231, SITM, 350, 20250516, C, 0, 1, 0.003, 214.53, 0.1852
20241231, SITM, 350, 20250516, P, 0, 0, 0.0034, 214.53, -0.8475
20241231, SITM, 360, 20250516, C, 0, 1, 0.0028, 214.53, 0.1683
20241231, SITM, 360, 20250516, P, 0, 0, 0.0032, 214.53, -0.8669
20241231, SITM, 370, 20250516, C, 0, 0, 0.0026, 214.53, 0.1529
20241231, SITM, 370, 20250516, P, 0, 0, 0.003, 214.53, -0.8847
20241231, SITM, 380, 20250516, C, 0, 0, 0.0024, 214.53, 0.1389
20241231, SITM, 380, 20250516, P, 0, 0, 0.0029, 214.53, -0.9014
20241231, SITM, 390, 20250516, C, 0, 0, 0.0023, 214.53, 0.1262
20241231, SITM, 390, 20250516, P, 0, 0, 0.0028, 214.53, -0.917
20241231, SITM, 110, 20250815, C, 0, 0, 0.001, 214.53, 0.9374
20241231, SITM, 110, 20250815, P, 0, 0, 0.001, 214.53, -0.0662
20241231, SITM, 115, 20250815, C, 0, 0, 0.0012, 214.53, 0.9279
20241231, SITM, 115, 20250815, P, 0, 0, 0.0012, 214.53, -0.0759
20241231, SITM, 120, 20250815, C, 0, 0, 0.0013, 214.53, 0.9176
20241231, SITM, 120, 20250815, P, 0, 0, 0.0013, 214.53, -0.0864
20241231, SITM, 125, 20250815, C, 0, 0, 0.0014, 214.53, 0.9066
20241231, SITM, 125, 20250815, P, 0, 0, 0.0014, 214.53, -0.0974
20241231, SITM, 130, 20250815, C, 0, 0, 0.0016, 214.53, 0.8948
20241231, SITM, 130, 20250815, P, 0, 0, 0.0016, 214.53, -0.1093
20241231, SITM, 135, 20250815, C, 0, 0, 0.0017, 214.53, 0.8824
20241231, SITM, 135, 20250815, P, 0, 0, 0.0017, 214.53, -0.122
20241231, SITM, 140, 20250815, C, 0, 0, 0.0018, 214.53, 0.8694
20241231, SITM, 140, 20250815, P, 0, 0, 0.0018, 214.53, -0.1353
20241231, SITM, 145, 20250815, C, 0, 0, 0.002, 214.53, 0.8557
20241231, SITM, 145, 20250815, P, 0, 0, 0.002, 214.53, -0.1492
20241231, SITM, 150, 20250815, C, 0, 0, 0.0021, 214.53, 0.8416
20241231, SITM, 150, 20250815, P, 0, 0, 0.0021, 214.53, -0.1636
20241231, SITM, 155, 20250815, C, 0, 2, 0.0022, 214.53, 0.8269
20241231, SITM, 155, 20250815, P, 0, 0, 0.0022, 214.53, -0.1786
20241231, SITM, 160, 20250815, C, 0, 0, 0.0023, 214.53, 0.8117
20241231, SITM, 160, 20250815, P, 0, 0, 0.0024, 214.53, -0.1941
20241231, SITM, 165, 20250815, C, 0, 0, 0.0024, 214.53, 0.7962
20241231, SITM, 165, 20250815, P, 0, 0, 0.0025, 214.53, -0.21
20241231, SITM, 170, 20250815, C, 0, 0, 0.0026, 214.53, 0.7804
20241231, SITM, 170, 20250815, P, 0, 0, 0.0026, 214.53, -0.2263
20241231, SITM, 175, 20250815, C, 0, 0, 0.0027, 214.53, 0.7642
20241231, SITM, 175, 20250815, P, 0, 0, 0.0028, 214.53, -0.2428
20241231, SITM, 180, 20250815, C, 0, 0, 0.0028, 214.53, 0.7478
20241231, SITM, 180, 20250815, P, 0, 0, 0.0029, 214.53, -0.2597
20241231, SITM, 185, 20250815, C, 0, 0, 0.0029, 214.53, 0.7313
20241231, SITM, 185, 20250815, P, 0, 0, 0.003, 214.53, -0.2767
20241231, SITM, 190, 20250815, C, 0, 0, 0.003, 214.53, 0.7146
20241231, SITM, 190, 20250815, P, 0, 0, 0.0031, 214.53, -0.2939
20241231, SITM, 195, 20250815, C, 0, 0, 0.0031, 214.53, 0.6978
20241231, SITM, 195, 20250815, P, 0, 0, 0.0032, 214.53, -0.3113
20241231, SITM, 200, 20250815, C, 0, 0, 0.0031, 214.53, 0.681
20241231, SITM, 200, 20250815, P, 0, 0, 0.0032, 214.53, -0.3286
20241231, SITM, 210, 20250815, C, 0, 0, 0.0033, 214.53, 0.6475
20241231, SITM, 210, 20250815, P, 0, 0, 0.0034, 214.53, -0.3634
20241231, SITM, 220, 20250815, C, 0, 0, 0.0034, 214.53, 0.6142
20241231, SITM, 220, 20250815, P, 0, 0, 0.0035, 214.53, -0.3983
20241231, SITM, 230, 20250815, C, 0, 1, 0.0034, 214.53, 0.5816
20241231, SITM, 230, 20250815, P, 0, 0, 0.0036, 214.53, -0.4324
20241231, SITM, 240, 20250815, C, 0, 0, 0.0035, 214.53, 0.5498
20241231, SITM, 240, 20250815, P, 0, 0, 0.0037, 214.53, -0.4658
20241231, SITM, 250, 20250815, C, 0, 20, 0.0035, 214.53, 0.5187
20241231, SITM, 250, 20250815, P, 0, 0, 0.0037, 214.53, -0.4984
20241231, SITM, 260, 20250815, C, 0, 0, 0.0035, 214.53, 0.489
20241231, SITM, 260, 20250815, P, 0, 0, 0.0037, 214.53, -0.5299
20241231, SITM, 270, 20250815, C, 0, 0, 0.0035, 214.53, 0.4604
20241231, SITM, 270, 20250815, P, 0, 0, 0.0037, 214.53, -0.5601
20241231, SITM, 280, 20250815, C, 0, 0, 0.0035, 214.53, 0.4334
20241231, SITM, 280, 20250815, P, 0, 0, 0.0037, 214.53, -0.5894
20241231, SITM, 290, 20250815, C, 0, 0, 0.0034, 214.53, 0.4072
20241231, SITM, 290, 20250815, P, 0, 0, 0.0037, 214.53, -0.6175
20241231, SITM, 300, 20250815, C, 0, 0, 0.0034, 214.53, 0.3825
20241231, SITM, 300, 20250815, P, 0, 0, 0.0037, 214.53, -0.6444
20241231, SITM, 310, 20250815, C, 0, 0, 0.0033, 214.53, 0.3594
20241231, SITM, 310, 20250815, P, 0, 0, 0.0036, 214.53, -0.67
20241231, SITM, 320, 20250815, C, 0, 0, 0.0032, 214.53, 0.3373
20241231, SITM, 320, 20250815, P, 0, 0, 0.0036, 214.53, -0.6944
20241231, SITM, 330, 20250815, C, 0, 0, 0.0031, 214.53, 0.3165
20241231, SITM, 330, 20250815, P, 0, 0, 0.0035, 214.53, -0.7176
20241231, SITM, 340, 20250815, C, 0, 0, 0.003, 214.53, 0.2969
20241231, SITM, 340, 20250815, P, 0, 0, 0.0034, 214.53, -0.7398
20241231, SITM, 350, 20250815, C, 0, 0, 0.0029, 214.53, 0.2785
20241231, SITM, 350, 20250815, P, 0, 0, 0.0034, 214.53, -0.7608
20241231, SITM, 360, 20250815, C, 0, 0, 0.0028, 214.53, 0.2612
20241231, SITM, 360, 20250815, P, 0, 0, 0.0033, 214.53, -0.7807
20241231, SITM, 370, 20250815, C, 0, 0, 0.0028, 214.53, 0.245
20241231, SITM, 370, 20250815, P, 0, 0, 0.0032, 214.53, -0.7998
20250102, SITM, 115, 20250117, C, 0, 0, 0.0003, 223.61, 0.9941
20250102, SITM, 115, 20250117, P, 0, 1, 0.0003, 223.61, -0.0061
20250102, SITM, 120, 20250117, C, 0, 0, 0.0003, 223.61, 0.9932
20250102, SITM, 120, 20250117, P, 0, 2, 0.0003, 223.61, -0.007
20250102, SITM, 125, 20250117, C, 0, 0, 0.0004, 223.61, 0.992
20250102, SITM, 125, 20250117, P, 0, 0, 0.0004, 223.61, -0.0082
20250102, SITM, 130, 20250117, C, 0, 0, 0.0005, 223.61, 0.9907
20250102, SITM, 130, 20250117, P, 0, 0, 0.0005, 223.61, -0.0095
20250102, SITM, 135, 20250117, C, 0, 0, 0.0006, 223.61, 0.989
20250102, SITM, 135, 20250117, P, 0, 0, 0.0006, 223.61, -0.0112
20250102, SITM, 140, 20250117, C, 0, 0, 0.0007, 223.61, 0.9871
20250102, SITM, 140, 20250117, P, 0, 0, 0.0007, 223.61, -0.0132
20250102, SITM, 145, 20250117, C, 0, 0, 0.0008, 223.61, 0.9846
20250102, SITM, 145, 20250117, P, 0, 0, 0.0008, 223.61, -0.0156
20250102, SITM, 150, 20250117, C, 0, 0, 0.001, 223.61, 0.9817
20250102, SITM, 150, 20250117, P, 0, 1, 0.001, 223.61, -0.0186
20250102, SITM, 155, 20250117, C, 0, 0, 0.0012, 223.61, 0.978
20250102, SITM, 155, 20250117, P, 0, 0, 0.0012, 223.61, -0.0223
20250102, SITM, 160, 20250117, C, 0, 0, 0.0015, 223.61, 0.9734
20250102, SITM, 160, 20250117, P, 0, 0, 0.0015, 223.61, -0.0269
20250102, SITM, 165, 20250117, C, 0, 1, 0.0019, 223.61, 0.9676
20250102, SITM, 165, 20250117, P, 0, 0, 0.0019, 223.61, -0.0328
20250102, SITM, 170, 20250117, C, 0, 0, 0.0023, 223.61, 0.9602
20250102, SITM, 170, 20250117, P, 0, 1, 0.0023, 223.61, -0.0401
20250102, SITM, 175, 20250117, C, 0, 0, 0.0029, 223.61, 0.9508
20250102, SITM, 175, 20250117, P, 0, 1, 0.0029, 223.61, -0.0496
20250102, SITM, 180, 20250117, C, 0, 0, 0.0036, 223.61, 0.9386
20250102, SITM, 180, 20250117, P, 0, 5, 0.0036, 223.61, -0.0618
20250102, SITM, 185, 20250117, C, 0, 0, 0.0046, 223.61, 0.9228
20250102, SITM, 185, 20250117, P, 0, 1, 0.0046, 223.61, -0.0777
20250102, SITM, 190, 20250117, C, 0, 1, 0.0057, 223.61, 0.9022
20250102, SITM, 190, 20250117, P, 0, 2, 0.0058, 223.61, -0.0984
20250102, SITM, 195, 20250117, C, 0, 2, 0.0072, 223.61, 0.8753
20250102, SITM, 195, 20250117, P, 0, 2, 0.0072, 223.61, -0.1256
20250102, SITM, 200, 20250117, C, 0, 1, 0.0089, 223.61, 0.8402
20250102, SITM, 200, 20250117, P, 1, 10, 0.0089, 223.61, -0.1609
20250102, SITM, 210, 20250117, C, 0, 8, 0.0129, 223.61, 0.7382
20250102, SITM, 210, 20250117, P, 0, 3, 0.013, 223.61, -0.2636
20250102, SITM, 220, 20250117, C, 1, 6, 0.0161, 223.61, 0.5919
20250102, SITM, 220, 20250117, P, 0, 7, 0.0163, 223.61, -0.4112
20250102, SITM, 230, 20250117, C, 0, 5, 0.0164, 223.61, 0.4283
20250102, SITM, 230, 20250117, P, 0, 7, 0.0165, 223.61, -0.5762
20250102, SITM, 240, 20250117, C, 2, 15, 0.0138, 223.61, 0.2895
20250102, SITM, 240, 20250117, P, 0, 9, 0.014, 223.61, -0.7164
20250102, SITM, 250, 20250117, C, 0, 4, 0.0105, 223.61, 0.1914
20250102, SITM, 250, 20250117, P, 0, 10, 0.0106, 223.61, -0.8157
20250102, SITM, 260, 20250117, C, 0, 4, 0.0076, 223.61, 0.1273
20250102, SITM, 260, 20250117, P, 0, 0, 0.0077, 223.61, -0.8805
20250102, SITM, 270, 20250117, C, 0, 188, 0.0054, 223.61, 0.0861
20250102, SITM, 270, 20250117, P, 0, 1, 0.0055, 223.61, -0.9221
20250102, SITM, 280, 20250117, C, 0, 2, 0.0039, 223.61, 0.0595
20250102, SITM, 280, 20250117, P, 0, 0, 0.0039, 223.61, -0.9488
20250102, SITM, 290, 20250117, C, 0, 0, 0.0028, 223.61, 0.0419
20250102, SITM, 290, 20250117, P, 0, 0, 0.0032, 223.61, -0.9672
20250102, SITM, 300, 20250117, C, 0, 1, 0.002, 223.61, 0.0301
20250102, SITM, 300, 20250117, P, 0, 0, 0.0026, 223.61, -0.981
20250102, SITM, 310, 20250117, C, 0, 4, 0.0015, 223.61, 0.022
20250102, SITM, 310, 20250117, P, 0, 0, 0.0019, 223.61, -0.9903
20250102, SITM, 320, 20250117, C, 1, 33, 0.0011, 223.61, 0.0163
20250102, SITM, 320, 20250117, P, 0, 0, 0.001, 223.61, -0.9964
20250102, SITM, 330, 20250117, C, 0, 5, 0.0008, 223.61, 0.0122
20250102, SITM, 330, 20250117, P, 0, 0, 0.0004, 223.61, -0.9987
20250102, SITM, 340, 20250117, C, 0, 0, 0.0006, 223.61, 0.0093
20250102, SITM, 340, 20250117, P, 0, 0, 0, 223.61, -1
20250102, SITM, 350, 20250117, C, 0, 7, 0.0005, 223.61, 0.0071
20250102, SITM, 350, 20250117, P, 0, 0, 0, 223.61, -1
20250102, SITM, 55, 20250221, C, 0, 0, 0.0001, 223.61, 0.9986
20250102, SITM, 55, 20250221, P, 0, 72, 0.0001, 223.61, -0.0022
20250102, SITM, 60, 20250221, C, 0, 0, 0.0001, 223.61, 0.9978
20250102, SITM, 60, 20250221, P, 0, 1, 0.0001, 223.61, -0.0027
20250102, SITM, 65, 20250221, C, 0, 0, 0.0001, 223.61, 0.9967
20250102, SITM, 65, 20250221, P, 0, 1, 0.0001, 223.61, -0.0033
20250102, SITM, 70, 20250221, C, 0, 0, 0.0001, 223.61, 0.9958
20250102, SITM, 70, 20250221, P, 0, 4, 0.0001, 223.61, -0.0041
20250102, SITM, 75, 20250221, C, 0, 0, 0.0002, 223.61, 0.9946
20250102, SITM, 75, 20250221, P, 0, 0, 0.0001, 223.61, -0.005
20250102, SITM, 80, 20250221, C, 0, 1, 0.0002, 223.61, 0.9933
20250102, SITM, 80, 20250221, P, 0, 1, 0.0002, 223.61, -0.0061
20250102, SITM, 85, 20250221, C, 0, 0, 0.0002, 223.61, 0.9917
20250102, SITM, 85, 20250221, P, 0, 0, 0.0002, 223.61, -0.0075
20250102, SITM, 90, 20250221, C, 0, 45, 0.0003, 223.61, 0.9898
20250102, SITM, 90, 20250221, P, 0, 1, 0.0003, 223.61, -0.0091
20250102, SITM, 95, 20250221, C, 0, 0, 0.0003, 223.61, 0.9876
20250102, SITM, 95, 20250221, P, 0, 1, 0.0003, 223.61, -0.0111
20250102, SITM, 100, 20250221, C, 0, 0, 0.0004, 223.61, 0.9851
20250102, SITM, 100, 20250221, P, 0, 0, 0.0004, 223.61, -0.0134
20250102, SITM, 105, 20250221, C, 0, 1, 0.0005, 223.61, 0.9821
20250102, SITM, 105, 20250221, P, 0, 0, 0.0005, 223.61, -0.0162
20250102, SITM, 110, 20250221, C, 0, 2, 0.0006, 223.61, 0.9786
20250102, SITM, 110, 20250221, P, 21, 0, 0.0006, 223.61, -0.0195
20250102, SITM, 115, 20250221, C, 0, 0, 0.0007, 223.61, 0.9745
20250102, SITM, 115, 20250221, P, 0, 1, 0.0007, 223.61, -0.0234
20250102, SITM, 120, 20250221, C, 0, 40, 0.0008, 223.61, 0.9697
20250102, SITM, 120, 20250221, P, 0, 0, 0.0008, 223.61, -0.028
20250102, SITM, 125, 20250221, C, 0, 6, 0.001, 223.61, 0.9641
20250102, SITM, 125, 20250221, P, 25, 2, 0.0009, 223.61, -0.0334
20250102, SITM, 130, 20250221, C, 0, 1, 0.0011, 223.61, 0.9576
20250102, SITM, 130, 20250221, P, 0, 1, 0.0011, 223.61, -0.0398
20250102, SITM, 135, 20250221, C, 0, 1, 0.0013, 223.61, 0.95
20250102, SITM, 135, 20250221, P, 0, 0, 0.0013, 223.61, -0.0472
20250102, SITM, 140, 20250221, C, 0, 1, 0.0015, 223.61, 0.9413
20250102, SITM, 140, 20250221, P, 0, 12, 0.0015, 223.61, -0.0558
20250102, SITM, 145, 20250221, C, 0, 2, 0.0018, 223.61, 0.9313
20250102, SITM, 145, 20250221, P, 0, 16, 0.0018, 223.61, -0.0658
20250102, SITM, 150, 20250221, C, 0, 39, 0.002, 223.61, 0.9198
20250102, SITM, 150, 20250221, P, 0, 6, 0.002, 223.61, -0.0772
20250102, SITM, 155, 20250221, C, 0, 10, 0.0023, 223.61, 0.9068
20250102, SITM, 155, 20250221, P, 0, 1, 0.0023, 223.61, -0.0902
20250102, SITM, 160, 20250221, C, 0, 2, 0.0026, 223.61, 0.892
20250102, SITM, 160, 20250221, P, 1, 7, 0.0026, 223.61, -0.1049
20250102, SITM, 165, 20250221, C, 0, 1, 0.003, 223.61, 0.8755
20250102, SITM, 165, 20250221, P, 0, 2, 0.003, 223.61, -0.1214
20250102, SITM, 170, 20250221, C, 0, 1, 0.0033, 223.61, 0.8571
20250102, SITM, 170, 20250221, P, 0, 2, 0.0033, 223.61, -0.1399
20250102, SITM, 175, 20250221, C, 0, 1, 0.0037, 223.61, 0.8368
20250102, SITM, 175, 20250221, P, 0, 0, 0.0037, 223.61, -0.1602
20250102, SITM, 180, 20250221, C, 0, 13, 0.0041, 223.61, 0.8145
20250102, SITM, 180, 20250221, P, 1, 0, 0.0041, 223.61, -0.1825
20250102, SITM, 185, 20250221, C, 0, 10, 0.0044, 223.61, 0.7904
20250102, SITM, 185, 20250221, P, 0, 6, 0.0045, 223.61, -0.2067
20250102, SITM, 190, 20250221, C, 0, 10, 0.0048, 223.61, 0.7644
20250102, SITM, 190, 20250221, P, 0, 0, 0.0048, 223.61, -0.2328
20250102, SITM, 195, 20250221, C, 0, 1, 0.0052, 223.61, 0.7368
20250102, SITM, 195, 20250221, P, 0, 0, 0.0052, 223.61, -0.2605
20250102, SITM, 200, 20250221, C, 0, 29, 0.0055, 223.61, 0.7077
20250102, SITM, 200, 20250221, P, 0, 0, 0.0055, 223.61, -0.2897
20250102, SITM, 210, 20250221, C, 0, 44, 0.006, 223.61, 0.646
20250102, SITM, 210, 20250221, P, 0, 2, 0.0061, 223.61, -0.3518
20250102, SITM, 220, 20250221, C, 1, 2, 0.0064, 223.61, 0.5812
20250102, SITM, 220, 20250221, P, 0, 2, 0.0065, 223.61, -0.417
20250102, SITM, 230, 20250221, C, 3, 62, 0.0066, 223.61, 0.5158
20250102, SITM, 230, 20250221, P, 1, 1, 0.0067, 223.61, -0.4829
20250102, SITM, 240, 20250221, C, 0, 19, 0.0066, 223.61, 0.4519
20250102, SITM, 240, 20250221, P, 0, 0, 0.0067, 223.61, -0.5473
20250102, SITM, 250, 20250221, C, 0, 1, 0.0065, 223.61, 0.3914
20250102, SITM, 250, 20250221, P, 0, 1, 0.0065, 223.61, -0.6085
20250102, SITM, 260, 20250221, C, 0, 20, 0.0061, 223.61, 0.3356
20250102, SITM, 260, 20250221, P, 0, 1, 0.0062, 223.61, -0.6649
20250102, SITM, 270, 20250221, C, 0, 145, 0.0057, 223.61, 0.2854
20250102, SITM, 270, 20250221, P, 0, 2, 0.0058, 223.61, -0.7159
20250102, SITM, 280, 20250221, C, 11, 81, 0.0052, 223.61, 0.2411
20250102, SITM, 280, 20250221, P, 0, 0, 0.0054, 223.61, -0.7611
20250102, SITM, 290, 20250221, C, 0, 1, 0.0047, 223.61, 0.2026
20250102, SITM, 290, 20250221, P, 0, 0, 0.0049, 223.61, -0.8005
20250102, SITM, 300, 20250221, C, 0, 12, 0.0042, 223.61, 0.1695
20250102, SITM, 300, 20250221, P, 0, 0, 0.0044, 223.61, -0.8346
20250102, SITM, 310, 20250221, C, 0, 7, 0.0037, 223.61, 0.1414
20250102, SITM, 310, 20250221, P, 0, 0, 0.0039, 223.61, -0.8637
20250102, SITM, 320, 20250221, C, 0, 12, 0.0033, 223.61, 0.1177
20250102, SITM, 320, 20250221, P, 0, 0, 0.0034, 223.61, -0.8884
20250102, SITM, 330, 20250221, C, 0, 0, 0.0028, 223.61, 0.0979
20250102, SITM, 330, 20250221, P, 0, 0, 0.003, 223.61, -0.9094
20250102, SITM, 340, 20250221, C, 0, 0, 0.0025, 223.61, 0.0813
20250102, SITM, 340, 20250221, P, 0, 0, 0.0027, 223.61, -0.9271
20250102, SITM, 350, 20250221, C, 0, 3, 0.0021, 223.61, 0.0676
20250102, SITM, 350, 20250221, P, 0, 0, 0.0023, 223.61, -0.942
20250102, SITM, 360, 20250221, C, 0, 0, 0.0018, 223.61, 0.0562
20250102, SITM, 360, 20250221, P, 0, 0, 0.002, 223.61, -0.9545
20250102, SITM, 370, 20250221, C, 0, 2, 0.0016, 223.61, 0.0467
20250102, SITM, 370, 20250221, P, 0, 0, 0.0017, 223.61, -0.9649
20250102, SITM, 380, 20250221, C, 0, 0, 0.0014, 223.61, 0.0389
20250102, SITM, 380, 20250221, P, 0, 0, 0.0015, 223.61, -0.9734
20250102, SITM, 390, 20250221, C, 7, 24, 0.0012, 223.61, 0.0324
20250102, SITM, 390, 20250221, P, 0, 0, 0.0016, 223.61, -0.9823
20250102, SITM, 85, 20250516, C, 0, 0, 0.0003, 223.61, 0.9862
20250102, SITM, 85, 20250516, P, 0, 10, 0.0003, 223.61, -0.0135
20250102, SITM, 90, 20250516, C, 0, 0, 0.0004, 223.61, 0.9828
20250102, SITM, 90, 20250516, P, 0, 7, 0.0004, 223.61, -0.017
20250102, SITM, 95, 20250516, C, 0, 0, 0.0005, 223.61, 0.9787
20250102, SITM, 95, 20250516, P, 0, 16, 0.0005, 223.61, -0.0211
20250102, SITM, 100, 20250516, C, 0, 0, 0.0006, 223.61, 0.9739
20250102, SITM, 100, 20250516, P, 1, 11, 0.0006, 223.61, -0.0259
20250102, SITM, 105, 20250516, C, 0, 0, 0.0007, 223.61, 0.9684
20250102, SITM, 105, 20250516, P, 1, 6, 0.0007, 223.61, -0.0314
20250102, SITM, 110, 20250516, C, 0, 0, 0.0008, 223.61, 0.962
20250102, SITM, 110, 20250516, P, 0, 4, 0.0008, 223.61, -0.0379
20250102, SITM, 115, 20250516, C, 0, 0, 0.0009, 223.61, 0.9548
20250102, SITM, 115, 20250516, P, 1, 1, 0.0009, 223.61, -0.0452
20250102, SITM, 120, 20250516, C, 0, 0, 0.001, 223.61, 0.9466
20250102, SITM, 120, 20250516, P, 0, 12, 0.0011, 223.61, -0.0534
20250102, SITM, 125, 20250516, C, 0, 1, 0.0012, 223.61, 0.9376
20250102, SITM, 125, 20250516, P, 0, 18, 0.0012, 223.61, -0.0625
20250102, SITM, 130, 20250516, C, 0, 1, 0.0014, 223.61, 0.9275
20250102, SITM, 130, 20250516, P, 0, 9, 0.0014, 223.61, -0.0727
20250102, SITM, 135, 20250516, C, 0, 0, 0.0015, 223.61, 0.9165
20250102, SITM, 135, 20250516, P, 0, 0, 0.0015, 223.61, -0.0838
20250102, SITM, 140, 20250516, C, 0, 3, 0.0017, 223.61, 0.9044
20250102, SITM, 140, 20250516, P, 0, 0, 0.0017, 223.61, -0.096
20250102, SITM, 145, 20250516, C, 0, 0, 0.0019, 223.61, 0.8914
20250102, SITM, 145, 20250516, P, 0, 0, 0.0019, 223.61, -0.109
20250102, SITM, 150, 20250516, C, 0, 86, 0.002, 223.61, 0.8775
20250102, SITM, 150, 20250516, P, 0, 1, 0.0021, 223.61, -0.1232
20250102, SITM, 155, 20250516, C, 0, 0, 0.0022, 223.61, 0.8626
20250102, SITM, 155, 20250516, P, 0, 0, 0.0023, 223.61, -0.1383
20250102, SITM, 160, 20250516, C, 0, 0, 0.0024, 223.61, 0.8469
20250102, SITM, 160, 20250516, P, 0, 0, 0.0024, 223.61, -0.1542
20250102, SITM, 165, 20250516, C, 0, 2, 0.0026, 223.61, 0.8304
20250102, SITM, 165, 20250516, P, 0, 0, 0.0026, 223.61, -0.171
20250102, SITM, 170, 20250516, C, 0, 0, 0.0028, 223.61, 0.8131
20250102, SITM, 170, 20250516, P, 0, 0, 0.0028, 223.61, -0.1885
20250102, SITM, 175, 20250516, C, 0, 2, 0.0029, 223.61, 0.7951
20250102, SITM, 175, 20250516, P, 0, 0, 0.003, 223.61, -0.2067
20250102, SITM, 180, 20250516, C, 0, 106, 0.0031, 223.61, 0.7765
20250102, SITM, 180, 20250516, P, 0, 6, 0.0032, 223.61, -0.2254
20250102, SITM, 185, 20250516, C, 0, 0, 0.0033, 223.61, 0.7573
20250102, SITM, 185, 20250516, P, 0, 0, 0.0033, 223.61, -0.2451
20250102, SITM, 190, 20250516, C, 0, 1, 0.0034, 223.61, 0.7377
20250102, SITM, 190, 20250516, P, 0, 0, 0.0035, 223.61, -0.265
20250102, SITM, 195, 20250516, C, 0, 1, 0.0035, 223.61, 0.7178
20250102, SITM, 195, 20250516, P, 0, 0, 0.0036, 223.61, -0.2851
20250102, SITM, 200, 20250516, C, 0, 124, 0.0037, 223.61, 0.6975
20250102, SITM, 200, 20250516, P, 0, 1, 0.0037, 223.61, -0.3057
20250102, SITM, 210, 20250516, C, 0, 2, 0.0039, 223.61, 0.6564
20250102, SITM, 210, 20250516, P, 0, 0, 0.004, 223.61, -0.3476
20250102, SITM, 220, 20250516, C, 0, 1, 0.004, 223.61, 0.615
20250102, SITM, 220, 20250516, P, 0, 3, 0.0042, 223.61, -0.3899
20250102, SITM, 230, 20250516, C, 0, 11, 0.0042, 223.61, 0.574
20250102, SITM, 230, 20250516, P, 0, 0, 0.0043, 223.61, -0.4319
20250102, SITM, 240, 20250516, C, 0, 8, 0.0042, 223.61, 0.5338
20250102, SITM, 240, 20250516, P, 0, 1, 0.0044, 223.61, -0.4733
20250102, SITM, 250, 20250516, C, 0, 17, 0.0043, 223.61, 0.4948
20250102, SITM, 250, 20250516, P, 0, 0, 0.0044, 223.61, -0.5135
20250102, SITM, 260, 20250516, C, 0, 0, 0.0042, 223.61, 0.4572
20250102, SITM, 260, 20250516, P, 0, 1, 0.0044, 223.61, -0.5524
20250102, SITM, 270, 20250516, C, 0, 5, 0.0042, 223.61, 0.4214
20250102, SITM, 270, 20250516, P, 0, 0, 0.0044, 223.61, -0.5896
20250102, SITM, 280, 20250516, C, 1, 0, 0.0041, 223.61, 0.3876
20250102, SITM, 280, 20250516, P, 0, 0, 0.0043, 223.61, -0.625
20250102, SITM, 290, 20250516, C, 0, 2, 0.004, 223.61, 0.3557
20250102, SITM, 290, 20250516, P, 0, 2, 0.0042, 223.61, -0.6584
20250102, SITM, 300, 20250516, C, 0, 10, 0.0039, 223.61, 0.3259
20250102, SITM, 300, 20250516, P, 0, 3, 0.0041, 223.61, -0.6899
20250102, SITM, 310, 20250516, C, 0, 1, 0.0037, 223.61, 0.2981
20250102, SITM, 310, 20250516, P, 0, 1, 0.004, 223.61, -0.7194
20250102, SITM, 320, 20250516, C, 0, 0, 0.0036, 223.61, 0.2722
20250102, SITM, 320, 20250516, P, 0, 0, 0.0038, 223.61, -0.747
20250102, SITM, 330, 20250516, C, 0, 0, 0.0034, 223.61, 0.2484
20250102, SITM, 330, 20250516, P, 0, 0, 0.0037, 223.61, -0.7727
20250102, SITM, 340, 20250516, C, 0, 0, 0.0032, 223.61, 0.2265
20250102, SITM, 340, 20250516, P, 0, 0, 0.0035, 223.61, -0.7966
20250102, SITM, 350, 20250516, C, 0, 1, 0.0031, 223.61, 0.2064
20250102, SITM, 350, 20250516, P, 0, 0, 0.0034, 223.61, -0.8188
20250102, SITM, 360, 20250516, C, 0, 1, 0.0029, 223.61, 0.188
20250102, SITM, 360, 20250516, P, 0, 0, 0.0032, 223.61, -0.8393
20250102, SITM, 370, 20250516, C, 0, 0, 0.0027, 223.61, 0.1713
20250102, SITM, 370, 20250516, P, 0, 0, 0.0031, 223.61, -0.8584
20250102, SITM, 380, 20250516, C, 0, 0, 0.0025, 223.61, 0.1558
20250102, SITM, 380, 20250516, P, 0, 0, 0.003, 223.61, -0.8761
20250102, SITM, 390, 20250516, C, 0, 0, 0.0024, 223.61, 0.1419
20250102, SITM, 390, 20250516, P, 0, 0, 0.0028, 223.61, -0.8925
20250102, SITM, 110, 20250815, C, 0, 0, 0.0009, 223.61, 0.9422
20250102, SITM, 110, 20250815, P, 0, 0, 0.0009, 223.61, -0.059
20250102, SITM, 115, 20250815, C, 0, 0, 0.001, 223.61, 0.9336
20250102, SITM, 115, 20250815, P, 0, 0, 0.001, 223.61, -0.0678
20250102, SITM, 120, 20250815, C, 0, 0, 0.0011, 223.61, 0.9242
20250102, SITM, 120, 20250815, P, 0, 0, 0.0011, 223.61, -0.0773
20250102, SITM, 125, 20250815, C, 0, 0, 0.0012, 223.61, 0.9142
20250102, SITM, 125, 20250815, P, 0, 0, 0.0013, 223.61, -0.0874
20250102, SITM, 130, 20250815, C, 0, 0, 0.0014, 223.61, 0.9035
20250102, SITM, 130, 20250815, P, 0, 0, 0.0014, 223.61, -0.0983
20250102, SITM, 135, 20250815, C, 0, 0, 0.0015, 223.61, 0.8922
20250102, SITM, 135, 20250815, P, 0, 0, 0.0015, 223.61, -0.1098
20250102, SITM, 140, 20250815, C, 0, 0, 0.0016, 223.61, 0.8802
20250102, SITM, 140, 20250815, P, 0, 0, 0.0016, 223.61, -0.1219
20250102, SITM, 145, 20250815, C, 0, 0, 0.0017, 223.61, 0.8677
20250102, SITM, 145, 20250815, P, 0, 0, 0.0018, 223.61, -0.1347
20250102, SITM, 150, 20250815, C, 0, 0, 0.0019, 223.61, 0.8547
20250102, SITM, 150, 20250815, P, 0, 0, 0.0019, 223.61, -0.1479
20250102, SITM, 155, 20250815, C, 0, 2, 0.002, 223.61, 0.8411
20250102, SITM, 155, 20250815, P, 0, 0, 0.002, 223.61, -0.1618
20250102, SITM, 160, 20250815, C, 0, 0, 0.0021, 223.61, 0.8271
20250102, SITM, 160, 20250815, P, 0, 0, 0.0021, 223.61, -0.1761
20250102, SITM, 165, 20250815, C, 0, 0, 0.0022, 223.61, 0.8126
20250102, SITM, 165, 20250815, P, 0, 0, 0.0023, 223.61, -0.1909
20250102, SITM, 170, 20250815, C, 0, 0, 0.0023, 223.61, 0.7978
20250102, SITM, 170, 20250815, P, 0, 0, 0.0024, 223.61, -0.2061
20250102, SITM, 175, 20250815, C, 0, 0, 0.0024, 223.61, 0.7827
20250102, SITM, 175, 20250815, P, 0, 0, 0.0025, 223.61, -0.2216
20250102, SITM, 180, 20250815, C, 0, 0, 0.0025, 223.61, 0.7672
20250102, SITM, 180, 20250815, P, 0, 0, 0.0026, 223.61, -0.2374
20250102, SITM, 185, 20250815, C, 0, 0, 0.0026, 223.61, 0.7516
20250102, SITM, 185, 20250815, P, 0, 0, 0.0027, 223.61, -0.2534
20250102, SITM, 190, 20250815, C, 0, 0, 0.0027, 223.61, 0.7358
20250102, SITM, 190, 20250815, P, 0, 0, 0.0028, 223.61, -0.2695
20250102, SITM, 195, 20250815, C, 0, 0, 0.0028, 223.61, 0.7198
20250102, SITM, 195, 20250815, P, 0, 0, 0.0029, 223.61, -0.2861
20250102, SITM, 200, 20250815, C, 0, 0, 0.0029, 223.61, 0.7038
20250102, SITM, 200, 20250815, P, 0, 0, 0.003, 223.61, -0.3027
20250102, SITM, 210, 20250815, C, 0, 0, 0.003, 223.61, 0.6715
20250102, SITM, 210, 20250815, P, 0, 0, 0.0031, 223.61, -0.336
20250102, SITM, 220, 20250815, C, 0, 0, 0.0031, 223.61, 0.6393
20250102, SITM, 220, 20250815, P, 0, 0, 0.0033, 223.61, -0.3692
20250102, SITM, 230, 20250815, C, 0, 1, 0.0032, 223.61, 0.6074
20250102, SITM, 230, 20250815, P, 0, 0, 0.0034, 223.61, -0.4023
20250102, SITM, 240, 20250815, C, 0, 0, 0.0033, 223.61, 0.5761
20250102, SITM, 240, 20250815, P, 0, 0, 0.0034, 223.61, -0.4352
20250102, SITM, 250, 20250815, C, 0, 20, 0.0034, 223.61, 0.5456
20250102, SITM, 250, 20250815, P, 0, 0, 0.0035, 223.61, -0.4672
20250102, SITM, 260, 20250815, C, 0, 0, 0.0034, 223.61, 0.5157
20250102, SITM, 260, 20250815, P, 0, 0, 0.0036, 223.61, -0.4984
20250102, SITM, 270, 20250815, C, 0, 0, 0.0034, 223.61, 0.487
20250102, SITM, 270, 20250815, P, 0, 0, 0.0036, 223.61, -0.5288
20250102, SITM, 280, 20250815, C, 0, 0, 0.0034, 223.61, 0.4596
20250102, SITM, 280, 20250815, P, 0, 0, 0.0036, 223.61, -0.5581
20250102, SITM, 290, 20250815, C, 0, 0, 0.0033, 223.61, 0.433
20250102, SITM, 290, 20250815, P, 0, 0, 0.0036, 223.61, -0.5862
20250102, SITM, 300, 20250815, C, 0, 0, 0.0033, 223.61, 0.4078
20250102, SITM, 300, 20250815, P, 0, 0, 0.0036, 223.61, -0.6134
20250102, SITM, 310, 20250815, C, 0, 0, 0.0032, 223.61, 0.3838
20250102, SITM, 310, 20250815, P, 0, 0, 0.0035, 223.61, -0.6394
20250102, SITM, 320, 20250815, C, 0, 0, 0.0032, 223.61, 0.361
20250102, SITM, 320, 20250815, P, 0, 0, 0.0035, 223.61, -0.6644
20250102, SITM, 330, 20250815, C, 0, 0, 0.0031, 223.61, 0.3393
20250102, SITM, 330, 20250815, P, 0, 0, 0.0034, 223.61, -0.6882
20250102, SITM, 340, 20250815, C, 0, 0, 0.003, 223.61, 0.319
20250102, SITM, 340, 20250815, P, 0, 0, 0.0034, 223.61, -0.711
20250102, SITM, 350, 20250815, C, 0, 0, 0.0029, 223.61, 0.2997
20250102, SITM, 350, 20250815, P, 0, 0, 0.0033, 223.61, -0.7326
20250102, SITM, 360, 20250815, C, 0, 0, 0.0028, 223.61, 0.2814
20250102, SITM, 360, 20250815, P, 0, 0, 0.0032, 223.61, -0.7532
20250102, SITM, 370, 20250815, C, 0, 0, 0.0028, 223.61, 0.2642
20250102, SITM, 370, 20250815, P, 0, 0, 0.0032, 223.61, -0.7729
20250106, SITM, 115, 20250117, C, 0, 0, 0.0002, 236.48, 0.9947
20250106, SITM, 115, 20250117, P, 0, 1, 0.0002, 236.48, -0.0047
20250106, SITM, 120, 20250117, C, 0, 0, 0.0002, 236.48, 0.994
20250106, SITM, 120, 20250117, P, 0, 2, 0.0002, 236.48, -0.0054
20250106, SITM, 125, 20250117, C, 0, 0, 0.0003, 236.48, 0.9932
20250106, SITM, 125, 20250117, P, 0, 0, 0.0003, 236.48, -0.0061
20250106, SITM, 130, 20250117, C, 0, 0, 0.0003, 236.48, 0.9922
20250106, SITM, 130, 20250117, P, 0, 0, 0.0003, 236.48, -0.007
20250106, SITM, 135, 20250117, C, 0, 0, 0.0004, 236.48, 0.9912
20250106, SITM, 135, 20250117, P, 0, 0, 0.0004, 236.48, -0.0081
20250106, SITM, 140, 20250117, C, 0, 0, 0.0004, 236.48, 0.9899
20250106, SITM, 140, 20250117, P, 0, 0, 0.0004, 236.48, -0.0094
20250106, SITM, 145, 20250117, C, 0, 0, 0.0005, 236.48, 0.9883
20250106, SITM, 145, 20250117, P, 0, 0, 0.0005, 236.48, -0.0109
20250106, SITM, 150, 20250117, C, 0, 0, 0.0006, 236.48, 0.9865
20250106, SITM, 150, 20250117, P, 0, 1, 0.0006, 236.48, -0.0127
20250106, SITM, 155, 20250117, C, 0, 0, 0.0008, 236.48, 0.9843
20250106, SITM, 155, 20250117, P, 0, 0, 0.0008, 236.48, -0.0149
20250106, SITM, 160, 20250117, C, 0, 0, 0.0009, 236.48, 0.9816
20250106, SITM, 160, 20250117, P, 0, 0, 0.0009, 236.48, -0.0176
20250106, SITM, 165, 20250117, C, 0, 1, 0.0011, 236.48, 0.9784
20250106, SITM, 165, 20250117, P, 0, 0, 0.0011, 236.48, -0.0209
20250106, SITM, 170, 20250117, C, 0, 0, 0.0014, 236.48, 0.9743
20250106, SITM, 170, 20250117, P, 0, 1, 0.0014, 236.48, -0.0249
20250106, SITM, 175, 20250117, C, 0, 0, 0.0017, 236.48, 0.9693
20250106, SITM, 175, 20250117, P, 0, 1, 0.0017, 236.48, -0.03
20250106, SITM, 180, 20250117, C, 0, 0, 0.0021, 236.48, 0.9629
20250106, SITM, 180, 20250117, P, 0, 5, 0.0021, 236.48, -0.0363
20250106, SITM, 185, 20250117, C, 0, 0, 0.0026, 236.48, 0.955
20250106, SITM, 185, 20250117, P, 1, 1, 0.0026, 236.48, -0.0443
20250106, SITM, 190, 20250117, C, 0, 1, 0.0032, 236.48, 0.9448
20250106, SITM, 190, 20250117, P, 0, 2, 0.0032, 236.48, -0.0545
20250106, SITM, 195, 20250117, C, 0, 2, 0.004, 236.48, 0.9316
20250106, SITM, 195, 20250117, P, 0, 2, 0.004, 236.48, -0.0677
20250106, SITM, 200, 20250117, C, 0, 1, 0.0051, 236.48, 0.9146
20250106, SITM, 200, 20250117, P, 0, 10, 0.0051, 236.48, -0.0848
20250106, SITM, 210, 20250117, C, 0, 8, 0.008, 236.48, 0.8634
20250106, SITM, 210, 20250117, P, 0, 3, 0.008, 236.48, -0.1362
20250106, SITM, 220, 20250117, C, 0, 6, 0.0121, 236.48, 0.7763
20250106, SITM, 220, 20250117, P, 1, 7, 0.0121, 236.48, -0.2236
20250106, SITM, 230, 20250117, C, 3, 7, 0.0164, 236.48, 0.639
20250106, SITM, 230, 20250117, P, 0, 7, 0.0165, 236.48, -0.3614
20250106, SITM, 240, 20250117, C, 3, 21, 0.0181, 236.48, 0.4637
20250106, SITM, 240, 20250117, P, 1, 9, 0.0181, 236.48, -0.5375
20250106, SITM, 250, 20250117, C, 1, 5, 0.0156, 236.48, 0.301
20250106, SITM, 250, 20250117, P, 2, 10, 0.0157, 236.48, -0.7009
20250106, SITM, 260, 20250117, C, 0, 5, 0.0115, 236.48, 0.1862
20250106, SITM, 260, 20250117, P, 0, 0, 0.0116, 236.48, -0.8162
20250106, SITM, 270, 20250117, C, 4, 188, 0.0079, 236.48, 0.1153
20250106, SITM, 270, 20250117, P, 0, 1, 0.008, 236.48, -0.8875
20250106, SITM, 280, 20250117, C, 0, 2, 0.0053, 236.48, 0.073
20250106, SITM, 280, 20250117, P, 0, 0, 0.0054, 236.48, -0.9302
20250106, SITM, 290, 20250117, C, 0, 0, 0.0036, 236.48, 0.0475
20250106, SITM, 290, 20250117, P, 0, 0, 0.0037, 236.48, -0.9563
20250106, SITM, 300, 20250117, C, 0, 1, 0.0024, 236.48, 0.0318
20250106, SITM, 300, 20250117, P, 0, 0, 0.0026, 236.48, -0.9725
20250106, SITM, 310, 20250117, C, 0, 4, 0.0017, 236.48, 0.0217
20250106, SITM, 310, 20250117, P, 0, 0, 0.0019, 236.48, -0.983
20250106, SITM, 320, 20250117, C, 8, 33, 0.0012, 236.48, 0.0152
20250106, SITM, 320, 20250117, P, 0, 0, 0.0014, 236.48, -0.9901
20250106, SITM, 330, 20250117, C, 0, 5, 0.0009, 236.48, 0.0108
20250106, SITM, 330, 20250117, P, 0, 0, 0.0009, 236.48, -0.9948
20250106, SITM, 340, 20250117, C, 0, 0, 0.0006, 236.48, 0.0079
20250106, SITM, 340, 20250117, P, 0, 0, 0.0005, 236.48, -0.9976
20250106, SITM, 350, 20250117, C, 0, 7, 0.0005, 236.48, 0.0058
20250106, SITM, 350, 20250117, P, 0, 0, 0.0002, 236.48, -0.999
20250106, SITM, 55, 20250221, C, 0, 0, 0, 236.48, 0.9982
20250106, SITM, 55, 20250221, P, 0, 72, 0, 236.48, -0.0013
20250106, SITM, 60, 20250221, C, 0, 0, 0, 236.48, 0.9979
20250106, SITM, 60, 20250221, P, 0, 1, 0, 236.48, -0.0017
20250106, SITM, 65, 20250221, C, 0, 0, 0.0001, 236.48, 0.9975
20250106, SITM, 65, 20250221, P, 0, 1, 0.0001, 236.48, -0.0021
20250106, SITM, 70, 20250221, C, 0, 0, 0.0001, 236.48, 0.997
20250106, SITM, 70, 20250221, P, 0, 4, 0.0001, 236.48, -0.0026
20250106, SITM, 75, 20250221, C, 0, 0, 0.0001, 236.48, 0.9964
20250106, SITM, 75, 20250221, P, 0, 0, 0.0001, 236.48, -0.0032
20250106, SITM, 80, 20250221, C, 0, 1, 0.0001, 236.48, 0.9957
20250106, SITM, 80, 20250221, P, 0, 1, 0.0001, 236.48, -0.0039
20250106, SITM, 85, 20250221, C, 0, 0, 0.0001, 236.48, 0.9948
20250106, SITM, 85, 20250221, P, 0, 0, 0.0001, 236.48, -0.0047
20250106, SITM, 90, 20250221, C, 0, 45, 0.0002, 236.48, 0.9938
20250106, SITM, 90, 20250221, P, 0, 1, 0.0002, 236.48, -0.0058
20250106, SITM, 95, 20250221, C, 0, 0, 0.0002, 236.48, 0.9925
20250106, SITM, 95, 20250221, P, 0, 1, 0.0002, 236.48, -0.0071
20250106, SITM, 100, 20250221, C, 0, 0, 0.0002, 236.48, 0.991
20250106, SITM, 100, 20250221, P, 0, 0, 0.0002, 236.48, -0.0086
20250106, SITM, 105, 20250221, C, 0, 1, 0.0003, 236.48, 0.9892
20250106, SITM, 105, 20250221, P, 0, 0, 0.0003, 236.48, -0.0104
20250106, SITM, 110, 20250221, C, 0, 2, 0.0004, 236.48, 0.987
20250106, SITM, 110, 20250221, P, 0, 15, 0.0004, 236.48, -0.0126
20250106, SITM, 115, 20250221, C, 0, 0, 0.0004, 236.48, 0.9844
20250106, SITM, 115, 20250221, P, 0, 1, 0.0004, 236.48, -0.0152
20250106, SITM, 120, 20250221, C, 0, 40, 0.0005, 236.48, 0.9813
20250106, SITM, 120, 20250221, P, 0, 1, 0.0005, 236.48, -0.0183
20250106, SITM, 125, 20250221, C, 0, 6, 0.0006, 236.48, 0.9776
20250106, SITM, 125, 20250221, P, 0, 27, 0.0006, 236.48, -0.022
20250106, SITM, 130, 20250221, C, 0, 1, 0.0008, 236.48, 0.9733
20250106, SITM, 130, 20250221, P, 0, 1, 0.0008, 236.48, -0.0263
20250106, SITM, 135, 20250221, C, 0, 1, 0.0009, 236.48, 0.9682
20250106, SITM, 135, 20250221, P, 0, 0, 0.0009, 236.48, -0.0314
20250106, SITM, 140, 20250221, C, 0, 1, 0.001, 236.48, 0.9622
20250106, SITM, 140, 20250221, P, 0, 12, 0.001, 236.48, -0.0374
20250106, SITM, 145, 20250221, C, 0, 2, 0.0012, 236.48, 0.9552
20250106, SITM, 145, 20250221, P, 0, 16, 0.0012, 236.48, -0.0444
20250106, SITM, 150, 20250221, C, 30, 39, 0.0014, 236.48, 0.9471
20250106, SITM, 150, 20250221, P, 0, 6, 0.0014, 236.48, -0.0526
20250106, SITM, 155, 20250221, C, 0, 10, 0.0017, 236.48, 0.9378
20250106, SITM, 155, 20250221, P, 0, 1, 0.0017, 236.48, -0.062
20250106, SITM, 160, 20250221, C, 0, 2, 0.0019, 236.48, 0.927
20250106, SITM, 160, 20250221, P, 0, 7, 0.0019, 236.48, -0.0727
20250106, SITM, 165, 20250221, C, 0, 1, 0.0022, 236.48, 0.9148
20250106, SITM, 165, 20250221, P, 0, 2, 0.0022, 236.48, -0.085
20250106, SITM, 170, 20250221, C, 0, 1, 0.0025, 236.48, 0.9009
20250106, SITM, 170, 20250221, P, 0, 2, 0.0025, 236.48, -0.099
20250106, SITM, 175, 20250221, C, 0, 1, 0.0028, 236.48, 0.8854
20250106, SITM, 175, 20250221, P, 0, 0, 0.0028, 236.48, -0.1146
20250106, SITM, 180, 20250221, C, 0, 13, 0.0031, 236.48, 0.868
20250106, SITM, 180, 20250221, P, 0, 1, 0.0032, 236.48, -0.1321
20250106, SITM, 185, 20250221, C, 0, 10, 0.0035, 236.48, 0.8488
20250106, SITM, 185, 20250221, P, 1, 6, 0.0035, 236.48, -0.1514
20250106, SITM, 190, 20250221, C, 0, 10, 0.0038, 236.48, 0.8277
20250106, SITM, 190, 20250221, P, 0, 0, 0.0039, 236.48, -0.1726
20250106, SITM, 195, 20250221, C, 0, 1, 0.0042, 236.48, 0.8048
20250106, SITM, 195, 20250221, P, 0, 0, 0.0042, 236.48, -0.1956
20250106, SITM, 200, 20250221, C, 0, 29, 0.0046, 236.48, 0.7801
20250106, SITM, 200, 20250221, P, 0, 0, 0.0046, 236.48, -0.2205
20250106, SITM, 210, 20250221, C, 0, 42, 0.0052, 236.48, 0.7259
20250106, SITM, 210, 20250221, P, 0, 2, 0.0053, 236.48, -0.275
20250106, SITM, 220, 20250221, C, 0, 2, 0.0058, 236.48, 0.6666
20250106, SITM, 220, 20250221, P, 0, 2, 0.0058, 236.48, -0.3347
20250106, SITM, 230, 20250221, C, 32, 66, 0.0062, 236.48, 0.604
20250106, SITM, 230, 20250221, P, 0, 1, 0.0062, 236.48, -0.3979
20250106, SITM, 240, 20250221, C, 3, 21, 0.0064, 236.48, 0.5402
20250106, SITM, 240, 20250221, P, 0, 0, 0.0065, 236.48, -0.4623
20250106, SITM, 250, 20250221, C, 0, 3, 0.0065, 236.48, 0.4774
20250106, SITM, 250, 20250221, P, 0, 1, 0.0066, 236.48, -0.5258
20250106, SITM, 260, 20250221, C, 0, 20, 0.0064, 236.48, 0.4173
20250106, SITM, 260, 20250221, P, 0, 1, 0.0065, 236.48, -0.5866
20250106, SITM, 270, 20250221, C, 73, 139, 0.0061, 236.48, 0.3614
20250106, SITM, 270, 20250221, P, 0, 2, 0.0062, 236.48, -0.6435
20250106, SITM, 280, 20250221, C, 13, 90, 0.0058, 236.48, 0.3105
20250106, SITM, 280, 20250221, P, 0, 0, 0.0059, 236.48, -0.6953
20250106, SITM, 290, 20250221, C, 1, 1, 0.0053, 236.48, 0.265
20250106, SITM, 290, 20250221, P, 0, 0, 0.0055, 236.48, -0.7418
20250106, SITM, 300, 20250221, C, 0, 12, 0.0049, 236.48, 0.225
20250106, SITM, 300, 20250221, P, 0, 0, 0.005, 236.48, -0.7829
20250106, SITM, 310, 20250221, C, 1, 7, 0.0044, 236.48, 0.1902
20250106, SITM, 310, 20250221, P, 0, 0, 0.0045, 236.48, -0.8188
20250106, SITM, 320, 20250221, C, 0, 12, 0.0039, 236.48, 0.1604
20250106, SITM, 320, 20250221, P, 0, 0, 0.0041, 236.48, -0.8498
20250106, SITM, 330, 20250221, C, 0, 0, 0.0035, 236.48, 0.1349
20250106, SITM, 330, 20250221, P, 0, 0, 0.0036, 236.48, -0.8763
20250106, SITM, 340, 20250221, C, 0, 0, 0.0031, 236.48, 0.1133
20250106, SITM, 340, 20250221, P, 0, 0, 0.0032, 236.48, -0.8992
20250106, SITM, 350, 20250221, C, 0, 3, 0.0027, 236.48, 0.0952
20250106, SITM, 350, 20250221, P, 0, 0, 0.0029, 236.48, -0.9184
20250106, SITM, 360, 20250221, C, 0, 0, 0.0023, 236.48, 0.0799
20250106, SITM, 360, 20250221, P, 0, 0, 0.0026, 236.48, -0.9352
20250106, SITM, 370, 20250221, C, 0, 2, 0.002, 236.48, 0.0671
20250106, SITM, 370, 20250221, P, 0, 0, 0.0023, 236.48, -0.9491
20250106, SITM, 380, 20250221, C, 0, 0, 0.0018, 236.48, 0.0564
20250106, SITM, 380, 20250221, P, 0, 0, 0.002, 236.48, -0.9612
20250106, SITM, 390, 20250221, C, 1, 38, 0.0015, 236.48, 0.0474
20250106, SITM, 390, 20250221, P, 0, 0, 0.0018, 236.48, -0.9714
20250106, SITM, 85, 20250516, C, 0, 0, 0.0002, 236.48, 0.9921
20250106, SITM, 85, 20250516, P, 2, 10, 0.0002, 236.48, -0.0099
20250106, SITM, 90, 20250516, C, 0, 0, 0.0003, 236.48, 0.9896
20250106, SITM, 90, 20250516, P, 2, 7, 0.0003, 236.48, -0.0124
20250106, SITM, 95, 20250516, C, 0, 0, 0.0003, 236.48, 0.9865
20250106, SITM, 95, 20250516, P, 0, 16, 0.0003, 236.48, -0.0155
20250106, SITM, 100, 20250516, C, 0, 0, 0.0004, 236.48, 0.9829
20250106, SITM, 100, 20250516, P, 0, 11, 0.0004, 236.48, -0.0191
20250106, SITM, 105, 20250516, C, 0, 0, 0.0005, 236.48, 0.9787
20250106, SITM, 105, 20250516, P, 0, 7, 0.0005, 236.48, -0.0234
20250106, SITM, 110, 20250516, C, 0, 0, 0.0006, 236.48, 0.9738
20250106, SITM, 110, 20250516, P, 0, 4, 0.0006, 236.48, -0.0283
20250106, SITM, 115, 20250516, C, 0, 0, 0.0007, 236.48, 0.9682
20250106, SITM, 115, 20250516, P, 0, 4, 0.0007, 236.48, -0.0339
20250106, SITM, 120, 20250516, C, 0, 0, 0.0008, 236.48, 0.9619
20250106, SITM, 120, 20250516, P, 0, 12, 0.0008, 236.48, -0.0403
20250106, SITM, 125, 20250516, C, 0, 1, 0.0009, 236.48, 0.9547
20250106, SITM, 125, 20250516, P, 0, 18, 0.0009, 236.48, -0.0475
20250106, SITM, 130, 20250516, C, 0, 1, 0.001, 236.48, 0.9467
20250106, SITM, 130, 20250516, P, 0, 12, 0.0011, 236.48, -0.0556
20250106, SITM, 135, 20250516, C, 0, 0, 0.0012, 236.48, 0.9378
20250106, SITM, 135, 20250516, P, 0, 0, 0.0012, 236.48, -0.0646
20250106, SITM, 140, 20250516, C, 0, 3, 0.0013, 236.48, 0.928
20250106, SITM, 140, 20250516, P, 0, 0, 0.0014, 236.48, -0.0745
20250106, SITM, 145, 20250516, C, 0, 0, 0.0015, 236.48, 0.9173
20250106, SITM, 145, 20250516, P, 0, 0, 0.0015, 236.48, -0.0853
20250106, SITM, 150, 20250516, C, 0, 86, 0.0016, 236.48, 0.9057
20250106, SITM, 150, 20250516, P, 0, 1, 0.0017, 236.48, -0.097
20250106, SITM, 155, 20250516, C, 0, 0, 0.0018, 236.48, 0.8932
20250106, SITM, 155, 20250516, P, 0, 0, 0.0018, 236.48, -0.1096
20250106, SITM, 160, 20250516, C, 0, 0, 0.002, 236.48, 0.8799
20250106, SITM, 160, 20250516, P, 0, 0, 0.002, 236.48, -0.1232
20250106, SITM, 165, 20250516, C, 0, 2, 0.0022, 236.48, 0.8656
20250106, SITM, 165, 20250516, P, 0, 0, 0.0022, 236.48, -0.1376
20250106, SITM, 170, 20250516, C, 0, 0, 0.0023, 236.48, 0.8506
20250106, SITM, 170, 20250516, P, 0, 0, 0.0024, 236.48, -0.1528
20250106, SITM, 175, 20250516, C, 0, 2, 0.0025, 236.48, 0.8348
20250106, SITM, 175, 20250516, P, 0, 0, 0.0025, 236.48, -0.1688
20250106, SITM, 180, 20250516, C, 0, 106, 0.0026, 236.48, 0.8183
20250106, SITM, 180, 20250516, P, 0, 6, 0.0027, 236.48, -0.1856
20250106, SITM, 185, 20250516, C, 0, 0, 0.0028, 236.48, 0.8011
20250106, SITM, 185, 20250516, P, 0, 0, 0.0028, 236.48, -0.203
20250106, SITM, 190, 20250516, C, 0, 1, 0.003, 236.48, 0.7833
20250106, SITM, 190, 20250516, P, 0, 0, 0.003, 236.48, -0.221
20250106, SITM, 195, 20250516, C, 0, 1, 0.0031, 236.48, 0.765
20250106, SITM, 195, 20250516, P, 0, 0, 0.0032, 236.48, -0.2396
20250106, SITM, 200, 20250516, C, 0, 124, 0.0032, 236.48, 0.7463
20250106, SITM, 200, 20250516, P, 0, 1, 0.0033, 236.48, -0.2587
20250106, SITM, 210, 20250516, C, 0, 2, 0.0035, 236.48, 0.7077
20250106, SITM, 210, 20250516, P, 0, 0, 0.0036, 236.48, -0.298
20250106, SITM, 220, 20250516, C, 0, 1, 0.0037, 236.48, 0.6682
20250106, SITM, 220, 20250516, P, 1, 3, 0.0038, 236.48, -0.3382
20250106, SITM, 230, 20250516, C, 0, 11, 0.0039, 236.48, 0.6284
20250106, SITM, 230, 20250516, P, 0, 0, 0.004, 236.48, -0.379
20250106, SITM, 240, 20250516, C, 7, 8, 0.004, 236.48, 0.5887
20250106, SITM, 240, 20250516, P, 0, 1, 0.0041, 236.48, -0.4197
20250106, SITM, 250, 20250516, C, 0, 17, 0.0041, 236.48, 0.5495
20250106, SITM, 250, 20250516, P, 0, 0, 0.0042, 236.48, -0.46
20250106, SITM, 260, 20250516, C, 0, 0, 0.0041, 236.48, 0.5114
20250106, SITM, 260, 20250516, P, 0, 1, 0.0042, 236.48, -0.4993
20250106, SITM, 270, 20250516, C, 10, 5, 0.0041, 236.48, 0.4746
20250106, SITM, 270, 20250516, P, 0, 0, 0.0042, 236.48, -0.5374
20250106, SITM, 280, 20250516, C, 0, 1, 0.0041, 236.48, 0.4392
20250106, SITM, 280, 20250516, P, 0, 0, 0.0042, 236.48, -0.5742
20250106, SITM, 290, 20250516, C, 0, 2, 0.004, 236.48, 0.4056
20250106, SITM, 290, 20250516, P, 0, 2, 0.0042, 236.48, -0.6092
20250106, SITM, 300, 20250516, C, 0, 10, 0.0039, 236.48, 0.3739
20250106, SITM, 300, 20250516, P, 0, 3, 0.0041, 236.48, -0.6426
20250106, SITM, 310, 20250516, C, 0, 1, 0.0038, 236.48, 0.344
20250106, SITM, 310, 20250516, P, 0, 1, 0.004, 236.48, -0.6741
20250106, SITM, 320, 20250516, C, 0, 0, 0.0037, 236.48, 0.316
20250106, SITM, 320, 20250516, P, 0, 0, 0.0039, 236.48, -0.7038
20250106, SITM, 330, 20250516, C, 0, 8, 0.0035, 236.48, 0.29
20250106, SITM, 330, 20250516, P, 0, 0, 0.0038, 236.48, -0.7316
20250106, SITM, 340, 20250516, C, 0, 0, 0.0034, 236.48, 0.2658
20250106, SITM, 340, 20250516, P, 0, 0, 0.0036, 236.48, -0.7576
20250106, SITM, 350, 20250516, C, 0, 1, 0.0032, 236.48, 0.2434
20250106, SITM, 350, 20250516, P, 0, 0, 0.0035, 236.48, -0.782
20250106, SITM, 360, 20250516, C, 0, 1, 0.0031, 236.48, 0.2227
20250106, SITM, 360, 20250516, P, 0, 0, 0.0034, 236.48, -0.8046
20250106, SITM, 370, 20250516, C, 0, 0, 0.0029, 236.48, 0.2037
20250106, SITM, 370, 20250516, P, 0, 0, 0.0032, 236.48, -0.8258
20250106, SITM, 380, 20250516, C, 0, 0, 0.0027, 236.48, 0.1862
20250106, SITM, 380, 20250516, P, 0, 0, 0.0031, 236.48, -0.8454
20250106, SITM, 390, 20250516, C, 0, 0, 0.0026, 236.48, 0.1702
20250106, SITM, 390, 20250516, P, 0, 0, 0.003, 236.48, -0.8636
20250106, SITM, 110, 20250815, C, 0, 0, 0.0007, 236.48, 0.9552
20250106, SITM, 110, 20250815, P, 0, 0, 0.0007, 236.48, -0.0478
20250106, SITM, 115, 20250815, C, 0, 0, 0.0008, 236.48, 0.948
20250106, SITM, 115, 20250815, P, 0, 0, 0.0008, 236.48, -0.0551
20250106, SITM, 120, 20250815, C, 0, 0, 0.0009, 236.48, 0.9402
20250106, SITM, 120, 20250815, P, 0, 0, 0.0009, 236.48, -0.0631
20250106, SITM, 125, 20250815, C, 0, 0, 0.001, 236.48, 0.9317
20250106, SITM, 125, 20250815, P, 0, 0, 0.001, 236.48, -0.0717
20250106, SITM, 130, 20250815, C, 0, 0, 0.0011, 236.48, 0.9225
20250106, SITM, 130, 20250815, P, 0, 0, 0.0011, 236.48, -0.081
20250106, SITM, 135, 20250815, C, 0, 0, 0.0012, 236.48, 0.9128
20250106, SITM, 135, 20250815, P, 0, 0, 0.0012, 236.48, -0.0909
20250106, SITM, 140, 20250815, C, 0, 0, 0.0013, 236.48, 0.9024
20250106, SITM, 140, 20250815, P, 0, 0, 0.0014, 236.48, -0.1014
20250106, SITM, 145, 20250815, C, 0, 0, 0.0014, 236.48, 0.8915
20250106, SITM, 145, 20250815, P, 0, 0, 0.0015, 236.48, -0.1125
20250106, SITM, 150, 20250815, C, 0, 0, 0.0016, 236.48, 0.88
20250106, SITM, 150, 20250815, P, 0, 0, 0.0016, 236.48, -0.1242
20250106, SITM, 155, 20250815, C, 0, 2, 0.0017, 236.48, 0.8679
20250106, SITM, 155, 20250815, P, 0, 0, 0.0017, 236.48, -0.1365
20250106, SITM, 160, 20250815, C, 0, 0, 0.0018, 236.48, 0.8554
20250106, SITM, 160, 20250815, P, 0, 0, 0.0018, 236.48, -0.1492
20250106, SITM, 165, 20250815, C, 0, 0, 0.0019, 236.48, 0.8424
20250106, SITM, 165, 20250815, P, 0, 0, 0.0019, 236.48, -0.1625
20250106, SITM, 170, 20250815, C, 0, 0, 0.002, 236.48, 0.829
20250106, SITM, 170, 20250815, P, 0, 0, 0.002, 236.48, -0.1762
20250106, SITM, 175, 20250815, C, 0, 0, 0.0021, 236.48, 0.8152
20250106, SITM, 175, 20250815, P, 0, 0, 0.0022, 236.48, -0.1903
20250106, SITM, 180, 20250815, C, 0, 0, 0.0022, 236.48, 0.8011
20250106, SITM, 180, 20250815, P, 0, 0, 0.0023, 236.48, -0.2048
20250106, SITM, 185, 20250815, C, 0, 0, 0.0023, 236.48, 0.7866
20250106, SITM, 185, 20250815, P, 0, 0, 0.0024, 236.48, -0.2196
20250106, SITM, 190, 20250815, C, 0, 0, 0.0024, 236.48, 0.7719
20250106, SITM, 190, 20250815, P, 0, 0, 0.0025, 236.48, -0.2347
20250106, SITM, 195, 20250815, C, 0, 0, 0.0025, 236.48, 0.757
20250106, SITM, 195, 20250815, P, 0, 0, 0.0026, 236.48, -0.25
20250106, SITM, 200, 20250815, C, 0, 0, 0.0026, 236.48, 0.7419
20250106, SITM, 200, 20250815, P, 0, 0, 0.0027, 236.48, -0.2655
20250106, SITM, 210, 20250815, C, 0, 0, 0.0027, 236.48, 0.7112
20250106, SITM, 210, 20250815, P, 0, 0, 0.0028, 236.48, -0.2971
20250106, SITM, 220, 20250815, C, 0, 0, 0.0029, 236.48, 0.6803
20250106, SITM, 220, 20250815, P, 0, 0, 0.003, 236.48, -0.329
20250106, SITM, 230, 20250815, C, 1, 1, 0.003, 236.48, 0.6494
20250106, SITM, 230, 20250815, P, 0, 0, 0.0031, 236.48, -0.361
20250106, SITM, 240, 20250815, C, 0, 0, 0.0031, 236.48, 0.6187
20250106, SITM, 240, 20250815, P, 0, 0, 0.0032, 236.48, -0.3929
20250106, SITM, 250, 20250815, C, 0, 20, 0.0032, 236.48, 0.5885
20250106, SITM, 250, 20250815, P, 0, 0, 0.0033, 236.48, -0.4245
20250106, SITM, 260, 20250815, C, 0, 0, 0.0032, 236.48, 0.5589
20250106, SITM, 260, 20250815, P, 0, 0, 0.0034, 236.48, -0.4555
20250106, SITM, 270, 20250815, C, 1, 0, 0.0032, 236.48, 0.53
20250106, SITM, 270, 20250815, P, 0, 0, 0.0034, 236.48, -0.4858
20250106, SITM, 280, 20250815, C, 0, 0, 0.0032, 236.48, 0.5021
20250106, SITM, 280, 20250815, P, 0, 0, 0.0034, 236.48, -0.5154
20250106, SITM, 290, 20250815, C, 0, 0, 0.0032, 236.48, 0.4751
20250106, SITM, 290, 20250815, P, 0, 0, 0.0034, 236.48, -0.5441
20250106, SITM, 300, 20250815, C, 0, 0, 0.0032, 236.48, 0.4491
20250106, SITM, 300, 20250815, P, 0, 0, 0.0034, 236.48, -0.5718
20250106, SITM, 310, 20250815, C, 0, 0, 0.0032, 236.48, 0.4242
20250106, SITM, 310, 20250815, P, 0, 0, 0.0034, 236.48, -0.5986
20250106, SITM, 320, 20250815, C, 0, 0, 0.0031, 236.48, 0.4004
20250106, SITM, 320, 20250815, P, 0, 0, 0.0034, 236.48, -0.6243
20250106, SITM, 330, 20250815, C, 0, 0, 0.0031, 236.48, 0.3777
20250106, SITM, 330, 20250815, P, 0, 0, 0.0034, 236.48, -0.6489
20250106, SITM, 340, 20250815, C, 0, 0, 0.003, 236.48, 0.3562
20250106, SITM, 340, 20250815, P, 0, 0, 0.0033, 236.48, -0.6726
20250106, SITM, 350, 20250815, C, 0, 0, 0.003, 236.48, 0.3357
20250106, SITM, 350, 20250815, P, 0, 0, 0.0033, 236.48, -0.6953
20250106, SITM, 360, 20250815, C, 1, 0, 0.0029, 236.48, 0.3163
20250106, SITM, 360, 20250815, P, 0, 0, 0.0032, 236.48, -0.7168
20250106, SITM, 370, 20250815, C, 0, 0, 0.0028, 236.48, 0.2979
20250106, SITM, 370, 20250815, P, 0, 0, 0.0032, 236.48, -0.7375
