20250811000000, AMD, 140, 20250815, C, 171, 12844, 0.0013, 172.28, 0, 0.7976, 0, 32.05, 20250811 15:59:59
20250811000000, AMD, 140, 20250815, P, 951, 14272, 0.0013, 172.28, 0, 0.8272, 0, 0.03, 20250811 15:59:59
20250819142710, AMD, 40, 20250822, C, 0, 3, 0, 167.41, 1, 0, 0, 137, 20250819 14:27:10
20250819142710, AMD, 40, 20250822, P, 0, 0, 0, 167.41, 0, 4.7963, 0, 0.02, 20250819 14:27:10
20250819142710, AMD, 45, 20250822, C, 0, 0, 0, 167.41, 1, 4.4475, 0, 0, 20250819 14:27:10
20250819142710, AMD, 45, 20250822, P, 0, 0, 0, 167.41, 0, 4.4095, 0, 0, 20250819 14:27:10
20250819142710, AMD, 50, 20250822, C, 0, 0, 0, 167.41, 1, 3.8661, 0, 0, 20250819 14:27:10
20250819142710, AMD, 50, 20250822, P, 0, 0, 0, 167.41, 0, 4.0645, 0, 0, 20250819 14:27:10
20250819142710, AMD, 55, 20250822, C, 0, 5, 0, 167.41, 1, 0, 0, 120.85, 20250819 14:27:10
20250819142710, AMD, 55, 20250822, P, 0, 1, 0, 167.41, 0, 3.7531, 0, 0.02, 20250819 14:27:10
20250819142710, AMD, 60, 20250822, C, 0, 4, 0, 167.41, 1, 0, 0, 117.7, 20250819 14:27:10
20250819142710, AMD, 60, 20250822, P, 0, 19, 0, 167.41, 0, 3.4691, 0, 0.02, 20250819 14:27:10
20250819142710, AMD, 65, 20250822, C, 0, 2, 0, 167.41, 1, 3.5674, 0, 113.2, 20250819 14:27:10
20250819142710, AMD, 65, 20250822, P, 0, 21, 0, 167.41, 0, 3.2082, -0.0001, 0.02, 20250819 14:27:10
20250819142710, AMD, 70, 20250822, C, 0, 5, 0, 167.41, 1, 3.2455, 0, 105.35, 20250819 14:27:10
20250819142710, AMD, 70, 20250822, P, 0, 401, 0, 167.41, 0, 2.9667, -0.0001, 0.03, 20250819 14:27:10
20250819142710, AMD, 75, 20250822, C, 0, 5, 0, 167.41, 1, 2.9405, 0, 102.2, 20250819 14:27:10
20250819142710, AMD, 75, 20250822, P, 0, 567, 0, 167.41, 0, 2.7418, -0.0001, 0.03, 20250819 14:27:10
20250819142710, AMD, 80, 20250822, C, 7, 7, 0, 167.41, 1, 2.6467, 0, 89.05, 20250819 14:27:10
20250819142710, AMD, 80, 20250822, P, 1, 107, 0, 167.41, 0, 2.5313, -0.0001, 0.01, 20250819 14:27:10
20250819142710, AMD, 85, 20250822, C, 5, 15, 0, 167.41, 1, 2.3546, 0, 84.8, 20250819 14:27:10
20250819142710, AMD, 85, 20250822, P, 0, 95, 0, 167.41, 0, 2.3334, -0.0002, 0.01, 20250819 14:27:10
20250819142710, AMD, 90, 20250822, C, 1, 13, 0, 167.41, 1, 2.0376, 0, 77.8, 20250819 14:27:10
20250819142710, AMD, 90, 20250822, P, 0, 66, 0, 167.41, 0, 2.1466, -0.0002, 0.01, 20250819 14:27:10
20250819142710, AMD, 95, 20250822, C, 13, 60, 0, 167.41, 1, 0, 0, 72.7, 20250819 14:27:10
20250819142710, AMD, 95, 20250822, P, 0, 67, 0, 167.41, -0.0001, 1.9695, -0.0003, 0.02, 20250819 14:27:10
20250819142710, AMD, 100, 20250822, C, 64, 150, 0, 167.41, 1, 0, 0, 67.38, 20250819 14:27:10
20250819142710, AMD, 100, 20250822, P, 0, 2309, 0, 167.41, -0.0001, 1.8011, -0.0004, 0.01, 20250819 14:27:10
20250819142710, AMD, 105, 20250822, C, 0, 34, 0, 167.41, 1, 2.1179, 0, 70.27, 20250819 14:27:10
20250819142710, AMD, 105, 20250822, P, 0, 170, 0, 167.41, -0.0001, 1.6404, -0.0006, 0.03, 20250819 14:27:10
20250819142710, AMD, 110, 20250822, C, 2, 39, 0, 167.41, 0.9999, 1.6369, 0, 60.15, 20250819 14:27:10
20250819142710, AMD, 110, 20250822, P, 0, 2764, 0, 167.41, -0.0002, 1.4867, -0.0008, 0.01, 20250819 14:27:10
20250819142710, AMD, 115, 20250822, C, 53, 36, 0.0001, 167.41, 0.9998, 1.4442, 0, 52.65, 20250819 14:27:10
20250819142710, AMD, 115, 20250822, P, 0, 14811, 0.0001, 167.41, -0.0003, 1.3393, -0.0012, 0.01, 20250819 14:27:10
20250819142710, AMD, 120, 20250822, C, 18, 88, 0.0001, 167.41, 0.9996, 1.2568, 0, 47.65, 20250819 14:27:10
20250819142710, AMD, 120, 20250822, P, 0, 5188, 0.0001, 167.41, -0.0004, 1.1974, -0.0018, 0.01, 20250819 14:27:10
20250819142710, AMD, 125, 20250822, C, 1, 87, 0.0002, 167.41, 0.9992, 1.4222, 0, 44.55, 20250819 14:27:10
20250819142710, AMD, 125, 20250822, P, 60, 1158, 0.0002, 167.41, -0.0008, 1.0605, -0.0032, 0.01, 20250819 14:27:10
20250819142710, AMD, 126, 20250822, C, 10, 58, 0.0002, 167.41, 0.9991, 1.2302, 0, 41.4, 20250819 14:27:10
20250819142710, AMD, 126, 20250822, P, 0, 443, 0.0002, 167.41, -0.001, 1.0337, -0.0037, 0.01, 20250819 14:27:10
20250819142710, AMD, 127, 20250822, C, 0, 99, 0.0002, 167.41, 0.999, 0, 0, 50.57, 20250819 14:27:10
20250819142710, AMD, 127, 20250822, P, 0, 299, 0.0002, 167.41, -0.0011, 1.0071, -0.0043, 0.02, 20250819 14:27:10
20250819142710, AMD, 128, 20250822, C, 7, 35, 0.0003, 167.41, 0.9988, 1.3155, 0, 42.36, 20250819 14:27:10
20250819142710, AMD, 128, 20250822, P, 3, 432, 0.0003, 167.41, -0.0013, 0.9806, -0.0049, 0.01, 20250819 14:27:10
20250819142710, AMD, 129, 20250822, C, 0, 72, 0.0003, 167.41, 0.9986, 1.1298, -0.0007, 46.19, 20250819 14:27:10
20250819142710, AMD, 129, 20250822, P, 0, 307, 0.0003, 167.41, -0.0015, 0.9543, -0.0056, 0.02, 20250819 14:27:10
20250819142710, AMD, 130, 20250822, C, 10, 81, 0.0004, 167.41, 0.9984, 0.8768, -0.0016, 37.55, 20250819 14:27:10
20250819142710, AMD, 130, 20250822, P, 2, 426, 0.0004, 167.41, -0.0017, 0.9282, -0.0064, 0.01, 20250819 14:27:10
20250819142710, AMD, 131, 20250822, C, 11, 30, 0.0004, 167.41, 0.9982, 0.8334, -0.0026, 36.17, 20250819 14:27:10
20250819142710, AMD, 131, 20250822, P, 0, 937, 0.0004, 167.41, -0.0019, 0.9022, -0.0072, 0.01, 20250819 14:27:10
20250819142710, AMD, 132, 20250822, C, 1, 60, 0.0005, 167.41, 0.9979, 0.7852, -0.0036, 35.35, 20250819 14:27:10
20250819142710, AMD, 132, 20250822, P, 0, 254, 0.0005, 167.41, -0.0022, 0.8764, -0.0081, 0.01, 20250819 14:27:10
20250819142710, AMD, 133, 20250822, C, 11, 20, 0.0005, 167.41, 0.9976, 1.1426, -0.0046, 36.65, 20250819 14:27:10
20250819142710, AMD, 133, 20250822, P, 882, 1004, 0.0006, 167.41, -0.0025, 0.8507, -0.009, 0.01, 20250819 14:27:10
20250819142710, AMD, 134, 20250822, C, 14, 34, 0.0006, 167.41, 0.9973, 0.9675, -0.0057, 34.36, 20250819 14:27:10
20250819142710, AMD, 134, 20250822, P, 2376, 430, 0.0006, 167.41, -0.0028, 0.8252, -0.01, 0.01, 20250819 14:27:10
20250819142710, AMD, 135, 20250822, C, 146, 224, 0.0007, 167.41, 0.997, 1.0182, -0.0069, 32.54, 20250819 14:27:10
20250819142710, AMD, 135, 20250822, P, 2544, 1301, 0.0007, 167.41, -0.0031, 0.8878, -0.011, 0.01, 20250819 14:27:10
20250819142710, AMD, 136, 20250822, C, 33, 154, 0.0008, 167.41, 0.9966, 0, -0.0081, 30.9, 20250819 14:27:10
20250819142710, AMD, 136, 20250822, P, 972, 1171, 0.0008, 167.41, -0.0035, 0.8602, -0.0122, 0.01, 20250819 14:27:10
20250819142710, AMD, 137, 20250822, C, 43, 87, 0.0009, 167.41, 0.9962, 0.8731, -0.0096, 29.85, 20250819 14:27:10
20250819142710, AMD, 137, 20250822, P, 62, 665, 0.0009, 167.41, -0.0039, 0.8328, -0.0134, 0.02, 20250819 14:27:10
20250819142710, AMD, 138, 20250822, C, 5, 47, 0.001, 167.41, 0.9957, 0.842, -0.0112, 28.85, 20250819 14:27:10
20250819142710, AMD, 138, 20250822, P, 41, 1292, 0.001, 167.41, -0.0044, 0.8054, -0.0149, 0.02, 20250819 14:27:10
20250819142710, AMD, 139, 20250822, C, 4, 52, 0.0012, 167.41, 0.9951, 0, -0.0131, 28.6, 20250819 14:27:10
20250819142710, AMD, 139, 20250822, P, 99, 581, 0.0012, 167.41, -0.005, 0.7782, -0.0167, 0.02, 20250819 14:27:10
20250819142710, AMD, 140, 20250822, C, 165, 655, 0.0014, 167.41, 0.9943, 0.7806, -0.0154, 27.5, 20250819 14:27:10
20250819142710, AMD, 140, 20250822, P, 796, 22635, 0.0014, 167.41, -0.0058, 0.795, -0.0189, 0.03, 20250819 14:27:10
20250819142710, AMD, 141, 20250822, C, 26, 80, 0.0016, 167.41, 0.9934, 0, -0.0184, 26.6, 20250819 14:27:10
20250819142710, AMD, 141, 20250822, P, 176, 565, 0.0016, 167.41, -0.0067, 0.7667, -0.0217, 0.03, 20250819 14:27:10
20250819142710, AMD, 142, 20250822, C, 19, 127, 0.0019, 167.41, 0.9922, 0.7948, -0.022, 25.8, 20250819 14:27:10
20250819142710, AMD, 142, 20250822, P, 191, 2276, 0.0019, 167.41, -0.0079, 0.7386, -0.0253, 0.03, 20250819 14:27:10
20250819142710, AMD, 143, 20250822, C, 5, 265, 0.0022, 167.41, 0.9906, 0.7636, -0.0267, 24.1, 20250819 14:27:10
20250819142710, AMD, 143, 20250822, P, 109, 197, 0.0022, 167.41, -0.0094, 0.7403, -0.0299, 0.03, 20250819 14:27:10
20250819142710, AMD, 144, 20250822, C, 7, 199, 0.0026, 167.41, 0.9888, 0.7326, -0.0324, 25, 20250819 14:27:10
20250819142710, AMD, 144, 20250822, P, 4756, 5145, 0.0026, 167.41, -0.0113, 0.735, -0.0355, 0.04, 20250819 14:27:10
20250819142710, AMD, 145, 20250822, C, 36, 294, 0.0031, 167.41, 0.9864, 0.7018, -0.0394, 22.9, 20250819 14:27:10
20250819142710, AMD, 145, 20250822, P, 504, 1006, 0.0031, 167.41, -0.0137, 0.7251, -0.0424, 0.06, 20250819 14:27:10
20250819142710, AMD, 146, 20250822, C, 79, 188, 0.0037, 167.41, 0.9836, 0.7161, -0.0478, 21.32, 20250819 14:27:10
20250819142710, AMD, 146, 20250822, P, 264, 287, 0.0038, 167.41, -0.0165, 0.7117, -0.0507, 0.07, 20250819 14:27:10
20250819142710, AMD, 147, 20250822, C, 11, 180, 0.0044, 167.41, 0.9802, 0.7472, -0.0576, 20.85, 20250819 14:27:10
20250819142710, AMD, 147, 20250822, P, 1183, 702, 0.0045, 167.41, -0.0199, 0.6958, -0.0604, 0.08, 20250819 14:27:10
20250819142710, AMD, 148, 20250822, C, 16, 257, 0.0053, 167.41, 0.9762, 0.7137, -0.0689, 19.15, 20250819 14:27:10
20250819142710, AMD, 148, 20250822, P, 176, 613, 0.0053, 167.41, -0.024, 0.6899, -0.0716, 0.09, 20250819 14:27:10
20250819142710, AMD, 149, 20250822, C, 34, 85, 0.0062, 167.41, 0.9714, 0.6803, -0.0818, 18.43, 20250819 14:27:10
20250819142710, AMD, 149, 20250822, P, 192, 698, 0.0062, 167.41, -0.0287, 0.6792, -0.0844, 0.11, 20250819 14:27:10
20250819142710, AMD, 150, 20250822, C, 99, 510, 0.0073, 167.41, 0.9659, 0.6698, -0.0963, 17.76, 20250819 14:27:10
20250819142710, AMD, 150, 20250822, P, 3201, 3602, 0.0074, 167.41, -0.0343, 0.665, -0.0988, 0.13, 20250819 14:27:10
20250819142710, AMD, 152.5, 20250822, C, 41, 337, 0.0108, 167.41, 0.9476, 0.6367, -0.141, 15.55, 20250819 14:27:10
20250819142710, AMD, 152.5, 20250822, P, 2460, 1548, 0.0109, 167.41, -0.0527, 0.6371, -0.1433, 0.21, 20250819 14:27:10
20250819142710, AMD, 155, 20250822, C, 102, 1037, 0.0157, 167.41, 0.9202, 0.597, -0.2001, 13.1, 20250819 14:27:10
20250819142710, AMD, 155, 20250822, P, 5867, 21651, 0.0158, 167.41, -0.08, 0.6095, -0.202, 0.34, 20250819 14:27:10
20250819142710, AMD, 157.5, 20250822, C, 124, 483, 0.0223, 167.41, 0.8794, 0.582, -0.2758, 10.65, 20250819 14:27:10
20250819142710, AMD, 157.5, 20250822, P, 3894, 2312, 0.0223, 167.41, -0.1208, 0.5817, -0.2776, 0.55, 20250819 14:27:10
20250819142710, AMD, 160, 20250822, C, 2938, 1789, 0.0304, 167.41, 0.8205, 0.5603, -0.3646, 8.45, 20250819 14:27:10
20250819142710, AMD, 160, 20250822, P, 15002, 5185, 0.0305, 167.41, -0.18, 0.5578, -0.3666, 0.87, 20250819 14:27:10
20250819142710, AMD, 162.5, 20250822, C, 1301, 969, 0.0393, 167.41, 0.739, 0.536, -0.4544, 6.52, 20250819 14:27:10
20250819142710, AMD, 162.5, 20250822, P, 17722, 4506, 0.0395, 167.41, -0.2619, 0.535, -0.457, 1.33, 20250819 14:27:10
20250819142710, AMD, 165, 20250822, C, 4817, 2170, 0.0472, 167.41, 0.6338, 0.5136, -0.5234, 4.65, 20250819 14:27:10
20250819142710, AMD, 165, 20250822, P, 35220, 6018, 0.0475, 167.41, -0.3678, 0.516, -0.527, 2.02, 20250819 14:27:10
20250819142710, AMD, 167.5, 20250822, C, 11563, 1228, 0.0514, 167.41, 0.5105, 0.503, -0.5462, 3.1, 20250819 14:27:10
20250819142710, AMD, 167.5, 20250822, P, 30718, 5993, 0.0518, 167.41, -0.4921, 0.5006, -0.5506, 3.08, 20250819 14:27:10
20250819142710, AMD, 170, 20250822, C, 42338, 3411, 0.0499, 167.41, 0.3829, 0.4947, -0.5091, 1.98, 20250819 14:27:10
20250819142710, AMD, 170, 20250822, P, 31639, 10896, 0.0504, 167.41, -0.6207, 0.4945, -0.5135, 4.4, 20250819 14:27:10
20250819142710, AMD, 172.5, 20250822, C, 34697, 2730, 0.0432, 167.41, 0.2685, 0.4942, -0.4251, 1.2, 20250819 14:27:10
20250819142710, AMD, 172.5, 20250822, P, 6464, 6050, 0.0435, 167.41, -0.736, 0.4913, -0.4283, 6.17, 20250819 14:27:10
20250819142710, AMD, 175, 20250822, C, 65872, 7231, 0.0337, 167.41, 0.1796, 0.5027, -0.3259, 0.74, 20250819 14:27:10
20250819142710, AMD, 175, 20250822, P, 11761, 7282, 0.034, 167.41, -0.8256, 0.4978, -0.3277, 8.25, 20250819 14:27:10
20250819142710, AMD, 177.5, 20250822, C, 17076, 6510, 0.0247, 167.41, 0.1183, 0.5195, -0.2391, 0.45, 20250819 14:27:10
20250819142710, AMD, 177.5, 20250822, P, 1068, 3259, 0.0248, 167.41, -0.887, 0.5111, -0.2387, 10.5, 20250819 14:27:10
20250819142710, AMD, 180, 20250822, C, 44880, 20318, 0.0176, 167.41, 0.079, 0.5408, -0.174, 0.29, 20250819 14:27:10
20250819142710, AMD, 180, 20250822, P, 1491, 3692, 0.0177, 167.41, -0.9264, 0.532, -0.1718, 12.87, 20250819 14:27:10
20250819142710, AMD, 182.5, 20250822, C, 15680, 10634, 0.0125, 167.41, 0.0539, 0.5676, -0.1277, 0.2, 20250819 14:27:10
20250819142710, AMD, 182.5, 20250822, P, 369, 1883, 0.0126, 167.41, -0.9513, 0.5453, -0.1245, 15.15, 20250819 14:27:10
20250819142710, AMD, 185, 20250822, C, 18870, 22306, 0.0089, 167.41, 0.0379, 0.5985, -0.0952, 0.13, 20250819 14:27:10
20250819142710, AMD, 185, 20250822, P, 221, 5458, 0.0091, 167.41, -0.9673, 0.5911, -0.0916, 17.53, 20250819 14:27:10
20250819142710, AMD, 187.5, 20250822, C, 8227, 13102, 0.0065, 167.41, 0.0272, 0.6259, -0.072, 0.09, 20250819 14:27:10
20250819142710, AMD, 187.5, 20250822, P, 22, 878, 0.0066, 167.41, -0.978, 0.6268, -0.0692, 19.06, 20250819 14:27:10
20250819142710, AMD, 190, 20250822, C, 6885, 16756, 0.0048, 167.41, 0.02, 0.6622, -0.0551, 0.08, 20250819 14:27:10
20250819142710, AMD, 190, 20250822, P, 74, 374, 0.0047, 167.41, -0.985, 0.6459, -0.054, 23.37, 20250819 14:27:10
20250819142710, AMD, 192.5, 20250822, C, 1564, 4380, 0.0036, 167.41, 0.0149, 0.6889, -0.0427, 0.05, 20250819 14:27:10
20250819142710, AMD, 192.5, 20250822, P, 14, 109, 0.0034, 167.41, -0.9898, 0.9352, -0.0435, 23.8, 20250819 14:27:10
20250819142710, AMD, 195, 20250822, C, 5117, 8989, 0.0027, 167.41, 0.0113, 0.7012, -0.0335, 0.04, 20250819 14:27:10
20250819142710, AMD, 195, 20250822, P, 10, 370, 0.0024, 167.41, -0.993, 0.6638, -0.0369, 25.07, 20250819 14:27:10
20250819142710, AMD, 197.5, 20250822, C, 4784, 5347, 0.002, 167.41, 0.0087, 0.7228, -0.0266, 0.02, 20250819 14:27:10
20250819142710, AMD, 197.5, 20250822, P, 4, 80, 0.0018, 167.41, -0.9953, 0, -0.0321, 28.35, 20250819 14:27:10
20250819142710, AMD, 200, 20250822, C, 9304, 12378, 0.0016, 167.41, 0.0068, 0.7296, -0.0213, 0.01, 20250819 14:27:10
20250819142710, AMD, 200, 20250822, P, 38, 175, 0.0012, 167.41, -0.9967, 0.9831, -0.0294, 32.57, 20250819 14:27:10
20250819142710, AMD, 202.5, 20250822, C, 2504, 735, 0.0012, 167.41, 0.0054, 0.7748, -0.0172, 0.01, 20250819 14:27:10
20250819142710, AMD, 202.5, 20250822, P, 0, 1, 0.0009, 167.41, -0.9978, 1.3635, -0.0272, 26.38, 20250819 14:27:10
20250819142710, AMD, 205, 20250822, C, 2608, 3205, 0.001, 167.41, 0.0043, 0.7396, -0.014, 0.01, 20250819 14:27:10
20250819142710, AMD, 205, 20250822, P, 0, 1, 0.0006, 167.41, -0.9984, 1.4775, -0.026, 27.75, 20250819 14:27:10
20250819142710, AMD, 207.5, 20250822, C, 269, 292, 0.0008, 167.41, 0.0034, 0.7796, -0.0115, 0.01, 20250819 14:27:10
20250819142710, AMD, 207.5, 20250822, P, 0, 1, 0.0004, 167.41, -0.9989, 1.5553, -0.0252, 30.9, 20250819 14:27:10
20250819142710, AMD, 210, 20250822, C, 2361, 4071, 0.0006, 167.41, 0.0028, 0.819, -0.0096, 0.01, 20250819 14:27:10
20250819142710, AMD, 210, 20250822, P, 0, 0, 0.0003, 167.41, -0.9993, 1.5837, -0.0245, 31.5, 20250819 14:27:10
20250819142710, AMD, 215, 20250822, C, 304, 2226, 0.0004, 167.41, 0.0019, 0.896, -0.0067, 0.01, 20250819 14:27:10
20250819142710, AMD, 215, 20250822, P, 0, 10, 0.0002, 167.41, -0.9996, 1.6091, -0.024, 33.4, 20250819 14:27:10
20250819142710, AMD, 220, 20250822, C, 28, 1782, 0.0003, 167.41, 0.0013, 0.9705, -0.0048, 0.01, 20250819 14:27:10
20250819142710, AMD, 220, 20250822, P, 1, 1, 0.0001, 167.41, -0.9998, 0, -0.0237, 48.75, 20250819 14:27:10
20250819142710, AMD, 225, 20250822, C, 0, 1583, 0.0002, 167.41, 0.001, 1.0428, -0.0035, 0.01, 20250819 14:27:10
20250819142710, AMD, 225, 20250822, P, 0, 0, 0, 167.41, -0.9999, 1.9838, -0.0236, 44.3, 20250819 14:27:10
20250819142710, AMD, 230, 20250822, C, 0, 2535, 0.0001, 167.41, 0.0007, 1.1131, -0.0026, 0.01, 20250819 14:27:10
20250819142710, AMD, 230, 20250822, P, 0, 0, 0, 167.41, -1, 1.976, -0.0235, 52.8, 20250819 14:27:10
20250819142710, AMD, 235, 20250822, C, 1, 1010, 0.0001, 167.41, 0.0005, 1.1814, -0.002, 0.03, 20250819 14:27:10
20250819142710, AMD, 235, 20250822, P, 0, 0, 0, 167.41, -1, 1.7617, -0.0235, 54.25, 20250819 14:27:10
20250819142710, AMD, 240, 20250822, C, 0, 2845, 0.0001, 167.41, 0.0004, 1.2478, -0.0015, 0.01, 20250819 14:27:10
20250819142710, AMD, 240, 20250822, P, 0, 0, 0, 167.41, -1, 1.9452, -0.0235, 59.8, 20250819 14:27:10
20250819142710, AMD, 250, 20250822, C, 0, 961, 0, 167.41, 0.0002, 1.3758, -0.0009, 0.01, 20250819 14:27:10
20250819142710, AMD, 250, 20250822, P, 0, 0, 0, 167.41, -1, 2.0622, -0.0235, 0, 20250819 14:27:10
20250819142710, AMD, 260, 20250822, C, 0, 566, 0, 167.41, 0.0001, 1.4975, -0.0006, 0.01, 20250819 14:27:10
20250819142710, AMD, 260, 20250822, P, 0, 0, 0, 167.41, -1, 2.2962, -0.0235, 0, 20250819 14:27:10
20250819142710, AMD, 270, 20250822, C, 0, 46, 0, 167.41, 0.0001, 1.6137, -0.0004, 0.01, 20250819 14:27:10
20250819142710, AMD, 270, 20250822, P, 0, 0, 0, 167.41, -1, 2.3879, -0.0235, 0, 20250819 14:27:10
20250819142710, AMD, 280, 20250822, C, 0, 50, 0, 167.41, 0.0001, 1.7249, -0.0003, 0.01, 20250819 14:27:10
20250819142710, AMD, 280, 20250822, P, 0, 0, 0, 167.41, -1, 2.6119, -0.0235, 0, 20250819 14:27:10
20250819142710, AMD, 290, 20250822, C, 0, 21, 0, 167.41, 0, 1.8314, -0.0002, 0.02, 20250819 14:27:10
20250819142710, AMD, 290, 20250822, P, 0, 0, 0, 167.41, -1, 2.641, -0.0235, 0, 20250819 14:27:10
20250819142710, AMD, 300, 20250822, C, 0, 28, 0, 167.41, 0, 1.9337, -0.0001, 0.01, 20250819 14:27:10
20250819142710, AMD, 300, 20250822, P, 0, 0, 0, 167.41, -1, 2.778, -0.0235, 0, 20250819 14:27:10
20250819142710, AMD, 310, 20250822, C, 0, 4, 0, 167.41, 0, 2.032, -0.0001, 0.01, 20250819 14:27:10
20250819142710, AMD, 310, 20250822, P, 0, 0, 0, 167.41, -1, 2.9096, -0.0235, 129.25, 20250819 14:27:10
20250819142710, AMD, 320, 20250822, C, 0, 157, 0, 167.41, 0, 2.1267, -0.0001, 0.01, 20250819 14:27:10
20250819142710, AMD, 320, 20250822, P, 0, 0, 0, 167.41, -1, 3.0356, -0.0235, 0, 20250819 14:27:10
20250819142710, AMD, 330, 20250822, C, 0, 1, 0, 167.41, 0, 2.2181, 0, 0.03, 20250819 14:27:10
20250819142710, AMD, 330, 20250822, P, 0, 0, 0, 167.41, -1, 3.1028, -0.0235, 149.75, 20250819 14:27:10
20250819142710, AMD, 340, 20250822, C, 0, 0, 0, 167.41, 0, 2.3063, 0, 0, 20250819 14:27:10
20250819142710, AMD, 340, 20250822, P, 0, 0, 0, 167.41, -1, 3.2187, -0.0235, 159.25, 20250819 14:27:10
20250819142710, AMD, 350, 20250822, C, 0, 0, 0, 167.41, 0, 2.3916, 0, 0, 20250819 14:27:10
20250819142710, AMD, 350, 20250822, P, 0, 0, 0, 167.41, -1, 3.5277, -0.0235, 168.65, 20250819 14:27:10
20250819142710, AMD, 360, 20250822, C, 0, 95, 0, 167.41, 0, 2.4742, 0, 0.01, 20250819 14:27:10
20250819142710, AMD, 360, 20250822, P, 0, 0, 0, 167.41, -1, 3.5963, -0.0235, 183.95, 20250819 14:27:10
20250819142710, AMD, 365, 20250822, C, 0, 0, 0, 167.41, 0, 2.5145, 0, 0, 20250819 14:27:10
20250819142710, AMD, 365, 20250822, P, 0, 0, 0, 167.41, -1, 3.5494, -0.0235, 0, 20250819 14:27:10
20250819142710, AMD, 370, 20250822, C, 0, 0, 0, 167.41, 0, 2.5542, 0, 0, 20250819 14:27:10
20250819142710, AMD, 370, 20250822, P, 1, 0, 0, 167.41, -1, 3.5439, -0.0235, 202.89, 20250819 14:27:10
20250819142710, AMD, 40, 20250829, C, 1, 0, 0, 167.41, 1, 0, 0, 128.25, 20250819 14:27:10
20250819142710, AMD, 40, 20250829, P, 0, 1, 0, 167.41, 0, 2.6552, 0, 0.02, 20250819 14:27:10
20250819142710, AMD, 45, 20250829, C, 0, 0, 0, 167.41, 1, 0, 0, 0, 20250819 14:27:10
20250819142710, AMD, 45, 20250829, P, 0, 0, 0, 167.41, 0, 2.4413, 0, 0, 20250819 14:27:10
20250819142710, AMD, 50, 20250829, C, 0, 0, 0, 167.41, 1, 0, 0, 0, 20250819 14:27:10
20250819142710, AMD, 50, 20250829, P, 0, 1, 0, 167.41, 0, 2.2505, 0, 0.01, 20250819 14:27:10
20250819142710, AMD, 55, 20250829, C, 0, 0, 0, 167.41, 1, 2.5107, 0, 0, 20250819 14:27:10
20250819142710, AMD, 55, 20250829, P, 0, 0, 0, 167.41, 0, 2.0782, 0, 0, 20250819 14:27:10
20250819142710, AMD, 60, 20250829, C, 0, 3, 0, 167.41, 1, 0, 0, 115.65, 20250819 14:27:10
20250819142710, AMD, 60, 20250829, P, 0, 6, 0, 167.41, 0, 1.9212, -0.0001, 0.01, 20250819 14:27:10
20250819142710, AMD, 65, 20250829, C, 0, 1, 0, 167.41, 1, 0, 0, 107.83, 20250819 14:27:10
20250819142710, AMD, 65, 20250829, P, 0, 5, 0, 167.41, 0, 1.7768, -0.0001, 0.04, 20250819 14:27:10
20250819142710, AMD, 70, 20250829, C, 0, 0, 0, 167.41, 1, 0, 0, 0, 20250819 14:27:10
20250819142710, AMD, 70, 20250829, P, 0, 475, 0, 167.41, 0, 1.6432, -0.0001, 0.01, 20250819 14:27:10
20250819142710, AMD, 75, 20250829, C, 2, 3, 0, 167.41, 1, 1.9108, 0, 93.5, 20250819 14:27:10
20250819142710, AMD, 75, 20250829, P, 0, 1488, 0, 167.41, 0, 1.5189, -0.0002, 0.01, 20250819 14:27:10
20250819142710, AMD, 80, 20250829, C, 0, 2, 0, 167.41, 1, 1.7398, 0, 92.82, 20250819 14:27:10
20250819142710, AMD, 80, 20250829, P, 1, 180, 0, 167.41, -0.0001, 1.4025, -0.0003, 0.01, 20250819 14:27:10
20250819142710, AMD, 85, 20250829, C, 13, 10, 0, 167.41, 1, 0, 0, 83.95, 20250819 14:27:10
20250819142710, AMD, 85, 20250829, P, 0, 43, 0, 167.41, -0.0001, 1.293, -0.0004, 0.04, 20250819 14:27:10
20250819142710, AMD, 90, 20250829, C, 3, 31, 0, 167.41, 1, 0, 0, 77.75, 20250819 14:27:10
20250819142710, AMD, 90, 20250829, P, 0, 71, 0, 167.41, -0.0002, 1.1897, -0.0006, 0.01, 20250819 14:27:10
20250819142710, AMD, 95, 20250829, C, 24, 17, 0, 167.41, 1, 1.4255, 0, 71.98, 20250819 14:27:10
20250819142710, AMD, 95, 20250829, P, 0, 48, 0, 167.41, -0.0003, 1.0917, -0.001, 0.01, 20250819 14:27:10
20250819142710, AMD, 100, 20250829, C, 73, 74, 0.0001, 167.41, 0.9998, 1.1306, 0, 67.01, 20250819 14:27:10
20250819142710, AMD, 100, 20250829, P, 0, 1227, 0.0001, 167.41, -0.0004, 1.0578, -0.0016, 0.01, 20250819 14:27:10
20250819142710, AMD, 105, 20250829, C, 0, 66, 0.0001, 167.41, 0.9994, 1.2108, 0, 71.63, 20250819 14:27:10
20250819142710, AMD, 105, 20250829, P, 0, 101, 0.0001, 167.41, -0.0008, 0.9643, -0.0026, 0.01, 20250819 14:27:10
20250819142710, AMD, 110, 20250829, C, 0, 251, 0.0002, 167.41, 0.9988, 1.1271, 0, 66.15, 20250819 14:27:10
20250819142710, AMD, 110, 20250829, P, 5, 221, 0.0002, 167.41, -0.0014, 0.8248, -0.0043, 0.02, 20250819 14:27:10
20250819142710, AMD, 115, 20250829, C, 5, 60, 0.0003, 167.41, 0.9978, 0, -0.0003, 52.23, 20250819 14:27:10
20250819142710, AMD, 115, 20250829, P, 9, 3065, 0.0003, 167.41, -0.0025, 0.8192, -0.0071, 0.01, 20250819 14:27:10
20250819142710, AMD, 120, 20250829, C, 83, 7166, 0.0006, 167.41, 0.9959, 0.7243, -0.0055, 47.6, 20250819 14:27:10
20250819142710, AMD, 120, 20250829, P, 40, 8917, 0.0006, 167.41, -0.0043, 0.788, -0.0116, 0.02, 20250819 14:27:10
20250819142710, AMD, 125, 20250829, C, 24, 330, 0.001, 167.41, 0.9926, 0.7002, -0.013, 42.4, 20250819 14:27:10
20250819142710, AMD, 125, 20250829, P, 339, 684, 0.001, 167.41, -0.0076, 0.7425, -0.0186, 0.04, 20250819 14:27:10
20250819142710, AMD, 126, 20250829, C, 4, 10, 0.0011, 167.41, 0.9918, 0.6788, -0.015, 41.5, 20250819 14:27:10
20250819142710, AMD, 126, 20250829, P, 38, 71, 0.0011, 167.41, -0.0085, 0.733, -0.0204, 0.06, 20250819 14:27:10
20250819142710, AMD, 127, 20250829, C, 1, 6, 0.0012, 167.41, 0.9908, 0.6575, -0.017, 41.65, 20250819 14:27:10
20250819142710, AMD, 127, 20250829, P, 27, 90, 0.0012, 167.41, -0.0095, 0.7227, -0.0223, 0.07, 20250819 14:27:10
20250819142710, AMD, 128, 20250829, C, 0, 33, 0.0014, 167.41, 0.9897, 0.6893, -0.0192, 49.41, 20250819 14:27:10
20250819142710, AMD, 128, 20250829, P, 64, 118, 0.0014, 167.41, -0.0106, 0.7186, -0.0244, 0.07, 20250819 14:27:10
20250819142710, AMD, 129, 20250829, C, 0, 8, 0.0015, 167.41, 0.9885, 0.6688, -0.0216, 46.37, 20250819 14:27:10
20250819142710, AMD, 129, 20250829, P, 15, 41, 0.0015, 167.41, -0.0118, 0.7128, -0.0267, 0.07, 20250819 14:27:10
20250819142710, AMD, 130, 20250829, C, 45, 300, 0.0017, 167.41, 0.9872, 0.6848, -0.0242, 37.52, 20250819 14:27:10
20250819142710, AMD, 130, 20250829, P, 89, 533, 0.0017, 167.41, -0.0131, 0.7, -0.0292, 0.09, 20250819 14:27:10
20250819142710, AMD, 131, 20250829, C, 8, 31, 0.0019, 167.41, 0.9857, 0.7167, -0.027, 38.45, 20250819 14:27:10
20250819142710, AMD, 131, 20250829, P, 17, 1074, 0.0019, 167.41, -0.0146, 0.6921, -0.0319, 0.1, 20250819 14:27:10
20250819142710, AMD, 132, 20250829, C, 9, 57, 0.0021, 167.41, 0.984, 0.7165, -0.03, 35.47, 20250819 14:27:10
20250819142710, AMD, 132, 20250829, P, 10, 109, 0.0021, 167.41, -0.0163, 0.6878, -0.0347, 0.1, 20250819 14:27:10
20250819142710, AMD, 133, 20250829, C, 5, 72, 0.0023, 167.41, 0.9822, 0.6958, -0.0332, 36.54, 20250819 14:27:10
20250819142710, AMD, 133, 20250829, P, 90, 118, 0.0023, 167.41, -0.0181, 0.6818, -0.0378, 0.13, 20250819 14:27:10
20250819142710, AMD, 134, 20250829, C, 5, 49, 0.0026, 167.41, 0.9801, 0.6929, -0.0367, 35.82, 20250819 14:27:10
20250819142710, AMD, 134, 20250829, P, 31, 354, 0.0026, 167.41, -0.0202, 0.6743, -0.0412, 0.13, 20250819 14:27:10
20250819142710, AMD, 135, 20250829, C, 38, 131, 0.0028, 167.41, 0.9779, 0.6722, -0.0404, 32.57, 20250819 14:27:10
20250819142710, AMD, 135, 20250829, P, 141, 697, 0.0029, 167.41, -0.0225, 0.6656, -0.0448, 0.15, 20250819 14:27:10
20250819142710, AMD, 136, 20250829, C, 3, 76, 0.0032, 167.41, 0.9754, 0.6149, -0.0444, 34.6, 20250819 14:27:10
20250819142710, AMD, 136, 20250829, P, 139, 178, 0.0032, 167.41, -0.025, 0.6592, -0.0487, 0.18, 20250819 14:27:10
20250819142710, AMD, 137, 20250829, C, 26, 231, 0.0035, 167.41, 0.9726, 0.5729, -0.0486, 31.55, 20250819 14:27:10
20250819142710, AMD, 137, 20250829, P, 86, 189, 0.0035, 167.41, -0.0278, 0.6513, -0.0528, 0.16, 20250819 14:27:10
20250819142710, AMD, 138, 20250829, C, 21, 48, 0.0039, 167.41, 0.9695, 0.6526, -0.0532, 31.07, 20250819 14:27:10
20250819142710, AMD, 138, 20250829, P, 118, 159, 0.0039, 167.41, -0.0309, 0.6448, -0.0573, 0.21, 20250819 14:27:10
20250819142710, AMD, 139, 20250829, C, 5, 38, 0.0043, 167.41, 0.9661, 0.6315, -0.0581, 28.65, 20250819 14:27:10
20250819142710, AMD, 139, 20250829, P, 32, 591, 0.0043, 167.41, -0.0343, 0.637, -0.0621, 0.23, 20250819 14:27:10
20250819142710, AMD, 140, 20250829, C, 19, 1042, 0.0047, 167.41, 0.9623, 0.6222, -0.0633, 27.2, 20250819 14:27:10
20250819142710, AMD, 140, 20250829, P, 633, 918, 0.0047, 167.41, -0.0381, 0.628, -0.0672, 0.26, 20250819 14:27:10
20250819142710, AMD, 141, 20250829, C, 33, 66, 0.0052, 167.41, 0.9581, 0.6415, -0.0689, 27.1, 20250819 14:27:10
20250819142710, AMD, 141, 20250829, P, 27, 163, 0.0052, 167.41, -0.0423, 0.6219, -0.0727, 0.24, 20250819 14:27:10
20250819142710, AMD, 142, 20250829, C, 21, 34, 0.0057, 167.41, 0.9535, 0.6008, -0.0748, 26.85, 20250819 14:27:10
20250819142710, AMD, 142, 20250829, P, 26, 159, 0.0057, 167.41, -0.047, 0.6125, -0.0785, 0.35, 20250819 14:27:10
20250819142710, AMD, 143, 20250829, C, 2, 38, 0.0063, 167.41, 0.9484, 0.6065, -0.081, 25.06, 20250819 14:27:10
20250819142710, AMD, 143, 20250829, P, 71, 156, 0.0063, 167.41, -0.0522, 0.6055, -0.0847, 0.37, 20250819 14:27:10
20250819142710, AMD, 144, 20250829, C, 2, 34, 0.0069, 167.41, 0.9427, 0.5845, -0.0877, 24, 20250819 14:27:10
20250819142710, AMD, 144, 20250829, P, 10, 238, 0.0069, 167.41, -0.0579, 0.5986, -0.0913, 0.42, 20250819 14:27:10
20250819142710, AMD, 145, 20250829, C, 34, 400, 0.0076, 167.41, 0.9364, 0.5859, -0.0947, 23.05, 20250819 14:27:10
20250819142710, AMD, 145, 20250829, P, 2046, 2363, 0.0076, 167.41, -0.0642, 0.5916, -0.0982, 0.49, 20250819 14:27:10
20250819142710, AMD, 146, 20250829, C, 85, 86, 0.0083, 167.41, 0.9295, 0.5706, -0.1021, 21.96, 20250819 14:27:10
20250819142710, AMD, 146, 20250829, P, 1101, 434, 0.0084, 167.41, -0.0712, 0.5832, -0.1056, 0.52, 20250819 14:27:10
20250819142710, AMD, 147, 20250829, C, 13, 101, 0.0091, 167.41, 0.9219, 0.5679, -0.11, 21.35, 20250819 14:27:10
20250819142710, AMD, 147, 20250829, P, 570, 335, 0.0091, 167.41, -0.0788, 0.576, -0.1133, 0.58, 20250819 14:27:10
20250819142710, AMD, 148, 20250829, C, 5, 108, 0.0099, 167.41, 0.9134, 0.551, -0.1182, 21.02, 20250819 14:27:10
20250819142710, AMD, 148, 20250829, P, 48, 489, 0.01, 167.41, -0.0873, 0.5695, -0.1215, 0.63, 20250819 14:27:10
20250819142710, AMD, 149, 20250829, C, 28, 145, 0.0108, 167.41, 0.9042, 0.5562, -0.1267, 19.45, 20250819 14:27:10
20250819142710, AMD, 149, 20250829, P, 154, 285, 0.0109, 167.41, -0.0967, 0.5625, -0.13, 0.8, 20250819 14:27:10
20250819142710, AMD, 150, 20250829, C, 91, 1578, 0.0118, 167.41, 0.894, 0.5528, -0.1356, 18.5, 20250819 14:27:10
20250819142710, AMD, 150, 20250829, P, 2485, 1992, 0.0119, 167.41, -0.1068, 0.5561, -0.1388, 0.81, 20250819 14:27:10
20250819142710, AMD, 152.5, 20250829, C, 21, 186, 0.0145, 167.41, 0.864, 0.5354, -0.1594, 15.65, 20250819 14:27:10
20250819142710, AMD, 152.5, 20250829, P, 449, 645, 0.0146, 167.41, -0.1372, 0.54, -0.1625, 1.09, 20250819 14:27:10
20250819142710, AMD, 155, 20250829, C, 167, 399, 0.0174, 167.41, 0.8266, 0.5258, -0.1844, 13.42, 20250819 14:27:10
20250819142710, AMD, 155, 20250829, P, 2191, 2519, 0.0176, 167.41, -0.1749, 0.5263, -0.1874, 1.42, 20250819 14:27:10
20250819142710, AMD, 157.5, 20250829, C, 79, 1550, 0.0206, 167.41, 0.7809, 0.5126, -0.2095, 12.1, 20250819 14:27:10
20250819142710, AMD, 157.5, 20250829, P, 2262, 2978, 0.0208, 167.41, -0.221, 0.5137, -0.2124, 1.87, 20250819 14:27:10
20250819142710, AMD, 160, 20250829, C, 1114, 1210, 0.0237, 167.41, 0.7267, 0.5031, -0.2328, 10.05, 20250819 14:27:10
20250819142710, AMD, 160, 20250829, P, 5445, 5365, 0.0239, 167.41, -0.2754, 0.5033, -0.2356, 2.49, 20250819 14:27:10
20250819142710, AMD, 162.5, 20250829, C, 279, 1320, 0.0265, 167.41, 0.6645, 0.4943, -0.252, 8.5, 20250819 14:27:10
20250819142710, AMD, 162.5, 20250829, P, 1880, 1387, 0.0267, 167.41, -0.3382, 0.4929, -0.2547, 3.2, 20250819 14:27:10
20250819142710, AMD, 165, 20250829, C, 1878, 1107, 0.0285, 167.41, 0.5956, 0.4845, -0.265, 6.8, 20250819 14:27:10
20250819142710, AMD, 165, 20250829, P, 4217, 2363, 0.0288, 167.41, -0.4076, 0.4874, -0.2675, 4.15, 20250819 14:27:10
20250819142710, AMD, 167.5, 20250829, C, 2365, 358, 0.0297, 167.41, 0.5226, 0.4814, -0.2698, 5.4, 20250819 14:27:10
20250819142710, AMD, 167.5, 20250829, P, 2798, 2080, 0.0299, 167.41, -0.4812, 0.4839, -0.2721, 5.28, 20250819 14:27:10
20250819142710, AMD, 170, 20250829, C, 8403, 1682, 0.0297, 167.41, 0.4486, 0.4798, -0.2659, 4.25, 20250819 14:27:10
20250819142710, AMD, 170, 20250829, P, 3381, 3800, 0.0299, 167.41, -0.5558, 0.4772, -0.2678, 6.7, 20250819 14:27:10
20250819142710, AMD, 172.5, 20250829, C, 4518, 1561, 0.0286, 167.41, 0.3769, 0.4754, -0.2536, 3.3, 20250819 14:27:10
20250819142710, AMD, 172.5, 20250829, P, 1643, 2583, 0.0288, 167.41, -0.6282, 0.4766, -0.255, 8.11, 20250819 14:27:10
20250819142710, AMD, 175, 20250829, C, 6523, 3196, 0.0266, 167.41, 0.3104, 0.4762, -0.2345, 2.56, 20250819 14:27:10
20250819142710, AMD, 175, 20250829, P, 916, 2663, 0.0268, 167.41, -0.6953, 0.4766, -0.2355, 9.8, 20250819 14:27:10
20250819142710, AMD, 177.5, 20250829, C, 4024, 4356, 0.0239, 167.41, 0.2512, 0.4775, -0.211, 1.9, 20250819 14:27:10
20250819142710, AMD, 177.5, 20250829, P, 339, 2749, 0.0242, 167.41, -0.755, 0.4762, -0.2116, 11.65, 20250819 14:27:10
20250819142710, AMD, 180, 20250829, C, 9547, 7321, 0.0209, 167.41, 0.2002, 0.4811, -0.1853, 1.44, 20250819 14:27:10
20250819142710, AMD, 180, 20250829, P, 406, 2187, 0.0212, 167.41, -0.8063, 0.4777, -0.1859, 13.79, 20250819 14:27:10
20250819142710, AMD, 182.5, 20250829, C, 2093, 1906, 0.0178, 167.41, 0.1582, 0.4856, -0.1598, 1.08, 20250819 14:27:10
20250819142710, AMD, 182.5, 20250829, P, 270, 1203, 0.0181, 167.41, -0.8488, 0.4814, -0.1606, 15.99, 20250819 14:27:10
20250819142710, AMD, 185, 20250829, C, 4369, 3656, 0.0149, 167.41, 0.1243, 0.4922, -0.136, 0.81, 20250819 14:27:10
20250819142710, AMD, 185, 20250829, P, 197, 1164, 0.0153, 167.41, -0.8834, 0.4877, -0.1371, 18.25, 20250819 14:27:10
20250819142710, AMD, 187.5, 20250829, C, 952, 1460, 0.0123, 167.41, 0.0974, 0.5003, -0.1147, 0.62, 20250819 14:27:10
20250819142710, AMD, 187.5, 20250829, P, 85, 213, 0.0127, 167.41, -0.9109, 0.4966, -0.1162, 20.38, 20250819 14:27:10
20250819142710, AMD, 190, 20250829, C, 3571, 5056, 0.0101, 167.41, 0.0763, 0.5079, -0.0961, 0.47, 20250819 14:27:10
20250819142710, AMD, 190, 20250829, P, 48, 258, 0.0105, 167.41, -0.9326, 0.4993, -0.0976, 22.87, 20250819 14:27:10
20250819142710, AMD, 192.5, 20250829, C, 495, 1340, 0.0082, 167.41, 0.0599, 0.518, -0.0802, 0.36, 20250819 14:27:10
20250819142710, AMD, 192.5, 20250829, P, 39, 116, 0.0087, 167.41, -0.9495, 0.5132, -0.0818, 25.25, 20250819 14:27:10
20250819142710, AMD, 195, 20250829, C, 2374, 2728, 0.0067, 167.41, 0.0472, 0.53, -0.0668, 0.28, 20250819 14:27:10
20250819142710, AMD, 195, 20250829, P, 21, 74, 0.0072, 167.41, -0.963, 0.5298, -0.068, 26.7, 20250819 14:27:10
20250819142710, AMD, 197.5, 20250829, C, 312, 1613, 0.0054, 167.41, 0.0373, 0.5366, -0.0555, 0.22, 20250819 14:27:10
20250819142710, AMD, 197.5, 20250829, P, 2, 52, 0.0059, 167.41, -0.9735, 0.5383, -0.0564, 29.15, 20250819 14:27:10
20250819142710, AMD, 200, 20250829, C, 7102, 13001, 0.0044, 167.41, 0.0295, 0.5473, -0.0461, 0.17, 20250819 14:27:10
20250819142710, AMD, 200, 20250829, P, 54, 337, 0.0048, 167.41, -0.9816, 0.5543, -0.0454, 32.3, 20250819 14:27:10
20250819142710, AMD, 202.5, 20250829, C, 125, 297, 0.0036, 167.41, 0.0235, 0.5577, -0.0384, 0.13, 20250819 14:27:10
20250819142710, AMD, 202.5, 20250829, P, 2, 2, 0.0037, 167.41, -0.9879, 0.6196, -0.0391, 34.11, 20250819 14:27:10
20250819142710, AMD, 205, 20250829, C, 858, 1925, 0.0029, 167.41, 0.0188, 0.5697, -0.0319, 0.11, 20250819 14:27:10
20250819142710, AMD, 205, 20250829, P, 19, 81, 0.0027, 167.41, -0.9924, 0.636, -0.0319, 36.56, 20250819 14:27:10
20250819142710, AMD, 207.5, 20250829, C, 116, 219, 0.0024, 167.41, 0.015, 0.5765, -0.0265, 0.09, 20250819 14:27:10
20250819142710, AMD, 207.5, 20250829, P, 0, 1, 0.0018, 167.41, -0.9954, 0.888, -0.0293, 23.8, 20250819 14:27:10
20250819142710, AMD, 210, 20250829, C, 965, 1262, 0.0019, 167.41, 0.0121, 0.5879, -0.022, 0.07, 20250819 14:27:10
20250819142710, AMD, 210, 20250829, P, 0, 87, 0.0011, 167.41, -0.9975, 0.8792, -0.0265, 33.9, 20250819 14:27:10
20250819142710, AMD, 215, 20250829, C, 422, 2159, 0.0013, 167.41, 0.0079, 0.6125, -0.0153, 0.04, 20250819 14:27:10
20250819142710, AMD, 215, 20250829, P, 0, 45, 0.0004, 167.41, -0.9994, 0.909, -0.0249, 37.3, 20250819 14:27:10
20250819142710, AMD, 220, 20250829, C, 382, 2041, 0.0009, 167.41, 0.0052, 0.6203, -0.0107, 0.03, 20250819 14:27:10
20250819142710, AMD, 220, 20250829, P, 0, 0, 0.0001, 167.41, -0.9999, 1.0587, -0.0246, 41.02, 20250819 14:27:10
20250819142710, AMD, 225, 20250829, C, 370, 1089, 0.0006, 167.41, 0.0035, 0.6327, -0.0076, 0.03, 20250819 14:27:10
20250819142710, AMD, 225, 20250829, P, 0, 0, 0, 167.41, -1, 1.1387, -0.0246, 0, 20250819 14:27:10
20250819142710, AMD, 230, 20250829, C, 320, 1556, 0.0004, 167.41, 0.0024, 0.6748, -0.0054, 0.02, 20250819 14:27:10
20250819142710, AMD, 230, 20250829, P, 0, 0, 0, 167.41, -1, 1.1576, -0.0246, 50.9, 20250819 14:27:10
20250819142710, AMD, 235, 20250829, C, 1, 66, 0.0003, 167.41, 0.0016, 0.6509, -0.0039, 0.01, 20250819 14:27:10
20250819142710, AMD, 235, 20250829, P, 0, 0, 0, 167.41, -1, 1.272, -0.0246, 0, 20250819 14:27:10
20250819142710, AMD, 240, 20250829, C, 6, 714, 0.0002, 167.41, 0.0012, 0.6877, -0.0028, 0.01, 20250819 14:27:10
20250819142710, AMD, 240, 20250829, P, 0, 0, 0, 167.41, -1, 1.3248, -0.0246, 63.2, 20250819 14:27:10
20250819142710, AMD, 250, 20250829, C, 21, 1065, 0.0001, 167.41, 0.0006, 0.7585, -0.0015, 0.01, 20250819 14:27:10
20250819142710, AMD, 250, 20250829, P, 0, 0, 0, 167.41, -1, 1.4233, -0.0246, 76.45, 20250819 14:27:10
20250819142710, AMD, 260, 20250829, C, 3, 220, 0, 167.41, 0.0003, 0.8259, -0.0008, 0.01, 20250819 14:27:10
20250819142710, AMD, 260, 20250829, P, 0, 0, 0, 167.41, -1, 1.5561, -0.0246, 82.3, 20250819 14:27:10
20250819142710, AMD, 270, 20250829, C, 60, 765, 0, 167.41, 0.0002, 0.8902, -0.0005, 0.01, 20250819 14:27:10
20250819142710, AMD, 270, 20250829, P, 0, 0, 0, 167.41, -1, 1.6591, -0.0246, 0, 20250819 14:27:10
20250819142710, AMD, 280, 20250829, C, 0, 921, 0, 167.41, 0.0001, 0.9516, -0.0003, 0.04, 20250819 14:27:10
20250819142710, AMD, 280, 20250829, P, 0, 0, 0, 167.41, -1, 1.7211, -0.0246, 0, 20250819 14:27:10
20250819142710, AMD, 290, 20250829, C, 0, 51, 0, 167.41, 0, 1.0106, -0.0002, 0.02, 20250819 14:27:10
20250819142710, AMD, 290, 20250829, P, 0, 0, 0, 167.41, -1, 1.8506, -0.0246, 0, 20250819 14:27:10
20250819142710, AMD, 300, 20250829, C, 0, 1484, 0, 167.41, 0, 1.0672, -0.0001, 0.01, 20250819 14:27:10
20250819142710, AMD, 300, 20250829, P, 0, 0, 0, 167.41, -1, 1.9016, -0.0246, 0, 20250819 14:27:10
20250819142710, AMD, 310, 20250829, C, 0, 15, 0, 167.41, 0, 1.1216, -0.0001, 0.01, 20250819 14:27:10
20250819142710, AMD, 310, 20250829, P, 0, 0, 0, 167.41, -1, 2.0159, -0.0246, 0, 20250819 14:27:10
20250819142710, AMD, 320, 20250829, C, 0, 13, 0, 167.41, 0, 1.174, 0, 0.01, 20250819 14:27:10
20250819142710, AMD, 320, 20250829, P, 0, 0, 0, 167.41, -1, 2.1075, -0.0246, 0, 20250819 14:27:10
20250819142710, AMD, 330, 20250829, C, 0, 22, 0, 167.41, 0, 1.2245, 0, 0.04, 20250819 14:27:10
20250819142710, AMD, 330, 20250829, P, 0, 0, 0, 167.41, -1, 2.1864, -0.0246, 0, 20250819 14:27:10
20250819142710, AMD, 340, 20250829, C, 0, 0, 0, 167.41, 0, 1.2733, 0, 0, 20250819 14:27:10
20250819142710, AMD, 340, 20250829, P, 0, 0, 0, 167.41, -1, 2.2624, -0.0246, 0, 20250819 14:27:10
20250819142710, AMD, 350, 20250829, C, 0, 3, 0, 167.41, 0, 1.3205, 0, 0.02, 20250819 14:27:10
20250819142710, AMD, 350, 20250829, P, 0, 0, 0, 167.41, -1, 2.2589, -0.0246, 0, 20250819 14:27:10
20250819142710, AMD, 360, 20250829, C, 0, 61, 0, 167.41, 0, 1.3662, 0, 0.01, 20250819 14:27:10
20250819142710, AMD, 360, 20250829, P, 0, 0, 0, 167.41, -1, 2.3635, -0.0246, 0, 20250819 14:27:10
20250819142710, AMD, 365, 20250829, C, 0, 0, 0, 167.41, 0, 1.3885, 0, 0, 20250819 14:27:10
20250819142710, AMD, 365, 20250829, P, 0, 0, 0, 167.41, -1, 2.4411, -0.0246, 0, 20250819 14:27:10
20250819142710, AMD, 370, 20250829, C, 0, 0, 0, 167.41, 0, 1.4104, 0, 0, 20250819 14:27:10
20250819142710, AMD, 370, 20250829, P, 0, 0, 0, 167.41, -1, 2.4313, -0.0246, 0, 20250819 14:27:10
20250819142710, AMD, 40, 20250905, C, 0, 5, 0, 167.41, 1, 2.5109, 0, 125.34, 20250819 14:27:10
20250819142710, AMD, 40, 20250905, P, 0, 0, 0, 167.41, 0, 2.0411, -0.0002, 0, 20250819 14:27:10
20250819142710, AMD, 45, 20250905, C, 0, 0, 0, 167.41, 1, 2.251, 0, 0, 20250819 14:27:10
20250819142710, AMD, 45, 20250905, P, 0, 0, 0, 167.41, 0, 1.8765, -0.0003, 0, 20250819 14:27:10
20250819142710, AMD, 50, 20250905, C, 0, 0, 0, 167.41, 1, 2.0086, 0, 0, 20250819 14:27:10
20250819142710, AMD, 50, 20250905, P, 0, 0, 0, 167.41, -0.0001, 1.7298, -0.0003, 0, 20250819 14:27:10
20250819142710, AMD, 55, 20250905, C, 0, 0, 0, 167.41, 1, 0, 0, 0, 20250819 14:27:10
20250819142710, AMD, 55, 20250905, P, 0, 0, 0, 167.41, -0.0001, 1.5975, -0.0004, 0, 20250819 14:27:10
20250819142710, AMD, 60, 20250905, C, 0, 0, 0, 167.41, 1, 1.7241, 0, 0, 20250819 14:27:10
20250819142710, AMD, 60, 20250905, P, 0, 1, 0, 167.41, -0.0001, 1.4768, -0.0005, 0.01, 20250819 14:27:10
20250819142710, AMD, 65, 20250905, C, 0, 0, 0, 167.41, 1, 1.654, 0, 0, 20250819 14:27:10
20250819142710, AMD, 65, 20250905, P, 15, 3, 0, 167.41, -0.0001, 1.366, -0.0006, 0.01, 20250819 14:27:10
20250819142710, AMD, 70, 20250905, C, 0, 2, 0, 167.41, 1, 1.4833, 0, 107.99, 20250819 14:27:10
20250819142710, AMD, 70, 20250905, P, 0, 0, 0, 167.41, -0.0002, 1.3352, -0.0008, 0, 20250819 14:27:10
20250819142710, AMD, 75, 20250905, C, 0, 0, 0, 167.41, 1, 0, 0, 0, 20250819 14:27:10
20250819142710, AMD, 75, 20250905, P, 1, 4, 0, 167.41, -0.0003, 1.2346, -0.001, 0.02, 20250819 14:27:10
20250819142710, AMD, 80, 20250905, C, 0, 0, 0, 167.41, 0.9999, 0, 0, 81.59, 20250819 14:27:10
20250819142710, AMD, 80, 20250905, P, 0, 0, 0, 167.41, -0.0004, 1.1405, -0.0013, 0.02, 20250819 14:27:10
20250819142710, AMD, 85, 20250905, C, 0, 8, 0, 167.41, 0.9997, 1.126, 0, 99.36, 20250819 14:27:10
20250819142710, AMD, 85, 20250905, P, 0, 7, 0, 167.41, -0.0006, 1.052, -0.0018, 0.02, 20250819 14:27:10
20250819142710, AMD, 90, 20250905, C, 2, 8, 0.0001, 167.41, 0.9994, 1.2409, 0, 76.92, 20250819 14:27:10
20250819142710, AMD, 90, 20250905, P, 0, 3, 0.0001, 167.41, -0.0009, 1.0037, -0.0025, 0.04, 20250819 14:27:10
20250819142710, AMD, 95, 20250905, C, 0, 21, 0.0001, 167.41, 0.999, 1.1259, 0, 82.47, 20250819 14:27:10
20250819142710, AMD, 95, 20250905, P, 0, 15, 0.0001, 167.41, -0.0013, 0.9219, -0.0035, 0.03, 20250819 14:27:10
20250819142710, AMD, 100, 20250905, C, 0, 27, 0.0002, 167.41, 0.9982, 1.0786, 0, 77.86, 20250819 14:27:10
20250819142710, AMD, 100, 20250905, P, 5, 233, 0.0002, 167.41, -0.002, 0.8866, -0.0051, 0.04, 20250819 14:27:10
20250819142710, AMD, 105, 20250905, C, 0, 5, 0.0003, 167.41, 0.9971, 0.9747, -0.0001, 72.9, 20250819 14:27:10
20250819142710, AMD, 105, 20250905, P, 2, 478, 0.0003, 167.41, -0.0032, 0.8378, -0.0073, 0.03, 20250819 14:27:10
20250819142710, AMD, 110, 20250905, C, 0, 23, 0.0005, 167.41, 0.9954, 0, -0.0038, 66.18, 20250819 14:27:10
20250819142710, AMD, 110, 20250905, P, 12, 112, 0.0005, 167.41, -0.0049, 0.7828, -0.0104, 0.06, 20250819 14:27:10
20250819142710, AMD, 115, 20250905, C, 0, 5, 0.0008, 167.41, 0.9929, 0, -0.0084, 58.56, 20250819 14:27:10
20250819142710, AMD, 115, 20250905, P, 5, 119, 0.0008, 167.41, -0.0074, 0.7391, -0.0145, 0.08, 20250819 14:27:10
20250819142710, AMD, 120, 20250905, C, 0, 28, 0.0012, 167.41, 0.9891, 0.5582, -0.0145, 56.53, 20250819 14:27:10
20250819142710, AMD, 120, 20250905, P, 21, 192, 0.0012, 167.41, -0.0112, 0.7021, -0.02, 0.1, 20250819 14:27:10
20250819142710, AMD, 125, 20250905, C, 1, 20, 0.0017, 167.41, 0.9834, 0.6272, -0.0223, 45, 20250819 14:27:10
20250819142710, AMD, 125, 20250905, P, 55, 182, 0.0017, 167.41, -0.0169, 0.6603, -0.0273, 0.14, 20250819 14:27:10
20250819142710, AMD, 130, 20250905, C, 14, 130, 0.0026, 167.41, 0.9748, 0.6436, -0.0326, 37.7, 20250819 14:27:10
20250819142710, AMD, 130, 20250905, P, 314, 563, 0.0026, 167.41, -0.0255, 0.6235, -0.0371, 0.23, 20250819 14:27:10
20250819142710, AMD, 135, 20250905, C, 8, 47, 0.0039, 167.41, 0.9616, 0.5765, -0.0462, 32.75, 20250819 14:27:10
20250819142710, AMD, 135, 20250905, P, 46, 550, 0.0039, 167.41, -0.0389, 0.5888, -0.0502, 0.35, 20250819 14:27:10
20250819142710, AMD, 140, 20250905, C, 7, 73, 0.0058, 167.41, 0.941, 0.5653, -0.0641, 29.55, 20250819 14:27:10
20250819142710, AMD, 140, 20250905, P, 105, 862, 0.0059, 167.41, -0.0595, 0.5542, -0.0676, 0.53, 20250819 14:27:10
20250819142710, AMD, 144, 20250905, C, 2, 587, 0.0079, 167.41, 0.9168, 0.5274, -0.082, 24.23, 20250819 14:27:10
20250819142710, AMD, 144, 20250905, P, 9, 253, 0.008, 167.41, -0.084, 0.5318, -0.0852, 0.59, 20250819 14:27:10
20250819142710, AMD, 145, 20250905, C, 7, 73, 0.0085, 167.41, 0.9093, 0.5176, -0.087, 24.72, 20250819 14:27:10
20250819142710, AMD, 145, 20250905, P, 353, 650, 0.0086, 167.41, -0.0915, 0.5265, -0.0901, 0.82, 20250819 14:27:10
20250819142710, AMD, 146, 20250905, C, 3, 22, 0.0092, 167.41, 0.9012, 0.5154, -0.0922, 22.4, 20250819 14:27:10
20250819142710, AMD, 146, 20250905, P, 23, 144, 0.0092, 167.41, -0.0997, 0.5207, -0.0952, 0.99, 20250819 14:27:10
20250819142710, AMD, 147, 20250905, C, 0, 45, 0.0099, 167.41, 0.8924, 0.5155, -0.0975, 32.22, 20250819 14:27:10
20250819142710, AMD, 147, 20250905, P, 76, 97, 0.0099, 167.41, -0.1086, 0.5154, -0.1005, 1.05, 20250819 14:27:10
20250819142710, AMD, 148, 20250905, C, 6, 14, 0.0106, 167.41, 0.8828, 0.5103, -0.1031, 20.51, 20250819 14:27:10
20250819142710, AMD, 148, 20250905, P, 44, 183, 0.0107, 167.41, -0.118, 0.5086, -0.1059, 1.11, 20250819 14:27:10
20250819142710, AMD, 149, 20250905, C, 1, 64, 0.0114, 167.41, 0.8725, 0.5039, -0.1088, 20.05, 20250819 14:27:10
20250819142710, AMD, 149, 20250905, P, 83, 208, 0.0114, 167.41, -0.1285, 0.5043, -0.1116, 1.26, 20250819 14:27:10
20250819142710, AMD, 150, 20250905, C, 40, 718, 0.0121, 167.41, 0.8614, 0.5028, -0.1146, 18.72, 20250819 14:27:10
20250819142710, AMD, 150, 20250905, P, 927, 1235, 0.0122, 167.41, -0.1398, 0.4995, -0.1174, 1.35, 20250819 14:27:10
20250819142710, AMD, 152.5, 20250905, C, 14, 621, 0.0142, 167.41, 0.8298, 0.4877, -0.1296, 17, 20250819 14:27:10
20250819142710, AMD, 152.5, 20250905, P, 208, 594, 0.0143, 167.41, -0.1716, 0.4891, -0.1322, 1.75, 20250819 14:27:10
20250819142710, AMD, 155, 20250905, C, 22, 125, 0.0164, 167.41, 0.7924, 0.4779, -0.1446, 14.9, 20250819 14:27:10
20250819142710, AMD, 155, 20250905, P, 733, 901, 0.0165, 167.41, -0.2092, 0.479, -0.1471, 2.07, 20250819 14:27:10
20250819142710, AMD, 157.5, 20250905, C, 31, 119, 0.0186, 167.41, 0.7492, 0.4708, -0.159, 12.76, 20250819 14:27:10
20250819142710, AMD, 157.5, 20250905, P, 337, 411, 0.0187, 167.41, -0.2528, 0.471, -0.1613, 2.75, 20250819 14:27:10
20250819142710, AMD, 160, 20250905, C, 214, 684, 0.0206, 167.41, 0.7003, 0.4625, -0.1718, 11.2, 20250819 14:27:10
20250819142710, AMD, 160, 20250905, P, 825, 1892, 0.0208, 167.41, -0.3022, 0.4631, -0.1739, 3.39, 20250819 14:27:10
20250819142710, AMD, 162.5, 20250905, C, 315, 213, 0.0223, 167.41, 0.6464, 0.456, -0.182, 9.7, 20250819 14:27:10
20250819142710, AMD, 162.5, 20250905, P, 804, 1458, 0.0225, 167.41, -0.3566, 0.4566, -0.184, 4.17, 20250819 14:27:10
20250819142710, AMD, 165, 20250905, C, 304, 1017, 0.0236, 167.41, 0.5885, 0.4522, -0.1888, 7.94, 20250819 14:27:10
20250819142710, AMD, 165, 20250905, P, 2494, 1785, 0.0238, 167.41, -0.4149, 0.4526, -0.1907, 5.17, 20250819 14:27:10
20250819142710, AMD, 167.5, 20250905, C, 1958, 510, 0.0244, 167.41, 0.5283, 0.4484, -0.1917, 6.61, 20250819 14:27:10
20250819142710, AMD, 167.5, 20250905, P, 1053, 568, 0.0246, 167.41, -0.4757, 0.4486, -0.1935, 6.45, 20250819 14:27:10
20250819142710, AMD, 170, 20250905, C, 2288, 1606, 0.0245, 167.41, 0.4672, 0.445, -0.1903, 5.45, 20250819 14:27:10
20250819142710, AMD, 170, 20250905, P, 1772, 2257, 0.0248, 167.41, -0.5368, 0.4467, -0.1922, 7.75, 20250819 14:27:10
20250819142710, AMD, 172.5, 20250905, C, 2069, 839, 0.024, 167.41, 0.4075, 0.4446, -0.185, 4.5, 20250819 14:27:10
20250819142710, AMD, 172.5, 20250905, P, 544, 2902, 0.0243, 167.41, -0.5971, 0.4442, -0.1868, 9.35, 20250819 14:27:10
20250819142710, AMD, 175, 20250905, C, 2602, 2506, 0.023, 167.41, 0.3508, 0.4448, -0.1761, 3.6, 20250819 14:27:10
20250819142710, AMD, 175, 20250905, P, 384, 2536, 0.0233, 167.41, -0.6546, 0.4439, -0.1778, 11.1, 20250819 14:27:10
20250819142710, AMD, 177.5, 20250905, C, 967, 1843, 0.0214, 167.41, 0.2984, 0.4446, -0.1645, 2.88, 20250819 14:27:10
20250819142710, AMD, 177.5, 20250905, P, 188, 530, 0.0218, 167.41, -0.7078, 0.4449, -0.1662, 12.37, 20250819 14:27:10
20250819142710, AMD, 180, 20250905, C, 3108, 3881, 0.0196, 167.41, 0.2513, 0.4461, -0.1511, 2.3, 20250819 14:27:10
20250819142710, AMD, 180, 20250905, P, 89, 638, 0.02, 167.41, -0.7558, 0.4464, -0.1526, 14.55, 20250819 14:27:10
20250819142710, AMD, 182.5, 20250905, C, 749, 1321, 0.0176, 167.41, 0.2099, 0.4493, -0.1369, 1.83, 20250819 14:27:10
20250819142710, AMD, 182.5, 20250905, P, 17, 885, 0.018, 167.41, -0.798, 0.45, -0.1383, 16.32, 20250819 14:27:10
20250819142710, AMD, 185, 20250905, C, 1599, 2277, 0.0156, 167.41, 0.1744, 0.4534, -0.1226, 1.48, 20250819 14:27:10
20250819142710, AMD, 185, 20250905, P, 114, 1068, 0.016, 167.41, -0.8344, 0.4552, -0.1239, 18.53, 20250819 14:27:10
20250819142710, AMD, 187.5, 20250905, C, 364, 845, 0.0136, 167.41, 0.1444, 0.4589, -0.1089, 1.16, 20250819 14:27:10
20250819142710, AMD, 187.5, 20250905, P, 9, 87, 0.0141, 167.41, -0.8651, 0.464, -0.11, 19.8, 20250819 14:27:10
20250819142710, AMD, 190, 20250905, C, 913, 10746, 0.0118, 167.41, 0.1194, 0.4641, -0.0962, 0.92, 20250819 14:27:10
20250819142710, AMD, 190, 20250905, P, 10, 138, 0.0123, 167.41, -0.8909, 0.4619, -0.0976, 23.4, 20250819 14:27:10
20250819142710, AMD, 192.5, 20250905, C, 2987, 3164, 0.0102, 167.41, 0.0989, 0.4708, -0.0847, 0.8, 20250819 14:27:10
20250819142710, AMD, 192.5, 20250905, P, 0, 64, 0.0107, 167.41, -0.9122, 0.471, -0.0862, 18.45, 20250819 14:27:10
20250819142710, AMD, 195, 20250905, C, 477, 1876, 0.0087, 167.41, 0.0821, 0.4783, -0.0744, 0.61, 20250819 14:27:10
20250819142710, AMD, 195, 20250905, P, 0, 27, 0.0093, 167.41, -0.9299, 0.4672, -0.0765, 19.87, 20250819 14:27:10
20250819142710, AMD, 197.5, 20250905, C, 71, 634, 0.0074, 167.41, 0.0683, 0.4854, -0.0653, 0.51, 20250819 14:27:10
20250819142710, AMD, 197.5, 20250905, P, 0, 50, 0.0081, 167.41, -0.9445, 0.4848, -0.0676, 22.03, 20250819 14:27:10
20250819142710, AMD, 200, 20250905, C, 1255, 2471, 0.0064, 167.41, 0.0571, 0.4942, -0.0574, 0.4, 20250819 14:27:10
20250819142710, AMD, 200, 20250905, P, 1, 83, 0.007, 167.41, -0.9565, 0.483, -0.0602, 31.7, 20250819 14:27:10
20250819142710, AMD, 205, 20250905, C, 129, 637, 0.0047, 167.41, 0.0403, 0.5103, -0.0444, 0.29, 20250819 14:27:10
20250819142710, AMD, 205, 20250905, P, 0, 56, 0.0053, 167.41, -0.9748, 0.5529, -0.0465, 27.75, 20250819 14:27:10
20250819142710, AMD, 210, 20250905, C, 531, 1053, 0.0034, 167.41, 0.0289, 0.5288, -0.0344, 0.2, 20250819 14:27:10
20250819142710, AMD, 210, 20250905, P, 0, 8, 0.0036, 167.41, -0.9869, 0.5307, -0.0359, 30.05, 20250819 14:27:10
20250819142710, AMD, 215, 20250905, C, 135, 381, 0.0025, 167.41, 0.0211, 0.5436, -0.027, 0.15, 20250819 14:27:10
20250819142710, AMD, 215, 20250905, P, 0, 2, 0.0021, 167.41, -0.9944, 0.5383, -0.0267, 35.6, 20250819 14:27:10
20250819142710, AMD, 220, 20250905, C, 72, 1492, 0.0019, 167.41, 0.0155, 0.5628, -0.0211, 0.11, 20250819 14:27:10
20250819142710, AMD, 220, 20250905, P, 1, 26, 0.001, 167.41, -0.9978, 0, -0.023, 51.77, 20250819 14:27:10
20250819142710, AMD, 225, 20250905, C, 1056, 267, 0.0014, 167.41, 0.0115, 0.5719, -0.0166, 0.08, 20250819 14:27:10
20250819142710, AMD, 225, 20250905, P, 0, 0, 0.0003, 167.41, -0.9994, 0.6862, -0.0214, 41.3, 20250819 14:27:10
20250819142710, AMD, 230, 20250905, C, 8, 448, 0.0011, 167.41, 0.0086, 0.5851, -0.0132, 0.06, 20250819 14:27:10
20250819142710, AMD, 230, 20250905, P, 0, 0, 0, 167.41, -0.9999, 0, -0.0214, 50.05, 20250819 14:27:10
20250819142710, AMD, 235, 20250905, C, 11, 19, 0.0008, 167.41, 0.0066, 0.5961, -0.0105, 0.04, 20250819 14:27:10
20250819142710, AMD, 235, 20250905, P, 0, 0, 0, 167.41, -1, 0.7435, -0.0214, 0, 20250819 14:27:10
20250819142710, AMD, 240, 20250905, C, 50, 364, 0.0006, 167.41, 0.005, 0.6076, -0.0084, 0.03, 20250819 14:27:10
20250819142710, AMD, 240, 20250905, P, 0, 0, 0, 167.41, -1, 0.7337, -0.0214, 0, 20250819 14:27:10
20250819142710, AMD, 250, 20250905, C, 26, 234, 0.0004, 167.41, 0.003, 0.6374, -0.0054, 0.02, 20250819 14:27:10
20250819142710, AMD, 250, 20250905, P, 0, 0, 0, 167.41, -1, 0, -0.0214, 0, 20250819 14:27:10
20250819142710, AMD, 260, 20250905, C, 0, 89, 0.0002, 167.41, 0.0019, 0.6694, -0.0036, 0.02, 20250819 14:27:10
20250819142710, AMD, 260, 20250905, P, 0, 0, 0, 167.41, -1, 0.8724, -0.0214, 0, 20250819 14:27:10
20250819142710, AMD, 270, 20250905, C, 0, 207, 0.0001, 167.41, 0.0012, 0.6829, -0.0024, 0.02, 20250819 14:27:10
20250819142710, AMD, 270, 20250905, P, 0, 0, 0, 167.41, -1, 0.9368, -0.0214, 0, 20250819 14:27:10
20250819142710, AMD, 280, 20250905, C, 0, 301, 0.0001, 167.41, 0.0008, 0.7705, -0.0016, 0.04, 20250819 14:27:10
20250819142710, AMD, 280, 20250905, P, 0, 0, 0, 167.41, -1, 0.9985, -0.0214, 0, 20250819 14:27:10
20250819142710, AMD, 290, 20250905, C, 0, 140, 0.0001, 167.41, 0.0005, 0.8178, -0.0012, 0.02, 20250819 14:27:10
20250819142710, AMD, 290, 20250905, P, 0, 0, 0, 167.41, -1, 1.1233, -0.0214, 0, 20250819 14:27:10
20250819142710, AMD, 300, 20250905, C, 1, 60, 0, 167.41, 0.0004, 0.8632, -0.0008, 0.01, 20250819 14:27:10
20250819142710, AMD, 300, 20250905, P, 0, 0, 0, 167.41, -1, 1.1145, -0.0214, 0, 20250819 14:27:10
20250819142710, AMD, 310, 20250905, C, 0, 158, 0, 167.41, 0.0002, 0.861, -0.0006, 0.03, 20250819 14:27:10
20250819142710, AMD, 310, 20250905, P, 0, 0, 0, 167.41, -1, 0, -0.0214, 0, 20250819 14:27:10
20250819142710, AMD, 320, 20250905, C, 0, 43, 0, 167.41, 0.0002, 0.9013, -0.0004, 0.02, 20250819 14:27:10
20250819142710, AMD, 320, 20250905, P, 0, 0, 0, 167.41, -1, 0, -0.0214, 0, 20250819 14:27:10
20250819142710, AMD, 330, 20250905, C, 0, 159, 0, 167.41, 0.0001, 0.9401, -0.0003, 0.01, 20250819 14:27:10
20250819142710, AMD, 330, 20250905, P, 0, 0, 0, 167.41, -1, 1.2734, -0.0214, 0, 20250819 14:27:10
20250819142710, AMD, 340, 20250905, C, 0, 43, 0, 167.41, 0.0001, 0.9776, -0.0002, 0.01, 20250819 14:27:10
20250819142710, AMD, 340, 20250905, P, 0, 0, 0, 167.41, -1, 0, -0.0214, 0, 20250819 14:27:10
20250819142710, AMD, 350, 20250905, C, 0, 1, 0, 167.41, 0.0001, 1.0139, -0.0002, 0.01, 20250819 14:27:10
20250819142710, AMD, 350, 20250905, P, 0, 0, 0, 167.41, -1, 1.4523, -0.0214, 0, 20250819 14:27:10
20250819142710, AMD, 360, 20250905, C, 0, 4, 0, 167.41, 0, 1.049, -0.0001, 0.02, 20250819 14:27:10
20250819142710, AMD, 360, 20250905, P, 0, 0, 0, 167.41, -1, 0, -0.0214, 0, 20250819 14:27:10
20250819142710, AMD, 365, 20250905, C, 2, 0, 0, 167.41, 0, 1.0661, -0.0001, 0.01, 20250819 14:27:10
20250819142710, AMD, 365, 20250905, P, 0, 0, 0, 167.41, -1, 1.44, -0.0214, 0, 20250819 14:27:10
20250819142710, AMD, 370, 20250905, C, 0, 0, 0, 167.41, 0, 1.083, -0.0001, 0, 20250819 14:27:10
20250819142710, AMD, 370, 20250905, P, 0, 0, 0, 167.41, -1, 1.5482, -0.0214, 0, 20250819 14:27:10
20250819142710, AMD, 40, 20250912, C, 0, 0, 0, 167.41, 1, 0, 0, 0, 20250819 14:27:10
20250819142710, AMD, 40, 20250912, P, 0, 0, 0, 167.41, -0.0002, 1.815, -0.0009, 0, 20250819 14:27:10
20250819142710, AMD, 45, 20250912, C, 0, 0, 0, 167.41, 1, 0, 0, 0, 20250819 14:27:10
20250819142710, AMD, 45, 20250912, P, 0, 0, 0, 167.41, -0.0002, 1.6691, -0.001, 0, 20250819 14:27:10
20250819142710, AMD, 50, 20250912, C, 0, 0, 0, 167.41, 1, 0, 0, 0, 20250819 14:27:10
20250819142710, AMD, 50, 20250912, P, 0, 0, 0, 167.41, -0.0003, 1.5391, -0.0011, 0, 20250819 14:27:10
20250819142710, AMD, 55, 20250912, C, 0, 0, 0, 167.41, 1, 1.6831, 0, 0, 20250819 14:27:10
20250819142710, AMD, 55, 20250912, P, 0, 0, 0, 167.41, -0.0003, 1.4217, -0.0012, 0, 20250819 14:27:10
20250819142710, AMD, 60, 20250912, C, 0, 0, 0, 167.41, 0.9999, 1.3911, 0, 0, 20250819 14:27:10
20250819142710, AMD, 60, 20250912, P, 0, 0, 0, 167.41, -0.0004, 1.3147, -0.0014, 0, 20250819 14:27:10
20250819142710, AMD, 65, 20250912, C, 0, 0, 0, 167.41, 0.9998, 0, 0, 0, 20250819 14:27:10
20250819142710, AMD, 65, 20250912, P, 0, 0, 0, 167.41, -0.0005, 1.2164, -0.0017, 0, 20250819 14:27:10
20250819142710, AMD, 70, 20250912, C, 0, 1, 0, 167.41, 0.9996, 0, 0, 103, 20250819 14:27:10
20250819142710, AMD, 70, 20250912, P, 0, 0, 0, 167.41, -0.0007, 1.1652, -0.0021, 0, 20250819 14:27:10
20250819142710, AMD, 75, 20250912, C, 0, 1, 0.0001, 167.41, 0.9994, 0, 0, 101.09, 20250819 14:27:10
20250819142710, AMD, 75, 20250912, P, 0, 3, 0.0001, 167.41, -0.0009, 1.0778, -0.0026, 0.03, 20250819 14:27:10
20250819142710, AMD, 80, 20250912, C, 0, 1, 0.0001, 167.41, 0.9991, 1.2528, 0, 97.47, 20250819 14:27:10
20250819142710, AMD, 80, 20250912, P, 2, 302, 0.0001, 167.41, -0.0013, 0.9961, -0.0033, 0.03, 20250819 14:27:10
20250819142710, AMD, 85, 20250912, C, 0, 2, 0.0001, 167.41, 0.9986, 1.1043, 0, 96.1, 20250819 14:27:10
20250819142710, AMD, 85, 20250912, P, 0, 33, 0.0001, 167.41, -0.0018, 0.9641, -0.0043, 0.04, 20250819 14:27:10
20250819142710, AMD, 90, 20250912, C, 0, 1, 0.0002, 167.41, 0.9978, 0.9943, 0, 73.54, 20250819 14:27:10
20250819142710, AMD, 90, 20250912, P, 0, 30, 0.0002, 167.41, -0.0025, 0.9185, -0.0056, 0.04, 20250819 14:27:10
20250819142710, AMD, 95, 20250912, C, 0, 1, 0.0003, 167.41, 0.9968, 0.9276, 0, 86.04, 20250819 14:27:10
20250819142710, AMD, 95, 20250912, P, 0, 50, 0.0003, 167.41, -0.0036, 0.8674, -0.0074, 0.06, 20250819 14:27:10
20250819142710, AMD, 100, 20250912, C, 0, 10, 0.0004, 167.41, 0.9953, 0.7839, -0.0023, 76.05, 20250819 14:27:10
20250819142710, AMD, 100, 20250912, P, 1, 71, 0.0004, 167.41, -0.005, 0.8291, -0.0096, 0.08, 20250819 14:27:10
20250819142710, AMD, 105, 20250912, C, 0, 4, 0.0006, 167.41, 0.9934, 0.7688, -0.0056, 72.63, 20250819 14:27:10
20250819142710, AMD, 105, 20250912, P, 0, 45, 0.0006, 167.41, -0.007, 0.7832, -0.0124, 0.08, 20250819 14:27:10
20250819142710, AMD, 110, 20250912, C, 0, 5, 0.0008, 167.41, 0.9906, 0.636, -0.0095, 66.38, 20250819 14:27:10
20250819142710, AMD, 110, 20250912, P, 0, 847, 0.0008, 167.41, -0.0098, 0.7326, -0.0158, 0.09, 20250819 14:27:10
20250819142710, AMD, 115, 20250912, C, 0, 30, 0.0012, 167.41, 0.9869, 0.6506, -0.0143, 57.8, 20250819 14:27:10
20250819142710, AMD, 115, 20250912, P, 1, 63, 0.0012, 167.41, -0.0135, 0.6903, -0.0201, 0.13, 20250819 14:27:10
20250819142710, AMD, 120, 20250912, C, 11, 17, 0.0016, 167.41, 0.9816, 0.6793, -0.0201, 47.4, 20250819 14:27:10
20250819142710, AMD, 120, 20250912, P, 21, 144, 0.0016, 167.41, -0.0188, 0.6528, -0.0254, 0.18, 20250819 14:27:10
20250819142710, AMD, 125, 20250912, C, 22, 161, 0.0023, 167.41, 0.974, 0.621, -0.0274, 42.89, 20250819 14:27:10
20250819142710, AMD, 125, 20250912, P, 13, 79, 0.0023, 167.41, -0.0264, 0.6194, -0.0321, 0.28, 20250819 14:27:10
20250819142710, AMD, 130, 20250912, C, 34, 442, 0.0032, 167.41, 0.963, 0.5771, -0.0367, 38.15, 20250819 14:27:10
20250819142710, AMD, 130, 20250912, P, 35, 150, 0.0033, 167.41, -0.0375, 0.5848, -0.041, 0.39, 20250819 14:27:10
20250819142710, AMD, 135, 20250912, C, 5, 41, 0.0046, 167.41, 0.9465, 0.5497, -0.0487, 34.28, 20250819 14:27:10
20250819142710, AMD, 135, 20250912, P, 72, 264, 0.0046, 167.41, -0.0541, 0.5522, -0.0525, 0.58, 20250819 14:27:10
20250819142710, AMD, 140, 20250912, C, 22, 107, 0.0065, 167.41, 0.922, 0.5209, -0.064, 30.2, 20250819 14:27:10
20250819142710, AMD, 140, 20250912, P, 209, 1081, 0.0065, 167.41, -0.0787, 0.5236, -0.0673, 0.83, 20250819 14:27:10
20250819142710, AMD, 145, 20250912, C, 5, 22, 0.0089, 167.41, 0.8864, 0.4967, -0.0825, 24.2, 20250819 14:27:10
20250819142710, AMD, 145, 20250912, P, 785, 629, 0.009, 167.41, -0.1146, 0.4998, -0.0855, 1.27, 20250819 14:27:10
20250819142710, AMD, 150, 20250912, C, 60, 664, 0.012, 167.41, 0.8361, 0.479, -0.1036, 19.47, 20250819 14:27:10
20250819142710, AMD, 150, 20250912, P, 692, 762, 0.012, 167.41, -0.1653, 0.4798, -0.1062, 1.96, 20250819 14:27:10
20250819142710, AMD, 152.5, 20250912, C, 5, 335, 0.0136, 167.41, 0.8046, 0.4776, -0.1144, 18.95, 20250819 14:27:10
20250819142710, AMD, 152.5, 20250912, P, 41, 119, 0.0137, 167.41, -0.197, 0.4706, -0.1168, 2.36, 20250819 14:27:10
20250819142710, AMD, 155, 20250912, C, 40, 299, 0.0152, 167.41, 0.7686, 0.463, -0.1248, 15.15, 20250819 14:27:10
20250819142710, AMD, 155, 20250912, P, 356, 851, 0.0154, 167.41, -0.2332, 0.4631, -0.1272, 2.79, 20250819 14:27:10
20250819142710, AMD, 157.5, 20250912, C, 20, 87, 0.0168, 167.41, 0.7283, 0.4553, -0.1345, 14.2, 20250819 14:27:10
20250819142710, AMD, 157.5, 20250912, P, 528, 609, 0.017, 167.41, -0.2739, 0.4572, -0.1368, 3.5, 20250819 14:27:10
20250819142710, AMD, 160, 20250912, C, 46, 274, 0.0183, 167.41, 0.684, 0.4492, -0.143, 12.08, 20250819 14:27:10
20250819142710, AMD, 160, 20250912, P, 481, 621, 0.0185, 167.41, -0.3187, 0.451, -0.1451, 4.21, 20250819 14:27:10
20250819142710, AMD, 162.5, 20250912, C, 25, 285, 0.0196, 167.41, 0.6362, 0.4437, -0.1496, 10.65, 20250819 14:27:10
20250819142710, AMD, 162.5, 20250912, P, 130, 419, 0.0197, 167.41, -0.367, 0.4456, -0.1516, 5.15, 20250819 14:27:10
20250819142710, AMD, 165, 20250912, C, 210, 393, 0.0205, 167.41, 0.5857, 0.4415, -0.1541, 8.9, 20250819 14:27:10
20250819142710, AMD, 165, 20250912, P, 286, 845, 0.0207, 167.41, -0.418, 0.4418, -0.1561, 6.32, 20250819 14:27:10
20250819142710, AMD, 167.5, 20250912, C, 250, 127, 0.021, 167.41, 0.5336, 0.4375, -0.1562, 7.75, 20250819 14:27:10
20250819142710, AMD, 167.5, 20250912, P, 199, 301, 0.0213, 167.41, -0.4707, 0.4376, -0.1581, 7.5, 20250819 14:27:10
20250819142710, AMD, 170, 20250912, C, 803, 1858, 0.0212, 167.41, 0.481, 0.4346, -0.1558, 6.6, 20250819 14:27:10
20250819142710, AMD, 170, 20250912, P, 386, 2211, 0.0215, 167.41, -0.524, 0.436, -0.1575, 8.59, 20250819 14:27:10
20250819142710, AMD, 172.5, 20250912, C, 385, 452, 0.021, 167.41, 0.4291, 0.433, -0.1528, 5.65, 20250819 14:27:10
20250819142710, AMD, 172.5, 20250912, P, 84, 401, 0.0213, 167.41, -0.5766, 0.4342, -0.1545, 9.68, 20250819 14:27:10
20250819142710, AMD, 175, 20250912, C, 447, 1067, 0.0204, 167.41, 0.379, 0.4329, -0.1476, 4.6, 20250819 14:27:10
20250819142710, AMD, 175, 20250912, P, 89, 361, 0.0207, 167.41, -0.6275, 0.4338, -0.1493, 11.62, 20250819 14:27:10
20250819142710, AMD, 177.5, 20250912, C, 175, 429, 0.0194, 167.41, 0.3317, 0.4318, -0.1406, 3.8, 20250819 14:27:10
20250819142710, AMD, 177.5, 20250912, P, 57, 434, 0.0198, 167.41, -0.6756, 0.432, -0.1422, 13.95, 20250819 14:27:10
20250819142710, AMD, 180, 20250912, C, 2215, 1291, 0.0182, 167.41, 0.288, 0.4333, -0.1321, 3.2, 20250819 14:27:10
20250819142710, AMD, 180, 20250912, P, 84, 369, 0.0187, 167.41, -0.7203, 0.4345, -0.1338, 15.25, 20250819 14:27:10
20250819142710, AMD, 182.5, 20250912, C, 194, 525, 0.0169, 167.41, 0.2483, 0.4348, -0.1227, 2.65, 20250819 14:27:10
20250819142710, AMD, 182.5, 20250912, P, 12, 597, 0.0173, 167.41, -0.7609, 0.4356, -0.1244, 15.12, 20250819 14:27:10
20250819142710, AMD, 185, 20250912, C, 644, 1860, 0.0154, 167.41, 0.2129, 0.4371, -0.1128, 2.13, 20250819 14:27:10
20250819142710, AMD, 185, 20250912, P, 21, 865, 0.0158, 167.41, -0.7972, 0.4376, -0.1144, 19.65, 20250819 14:27:10
20250819142710, AMD, 187.5, 20250912, C, 368, 222, 0.0139, 167.41, 0.1819, 0.4399, -0.103, 1.77, 20250819 14:27:10
20250819142710, AMD, 187.5, 20250912, P, 12, 1005, 0.0144, 167.41, -0.8292, 0.4417, -0.1044, 19.35, 20250819 14:27:10
20250819142710, AMD, 190, 20250912, C, 581, 914, 0.0124, 167.41, 0.155, 0.444, -0.0933, 1.44, 20250819 14:27:10
20250819142710, AMD, 190, 20250912, P, 3, 47, 0.0129, 167.41, -0.857, 0.4475, -0.0947, 23.6, 20250819 14:27:10
20250819142710, AMD, 192.5, 20250912, C, 124, 251, 0.011, 167.41, 0.132, 0.4485, -0.0842, 1.26, 20250819 14:27:10
20250819142710, AMD, 192.5, 20250912, P, 0, 20, 0.0116, 167.41, -0.8809, 0.4503, -0.0854, 18.9, 20250819 14:27:10
20250819142710, AMD, 195, 20250912, C, 90, 313, 0.0098, 167.41, 0.1124, 0.4533, -0.0758, 1.03, 20250819 14:27:10
20250819142710, AMD, 195, 20250912, P, 4, 6, 0.0103, 167.41, -0.9014, 0.457, -0.0773, 26.3, 20250819 14:27:10
20250819142710, AMD, 197.5, 20250912, C, 47, 262, 0.0086, 167.41, 0.0959, 0.4595, -0.0681, 0.85, 20250819 14:27:10
20250819142710, AMD, 197.5, 20250912, P, 0, 2, 0.0092, 167.41, -0.9187, 0.4582, -0.0697, 18.65, 20250819 14:27:10
20250819142710, AMD, 200, 20250912, C, 451, 1567, 0.0075, 167.41, 0.082, 0.4647, -0.0611, 0.7, 20250819 14:27:10
20250819142710, AMD, 200, 20250912, P, 3, 77, 0.0082, 167.41, -0.9336, 0.4569, -0.0632, 30.19, 20250819 14:27:10
20250819142710, AMD, 205, 20250912, C, 59, 315, 0.0058, 167.41, 0.0607, 0.477, -0.0495, 0.49, 20250819 14:27:10
20250819142710, AMD, 205, 20250912, P, 0, 51, 0.0066, 167.41, -0.957, 0.4883, -0.0522, 24.6, 20250819 14:27:10
20250819142710, AMD, 210, 20250912, C, 85, 428, 0.0045, 167.41, 0.0453, 0.4906, -0.0401, 0.37, 20250819 14:27:10
20250819142710, AMD, 210, 20250912, P, 0, 3, 0.0052, 167.41, -0.9738, 0.4827, -0.0437, 30.5, 20250819 14:27:10
20250819142710, AMD, 215, 20250912, C, 138, 411, 0.0035, 167.41, 0.0343, 0.5056, -0.0326, 0.27, 20250819 14:27:10
20250819142710, AMD, 215, 20250912, P, 0, 0, 0.0038, 167.41, -0.9857, 0.5232, -0.0327, 0, 20250819 14:27:10
20250819142710, AMD, 220, 20250912, C, 89, 972, 0.0027, 167.41, 0.0262, 0.5224, -0.0266, 0.21, 20250819 14:27:10
20250819142710, AMD, 220, 20250912, P, 0, 2, 0.0023, 167.41, -0.9932, 0, -0.0274, 43.9, 20250819 14:27:10
20250819142710, AMD, 225, 20250912, C, 19, 324, 0.0021, 167.41, 0.0203, 0.5336, -0.0219, 0.18, 20250819 14:27:10
20250819142710, AMD, 225, 20250912, P, 0, 0, 0.0011, 167.41, -0.9975, 0, -0.0205, 59.3, 20250819 14:27:10
20250819142710, AMD, 230, 20250912, C, 12, 1060, 0.0017, 167.41, 0.0158, 0.5505, -0.018, 0.12, 20250819 14:27:10
20250819142710, AMD, 230, 20250912, P, 0, 2, 0.0004, 167.41, -0.9991, 0.6188, -0.02, 46.9, 20250819 14:27:10
20250819142710, AMD, 235, 20250912, C, 5, 7, 0.0013, 167.41, 0.0125, 0.562, -0.0149, 0.08, 20250819 14:27:10
20250819142710, AMD, 235, 20250912, P, 0, 0, 0, 167.41, -0.9999, 0.6538, -0.02, 0, 20250819 14:27:10
20250819142710, AMD, 240, 20250912, C, 1, 368, 0.0011, 167.41, 0.0099, 0.5705, -0.0124, 0.08, 20250819 14:27:10
20250819142710, AMD, 240, 20250912, P, 0, 0, 0, 167.41, -1, 0, -0.02, 78, 20250819 14:27:10
20250819142710, AMD, 250, 20250912, C, 23, 206, 0.0007, 167.41, 0.0064, 0.5968, -0.0086, 0.04, 20250819 14:27:10
20250819142710, AMD, 250, 20250912, P, 0, 0, 0, 167.41, -1, 0.7097, -0.02, 0, 20250819 14:27:10
20250819142710, AMD, 260, 20250912, C, 2, 24, 0.0005, 167.41, 0.0042, 0.5827, -0.0061, 0.02, 20250819 14:27:10
20250819142710, AMD, 260, 20250912, P, 0, 0, 0, 167.41, -1, 0.769, -0.02, 0, 20250819 14:27:10
20250819142710, AMD, 270, 20250912, C, 0, 23, 0.0003, 167.41, 0.0028, 0.6278, -0.0044, 0.03, 20250819 14:27:10
20250819142710, AMD, 270, 20250912, P, 0, 0, 0, 167.41, -1, 0, -0.02, 0, 20250819 14:27:10
20250819142710, AMD, 280, 20250912, C, 0, 14, 0.0002, 167.41, 0.0019, 0.6705, -0.0032, 0.05, 20250819 14:27:10
20250819142710, AMD, 280, 20250912, P, 0, 0, 0, 167.41, -1, 0.8802, -0.02, 0, 20250819 14:27:10
20250819142710, AMD, 290, 20250912, C, 0, 7, 0.0001, 167.41, 0.0014, 0.6878, -0.0023, 0.03, 20250819 14:27:10
20250819142710, AMD, 290, 20250912, P, 0, 0, 0, 167.41, -1, 0, -0.02, 0, 20250819 14:27:10
20250819142710, AMD, 300, 20250912, C, 0, 254, 0.0001, 167.41, 0.001, 0.726, -0.0017, 0.01, 20250819 14:27:10
20250819142710, AMD, 300, 20250912, P, 0, 0, 0, 167.41, -1, 1.0626, -0.02, 0, 20250819 14:27:10
20250819142710, AMD, 310, 20250912, C, 0, 127, 0.0001, 167.41, 0.0007, 0.7628, -0.0013, 0.02, 20250819 14:27:10
20250819142710, AMD, 310, 20250912, P, 0, 0, 0, 167.41, -1, 0, -0.02, 0, 20250819 14:27:10
20250819142710, AMD, 320, 20250912, C, 0, 7, 0.0001, 167.41, 0.0005, 0.7982, -0.001, 0.04, 20250819 14:27:10
20250819142710, AMD, 320, 20250912, P, 0, 0, 0, 167.41, -1, 1.1394, -0.02, 0, 20250819 14:27:10
20250819142710, AMD, 330, 20250912, C, 0, 11, 0, 167.41, 0.0004, 0.8323, -0.0008, 0.04, 20250819 14:27:10
20250819142710, AMD, 330, 20250912, P, 0, 0, 0, 167.41, -1, 0, -0.02, 0, 20250819 14:27:10
20250819142710, AMD, 340, 20250912, C, 0, 1, 0, 167.41, 0.0003, 0.8655, -0.0006, 0.02, 20250819 14:27:10
20250819142710, AMD, 340, 20250912, P, 0, 0, 0, 167.41, -1, 1.1669, -0.02, 0, 20250819 14:27:10
20250819142710, AMD, 350, 20250912, C, 0, 1, 0, 167.41, 0.0002, 0.8973, -0.0004, 0.12, 20250819 14:27:10
20250819142710, AMD, 350, 20250912, P, 0, 0, 0, 167.41, -1, 0, -0.02, 0, 20250819 14:27:10
20250819142710, AMD, 360, 20250912, C, 0, 6, 0, 167.41, 0.0002, 0.8825, -0.0003, 0.01, 20250819 14:27:10
20250819142710, AMD, 360, 20250912, P, 0, 0, 0, 167.41, -1, 0, -0.02, 0, 20250819 14:27:10
20250819142710, AMD, 365, 20250912, C, 0, 0, 0, 167.41, 0.0001, 0.9432, -0.0003, 0, 20250819 14:27:10
20250819142710, AMD, 365, 20250912, P, 0, 0, 0, 167.41, -1, 1.3405, -0.02, 0, 20250819 14:27:10
20250819142710, AMD, 370, 20250912, C, 0, 0, 0, 167.41, 0.0001, 0.958, -0.0003, 0, 20250819 14:27:10
20250819142710, AMD, 370, 20250912, P, 0, 0, 0, 167.41, -1, 1.3611, -0.02, 0, 20250819 14:27:10
