20250811140415, MP, 13, 20250815, C, 0, 0, 0, 73.28, 0.9999, 0, 0, 13.7, 20250811 14:04:15
20250811140415, MP, 13, 20250815, P, 1, 33, 0, 73.28, 0, 6.7146, 0, 0.01, 20250811 14:04:15
20250811140415, MP, 14, 20250815, C, 0, 0, 0, 73.28, 0.9999, 0, 0, 0, 20250811 14:04:15
20250811140415, MP, 14, 20250815, P, 0, 0, 0, 73.28, 0, 6.7589, 0, 0.18, 20250811 14:04:15
20250811140415, MP, 15, 20250815, C, 0, 19, 0, 73.28, 0.9999, 6.9014, 0, 16.77, 20250811 14:04:15
20250811140415, MP, 15, 20250815, P, 0, 93, 0, 73.28, 0, 0, 0, 0.18, 20250811 14:04:15
20250811140415, MP, 16, 20250815, C, 0, 6, 0, 73.28, 0.9999, 8.2949, 0, 8.1, 20250811 14:04:15
20250811140415, MP, 16, 20250815, P, 0, 141, 0, 73.28, 0, 5.4761, 0, 0.05, 20250811 14:04:15
20250811140415, MP, 17, 20250815, C, 0, 4, 0, 73.28, 0.9999, 6.9691, 0, 45.53, 20250811 14:04:15
20250811140415, MP, 17, 20250815, P, 0, 65, 0, 73.28, 0, 7.5496, 0, 0.09, 20250811 14:04:15
20250811140415, MP, 18, 20250815, C, 0, 29, 0, 73.28, 0.9999, 4.892, 0, 49.16, 20250811 14:04:15
20250811140415, MP, 18, 20250815, P, 0, 132, 0, 73.28, 0, 5.47, 0, 0.01, 20250811 14:04:15
20250811140415, MP, 19, 20250815, C, 0, 80, 0, 73.28, 0.9999, 4.6895, 0, 27.21, 20250811 14:04:15
20250811140415, MP, 19, 20250815, P, 0, 64, 0, 73.28, 0, 6.2347, 0, 0.13, 20250811 14:04:15
20250811140415, MP, 20, 20250815, C, 4, 208, 0, 73.28, 0.9999, 0, 0, 54.4, 20250811 14:04:15
20250811140415, MP, 20, 20250815, P, 0, 3025, 0, 73.28, 0, 4.6921, 0, 0.05, 20250811 14:04:15
20250811140415, MP, 21, 20250815, C, 0, 115, 0, 73.28, 0.9999, 5.0553, 0, 41, 20250811 14:04:15
20250811140415, MP, 21, 20250815, P, 0, 256, 0, 73.28, 0, 4.5217, 0, 0.04, 20250811 14:04:15
20250811140415, MP, 22, 20250815, C, 2, 185, 0, 73.28, 0.9999, 4.8681, 0, 55.02, 20250811 14:04:15
20250811140415, MP, 22, 20250815, P, 0, 319, 0, 73.28, 0, 4.3595, 0, 0.24, 20250811 14:04:15
20250811140415, MP, 23, 20250815, C, 0, 258, 0, 73.28, 0.9999, 0, 0, 40.7, 20250811 14:04:15
20250811140415, MP, 23, 20250815, P, 0, 200, 0, 73.28, 0, 4.2048, 0, 0.1, 20250811 14:04:15
20250811140415, MP, 24, 20250815, C, 0, 487, 0, 73.28, 0.9999, 0, 0, 44, 20250811 14:04:15
20250811140415, MP, 24, 20250815, P, 0, 536, 0, 73.28, 0, 4.0568, 0, 0.3, 20250811 14:04:15
20250811140415, MP, 25, 20250815, C, 0, 1454, 0, 73.28, 0.9999, 4.3558, 0, 49.9, 20250811 14:04:15
20250811140415, MP, 25, 20250815, P, 783, 770, 0, 73.28, 0, 3.915, 0, 0.05, 20250811 14:04:15
20250811140415, MP, 26, 20250815, C, 5, 574, 0, 73.28, 0.9999, 3.51, 0, 47.9, 20250811 14:04:15
20250811140415, MP, 26, 20250815, P, 0, 173, 0, 73.28, 0, 3.779, -0.0001, 0.15, 20250811 14:04:15
20250811140415, MP, 27, 20250815, C, 0, 754, 0, 73.28, 0.9999, 4.0488, 0, 34.26, 20250811 14:04:15
20250811140415, MP, 27, 20250815, P, 0, 164, 0, 73.28, 0, 5.2001, -0.0001, 0.05, 20250811 14:04:15
20250811140415, MP, 28, 20250815, C, 0, 428, 0, 73.28, 0.9999, 3.9041, 0, 35.69, 20250811 14:04:15
20250811140415, MP, 28, 20250815, P, 0, 392, 0, 73.28, 0, 4.0131, -0.0001, 0.05, 20250811 14:04:15
20250811140415, MP, 29, 20250815, C, 1, 323, 0, 73.28, 0.9999, 0, 0, 53.5, 20250811 14:04:15
20250811140415, MP, 29, 20250815, P, 0, 1115, 0, 73.28, 0, 3.4006, -0.0001, 0.05, 20250811 14:04:15
20250811140415, MP, 30, 20250815, C, 2, 2419, 0, 73.28, 0.9999, 0, 0, 47.45, 20250811 14:04:15
20250811140415, MP, 30, 20250815, P, 0, 1393, 0, 73.28, 0, 3.2833, -0.0001, 0.03, 20250811 14:04:15
20250811140415, MP, 31, 20250815, C, 0, 2032, 0, 73.28, 0.9999, 3.5001, 0, 43, 20250811 14:04:15
20250811140415, MP, 31, 20250815, P, 0, 216, 0, 73.28, 0, 3.6162, -0.0001, 0.25, 20250811 14:04:15
20250811140415, MP, 32, 20250815, C, 1, 847, 0, 73.28, 0.9998, 4.7841, 0, 50, 20250811 14:04:15
20250811140415, MP, 32, 20250815, P, 0, 774, 0, 73.28, 0, 3.3158, -0.0002, 0.03, 20250811 14:04:15
20250811140415, MP, 33, 20250815, C, 1, 425, 0, 73.28, 0.9998, 2.5961, 0, 42.22, 20250811 14:04:15
20250811140415, MP, 33, 20250815, P, 0, 107, 0, 73.28, -0.0001, 4.515, -0.0002, 0.01, 20250811 14:04:15
20250811140415, MP, 34, 20250815, C, 0, 573, 0, 73.28, 0.9998, 0, 0, 33, 20250811 14:04:15
20250811140415, MP, 34, 20250815, P, 0, 213, 0, 73.28, -0.0001, 2.8501, -0.0002, 0.05, 20250811 14:04:15
20250811140415, MP, 35, 20250815, C, 4, 1399, 0, 73.28, 0.9998, 0, 0, 38.9, 20250811 14:04:15
20250811140415, MP, 35, 20250815, P, 0, 10184, 0, 73.28, -0.0001, 2.7497, -0.0003, 0.05, 20250811 14:04:15
20250811140415, MP, 36, 20250815, C, 0, 184, 0, 73.28, 0.9998, 0, 0, 27.3, 20250811 14:04:15
20250811140415, MP, 36, 20250815, P, 0, 369, 0, 73.28, -0.0001, 2.6521, -0.0003, 0.06, 20250811 14:04:15
20250811140415, MP, 37, 20250815, C, 3, 505, 0, 73.28, 0.9998, 0, 0, 42.9, 20250811 14:04:15
20250811140415, MP, 37, 20250815, P, 0, 396, 0, 73.28, -0.0001, 2.5571, -0.0004, 0.03, 20250811 14:04:15
20250811140415, MP, 38, 20250815, C, 0, 5232, 0, 73.28, 0.9998, 0, 0, 35.76, 20250811 14:04:15
20250811140415, MP, 38, 20250815, P, 0, 1010, 0, 73.28, -0.0002, 2.6759, -0.0005, 0.07, 20250811 14:04:15
20250811140415, MP, 39, 20250815, C, 0, 258, 0, 73.28, 0.9997, 2.843, 0, 34.75, 20250811 14:04:15
20250811140415, MP, 39, 20250815, P, 0, 170, 0, 73.28, -0.0002, 3.496, -0.0006, 0.24, 20250811 14:04:15
20250811140415, MP, 40, 20250815, C, 14, 1653, 0.0001, 73.28, 0.9997, 0, 0, 34.23, 20250811 14:04:15
20250811140415, MP, 40, 20250815, P, 0, 1496, 0.0001, 73.28, -0.0002, 2.2863, -0.0007, 0.05, 20250811 14:04:15
20250811140415, MP, 41, 20250815, C, 0, 1025, 0.0001, 73.28, 0.9996, 0, 0, 34, 20250811 14:04:15
20250811140415, MP, 41, 20250815, P, 1, 461, 0.0001, 73.28, -0.0003, 2.2004, -0.0008, 0.04, 20250811 14:04:15
20250811140415, MP, 42, 20250815, C, 1, 284, 0.0001, 73.28, 0.9995, 0, 0, 39.9, 20250811 14:04:15
20250811140415, MP, 42, 20250815, P, 85, 200, 0.0001, 73.28, -0.0004, 2.1164, -0.001, 0.04, 20250811 14:04:15
20250811140415, MP, 43, 20250815, C, 20, 269, 0.0001, 73.28, 0.9995, 2.2091, 0, 31.26, 20250811 14:04:15
20250811140415, MP, 43, 20250815, P, 0, 978, 0.0001, 73.28, -0.0004, 2.5963, -0.0012, 0.32, 20250811 14:04:15
20250811140415, MP, 44, 20250815, C, 20, 287, 0.0002, 73.28, 0.9994, 2.4934, 0, 30.1, 20250811 14:04:15
20250811140415, MP, 44, 20250815, P, 0, 192, 0.0002, 73.28, -0.0006, 2.9117, -0.0015, 0.05, 20250811 14:04:15
20250811140415, MP, 45, 20250815, C, 22, 3168, 0.0002, 73.28, 0.9992, 0, 0, 29.23, 20250811 14:04:15
20250811140415, MP, 45, 20250815, P, 36, 1566, 0.0002, 73.28, -0.0007, 1.8752, -0.0018, 0.03, 20250811 14:04:15
20250811140415, MP, 46, 20250815, C, 21, 836, 0.0003, 73.28, 0.999, 0, 0, 28.22, 20250811 14:04:15
20250811140415, MP, 46, 20250815, P, 0, 675, 0.0003, 73.28, -0.0009, 2.6549, -0.0022, 0.01, 20250811 14:04:15
20250811140415, MP, 47, 20250815, C, 20, 230, 0.0003, 73.28, 0.9988, 0, 0, 27.3, 20250811 14:04:15
20250811140415, MP, 47, 20250815, P, 1, 459, 0.0003, 73.28, -0.0011, 1.7226, -0.0027, 0.05, 20250811 14:04:15
20250811140415, MP, 48, 20250815, C, 20, 268, 0.0004, 73.28, 0.9985, 1.776, -0.0002, 26.36, 20250811 14:04:15
20250811140415, MP, 48, 20250815, P, 9, 515, 0.0004, 73.28, -0.0014, 1.6484, -0.0034, 0.05, 20250811 14:04:15
20250811140415, MP, 49, 20250815, C, 26, 490, 0.0005, 73.28, 0.9982, 0, -0.0011, 24.88, 20250811 14:04:15
20250811140415, MP, 49, 20250815, P, 0, 381, 0.0005, 73.28, -0.0018, 1.8211, -0.0042, 0.02, 20250811 14:04:15
20250811140415, MP, 50, 20250815, C, 37, 5987, 0.0007, 73.28, 0.9977, 0, -0.0023, 24.33, 20250811 14:04:15
20250811140415, MP, 50, 20250815, P, 21, 5893, 0.0007, 73.28, -0.0022, 1.5041, -0.0053, 0.05, 20250811 14:04:15
20250811140415, MP, 51, 20250815, C, 31, 158, 0.0009, 73.28, 0.997, 1.8424, -0.0039, 22.3, 20250811 14:04:15
20250811140415, MP, 51, 20250815, P, 0, 216, 0.0009, 73.28, -0.0029, 1.6611, -0.0067, 0.05, 20250811 14:04:15
20250811140415, MP, 52, 20250815, C, 20, 89, 0.0012, 73.28, 0.9962, 1.4601, -0.0058, 22.54, 20250811 14:04:15
20250811140415, MP, 52, 20250815, P, 0, 140, 0.0012, 73.28, -0.0038, 2.344, -0.0086, 0.02, 20250811 14:04:15
20250811140415, MP, 53, 20250815, C, 20, 66, 0.0015, 73.28, 0.995, 1.3848, -0.0084, 21.63, 20250811 14:04:15
20250811140415, MP, 53, 20250815, P, 10, 161, 0.0015, 73.28, -0.0049, 1.2966, -0.011, 0.03, 20250811 14:04:15
20250811140415, MP, 54, 20250815, C, 21, 144, 0.0019, 73.28, 0.9935, 0, -0.0116, 20.67, 20250811 14:04:15
20250811140415, MP, 54, 20250815, P, 10, 479, 0.0019, 73.28, -0.0064, 1.2296, -0.0141, 0.05, 20250811 14:04:15
20250811140415, MP, 55, 20250815, C, 462, 1405, 0.0025, 73.28, 0.9914, 1.5923, -0.0159, 19.62, 20250811 14:04:15
20250811140415, MP, 55, 20250815, P, 50, 1954, 0.0025, 73.28, -0.0085, 1.1635, -0.0182, 0.03, 20250811 14:04:15
20250811140415, MP, 56, 20250815, C, 32, 107, 0.0033, 73.28, 0.9887, 0, -0.0213, 18.59, 20250811 14:04:15
20250811140415, MP, 56, 20250815, P, 1, 449, 0.0033, 73.28, -0.0112, 1.282, -0.0235, 0.04, 20250811 14:04:15
20250811140415, MP, 57, 20250815, C, 1, 46, 0.0042, 73.28, 0.9852, 1.3431, -0.0281, 17.17, 20250811 14:04:15
20250811140415, MP, 57, 20250815, P, 1, 306, 0.0042, 73.28, -0.0147, 1.1366, -0.0302, 0.07, 20250811 14:04:15
20250811140415, MP, 58, 20250815, C, 18, 161, 0.0055, 73.28, 0.9806, 1.1674, -0.0367, 16.7, 20250811 14:04:15
20250811140415, MP, 58, 20250815, P, 19, 356, 0.0055, 73.28, -0.0193, 1.3225, -0.0387, 0.05, 20250811 14:04:15
20250811140415, MP, 59, 20250815, C, 9, 65, 0.007, 73.28, 0.9746, 1.1854, -0.0472, 15.59, 20250811 14:04:15
20250811140415, MP, 59, 20250815, P, 30, 277, 0.007, 73.28, -0.0253, 1.1192, -0.0491, 0.1, 20250811 14:04:15
20250811140415, MP, 60, 20250815, C, 567, 3810, 0.0088, 73.28, 0.9671, 1.1078, -0.06, 14.15, 20250811 14:04:15
20250811140415, MP, 60, 20250815, P, 1417, 1475, 0.0089, 73.28, -0.0328, 1.1283, -0.0617, 0.15, 20250811 14:04:15
20250811140415, MP, 61, 20250815, C, 86, 293, 0.0111, 73.28, 0.9576, 1.0987, -0.0752, 13.1, 20250811 14:04:15
20250811140415, MP, 61, 20250815, P, 75, 290, 0.0111, 73.28, -0.0423, 1.1161, -0.0768, 0.21, 20250811 14:04:15
20250811140415, MP, 62, 20250815, C, 25, 348, 0.0138, 73.28, 0.9458, 1.0748, -0.0927, 12.55, 20250811 14:04:15
20250811140415, MP, 62, 20250815, P, 210, 196, 0.0138, 73.28, -0.0541, 1.1616, -0.0942, 0.16, 20250811 14:04:15
20250811140415, MP, 63, 20250815, C, 34, 136, 0.017, 73.28, 0.9313, 1.0403, -0.1127, 11.26, 20250811 14:04:15
20250811140415, MP, 63, 20250815, P, 147, 469, 0.017, 73.28, -0.0686, 1.0082, -0.1141, 0.21, 20250811 14:04:15
20250811140415, MP, 64, 20250815, C, 41, 382, 0.0206, 73.28, 0.9137, 0.9974, -0.135, 10.99, 20250811 14:04:15
20250811140415, MP, 64, 20250815, P, 35, 201, 0.0206, 73.28, -0.0863, 0.97, -0.1364, 0.27, 20250811 14:04:15
20250811140415, MP, 65, 20250815, C, 450, 3016, 0.0248, 73.28, 0.8923, 0.9476, -0.1595, 9, 20250811 14:04:15
20250811140415, MP, 65, 20250815, P, 189, 700, 0.0248, 73.28, -0.1077, 0.9596, -0.1607, 0.35, 20250811 14:04:15
20250811140415, MP, 66, 20250815, C, 46, 257, 0.0294, 73.28, 0.8666, 0.9228, -0.186, 7.9, 20250811 14:04:15
20250811140415, MP, 66, 20250815, P, 205, 343, 0.0295, 73.28, -0.1335, 0.9184, -0.1872, 0.5, 20250811 14:04:15
20250811140415, MP, 67, 20250815, C, 49, 2700, 0.0345, 73.28, 0.8354, 0.9381, -0.2147, 7.6, 20250811 14:04:15
20250811140415, MP, 67, 20250815, P, 287, 845, 0.0346, 73.28, -0.1647, 0.9086, -0.2158, 0.55, 20250811 14:04:15
20250811140415, MP, 68, 20250815, C, 142, 376, 0.0398, 73.28, 0.7982, 0.9081, -0.245, 6.7, 20250811 14:04:15
20250811140415, MP, 68, 20250815, P, 299, 391, 0.0399, 73.28, -0.202, 0.8938, -0.2462, 0.8, 20250811 14:04:15
20250811140415, MP, 69, 20250815, C, 177, 583, 0.0448, 73.28, 0.7546, 0.9066, -0.2762, 6.5, 20250811 14:04:15
20250811140415, MP, 69, 20250815, P, 316, 311, 0.0449, 73.28, -0.2456, 0.894, -0.2774, 1, 20250811 14:04:15
20250811140415, MP, 70, 20250815, C, 1089, 2082, 0.0492, 73.28, 0.7053, 0.9052, -0.3066, 5.05, 20250811 14:04:15
20250811140415, MP, 70, 20250815, P, 1458, 1026, 0.0494, 73.28, -0.2951, 0.8938, -0.3078, 1.35, 20250811 14:04:15
20250811140415, MP, 71, 20250815, C, 141, 335, 0.0525, 73.28, 0.6517, 0.9027, -0.3339, 4.4, 20250811 14:04:15
20250811140415, MP, 71, 20250815, P, 462, 305, 0.0526, 73.28, -0.3488, 0.9008, -0.3351, 1.75, 20250811 14:04:15
20250811140415, MP, 72, 20250815, C, 267, 930, 0.0544, 73.28, 0.596, 0.9152, -0.3559, 3.8, 20250811 14:04:15
20250811140415, MP, 72, 20250815, P, 709, 616, 0.0546, 73.28, -0.4046, 0.9134, -0.3571, 2, 20250811 14:04:15
20250811140415, MP, 73, 20250815, C, 322, 510, 0.0549, 73.28, 0.5404, 0.9409, -0.3711, 3.08, 20250811 14:04:15
20250811140415, MP, 73, 20250815, P, 672, 261, 0.0551, 73.28, -0.4605, 0.9228, -0.3723, 2.6, 20250811 14:04:15
20250811140415, MP, 74, 20250815, C, 1154, 537, 0.0543, 73.28, 0.4864, 0.9402, -0.3786, 2.65, 20250811 14:04:15
20250811140415, MP, 74, 20250815, P, 676, 306, 0.0545, 73.28, -0.5146, 0.9221, -0.3798, 3.12, 20250811 14:04:15
20250811140415, MP, 75, 20250815, C, 6053, 9523, 0.0528, 73.28, 0.435, 0.9548, -0.3788, 2.25, 20250811 14:04:15
20250811140415, MP, 75, 20250815, P, 1647, 359, 0.0529, 73.28, -0.5661, 0.9281, -0.3799, 3.9, 20250811 14:04:15
20250811140415, MP, 76, 20250815, C, 2565, 809, 0.0505, 73.28, 0.387, 0.9698, -0.3724, 1.96, 20250811 14:04:15
20250811140415, MP, 76, 20250815, P, 1891, 118, 0.0507, 73.28, -0.6143, 0.9506, -0.3734, 3.92, 20250811 14:04:15
20250811140415, MP, 80, 20250815, C, 8024, 5202, 0.0379, 73.28, 0.2326, 1.0329, -0.3036, 1, 20250811 14:04:15
20250811140415, MP, 80, 20250815, P, 1516, 265, 0.038, 73.28, -0.7691, 1.0286, -0.3038, 6.5, 20250811 14:04:15
20250811140415, MP, 81, 20250815, C, 702, 0, 0.0346, 73.28, 0.2035, 1.0485, -0.2816, 0.9, 20250811 14:04:15
20250811140415, MP, 81, 20250815, P, 70, 0, 0.0347, 73.28, -0.7983, 1.0202, -0.2816, 7.02, 20250811 14:04:15
20250811140415, MP, 82, 20250815, C, 1026, 0, 0.0314, 73.28, 0.1778, 1.0654, -0.2594, 0.9, 20250811 14:04:15
20250811140415, MP, 82, 20250815, P, 98, 0, 0.0315, 73.28, -0.8241, 1.0468, -0.2591, 7.4, 20250811 14:04:15
20250811140415, MP, 83, 20250815, C, 228, 0, 0.0283, 73.28, 0.1552, 1.0856, -0.2377, 0.74, 20250811 14:04:15
20250811140415, MP, 83, 20250815, P, 19, 0, 0.0284, 73.28, -0.8467, 1.0365, -0.2372, 9.6, 20250811 14:04:15
20250811140415, MP, 84, 20250815, C, 309, 0, 0.0254, 73.28, 0.1355, 1.097, -0.2169, 0.6, 20250811 14:04:15
20250811140415, MP, 84, 20250815, P, 6, 0, 0.0255, 73.28, -0.8664, 1.0733, -0.2162, 9.8, 20250811 14:04:15
20250811140415, MP, 85, 20250815, C, 2201, 1913, 0.0228, 73.28, 0.1184, 1.1308, -0.1972, 0.52, 20250811 14:04:15
20250811140415, MP, 85, 20250815, P, 171, 77, 0.0229, 73.28, -0.8836, 1.0705, -0.1964, 10.05, 20250811 14:04:15
20250811140415, MP, 86, 20250815, C, 253, 0, 0.0204, 73.28, 0.1035, 1.1421, -0.179, 0.5, 20250811 14:04:15
20250811140415, MP, 86, 20250815, P, 0, 0, 0.0205, 73.28, -0.8985, 0.7293, -0.1779, 0, 20250811 14:04:15
20250811140415, MP, 87, 20250815, C, 207, 0, 0.0182, 73.28, 0.0906, 1.1444, -0.1621, 0.4, 20250811 14:04:15
20250811140415, MP, 87, 20250815, P, 2, 0, 0.0183, 73.28, -0.9114, 0.9551, -0.161, 11.25, 20250811 14:04:15
20250811140415, MP, 88, 20250815, C, 101, 0, 0.0163, 73.28, 0.0794, 1.1582, -0.1467, 0.3, 20250811 14:04:15
20250811140415, MP, 88, 20250815, P, 2, 0, 0.0164, 73.28, -0.9226, 1.0054, -0.1453, 10.3, 20250811 14:04:15
20250811140415, MP, 89, 20250815, C, 29, 0, 0.0146, 73.28, 0.0698, 1.1644, -0.1327, 0.29, 20250811 14:04:15
20250811140415, MP, 89, 20250815, P, 4, 0, 0.0146, 73.28, -0.9322, 1.0547, -0.1312, 9.5, 20250811 14:04:15
20250811140415, MP, 90, 20250815, C, 1169, 1914, 0.013, 73.28, 0.0614, 1.2157, -0.12, 0.28, 20250811 14:04:15
20250811140415, MP, 90, 20250815, P, 53, 90, 0.013, 73.28, -0.9406, 0.9014, -0.1184, 12.5, 20250811 14:04:15
20250811140415, MP, 95, 20250815, C, 655, 493, 0.0075, 73.28, 0.0336, 1.2389, -0.0733, 0.15, 20250811 14:04:15
20250811140415, MP, 95, 20250815, P, 0, 19, 0.0076, 73.28, -0.9685, 0, -0.0708, 24.15, 20250811 14:04:15
20250811140415, MP, 100, 20250815, C, 559, 2673, 0.0044, 73.28, 0.0193, 1.3779, -0.0458, 0.05, 20250811 14:04:15
20250811140415, MP, 100, 20250815, P, 2, 1, 0.0045, 73.28, -0.9829, 0, -0.0424, 25.6, 20250811 14:04:15
20250811140415, MP, 105, 20250815, C, 10, 0, 0.0027, 73.28, 0.0115, 1.3567, -0.0288, 0.05, 20250811 14:04:15
20250811140415, MP, 105, 20250815, P, 0, 0, 0.0027, 73.28, -0.9909, 0, -0.0257, 0, 20250811 14:04:15
20250811140415, MP, 110, 20250815, C, 74, 0, 0.0016, 73.28, 0.0068, 1.5082, -0.018, 0.04, 20250811 14:04:15
20250811140415, MP, 110, 20250815, P, 0, 0, 0.0016, 73.28, -0.9954, 0, -0.0161, 0, 20250811 14:04:15
20250811140415, MP, 115, 20250815, C, 50, 0, 0.001, 73.28, 0.0041, 1.9572, -0.011, 0.11, 20250811 14:04:15
20250811140415, MP, 115, 20250815, P, 2, 0, 0.0008, 73.28, -0.998, 0, -0.0112, 37.5, 20250811 14:04:15
20250811140415, MP, 20, 20250822, C, 0, 0, 0, 73.28, 0.9997, 0, 0, 0, 20250811 14:04:15
20250811140415, MP, 20, 20250822, P, 0, 5, 0, 73.28, -0.0002, 3.0848, -0.0007, 0.03, 20250811 14:04:15
20250811140415, MP, 21, 20250822, C, 0, 0, 0, 73.28, 0.9997, 0, 0, 0, 20250811 14:04:15
20250811140415, MP, 21, 20250822, P, 0, 0, 0, 73.28, -0.0002, 4.2674, -0.0007, 0, 20250811 14:04:15
20250811140415, MP, 22, 20250822, C, 0, 1, 0, 73.28, 0.9996, 3.1202, 0, 49.1, 20250811 14:04:15
20250811140415, MP, 22, 20250822, P, 0, 0, 0, 73.28, -0.0002, 4.0372, -0.0008, 0, 20250811 14:04:15
20250811140415, MP, 23, 20250822, C, 0, 1, 0, 73.28, 0.9996, 3.1884, 0, 40.55, 20250811 14:04:15
20250811140415, MP, 23, 20250822, P, 0, 3, 0, 73.28, -0.0003, 4.2202, -0.0008, 0.56, 20250811 14:04:15
20250811140415, MP, 24, 20250822, C, 0, 0, 0, 73.28, 0.9996, 0, 0, 0, 20250811 14:04:15
20250811140415, MP, 24, 20250822, P, 0, 0, 0, 73.28, -0.0003, 3.764, -0.0009, 0, 20250811 14:04:15
20250811140415, MP, 25, 20250822, C, 0, 20, 0, 73.28, 0.9996, 0, 0, 48.6, 20250811 14:04:15
20250811140415, MP, 25, 20250822, P, 0, 5, 0, 73.28, -0.0003, 3.8122, -0.001, 0.1, 20250811 14:04:15
20250811140415, MP, 26, 20250822, C, 0, 1, 0.0001, 73.28, 0.9995, 0, 0, 34.8, 20250811 14:04:15
20250811140415, MP, 26, 20250822, P, 0, 10, 0.0001, 73.28, -0.0004, 3.7162, -0.0011, 0.25, 20250811 14:04:15
20250811140415, MP, 27, 20250822, C, 0, 0, 0.0001, 73.28, 0.9995, 2.754, 0, 0, 20250811 14:04:15
20250811140415, MP, 27, 20250822, P, 0, 7, 0.0001, 73.28, -0.0004, 4.0663, -0.0012, 0.07, 20250811 14:04:15
20250811140415, MP, 28, 20250822, C, 0, 1, 0.0001, 73.28, 0.9994, 2.656, 0, 44.3, 20250811 14:04:15
20250811140415, MP, 28, 20250822, P, 0, 25, 0.0001, 73.28, -0.0005, 3.9337, -0.0012, 0.11, 20250811 14:04:15
20250811140415, MP, 29, 20250822, C, 0, 1, 0.0001, 73.28, 0.9994, 2.7947, 0, 36.6, 20250811 14:04:15
20250811140415, MP, 29, 20250822, P, 0, 1, 0.0001, 73.28, -0.0005, 3.5977, -0.0014, 0.4, 20250811 14:04:15
20250811140415, MP, 30, 20250822, C, 0, 2, 0.0001, 73.28, 0.9993, 0, 0, 15.8, 20250811 14:04:15
20250811140415, MP, 30, 20250822, P, 0, 57, 0.0001, 73.28, -0.0006, 2.7734, -0.0015, 0.1, 20250811 14:04:15
20250811140415, MP, 31, 20250822, C, 0, 2, 0.0001, 73.28, 0.9992, 2.7736, 0, 30.28, 20250811 14:04:15
20250811140415, MP, 31, 20250822, P, 0, 11, 0.0001, 73.28, -0.0006, 2.7224, -0.0016, 0.1, 20250811 14:04:15
20250811140415, MP, 32, 20250822, C, 0, 10, 0.0001, 73.28, 0.9992, 2.4155, 0, 34.25, 20250811 14:04:15
20250811140415, MP, 32, 20250822, P, 0, 0, 0.0001, 73.28, -0.0007, 3.0919, -0.0017, 0, 20250811 14:04:15
20250811140415, MP, 33, 20250822, C, 1, 6, 0.0001, 73.28, 0.9991, 1.8277, 0, 42.23, 20250811 14:04:15
20250811140415, MP, 33, 20250822, P, 0, 0, 0.0001, 73.28, -0.0008, 2.9908, -0.0019, 0, 20250811 14:04:15
20250811140415, MP, 34, 20250822, C, 0, 6, 0.0002, 73.28, 0.999, 2.1358, 0, 10.2, 20250811 14:04:15
20250811140415, MP, 34, 20250822, P, 0, 0, 0.0002, 73.28, -0.0009, 2.985, -0.0021, 0, 20250811 14:04:15
20250811140415, MP, 35, 20250822, C, 0, 64, 0.0002, 73.28, 0.9988, 1.9156, 0, 26.67, 20250811 14:04:15
20250811140415, MP, 35, 20250822, P, 0, 575, 0.0002, 73.28, -0.001, 1.673, -0.0023, 0.05, 20250811 14:04:15
20250811140415, MP, 36, 20250822, C, 0, 6, 0.0002, 73.28, 0.9987, 2.0906, 0, 21.7, 20250811 14:04:15
20250811140415, MP, 36, 20250822, P, 0, 0, 0.0002, 73.28, -0.0012, 2.9326, -0.0025, 0.02, 20250811 14:04:15
20250811140415, MP, 37, 20250822, C, 0, 10, 0.0002, 73.28, 0.9986, 2.0152, 0, 24, 20250811 14:04:15
20250811140415, MP, 37, 20250822, P, 0, 4, 0.0002, 73.28, -0.0013, 1.9704, -0.0027, 1.13, 20250811 14:04:15
20250811140415, MP, 38, 20250822, C, 0, 10, 0.0003, 73.28, 0.9984, 1.9418, 0, 36.9, 20250811 14:04:15
20250811140415, MP, 38, 20250822, P, 0, 3, 0.0003, 73.28, -0.0015, 2.528, -0.003, 0.16, 20250811 14:04:15
20250811140415, MP, 39, 20250822, C, 0, 20, 0.0003, 73.28, 0.9982, 0, 0, 34.75, 20250811 14:04:15
20250811140415, MP, 39, 20250822, P, 0, 7, 0.0003, 73.28, -0.0017, 1.4449, -0.0033, 0.07, 20250811 14:04:15
20250811140415, MP, 40, 20250822, C, 2, 29, 0.0004, 73.28, 0.9979, 0, 0, 37.85, 20250811 14:04:15
20250811140415, MP, 40, 20250822, P, 0, 2098, 0.0004, 73.28, -0.002, 1.3914, -0.0036, 0.05, 20250811 14:04:15
20250811140415, MP, 41, 20250822, C, 0, 28, 0.0004, 73.28, 0.9976, 1.5104, -0.0002, 32.62, 20250811 14:04:15
20250811140415, MP, 41, 20250822, P, 0, 5, 0.0004, 73.28, -0.0022, 2.2783, -0.004, 0.2, 20250811 14:04:15
20250811140415, MP, 42, 20250822, C, 0, 12, 0.0005, 73.28, 0.9973, 1.2139, -0.0008, 32.47, 20250811 14:04:15
20250811140415, MP, 42, 20250822, P, 0, 16, 0.0005, 73.28, -0.0026, 2.1796, -0.0045, 0.06, 20250811 14:04:15
20250811140415, MP, 43, 20250822, C, 0, 20, 0.0006, 73.28, 0.9969, 1.1522, -0.0014, 30.63, 20250811 14:04:15
20250811140415, MP, 43, 20250822, P, 0, 133, 0.0006, 73.28, -0.003, 1.4835, -0.005, 0.15, 20250811 14:04:15
20250811140415, MP, 44, 20250822, C, 20, 4, 0.0007, 73.28, 0.9964, 1.4499, -0.0021, 30.35, 20250811 14:04:15
20250811140415, MP, 44, 20250822, P, 0, 14, 0.0007, 73.28, -0.0034, 2.0453, -0.0056, 0.1, 20250811 14:04:15
20250811140415, MP, 45, 20250822, C, 20, 180, 0.0008, 73.28, 0.9959, 0, -0.0029, 29.2, 20250811 14:04:15
20250811140415, MP, 45, 20250822, P, 2, 161, 0.0008, 73.28, -0.004, 1.8185, -0.0063, 0.2, 20250811 14:04:15
20250811140415, MP, 46, 20250822, C, 20, 12, 0.001, 73.28, 0.9952, 0, -0.0038, 28.23, 20250811 14:04:15
20250811140415, MP, 46, 20250822, P, 0, 51, 0.001, 73.28, -0.0046, 1.5641, -0.0071, 0.16, 20250811 14:04:15
20250811140415, MP, 47, 20250822, C, 20, 15, 0.0012, 73.28, 0.9944, 1.1621, -0.0049, 27.23, 20250811 14:04:15
20250811140415, MP, 47, 20250822, P, 0, 13, 0.0012, 73.28, -0.0055, 1.6826, -0.008, 0.1, 20250811 14:04:15
20250811140415, MP, 48, 20250822, C, 21, 3, 0.0014, 73.28, 0.9934, 0, -0.0061, 26.17, 20250811 14:04:15
20250811140415, MP, 48, 20250822, P, 0, 41, 0.0014, 73.28, -0.0064, 1.4419, -0.0091, 0.1, 20250811 14:04:15
20250811140415, MP, 49, 20250822, C, 20, 16, 0.0016, 73.28, 0.9922, 1.056, -0.0075, 25.24, 20250811 14:04:15
20250811140415, MP, 49, 20250822, P, 0, 29, 0.0016, 73.28, -0.0076, 1.4731, -0.0104, 0.2, 20250811 14:04:15
20250811140415, MP, 50, 20250822, C, 20, 65, 0.002, 73.28, 0.9908, 1.1858, -0.0092, 24.43, 20250811 14:04:15
20250811140415, MP, 50, 20250822, P, 26, 117, 0.002, 73.28, -0.0091, 0.916, -0.012, 0.03, 20250811 14:04:15
20250811140415, MP, 51, 20250822, C, 20, 9, 0.0024, 73.28, 0.989, 1.3707, -0.0112, 23.36, 20250811 14:04:15
20250811140415, MP, 51, 20250822, P, 0, 48, 0.0024, 73.28, -0.0109, 1.425, -0.0138, 0.19, 20250811 14:04:15
20250811140415, MP, 52, 20250822, C, 20, 9, 0.0029, 73.28, 0.9867, 1.077, -0.0135, 22.95, 20250811 14:04:15
20250811140415, MP, 52, 20250822, P, 0, 62, 0.0029, 73.28, -0.0132, 1.2919, -0.0161, 0.19, 20250811 14:04:15
20250811140415, MP, 53, 20250822, C, 20, 107, 0.0034, 73.28, 0.9839, 0.8564, -0.0163, 21.9, 20250811 14:04:15
20250811140415, MP, 53, 20250822, P, 0, 161, 0.0035, 73.28, -0.016, 1.2513, -0.0188, 0.2, 20250811 14:04:15
20250811140415, MP, 54, 20250822, C, 20, 46, 0.0042, 73.28, 0.9804, 0.9718, -0.0196, 20.72, 20250811 14:04:15
20250811140415, MP, 54, 20250822, P, 0, 111, 0.0042, 73.28, -0.0195, 1.1928, -0.0219, 0.1, 20250811 14:04:15
20250811140415, MP, 55, 20250822, C, 21, 58, 0.005, 73.28, 0.9761, 0.9205, -0.0235, 19.2, 20250811 14:04:15
20250811140415, MP, 55, 20250822, P, 4, 131, 0.005, 73.28, -0.0238, 0.9279, -0.0257, 0.1, 20250811 14:04:15
20250811140415, MP, 56, 20250822, C, 20, 25, 0.0061, 73.28, 0.9708, 0.9209, -0.0281, 18.74, 20250811 14:04:15
20250811140415, MP, 56, 20250822, P, 69, 108, 0.0061, 73.28, -0.0292, 0.7812, -0.0302, 0.08, 20250811 14:04:15
20250811140415, MP, 57, 20250822, C, 23, 31, 0.0073, 73.28, 0.9642, 0.8201, -0.0334, 17.72, 20250811 14:04:15
20250811140415, MP, 57, 20250822, P, 6, 131, 0.0073, 73.28, -0.0357, 0.9735, -0.0354, 0.1, 20250811 14:04:15
20250811140415, MP, 58, 20250822, C, 19, 172, 0.0088, 73.28, 0.9562, 0.8182, -0.0396, 16.03, 20250811 14:04:15
20250811140415, MP, 58, 20250822, P, 0, 150, 0.0088, 73.28, -0.0438, 0.9357, -0.0415, 0.21, 20250811 14:04:15
20250811140415, MP, 59, 20250822, C, 2, 61, 0.0104, 73.28, 0.9463, 0.8419, -0.0468, 14.77, 20250811 14:04:15
20250811140415, MP, 59, 20250822, P, 2, 163, 0.0105, 73.28, -0.0536, 0.735, -0.0486, 0.2, 20250811 14:04:15
20250811140415, MP, 60, 20250822, C, 5, 449, 0.0124, 73.28, 0.9344, 0.8483, -0.0549, 13.86, 20250811 14:04:15
20250811140415, MP, 60, 20250822, P, 58, 350, 0.0124, 73.28, -0.0656, 0.7822, -0.0566, 0.25, 20250811 14:04:15
20250811140415, MP, 61, 20250822, C, 31, 122, 0.0146, 73.28, 0.9201, 0.7366, -0.0642, 13.91, 20250811 14:04:15
20250811140415, MP, 61, 20250822, P, 11, 115, 0.0146, 73.28, -0.08, 0.7748, -0.0658, 0.33, 20250811 14:04:15
20250811140415, MP, 62, 20250822, C, 33, 102, 0.017, 73.28, 0.903, 0.7869, -0.0744, 12.75, 20250811 14:04:15
20250811140415, MP, 62, 20250822, P, 12, 155, 0.0171, 73.28, -0.0971, 0.7717, -0.076, 0.46, 20250811 14:04:15
20250811140415, MP, 63, 20250822, C, 18, 136, 0.0196, 73.28, 0.8829, 0.7924, -0.0856, 12, 20250811 14:04:15
20250811140415, MP, 63, 20250822, P, 16, 144, 0.0197, 73.28, -0.1172, 0.6565, -0.0871, 0.52, 20250811 14:04:15
20250811140415, MP, 64, 20250822, C, 12, 277, 0.0224, 73.28, 0.8597, 0.7874, -0.0977, 11.4, 20250811 14:04:15
20250811140415, MP, 64, 20250822, P, 23, 93, 0.0224, 73.28, -0.1406, 0.7768, -0.0991, 0.75, 20250811 14:04:15
20250811140415, MP, 65, 20250822, C, 14, 288, 0.0252, 73.28, 0.8331, 0.7898, -0.1103, 10.3, 20250811 14:04:15
20250811140415, MP, 65, 20250822, P, 116, 104, 0.0252, 73.28, -0.1672, 0.7808, -0.1116, 0.86, 20250811 14:04:15
20250811140415, MP, 66, 20250822, C, 22, 265, 0.0279, 73.28, 0.8035, 0.7828, -0.1231, 9.51, 20250811 14:04:15
20250811140415, MP, 66, 20250822, P, 49, 319, 0.028, 73.28, -0.1969, 0.7749, -0.1244, 1.1, 20250811 14:04:15
20250811140415, MP, 67, 20250822, C, 9, 103, 0.0304, 73.28, 0.771, 0.7811, -0.1358, 8.27, 20250811 14:04:15
20250811140415, MP, 67, 20250822, P, 55, 77, 0.0305, 73.28, -0.2295, 0.7742, -0.137, 1.4, 20250811 14:04:15
20250811140415, MP, 68, 20250822, C, 44, 224, 0.0327, 73.28, 0.736, 0.7829, -0.148, 7.5, 20250811 14:04:15
20250811140415, MP, 68, 20250822, P, 104, 580, 0.0328, 73.28, -0.2646, 0.7767, -0.1491, 1.56, 20250811 14:04:15
20250811140415, MP, 69, 20250822, C, 43, 103, 0.0346, 73.28, 0.6992, 0.7872, -0.1592, 6.51, 20250811 14:04:15
20250811140415, MP, 69, 20250822, P, 41, 57, 0.0347, 73.28, -0.3016, 0.7815, -0.1603, 2, 20250811 14:04:15
20250811140415, MP, 70, 20250822, C, 129, 297, 0.0361, 73.28, 0.6611, 0.7934, -0.1692, 6.3, 20250811 14:04:15
20250811140415, MP, 70, 20250822, P, 233, 295, 0.0362, 73.28, -0.3398, 0.7881, -0.1702, 2.4, 20250811 14:04:15
20250811140415, MP, 71, 20250822, C, 52, 82, 0.0371, 73.28, 0.6223, 0.8012, -0.1777, 5.7, 20250811 14:04:15
20250811140415, MP, 71, 20250822, P, 23, 53, 0.0373, 73.28, -0.3786, 0.7962, -0.1786, 2.73, 20250811 14:04:15
20250811140415, MP, 72, 20250822, C, 36, 66, 0.0378, 73.28, 0.5836, 0.8007, -0.1844, 4.97, 20250811 14:04:15
20250811140415, MP, 72, 20250822, P, 46, 26, 0.0379, 73.28, -0.4175, 0.8059, -0.1853, 3.17, 20250811 14:04:15
20250811140415, MP, 73, 20250822, C, 150, 285, 0.038, 73.28, 0.5452, 0.822, -0.1894, 5.1, 20250811 14:04:15
20250811140415, MP, 73, 20250822, P, 96, 71, 0.0381, 73.28, -0.456, 0.8074, -0.1901, 3.61, 20250811 14:04:15
20250811140415, MP, 74, 20250822, C, 366, 220, 0.0378, 73.28, 0.5078, 0.8256, -0.1926, 3.99, 20250811 14:04:15
20250811140415, MP, 74, 20250822, P, 122, 167, 0.038, 73.28, -0.4936, 0.8111, -0.1932, 3.8, 20250811 14:04:15
20250811140415, MP, 75, 20250822, C, 752, 570, 0.0374, 73.28, 0.4715, 0.8416, -0.194, 3.7, 20250811 14:04:15
20250811140415, MP, 75, 20250822, P, 118, 98, 0.0375, 73.28, -0.53, 0.827, -0.1945, 4.9, 20250811 14:04:15
20250811140415, MP, 76, 20250822, C, 182, 210, 0.0366, 73.28, 0.4367, 0.8408, -0.1938, 3.8, 20250811 14:04:15
20250811140415, MP, 76, 20250822, P, 41, 14, 0.0368, 73.28, -0.5649, 0.8261, -0.1942, 4.8, 20250811 14:04:15
20250811140415, MP, 77, 20250822, C, 377, 662, 0.0357, 73.28, 0.4034, 0.8483, -0.1921, 3, 20250811 14:04:15
20250811140415, MP, 77, 20250822, P, 28, 30, 0.0358, 73.28, -0.5983, 0.8484, -0.1924, 5.7, 20250811 14:04:15
20250811140415, MP, 78, 20250822, C, 616, 32, 0.0345, 73.28, 0.3719, 0.8546, -0.1891, 2.6, 20250811 14:04:15
20250811140415, MP, 78, 20250822, P, 56, 41, 0.0346, 73.28, -0.63, 0.8443, -0.1893, 6.7, 20250811 14:04:15
20250811140415, MP, 79, 20250822, C, 136, 20, 0.0332, 73.28, 0.342, 0.8654, -0.1849, 2.83, 20250811 14:04:15
20250811140415, MP, 79, 20250822, P, 10, 2, 0.0333, 73.28, -0.6599, 0.8547, -0.185, 6.9, 20250811 14:04:15
20250811140415, MP, 80, 20250822, C, 2680, 351, 0.0318, 73.28, 0.314, 0.8706, -0.1798, 2.1, 20250811 14:04:15
20250811140415, MP, 80, 20250822, P, 68, 72, 0.0319, 73.28, -0.688, 0.8484, -0.1798, 6.8, 20250811 14:04:15
20250811140415, MP, 81, 20250822, C, 246, 0, 0.0303, 73.28, 0.2878, 0.8759, -0.1738, 2.05, 20250811 14:04:15
20250811140415, MP, 81, 20250822, P, 3, 0, 0.0304, 73.28, -0.7143, 0.8583, -0.1737, 6.5, 20250811 14:04:15
20250811140415, MP, 82, 20250822, C, 1281, 0, 0.0288, 73.28, 0.2633, 0.8817, -0.1673, 1.8, 20250811 14:04:15
20250811140415, MP, 82, 20250822, P, 16, 0, 0.0289, 73.28, -0.7389, 0.8632, -0.167, 7.75, 20250811 14:04:15
20250811140415, MP, 83, 20250822, C, 128, 0, 0.0272, 73.28, 0.2406, 0.8886, -0.1602, 1.47, 20250811 14:04:15
20250811140415, MP, 83, 20250822, P, 2, 0, 0.0273, 73.28, -0.7617, 0.8493, -0.1599, 10.21, 20250811 14:04:15
20250811140415, MP, 84, 20250822, C, 79, 0, 0.0256, 73.28, 0.2196, 0.8906, -0.1529, 1.6, 20250811 14:04:15
20250811140415, MP, 84, 20250822, P, 0, 0, 0.0258, 73.28, -0.7829, 0.883, -0.1525, 0, 20250811 14:04:15
20250811140415, MP, 85, 20250822, C, 412, 219, 0.0241, 73.28, 0.2002, 0.9014, -0.1454, 1.35, 20250811 14:04:15
20250811140415, MP, 85, 20250822, P, 6, 3, 0.0242, 73.28, -0.8024, 0.8566, -0.145, 8.08, 20250811 14:04:15
20250811140415, MP, 86, 20250822, C, 19, 0, 0.0226, 73.28, 0.1823, 0.9083, -0.1378, 1.3, 20250811 14:04:15
20250811140415, MP, 86, 20250822, P, 0, 0, 0.0227, 73.28, -0.8203, 0.8682, -0.1373, 0, 20250811 14:04:15
20250811140415, MP, 87, 20250822, C, 51, 0, 0.0211, 73.28, 0.1659, 0.9108, -0.1303, 0.93, 20250811 14:04:15
20250811140415, MP, 87, 20250822, P, 0, 0, 0.0213, 73.28, -0.8368, 0.8759, -0.1297, 0, 20250811 14:04:15
20250811140415, MP, 88, 20250822, C, 34, 0, 0.0197, 73.28, 0.151, 0.9172, -0.1229, 1, 20250811 14:04:15
20250811140415, MP, 88, 20250822, P, 2, 0, 0.0198, 73.28, -0.8519, 0.8972, -0.1223, 14.46, 20250811 14:04:15
20250811140415, MP, 89, 20250822, C, 2, 0, 0.0183, 73.28, 0.1373, 0.9286, -0.1156, 3.1, 20250811 14:04:15
20250811140415, MP, 89, 20250822, P, 0, 0, 0.0185, 73.28, -0.8657, 0.8131, -0.115, 0, 20250811 14:04:15
20250811140415, MP, 90, 20250822, C, 3138, 169, 0.017, 73.28, 0.1248, 0.9369, -0.1086, 0.74, 20250811 14:04:15
20250811140415, MP, 90, 20250822, P, 0, 15, 0.0172, 73.28, -0.8783, 0.9134, -0.108, 20, 20250811 14:04:15
20250811140415, MP, 95, 20250822, C, 159, 185, 0.0116, 73.28, 0.0778, 0.9473, -0.078, 0.5, 20250811 14:04:15
20250811140415, MP, 95, 20250822, P, 0, 30, 0.0118, 73.28, -0.926, 0.952, -0.0772, 20.9, 20250811 14:04:15
20250811140415, MP, 100, 20250822, C, 366, 84, 0.0078, 73.28, 0.0491, 1.0717, -0.0551, 0.26, 20250811 14:04:15
20250811140415, MP, 100, 20250822, P, 30, 0, 0.0081, 73.28, -0.9553, 0.9207, -0.0542, 22.6, 20250811 14:04:15
20250811140415, MP, 105, 20250822, C, 4, 0, 0.0053, 73.28, 0.0316, 1.5625, -0.039, 0.31, 20250811 14:04:15
20250811140415, MP, 105, 20250822, P, 0, 0, 0.0056, 73.28, -0.9734, 0, -0.0376, 0, 20250811 14:04:15
20250811140415, MP, 110, 20250822, C, 30, 0, 0.0036, 73.28, 0.0208, 1.2362, -0.0278, 0.29, 20250811 14:04:15
20250811140415, MP, 110, 20250822, P, 0, 0, 0.0039, 73.28, -0.9848, 1.0543, -0.0256, 0, 20250811 14:04:15
20250811140415, MP, 115, 20250822, C, 9, 0, 0.0025, 73.28, 0.0141, 1.1422, -0.0201, 0.1, 20250811 14:04:15
20250811140415, MP, 115, 20250822, P, 0, 0, 0.0026, 73.28, -0.9918, 0, -0.0172, 0, 20250811 14:04:15
20250811140415, MP, 20, 20250829, C, 0, 0, 0.0001, 73.28, 0.999, 2.5739, 0, 48, 20250811 14:04:15
20250811140415, MP, 20, 20250829, P, 0, 20, 0.0001, 73.28, -0.0008, 3.5318, -0.0023, 0.04, 20250811 14:04:15
20250811140415, MP, 21, 20250829, C, 0, 0, 0.0001, 73.28, 0.9989, 0, 0, 0, 20250811 14:04:15
20250811140415, MP, 21, 20250829, P, 0, 0, 0.0001, 73.28, -0.0009, 3.3441, -0.0024, 0, 20250811 14:04:15
20250811140415, MP, 22, 20250829, C, 0, 0, 0.0001, 73.28, 0.9988, 3.1006, 0, 0, 20250811 14:04:15
20250811140415, MP, 22, 20250829, P, 0, 0, 0.0001, 73.28, -0.001, 3.0971, -0.0026, 0, 20250811 14:04:15
20250811140415, MP, 23, 20250829, C, 0, 0, 0.0001, 73.28, 0.9987, 0, 0, 0, 20250811 14:04:15
20250811140415, MP, 23, 20250829, P, 0, 0, 0.0001, 73.28, -0.0011, 3.3073, -0.0027, 0, 20250811 14:04:15
20250811140415, MP, 24, 20250829, C, 0, 0, 0.0001, 73.28, 0.9986, 2.7443, 0, 0, 20250811 14:04:15
20250811140415, MP, 24, 20250829, P, 0, 0, 0.0001, 73.28, -0.0012, 2.8206, -0.0029, 0, 20250811 14:04:15
20250811140415, MP, 25, 20250829, C, 0, 0, 0.0002, 73.28, 0.9985, 2.3837, 0, 0, 20250811 14:04:15
20250811140415, MP, 25, 20250829, P, 0, 0, 0.0002, 73.28, -0.0014, 2.8499, -0.0031, 0, 20250811 14:04:15
20250811140415, MP, 26, 20250829, C, 0, 0, 0.0002, 73.28, 0.9984, 0, 0, 0, 20250811 14:04:15
20250811140415, MP, 26, 20250829, P, 0, 0, 0.0002, 73.28, -0.0015, 2.6329, -0.0032, 0, 20250811 14:04:15
20250811140415, MP, 27, 20250829, C, 0, 3, 0.0002, 73.28, 0.9982, 0, 0, 17.2, 20250811 14:04:15
20250811140415, MP, 27, 20250829, P, 0, 0, 0.0002, 73.28, -0.0016, 2.8626, -0.0034, 0, 20250811 14:04:15
20250811140415, MP, 28, 20250829, C, 0, 0, 0.0002, 73.28, 0.9981, 2.1336, 0, 0, 20250811 14:04:15
20250811140415, MP, 28, 20250829, P, 0, 0, 0.0002, 73.28, -0.0018, 2.574, -0.0036, 0, 20250811 14:04:15
20250811140415, MP, 29, 20250829, C, 0, 2, 0.0002, 73.28, 0.9979, 1.9449, 0, 33.69, 20250811 14:04:15
20250811140415, MP, 29, 20250829, P, 0, 0, 0.0002, 73.28, -0.002, 2.4889, -0.0038, 0, 20250811 14:04:15
20250811140415, MP, 30, 20250829, C, 0, 4, 0.0003, 73.28, 0.9977, 2.1477, 0, 26.4, 20250811 14:04:15
20250811140415, MP, 30, 20250829, P, 0, 1, 0.0003, 73.28, -0.0022, 2.4068, -0.0041, 0.08, 20250811 14:04:15
20250811140415, MP, 31, 20250829, C, 0, 0, 0.0003, 73.28, 0.9975, 2.1992, 0, 0, 20250811 14:04:15
20250811140415, MP, 31, 20250829, P, 0, 0, 0.0003, 73.28, -0.0024, 2.4206, -0.0043, 0, 20250811 14:04:15
20250811140415, MP, 32, 20250829, C, 0, 0, 0.0004, 73.28, 0.9973, 1.9263, 0, 0, 20250811 14:04:15
20250811140415, MP, 32, 20250829, P, 0, 0, 0.0004, 73.28, -0.0026, 2.4236, -0.0046, 0, 20250811 14:04:15
20250811140415, MP, 33, 20250829, C, 0, 0, 0.0004, 73.28, 0.997, 2.0497, 0, 0, 20250811 14:04:15
20250811140415, MP, 33, 20250829, P, 0, 0, 0.0004, 73.28, -0.0029, 2.285, -0.0049, 0, 20250811 14:04:15
20250811140415, MP, 34, 20250829, C, 0, 13, 0.0004, 73.28, 0.9967, 1.9225, 0, 40.03, 20250811 14:04:15
20250811140415, MP, 34, 20250829, P, 0, 2, 0.0004, 73.28, -0.0032, 2.3399, -0.0052, 0.46, 20250811 14:04:15
20250811140415, MP, 35, 20250829, C, 0, 1, 0.0005, 73.28, 0.9964, 0, 0, 34.8, 20250811 14:04:15
20250811140415, MP, 35, 20250829, P, 0, 5, 0.0005, 73.28, -0.0035, 2.0346, -0.0056, 0.02, 20250811 14:04:15
20250811140415, MP, 36, 20250829, C, 0, 1, 0.0006, 73.28, 0.996, 1.8423, -0.0005, 24.6, 20250811 14:04:15
20250811140415, MP, 36, 20250829, P, 0, 2, 0.0006, 73.28, -0.0038, 1.9667, -0.006, 0.28, 20250811 14:04:15
20250811140415, MP, 37, 20250829, C, 0, 1, 0.0006, 73.28, 0.9956, 1.602, -0.0011, 37.01, 20250811 14:04:15
20250811140415, MP, 37, 20250829, P, 0, 6, 0.0006, 73.28, -0.0043, 1.9407, -0.0064, 0.16, 20250811 14:04:15
20250811140415, MP, 38, 20250829, C, 0, 5, 0.0007, 73.28, 0.9951, 1.5426, -0.0017, 30.65, 20250811 14:04:15
20250811140415, MP, 38, 20250829, P, 0, 3259, 0.0007, 73.28, -0.0047, 1.2768, -0.0068, 0.04, 20250811 14:04:15
20250811140415, MP, 39, 20250829, C, 0, 1, 0.0008, 73.28, 0.9946, 1.5474, -0.0023, 21.92, 20250811 14:04:15
20250811140415, MP, 39, 20250829, P, 0, 0, 0.0008, 73.28, -0.0052, 1.2983, -0.0073, 0, 20250811 14:04:15
20250811140415, MP, 40, 20250829, C, 0, 26, 0.0009, 73.28, 0.994, 1.2624, -0.003, 34.3, 20250811 14:04:15
20250811140415, MP, 40, 20250829, P, 0, 41, 0.0009, 73.28, -0.0058, 1.1856, -0.0078, 0.1, 20250811 14:04:15
20250811140415, MP, 41, 20250829, C, 0, 3, 0.001, 73.28, 0.9934, 0, -0.0037, 31, 20250811 14:04:15
20250811140415, MP, 41, 20250829, P, 0, 7, 0.001, 73.28, -0.0065, 1.6525, -0.0084, 0.3, 20250811 14:04:15
20250811140415, MP, 42, 20250829, C, 0, 4, 0.0011, 73.28, 0.9926, 0, -0.0044, 30, 20250811 14:04:15
20250811140415, MP, 42, 20250829, P, 0, 11, 0.0011, 73.28, -0.0072, 1.4973, -0.009, 0.07, 20250811 14:04:15
20250811140415, MP, 43, 20250829, C, 0, 5, 0.0013, 73.28, 0.9918, 1.1995, -0.0053, 19.4, 20250811 14:04:15
20250811140415, MP, 43, 20250829, P, 0, 3101, 0.0013, 73.28, -0.0081, 1.0566, -0.0097, 0.08, 20250811 14:04:15
20250811140415, MP, 44, 20250829, C, 0, 3, 0.0014, 73.28, 0.9908, 0, -0.0062, 17.77, 20250811 14:04:15
20250811140415, MP, 44, 20250829, P, 0, 11, 0.0015, 73.28, -0.009, 1.3262, -0.0104, 0.16, 20250811 14:04:15
20250811140415, MP, 45, 20250829, C, 0, 23, 0.0016, 73.28, 0.9897, 1.1013, -0.0072, 21.46, 20250811 14:04:15
20250811140415, MP, 45, 20250829, P, 0, 41, 0.0017, 73.28, -0.0102, 1.3566, -0.0113, 0.06, 20250811 14:04:15
20250811140415, MP, 46, 20250829, C, 0, 24, 0.0019, 73.28, 0.9884, 0.968, -0.0082, 27, 20250811 14:04:15
20250811140415, MP, 46, 20250829, P, 0, 104, 0.0019, 73.28, -0.0114, 1.305, -0.0122, 0.25, 20250811 14:04:15
20250811140415, MP, 47, 20250829, C, 0, 8, 0.0022, 73.28, 0.9869, 1.0075, -0.0095, 15.8, 20250811 14:04:15
20250811140415, MP, 47, 20250829, P, 6, 8, 0.0022, 73.28, -0.013, 1.218, -0.0133, 0.11, 20250811 14:04:15
20250811140415, MP, 48, 20250829, C, 6, 18, 0.0025, 73.28, 0.9852, 0, -0.0108, 26.5, 20250811 14:04:15
20250811140415, MP, 48, 20250829, P, 0, 15, 0.0025, 73.28, -0.0147, 1.2681, -0.0145, 0.17, 20250811 14:04:15
20250811140415, MP, 49, 20250829, C, 0, 17, 0.0028, 73.28, 0.9831, 0.9778, -0.0124, 27, 20250811 14:04:15
20250811140415, MP, 49, 20250829, P, 0, 33, 0.0028, 73.28, -0.0168, 1.1557, -0.016, 0.13, 20250811 14:04:15
20250811140415, MP, 50, 20250829, C, 9, 166, 0.0033, 73.28, 0.9806, 0.874, -0.0141, 23.91, 20250811 14:04:15
20250811140415, MP, 50, 20250829, P, 1, 196, 0.0033, 73.28, -0.0193, 1.1076, -0.0176, 0.16, 20250811 14:04:15
20250811140415, MP, 51, 20250829, C, 0, 78, 0.0038, 73.28, 0.9776, 0.9357, -0.0162, 13.68, 20250811 14:04:15
20250811140415, MP, 51, 20250829, P, 0, 90, 0.0038, 73.28, -0.0223, 1.1181, -0.0195, 0.18, 20250811 14:04:15
20250811140415, MP, 52, 20250829, C, 4, 75, 0.0044, 73.28, 0.974, 0.8456, -0.0185, 21.8, 20250811 14:04:15
20250811140415, MP, 52, 20250829, P, 10, 87, 0.0044, 73.28, -0.0259, 1.1663, -0.0217, 0.13, 20250811 14:04:15
20250811140415, MP, 53, 20250829, C, 0, 6, 0.0051, 73.28, 0.9696, 0.8858, -0.0213, 25.6, 20250811 14:04:15
20250811140415, MP, 53, 20250829, P, 10, 127, 0.0051, 73.28, -0.0303, 1.0588, -0.0243, 0.18, 20250811 14:04:15
20250811140415, MP, 54, 20250829, C, 0, 20, 0.0059, 73.28, 0.9644, 0.8416, -0.0244, 25, 20250811 14:04:15
20250811140415, MP, 54, 20250829, P, 0, 43, 0.006, 73.28, -0.0356, 0.9749, -0.0274, 0.42, 20250811 14:04:15
20250811140415, MP, 55, 20250829, C, 0, 40, 0.0069, 73.28, 0.958, 0.8302, -0.0281, 19, 20250811 14:04:15
20250811140415, MP, 55, 20250829, P, 39, 150, 0.0069, 73.28, -0.042, 0.8643, -0.0309, 0.23, 20250811 14:04:15
20250811140415, MP, 56, 20250829, C, 1, 152, 0.008, 73.28, 0.9502, 0.8146, -0.0324, 22.73, 20250811 14:04:15
20250811140415, MP, 56, 20250829, P, 4, 23, 0.008, 73.28, -0.0498, 0.9368, -0.035, 0.28, 20250811 14:04:15
20250811140415, MP, 57, 20250829, C, 4, 132, 0.0093, 73.28, 0.941, 0.7704, -0.0373, 17.5, 20250811 14:04:15
20250811140415, MP, 57, 20250829, P, 7, 154, 0.0093, 73.28, -0.0591, 0.6715, -0.0398, 0.4, 20250811 14:04:15
20250811140415, MP, 58, 20250829, C, 4, 149, 0.0107, 73.28, 0.93, 0.8166, -0.0428, 18.9, 20250811 14:04:15
20250811140415, MP, 58, 20250829, P, 15, 175, 0.0108, 73.28, -0.0701, 0.7587, -0.0452, 0.35, 20250811 14:04:15
20250811140415, MP, 59, 20250829, C, 2, 32, 0.0123, 73.28, 0.917, 0.7893, -0.0489, 15.8, 20250811 14:04:15
20250811140415, MP, 59, 20250829, P, 5, 136, 0.0124, 73.28, -0.0831, 0.7371, -0.0512, 0.42, 20250811 14:04:15
20250811140415, MP, 60, 20250829, C, 32, 206, 0.014, 73.28, 0.902, 0.7775, -0.0557, 14.8, 20250811 14:04:15
20250811140415, MP, 60, 20250829, P, 123, 239, 0.0141, 73.28, -0.0982, 0.741, -0.0578, 0.52, 20250811 14:04:15
20250811140415, MP, 61, 20250829, C, 4, 167, 0.0159, 73.28, 0.8847, 0.7616, -0.0629, 14, 20250811 14:04:15
20250811140415, MP, 61, 20250829, P, 6, 57, 0.0159, 73.28, -0.1156, 0.63, -0.065, 0.63, 20250811 14:04:15
20250811140415, MP, 62, 20250829, C, 24, 66, 0.0177, 73.28, 0.8651, 0.8859, -0.0706, 14.4, 20250811 14:04:15
20250811140415, MP, 62, 20250829, P, 37, 97, 0.0178, 73.28, -0.1352, 0.7492, -0.0726, 0.71, 20250811 14:04:15
20250811140415, MP, 63, 20250829, C, 14, 178, 0.0196, 73.28, 0.8434, 0.7061, -0.0786, 12, 20250811 14:04:15
20250811140415, MP, 63, 20250829, P, 11, 69, 0.0197, 73.28, -0.1571, 0.7524, -0.0805, 0.95, 20250811 14:04:15
20250811140415, MP, 64, 20250829, C, 16, 90, 0.0215, 73.28, 0.8194, 0.7537, -0.0868, 12.4, 20250811 14:04:15
20250811140415, MP, 64, 20250829, P, 44, 105, 0.0216, 73.28, -0.1811, 0.7487, -0.0885, 1.15, 20250811 14:04:15
20250811140415, MP, 65, 20250829, C, 34, 221, 0.0233, 73.28, 0.7936, 0.7546, -0.0949, 10.17, 20250811 14:04:15
20250811140415, MP, 65, 20250829, P, 99, 84, 0.0234, 73.28, -0.2071, 0.7505, -0.0965, 1.55, 20250811 14:04:15
20250811140415, MP, 66, 20250829, C, 2, 65, 0.0249, 73.28, 0.766, 0.7594, -0.1028, 12.4, 20250811 14:04:15
20250811140415, MP, 66, 20250829, P, 8, 68, 0.025, 73.28, -0.2348, 0.7508, -0.1043, 1.41, 20250811 14:04:15
20250811140415, MP, 67, 20250829, C, 20, 119, 0.0264, 73.28, 0.737, 0.758, -0.1103, 11.4, 20250811 14:04:15
20250811140415, MP, 67, 20250829, P, 12, 143, 0.0265, 73.28, -0.2639, 0.7549, -0.1117, 2.03, 20250811 14:04:15
20250811140415, MP, 68, 20250829, C, 3, 50, 0.0277, 73.28, 0.7069, 0.7776, -0.1172, 12, 20250811 14:04:15
20250811140415, MP, 68, 20250829, P, 65, 54, 0.0278, 73.28, -0.2941, 0.7572, -0.1186, 2.25, 20250811 14:04:15
20250811140415, MP, 69, 20250829, C, 4, 131, 0.0288, 73.28, 0.676, 0.7562, -0.1235, 9.2, 20250811 14:04:15
20250811140415, MP, 69, 20250829, P, 5, 190, 0.0289, 73.28, -0.3251, 0.7581, -0.1248, 1.71, 20250811 14:04:15
20250811140415, MP, 70, 20250829, C, 261, 546, 0.0296, 73.28, 0.6447, 0.772, -0.1291, 7.1, 20250811 14:04:15
20250811140415, MP, 70, 20250829, P, 92, 406, 0.0298, 73.28, -0.3566, 0.7617, -0.1302, 3.16, 20250811 14:04:15
20250811140415, MP, 71, 20250829, C, 17, 100, 0.0302, 73.28, 0.6132, 0.7738, -0.1338, 6.6, 20250811 14:04:15
20250811140415, MP, 71, 20250829, P, 20, 7, 0.0304, 73.28, -0.3882, 0.7719, -0.1348, 3.39, 20250811 14:04:15
20250811140415, MP, 72, 20250829, C, 21, 109, 0.0306, 73.28, 0.5819, 0.786, -0.1377, 7.5, 20250811 14:04:15
20250811140415, MP, 72, 20250829, P, 33, 38, 0.0308, 73.28, -0.4197, 0.7764, -0.1385, 3.82, 20250811 14:04:15
20250811140415, MP, 73, 20250829, C, 52, 61, 0.0308, 73.28, 0.5509, 0.7853, -0.1406, 6.1, 20250811 14:04:15
20250811140415, MP, 73, 20250829, P, 19, 63, 0.031, 73.28, -0.4508, 0.7836, -0.1414, 4.5, 20250811 14:04:15
20250811140415, MP, 74, 20250829, C, 307, 43, 0.0308, 73.28, 0.5205, 0.7875, -0.1427, 5.29, 20250811 14:04:15
20250811140415, MP, 74, 20250829, P, 30, 7, 0.0309, 73.28, -0.4813, 0.7859, -0.1434, 5.1, 20250811 14:04:15
20250811140415, MP, 75, 20250829, C, 261, 467, 0.0306, 73.28, 0.4909, 0.7927, -0.144, 4.5, 20250811 14:04:15
20250811140415, MP, 75, 20250829, P, 44, 117, 0.0308, 73.28, -0.5111, 0.7911, -0.1445, 5.6, 20250811 14:04:15
20250811140415, MP, 76, 20250829, C, 64, 231, 0.0302, 73.28, 0.4621, 0.8011, -0.1444, 4.4, 20250811 14:04:15
20250811140415, MP, 76, 20250829, P, 1, 40, 0.0304, 73.28, -0.54, 0.8073, -0.1448, 4.9, 20250811 14:04:15
20250811140415, MP, 77, 20250829, C, 42, 46, 0.0297, 73.28, 0.4343, 0.8052, -0.1441, 4.36, 20250811 14:04:15
20250811140415, MP, 77, 20250829, P, 2, 0, 0.0299, 73.28, -0.568, 0.8036, -0.1444, 6.7, 20250811 14:04:15
20250811140415, MP, 78, 20250829, C, 20, 35, 0.0291, 73.28, 0.4076, 0.813, -0.1431, 3.8, 20250811 14:04:15
20250811140415, MP, 78, 20250829, P, 5, 1, 0.0293, 73.28, -0.5949, 0.8115, -0.1433, 5.7, 20250811 14:04:15
20250811140415, MP, 79, 20250829, C, 97, 28, 0.0284, 73.28, 0.3819, 0.8169, -0.1414, 3.35, 20250811 14:04:15
20250811140415, MP, 79, 20250829, P, 33, 0, 0.0286, 73.28, -0.6206, 0.8475, -0.1415, 8.3, 20250811 14:04:15
20250811140415, MP, 80, 20250829, C, 561, 349, 0.0276, 73.28, 0.3575, 0.8293, -0.1393, 2.95, 20250811 14:04:15
20250811140415, MP, 80, 20250829, P, 1553, 45, 0.0278, 73.28, -0.6452, 0.8235, -0.1392, 8.6, 20250811 14:04:15
20250811140415, MP, 81, 20250829, C, 18, 0, 0.0268, 73.28, 0.3342, 0.8342, -0.1366, 2.75, 20250811 14:04:15
20250811140415, MP, 81, 20250829, P, 51, 0, 0.0269, 73.28, -0.6687, 0.8198, -0.1365, 7.5, 20250811 14:04:15
20250811140415, MP, 82, 20250829, C, 43, 0, 0.0258, 73.28, 0.3121, 0.8399, -0.1335, 2.7, 20250811 14:04:15
20250811140415, MP, 82, 20250829, P, 0, 0, 0.026, 73.28, -0.6909, 0.8293, -0.1333, 0, 20250811 14:04:15
20250811140415, MP, 83, 20250829, C, 7, 0, 0.0249, 73.28, 0.2912, 0.8423, -0.1301, 5, 20250811 14:04:15
20250811140415, MP, 83, 20250829, P, 0, 0, 0.0251, 73.28, -0.7119, 0.8267, -0.1298, 0, 20250811 14:04:15
20250811140415, MP, 84, 20250829, C, 10, 0, 0.0239, 73.28, 0.2715, 0.8506, -0.1265, 2.42, 20250811 14:04:15
20250811140415, MP, 84, 20250829, P, 0, 0, 0.0241, 73.28, -0.7318, 0.839, -0.126, 0, 20250811 14:04:15
20250811140415, MP, 85, 20250829, C, 92, 114, 0.0229, 73.28, 0.2529, 0.8559, -0.1226, 2.21, 20250811 14:04:15
20250811140415, MP, 85, 20250829, P, 0, 15, 0.0231, 73.28, -0.7504, 0.8388, -0.1219, 13, 20250811 14:04:15
20250811140415, MP, 86, 20250829, C, 0, 0, 0.0219, 73.28, 0.2355, 0.8583, -0.1185, 0, 20250811 14:04:15
20250811140415, MP, 86, 20250829, P, 0, 0, 0.0221, 73.28, -0.768, 0.7605, -0.1178, 0, 20250811 14:04:15
20250811140415, MP, 87, 20250829, C, 12, 0, 0.0209, 73.28, 0.2192, 0.8628, -0.1144, 2.65, 20250811 14:04:15
20250811140415, MP, 87, 20250829, P, 0, 0, 0.0211, 73.28, -0.7845, 0.8385, -0.1135, 0, 20250811 14:04:15
20250811140415, MP, 88, 20250829, C, 4, 0, 0.0199, 73.28, 0.2039, 0.87, -0.1101, 1.65, 20250811 14:04:15
20250811140415, MP, 88, 20250829, P, 1, 0, 0.0201, 73.28, -0.7999, 0.8721, -0.1092, 9.8, 20250811 14:04:15
20250811140415, MP, 89, 20250829, C, 5, 0, 0.0189, 73.28, 0.1897, 0.8747, -0.1059, 1.65, 20250811 14:04:15
20250811140415, MP, 89, 20250829, P, 0, 0, 0.0191, 73.28, -0.8143, 0.7158, -0.1048, 0, 20250811 14:04:15
20250811140415, MP, 90, 20250829, C, 243, 150, 0.018, 73.28, 0.1764, 0.8708, -0.1016, 1.25, 20250811 14:04:15
20250811140415, MP, 90, 20250829, P, 31, 0, 0.0182, 73.28, -0.8277, 0.8152, -0.1005, 14, 20250811 14:04:15
20250811140415, MP, 95, 20250829, C, 47, 63, 0.0136, 73.28, 0.1226, 0.8957, -0.0814, 0.75, 20250811 14:04:15
20250811140415, MP, 95, 20250829, P, 0, 30, 0.0139, 73.28, -0.8821, 0.8791, -0.0798, 25.4, 20250811 14:04:15
20250811140415, MP, 100, 20250829, C, 35, 136, 0.0102, 73.28, 0.0857, 0.9174, -0.0641, 0.52, 20250811 14:04:15
20250811140415, MP, 100, 20250829, P, 1, 0, 0.0105, 73.28, -0.9197, 0.8518, -0.0621, 19.35, 20250811 14:04:15
20250811140415, MP, 105, 20250829, C, 10, 0, 0.0076, 73.28, 0.0605, 0.8588, -0.05, 0.35, 20250811 14:04:15
20250811140415, MP, 105, 20250829, P, 0, 0, 0.0079, 73.28, -0.9457, 0.8883, -0.0478, 0, 20250811 14:04:15
20250811140415, MP, 110, 20250829, C, 2, 0, 0.0056, 73.28, 0.0432, 1.2719, -0.0389, 0.32, 20250811 14:04:15
20250811140415, MP, 110, 20250829, P, 0, 0, 0.006, 73.28, -0.9638, 0, -0.0363, 0, 20250811 14:04:15
20250811140415, MP, 115, 20250829, C, 3, 0, 0.0042, 73.28, 0.0313, 1.215, -0.0304, 0.25, 20250811 14:04:15
20250811140415, MP, 115, 20250829, P, 0, 0, 0.0046, 73.28, -0.9764, 0, -0.027, 0, 20250811 14:04:15
20250811140415, MP, 35, 20250905, C, 0, 0, 0.0007, 73.28, 0.9945, 1.2586, -0.0005, 0, 20250811 14:04:15
20250811140415, MP, 35, 20250905, P, 0, 0, 0.0007, 73.28, -0.0054, 1.8641, -0.0065, 0, 20250811 14:04:15
20250811140415, MP, 40, 20250905, C, 2, 0, 0.0012, 73.28, 0.9912, 1.0114, -0.0035, 35.1, 20250811 14:04:15
20250811140415, MP, 40, 20250905, P, 0, 13, 0.0012, 73.28, -0.0086, 1.236, -0.0087, 0.2, 20250811 14:04:15
20250811140415, MP, 45, 20250905, C, 7, 5, 0.0021, 73.28, 0.9855, 0.8918, -0.0076, 28.8, 20250811 14:04:15
20250811140415, MP, 45, 20250905, P, 0, 0, 0.0021, 73.28, -0.0144, 1.2127, -0.012, 0, 20250811 14:04:15
20250811140415, MP, 48, 20250905, C, 0, 0, 0.003, 73.28, 0.9794, 0.8846, -0.0112, 0, 20250811 14:04:15
20250811140415, MP, 48, 20250905, P, 0, 8, 0.0031, 73.28, -0.0205, 1.0386, -0.0152, 0.5, 20250811 14:04:15
20250811140415, MP, 49, 20250905, C, 0, 0, 0.0035, 73.28, 0.9766, 0.8447, -0.0128, 0, 20250811 14:04:15
20250811140415, MP, 49, 20250905, P, 0, 0, 0.0035, 73.28, -0.0233, 1.2486, -0.0167, 0, 20250811 14:04:15
20250811140415, MP, 50, 20250905, C, 0, 29, 0.004, 73.28, 0.9732, 0.8448, -0.0146, 20.62, 20250811 14:04:15
20250811140415, MP, 50, 20250905, P, 8, 29, 0.004, 73.28, -0.0267, 0.9421, -0.0183, 0.1, 20250811 14:04:15
20250811140415, MP, 51, 20250905, C, 0, 3, 0.0046, 73.28, 0.9692, 0.8389, -0.0167, 12.1, 20250811 14:04:15
20250811140415, MP, 51, 20250905, P, 0, 1016, 0.0046, 73.28, -0.0307, 0.9625, -0.0202, 0.69, 20250811 14:04:15
20250811140415, MP, 52, 20250905, C, 0, 2, 0.0052, 73.28, 0.9644, 0.7994, -0.019, 12.5, 20250811 14:04:15
20250811140415, MP, 52, 20250905, P, 0, 10, 0.0052, 73.28, -0.0355, 0.7924, -0.0225, 0.5, 20250811 14:04:15
20250811140415, MP, 53, 20250905, C, 0, 3, 0.006, 73.28, 0.9586, 0.789, -0.0218, 10.7, 20250811 14:04:15
20250811140415, MP, 53, 20250905, P, 0, 83, 0.006, 73.28, -0.0413, 0.9759, -0.0251, 0.55, 20250811 14:04:15
20250811140415, MP, 54, 20250905, C, 0, 17, 0.0069, 73.28, 0.9517, 0.7753, -0.025, 10.77, 20250811 14:04:15
20250811140415, MP, 54, 20250905, P, 0, 2, 0.0069, 73.28, -0.0482, 0.9064, -0.0281, 2, 20250811 14:04:15
20250811140415, MP, 55, 20250905, C, 0, 10, 0.0079, 73.28, 0.9436, 0.7804, -0.0286, 13.35, 20250811 14:04:15
20250811140415, MP, 55, 20250905, P, 11, 81, 0.0079, 73.28, -0.0564, 0.7235, -0.0316, 0.2, 20250811 14:04:15
20250811140415, MP, 56, 20250905, C, 0, 0, 0.009, 73.28, 0.934, 0.7197, -0.0326, 0, 20250811 14:04:15
20250811140415, MP, 56, 20250905, P, 1, 20, 0.0091, 73.28, -0.066, 0.6491, -0.0354, 0.27, 20250811 14:04:15
20250811140415, MP, 57, 20250905, C, 0, 23, 0.0103, 73.28, 0.9228, 0.738, -0.037, 10.85, 20250811 14:04:15
20250811140415, MP, 57, 20250905, P, 15, 110, 0.0103, 73.28, -0.0772, 0.7217, -0.0398, 0.48, 20250811 14:04:15
20250811140415, MP, 58, 20250905, C, 0, 7, 0.0116, 73.28, 0.91, 0.7464, -0.0419, 10.95, 20250811 14:04:15
20250811140415, MP, 58, 20250905, P, 44, 46, 0.0116, 73.28, -0.0901, 0.7253, -0.0445, 0.69, 20250811 14:04:15
20250811140415, MP, 59, 20250905, C, 0, 16, 0.013, 73.28, 0.8954, 0.8734, -0.0471, 13.1, 20250811 14:04:15
20250811140415, MP, 59, 20250905, P, 17, 23, 0.0131, 73.28, -0.1047, 0.7155, -0.0495, 0.53, 20250811 14:04:15
20250811140415, MP, 60, 20250905, C, 0, 8, 0.0145, 73.28, 0.8791, 0.7053, -0.0526, 14.2, 20250811 14:04:15
20250811140415, MP, 60, 20250905, P, 21, 118, 0.0145, 73.28, -0.1211, 0.722, -0.0549, 0.85, 20250811 14:04:15
20250811140415, MP, 61, 20250905, C, 1, 5, 0.016, 73.28, 0.861, 0.6881, -0.0584, 19.5, 20250811 14:04:15
20250811140415, MP, 61, 20250905, P, 2, 31, 0.016, 73.28, -0.1393, 0.7163, -0.0606, 0.35, 20250811 14:04:15
20250811140415, MP, 62, 20250905, C, 2, 23, 0.0175, 73.28, 0.8412, 0.7238, -0.0642, 14, 20250811 14:04:15
20250811140415, MP, 62, 20250905, P, 0, 276, 0.0176, 73.28, -0.1592, 0.7173, -0.0663, 1.2, 20250811 14:04:15
20250811140415, MP, 63, 20250905, C, 0, 11, 0.019, 73.28, 0.8197, 0.7188, -0.0702, 14, 20250811 14:04:15
20250811140415, MP, 63, 20250905, P, 41, 31, 0.019, 73.28, -0.1808, 0.7182, -0.0721, 1.4, 20250811 14:04:15
20250811140415, MP, 64, 20250905, C, 9, 22, 0.0204, 73.28, 0.7967, 0.6526, -0.076, 11.68, 20250811 14:04:15
20250811140415, MP, 64, 20250905, P, 8, 79, 0.0205, 73.28, -0.2038, 0.7189, -0.0778, 1.55, 20250811 14:04:15
20250811140415, MP, 65, 20250905, C, 2, 40, 0.0217, 73.28, 0.7724, 0.7316, -0.0817, 16.9, 20250811 14:04:15
20250811140415, MP, 65, 20250905, P, 42, 26, 0.0218, 73.28, -0.2282, 0.7191, -0.0834, 2, 20250811 14:04:15
20250811140415, MP, 66, 20250905, C, 1, 6, 0.0229, 73.28, 0.747, 0.7222, -0.0872, 10.2, 20250811 14:04:15
20250811140415, MP, 66, 20250905, P, 7, 103, 0.023, 73.28, -0.2538, 0.7189, -0.0887, 1.43, 20250811 14:04:15
20250811140415, MP, 67, 20250905, C, 45, 52, 0.024, 73.28, 0.7206, 0.7326, -0.0923, 13.4, 20250811 14:04:15
20250811140415, MP, 67, 20250905, P, 62, 151, 0.0241, 73.28, -0.2802, 0.722, -0.0938, 2.48, 20250811 14:04:15
20250811140415, MP, 68, 20250905, C, 4, 48, 0.025, 73.28, 0.6935, 0.7377, -0.097, 9.4, 20250811 14:04:15
20250811140415, MP, 68, 20250905, P, 30, 58, 0.0251, 73.28, -0.3075, 0.7242, -0.0984, 2.78, 20250811 14:04:15
20250811140415, MP, 69, 20250905, C, 3, 27, 0.0258, 73.28, 0.6659, 0.7384, -0.1013, 14.83, 20250811 14:04:15
20250811140415, MP, 69, 20250905, P, 4, 6, 0.0259, 73.28, -0.3352, 0.7364, -0.1025, 3.25, 20250811 14:04:15
20250811140415, MP, 70, 20250905, C, 18, 422, 0.0264, 73.28, 0.6381, 0.735, -0.105, 8.24, 20250811 14:04:15
20250811140415, MP, 70, 20250905, P, 78, 1095, 0.0265, 73.28, -0.3631, 0.7333, -0.1061, 3.7, 20250811 14:04:15
20250811140415, MP, 71, 20250905, C, 0, 34, 0.0269, 73.28, 0.6102, 0.7415, -0.1083, 6.98, 20250811 14:04:15
20250811140415, MP, 71, 20250905, P, 11, 0, 0.027, 73.28, -0.3912, 0.74, -0.1093, 4, 20250811 14:04:15
20250811140415, MP, 72, 20250905, C, 41, 28, 0.0272, 73.28, 0.5824, 0.7438, -0.111, 6.56, 20250811 14:04:15
20250811140415, MP, 72, 20250905, P, 45, 17, 0.0273, 73.28, -0.4191, 0.7426, -0.1118, 4.6, 20250811 14:04:15
20250811140415, MP, 73, 20250905, C, 29, 95, 0.0274, 73.28, 0.555, 0.749, -0.1131, 6.1, 20250811 14:04:15
20250811140415, MP, 73, 20250905, P, 13, 13, 0.0275, 73.28, -0.4467, 0.7479, -0.1138, 5.2, 20250811 14:04:15
20250811140415, MP, 74, 20250905, C, 244, 23, 0.0274, 73.28, 0.528, 0.757, -0.1147, 5.8, 20250811 14:04:15
20250811140415, MP, 74, 20250905, P, 195, 2, 0.0275, 73.28, -0.4738, 0.7561, -0.1154, 5.7, 20250811 14:04:15
20250811140415, MP, 75, 20250905, C, 242, 220, 0.0273, 73.28, 0.5016, 0.7614, -0.1158, 5.25, 20250811 14:04:15
20250811140415, MP, 75, 20250905, P, 12, 40, 0.0274, 73.28, -0.5004, 0.7606, -0.1163, 6.4, 20250811 14:04:15
20250811140415, MP, 76, 20250905, C, 14, 40, 0.027, 73.28, 0.4759, 0.7689, -0.1163, 5.4, 20250811 14:04:15
20250811140415, MP, 76, 20250905, P, 5, 5, 0.0272, 73.28, -0.5263, 0.7683, -0.1168, 6.5, 20250811 14:04:15
20250811140415, MP, 77, 20250905, C, 52, 25, 0.0267, 73.28, 0.4509, 0.7732, -0.1164, 4.6, 20250811 14:04:15
20250811140415, MP, 77, 20250905, P, 0, 11, 0.0269, 73.28, -0.5514, 0.7727, -0.1168, 7.5, 20250811 14:04:15
20250811140415, MP, 78, 20250905, C, 30, 20, 0.0263, 73.28, 0.4268, 0.7744, -0.1161, 4.5, 20250811 14:04:15
20250811140415, MP, 78, 20250905, P, 50, 4, 0.0265, 73.28, -0.5757, 0.7673, -0.1163, 6.8, 20250811 14:04:15
20250811140415, MP, 79, 20250905, C, 22, 18, 0.0258, 73.28, 0.4036, 0.7792, -0.1153, 4.1, 20250811 14:04:15
20250811140415, MP, 79, 20250905, P, 1, 0, 0.026, 73.28, -0.599, 0.7856, -0.1154, 5.9, 20250811 14:04:15
20250811140415, MP, 80, 20250905, C, 252, 175, 0.0252, 73.28, 0.3813, 0.788, -0.1142, 3.7, 20250811 14:04:15
20250811140415, MP, 80, 20250905, P, 3, 19, 0.0254, 73.28, -0.6215, 0.7877, -0.1142, 9.95, 20250811 14:04:15
20250811140415, MP, 81, 20250905, C, 2, 0, 0.0246, 73.28, 0.3599, 0.7871, -0.1128, 4.6, 20250811 14:04:15
20250811140415, MP, 81, 20250905, P, 0, 0, 0.0248, 73.28, -0.6431, 0.7868, -0.1126, 0, 20250811 14:04:15
20250811140415, MP, 82, 20250905, C, 7, 0, 0.0239, 73.28, 0.3395, 0.7976, -0.111, 5.22, 20250811 14:04:15
20250811140415, MP, 82, 20250905, P, 0, 0, 0.0242, 73.28, -0.6637, 0.7973, -0.1108, 0, 20250811 14:04:15
20250811140415, MP, 83, 20250905, C, 2, 0, 0.0232, 73.28, 0.32, 0.7986, -0.109, 3.8, 20250811 14:04:15
20250811140415, MP, 83, 20250905, P, 0, 0, 0.0235, 73.28, -0.6834, 0.7909, -0.1087, 0, 20250811 14:04:15
20250811140415, MP, 84, 20250905, C, 2, 0, 0.0225, 73.28, 0.3015, 0.8006, -0.1068, 4.98, 20250811 14:04:15
20250811140415, MP, 84, 20250905, P, 0, 0, 0.0227, 73.28, -0.7021, 0.7888, -0.1063, 0, 20250811 14:04:15
20250811140415, MP, 85, 20250905, C, 87, 138, 0.0217, 73.28, 0.2838, 0.8039, -0.1044, 2.5, 20250811 14:04:15
20250811140415, MP, 85, 20250905, P, 0, 20, 0.022, 73.28, -0.7199, 0.7917, -0.1038, 16.44, 20250811 14:04:15
20250811140415, MP, 86, 20250905, C, 1, 0, 0.021, 73.28, 0.2671, 0.8128, -0.1018, 4.08, 20250811 14:04:15
20250811140415, MP, 86, 20250905, P, 1, 0, 0.0212, 73.28, -0.7368, 0.8084, -0.1011, 14.5, 20250811 14:04:15
20250811140415, MP, 87, 20250905, C, 3, 0, 0.0202, 73.28, 0.2512, 0.8157, -0.0991, 3.8, 20250811 14:04:15
20250811140415, MP, 87, 20250905, P, 0, 0, 0.0205, 73.28, -0.7529, 0.8068, -0.0983, 0, 20250811 14:04:15
20250811140415, MP, 88, 20250905, C, 19, 0, 0.0194, 73.28, 0.2362, 0.8164, -0.0963, 2.08, 20250811 14:04:15
20250811140415, MP, 88, 20250905, P, 0, 0, 0.0197, 73.28, -0.7681, 0.8026, -0.0954, 0, 20250811 14:04:15
20250811140415, MP, 89, 20250905, C, 1, 0, 0.0187, 73.28, 0.222, 0.828, -0.0934, 2.28, 20250811 14:04:15
20250811140415, MP, 89, 20250905, P, 0, 0, 0.0189, 73.28, -0.7825, 0.8918, -0.0924, 0, 20250811 14:04:15
20250811140415, MP, 90, 20250905, C, 71, 137, 0.0179, 73.28, 0.2086, 0.829, -0.0905, 1.87, 20250811 14:04:15
20250811140415, MP, 90, 20250905, P, 15, 0, 0.0182, 73.28, -0.7961, 0.8044, -0.0894, 15.5, 20250811 14:04:15
20250811140415, MP, 95, 20250905, C, 16, 19, 0.0143, 73.28, 0.1523, 0.8438, -0.0757, 1.32, 20250811 14:04:15
20250811140415, MP, 95, 20250905, P, 0, 0, 0.0146, 73.28, -0.8533, 0.8348, -0.074, 0, 20250811 14:04:15
20250811140415, MP, 100, 20250905, C, 33, 138, 0.0112, 73.28, 0.1109, 0.8634, -0.0619, 0.8, 20250811 14:04:15
20250811140415, MP, 100, 20250905, P, 0, 15, 0.0116, 73.28, -0.8956, 0.7993, -0.0596, 30.5, 20250811 14:04:15
20250811140415, MP, 105, 20250905, C, 0, 0, 0.0087, 73.28, 0.081, 0.8068, -0.0498, 0, 20250811 14:04:15
20250811140415, MP, 105, 20250905, P, 0, 0, 0.0091, 73.28, -0.9265, 0.774, -0.0471, 0, 20250811 14:04:15
20250811140415, MP, 110, 20250905, C, 0, 0, 0.0067, 73.28, 0.0594, 0.8344, -0.0398, 0, 20250811 14:04:15
20250811140415, MP, 110, 20250905, P, 0, 0, 0.0071, 73.28, -0.9492, 0.7604, -0.0367, 0, 20250811 14:04:15
20250811140415, MP, 115, 20250905, C, 6, 0, 0.0052, 73.28, 0.0438, 1.2489, -0.0316, 0.85, 20250811 14:04:15
20250811140415, MP, 115, 20250905, P, 0, 0, 0.0056, 73.28, -0.9658, 0, -0.0282, 0, 20250811 14:04:15
