20250811140309, RKLB, 15, 20250815, C, 1, 31, 0, 44.85, 1, 7.3748, 0, 30.45, 20250811 14:03:09
20250811140309, RKLB, 15, 20250815, P, 0, 16, 0, 44.85, -0.0001, 3.5724, -0.0003, 0.04, 20250811 14:03:09
20250811140309, RKLB, 18, 20250815, C, 5, 7, 0.0001, 44.85, 1, 5.9616, 0, 25.82, 20250811 14:03:09
20250811140309, RKLB, 18, 20250815, P, 0, 271, 0.0001, 44.85, -0.0002, 3.0018, -0.0006, 0.04, 20250811 14:03:09
20250811140309, RKLB, 19, 20250815, C, 55, 7, 0.0001, 44.85, 1, 4.71, 0, 25.73, 20250811 14:03:09
20250811140309, RKLB, 19, 20250815, P, 0, 1, 0.0001, 44.85, -0.0003, 2.8328, -0.0008, 0.02, 20250811 14:03:09
20250811140309, RKLB, 20, 20250815, C, 52, 22, 0.0001, 44.85, 0.9999, 4.0475, 0, 25.67, 20250811 14:03:09
20250811140309, RKLB, 20, 20250815, P, 0, 70, 0.0001, 44.85, -0.0004, 2.6723, -0.0009, 0.07, 20250811 14:03:09
20250811140309, RKLB, 21, 20250815, C, 37, 9, 0.0002, 44.85, 0.9998, 5.4253, 0, 24.94, 20250811 14:03:09
20250811140309, RKLB, 21, 20250815, P, 0, 30, 0.0002, 44.85, -0.0005, 2.5197, -0.0012, 0.04, 20250811 14:03:09
20250811140309, RKLB, 22, 20250815, C, 97, 4, 0.0002, 44.85, 0.9997, 5.1871, 0, 24.14, 20250811 14:03:09
20250811140309, RKLB, 22, 20250815, P, 0, 96, 0.0002, 44.85, -0.0006, 3.5579, -0.0014, 0.01, 20250811 14:03:09
20250811140309, RKLB, 23, 20250815, C, 65, 37, 0.0003, 44.85, 0.9995, 4.9999, 0, 24.49, 20250811 14:03:09
20250811140309, RKLB, 23, 20250815, P, 0, 328, 0.0003, 44.85, -0.0008, 3.2168, -0.0018, 0.05, 20250811 14:03:09
20250811140309, RKLB, 24, 20250815, C, 9, 186, 0.0004, 44.85, 0.9992, 3.621, 0, 22.1, 20250811 14:03:09
20250811140309, RKLB, 24, 20250815, P, 0, 134, 0.0004, 44.85, -0.001, 5.1181, -0.0022, 0.04, 20250811 14:03:09
20250811140309, RKLB, 25, 20250815, C, 16, 121, 0.0005, 44.85, 0.9989, 2.9205, -0.0003, 19.15, 20250811 14:03:09
20250811140309, RKLB, 25, 20250815, P, 14, 748, 0.0005, 44.85, -0.0013, 1.973, -0.0028, 0.01, 20250811 14:03:09
20250811140309, RKLB, 26, 20250815, C, 6, 99, 0.0006, 44.85, 0.9985, 3.8348, -0.0012, 19, 20250811 14:03:09
20250811140309, RKLB, 26, 20250815, P, 1, 677, 0.0006, 44.85, -0.0017, 2.8649, -0.0036, 0.25, 20250811 14:03:09
20250811140309, RKLB, 27, 20250815, C, 4, 365, 0.0009, 44.85, 0.998, 2.75, -0.0022, 18.76, 20250811 14:03:09
20250811140309, RKLB, 27, 20250815, P, 10, 1621, 0.0009, 44.85, -0.0023, 1.9415, -0.0045, 0.02, 20250811 14:03:09
20250811140309, RKLB, 28, 20250815, C, 1, 288, 0.0012, 44.85, 0.9972, 3.0025, -0.0036, 17.22, 20250811 14:03:09
20250811140309, RKLB, 28, 20250815, P, 2, 939, 0.0012, 44.85, -0.003, 3.0779, -0.0057, 0.22, 20250811 14:03:09
20250811140309, RKLB, 29, 20250815, C, 1, 141, 0.0015, 44.85, 0.9963, 2.1564, -0.0052, 14.97, 20250811 14:03:09
20250811140309, RKLB, 29, 20250815, P, 31, 3255, 0.0015, 44.85, -0.004, 1.7507, -0.0073, 0.01, 20250811 14:03:09
20250811140309, RKLB, 30, 20250815, C, 10, 882, 0.0021, 44.85, 0.995, 1.8984, -0.0074, 15.47, 20250811 14:03:09
20250811140309, RKLB, 30, 20250815, P, 39, 3057, 0.0021, 44.85, -0.0053, 1.5719, -0.0093, 0.03, 20250811 14:03:09
20250811140309, RKLB, 31, 20250815, C, 1, 254, 0.0028, 44.85, 0.9932, 1.9492, -0.0101, 13.17, 20250811 14:03:09
20250811140309, RKLB, 31, 20250815, P, 5, 360, 0.0028, 44.85, -0.0071, 2.7654, -0.0119, 0.01, 20250811 14:03:09
20250811140309, RKLB, 32, 20250815, C, 17, 877, 0.0038, 44.85, 0.9907, 0, -0.0136, 11.8, 20250811 14:03:09
20250811140309, RKLB, 32, 20250815, P, 1, 1096, 0.0038, 44.85, -0.0096, 1.5578, -0.0153, 0.05, 20250811 14:03:09
20250811140309, RKLB, 33, 20250815, C, 2, 402, 0.0052, 44.85, 0.9873, 1.846, -0.0182, 10.25, 20250811 14:03:09
20250811140309, RKLB, 33, 20250815, P, 21, 959, 0.0052, 44.85, -0.013, 1.3509, -0.0197, 0.05, 20250811 14:03:09
20250811140309, RKLB, 34, 20250815, C, 1, 1389, 0.0071, 44.85, 0.9826, 1.2491, -0.024, 9.81, 20250811 14:03:09
20250811140309, RKLB, 34, 20250815, P, 68, 742, 0.0071, 44.85, -0.0177, 1.3743, -0.0254, 0.02, 20250811 14:03:09
20250811140309, RKLB, 35, 20250815, C, 45, 930, 0.0097, 44.85, 0.9761, 1.3207, -0.0316, 9.3, 20250811 14:03:09
20250811140309, RKLB, 35, 20250815, P, 182, 2566, 0.0097, 44.85, -0.0242, 1.2329, -0.0329, 0.06, 20250811 14:03:09
20250811140309, RKLB, 36, 20250815, C, 42, 197, 0.0132, 44.85, 0.9669, 1.5296, -0.0414, 9.95, 20250811 14:03:09
20250811140309, RKLB, 36, 20250815, P, 25, 532, 0.0132, 44.85, -0.0334, 1.1613, -0.0426, 0.07, 20250811 14:03:09
20250811140309, RKLB, 37, 20250815, C, 41, 731, 0.018, 44.85, 0.9541, 0.7184, -0.054, 8.71, 20250811 14:03:09
20250811140309, RKLB, 37, 20250815, P, 94, 757, 0.018, 44.85, -0.0462, 1.0787, -0.0551, 0.06, 20250811 14:03:09
20250811140309, RKLB, 38, 20250815, C, 38, 1116, 0.0245, 44.85, 0.9361, 1.0443, -0.07, 7.43, 20250811 14:03:09
20250811140309, RKLB, 38, 20250815, P, 340, 1436, 0.0245, 44.85, -0.0642, 1.0541, -0.0709, 0.08, 20250811 14:03:09
20250811140309, RKLB, 39, 20250815, C, 199, 839, 0.0328, 44.85, 0.911, 1.0228, -0.0897, 6.53, 20250811 14:03:09
20250811140309, RKLB, 39, 20250815, P, 719, 870, 0.0329, 44.85, -0.0894, 1.0042, -0.0906, 0.21, 20250811 14:03:09
20250811140309, RKLB, 39.5, 20250815, C, 145, 119, 0.0378, 44.85, 0.895, 0.9832, -0.101, 6.5, 20250811 14:03:09
20250811140309, RKLB, 39.5, 20250815, P, 110, 85, 0.0379, 44.85, -0.1054, 1.0535, -0.1019, 0.18, 20250811 14:03:09
20250811140309, RKLB, 40, 20250815, C, 443, 2252, 0.0434, 44.85, 0.8763, 0.9394, -0.1133, 5.9, 20250811 14:03:09
20250811140309, RKLB, 40, 20250815, P, 1478, 21733, 0.0435, 44.85, -0.1242, 0.9577, -0.1142, 0.29, 20250811 14:03:09
20250811140309, RKLB, 40.5, 20250815, C, 28, 22, 0.0494, 44.85, 0.8546, 1.0533, -0.1263, 5.4, 20250811 14:03:09
20250811140309, RKLB, 40.5, 20250815, P, 190, 102, 0.0495, 44.85, -0.1459, 1.0377, -0.1272, 0.35, 20250811 14:03:09
20250811140309, RKLB, 41, 20250815, C, 155, 358, 0.0558, 44.85, 0.8296, 0.9292, -0.1399, 4.42, 20250811 14:03:09
20250811140309, RKLB, 41, 20250815, P, 700, 796, 0.0559, 44.85, -0.1711, 0.9353, -0.1408, 0.36, 20250811 14:03:09
20250811140309, RKLB, 41.5, 20250815, C, 33, 74, 0.0624, 44.85, 0.8009, 0.9262, -0.1538, 3.95, 20250811 14:03:09
20250811140309, RKLB, 41.5, 20250815, P, 1031, 312, 0.0626, 44.85, -0.1998, 0.9356, -0.1547, 0.48, 20250811 14:03:09
20250811140309, RKLB, 42, 20250815, C, 132, 240, 0.0692, 44.85, 0.7686, 0.9111, -0.1676, 3.5, 20250811 14:03:09
20250811140309, RKLB, 42, 20250815, P, 1656, 1337, 0.0694, 44.85, -0.2322, 0.9198, -0.1685, 0.58, 20250811 14:03:09
20250811140309, RKLB, 42.5, 20250815, C, 108, 223, 0.0756, 44.85, 0.7326, 0.8824, -0.1807, 3.5, 20250811 14:03:09
20250811140309, RKLB, 42.5, 20250815, P, 427, 210, 0.0759, 44.85, -0.2684, 0.9193, -0.1816, 0.7, 20250811 14:03:09
20250811140309, RKLB, 43, 20250815, C, 527, 441, 0.0816, 44.85, 0.6931, 0.8868, -0.1926, 2.9, 20250811 14:03:09
20250811140309, RKLB, 43, 20250815, P, 540, 803, 0.082, 44.85, -0.308, 0.9272, -0.1936, 0.9, 20250811 14:03:09
20250811140309, RKLB, 43.5, 20250815, C, 591, 403, 0.0868, 44.85, 0.6506, 0.9825, -0.2027, 3.25, 20250811 14:03:09
20250811140309, RKLB, 43.5, 20250815, P, 534, 347, 0.0872, 44.85, -0.3508, 0.9077, -0.2037, 1, 20250811 14:03:09
20250811140309, RKLB, 44, 20250815, C, 832, 1012, 0.0908, 44.85, 0.6057, 0.9198, -0.2105, 2.2, 20250811 14:03:09
20250811140309, RKLB, 44, 20250815, P, 507, 1058, 0.0912, 44.85, -0.3959, 0.9183, -0.2116, 1.25, 20250811 14:03:09
20250811140309, RKLB, 44.5, 20250815, C, 658, 646, 0.0934, 44.85, 0.5592, 0.8991, -0.2156, 2.07, 20250811 14:03:09
20250811140309, RKLB, 44.5, 20250815, P, 197, 210, 0.0939, 44.85, -0.4425, 0.8974, -0.2167, 1.46, 20250811 14:03:09
20250811140309, RKLB, 45, 20250815, C, 2768, 4188, 0.0946, 44.85, 0.5121, 0.9167, -0.2178, 1.65, 20250811 14:03:09
20250811140309, RKLB, 45, 20250815, P, 825, 1978, 0.095, 44.85, -0.4899, 0.9122, -0.2188, 1.87, 20250811 14:03:09
20250811140309, RKLB, 45.5, 20250815, C, 837, 452, 0.0942, 44.85, 0.4654, 0.9064, -0.2169, 1.71, 20250811 14:03:09
20250811140309, RKLB, 45.5, 20250815, P, 43, 87, 0.0947, 44.85, -0.5368, 0.8936, -0.218, 1.95, 20250811 14:03:09
20250811140309, RKLB, 46, 20250815, C, 2430, 1179, 0.0924, 44.85, 0.42, 0.908, -0.2132, 1.26, 20250811 14:03:09
20250811140309, RKLB, 46, 20250815, P, 267, 2283, 0.0928, 44.85, -0.5824, 0.8974, -0.2142, 2.35, 20250811 14:03:09
20250811140309, RKLB, 46.5, 20250815, C, 487, 327, 0.0893, 44.85, 0.3767, 0.953, -0.207, 1.32, 20250811 14:03:09
20250811140309, RKLB, 46.5, 20250815, P, 10, 40, 0.0897, 44.85, -0.626, 0.7799, -0.2079, 2.62, 20250811 14:03:09
20250811140309, RKLB, 47, 20250815, C, 1296, 1594, 0.0852, 44.85, 0.336, 0.9096, -0.1988, 0.94, 20250811 14:03:09
20250811140309, RKLB, 47, 20250815, P, 44, 500, 0.0856, 44.85, -0.6668, 0.874, -0.1996, 2.45, 20250811 14:03:09
20250811140309, RKLB, 47.5, 20250815, C, 804, 13755, 0.0803, 44.85, 0.2984, 0.9559, -0.1889, 0.86, 20250811 14:03:09
20250811140309, RKLB, 47.5, 20250815, P, 5, 42, 0.0807, 44.85, -0.7046, 0.5767, -0.1896, 4.58, 20250811 14:03:09
20250811140309, RKLB, 48, 20250815, C, 1132, 7346, 0.075, 44.85, 0.2641, 0.9201, -0.178, 0.68, 20250811 14:03:09
20250811140309, RKLB, 48, 20250815, P, 31, 555, 0.0754, 44.85, -0.739, 0.9016, -0.1785, 3.1, 20250811 14:03:09
20250811140309, RKLB, 48.5, 20250815, C, 196, 175, 0.0694, 44.85, 0.2332, 0.9262, -0.1665, 0.74, 20250811 14:03:09
20250811140309, RKLB, 48.5, 20250815, P, 3, 16, 0.0698, 44.85, -0.7701, 0.9057, -0.1668, 3.8, 20250811 14:03:09
20250811140309, RKLB, 49, 20250815, C, 356, 793, 0.0638, 44.85, 0.2055, 0.9297, -0.1547, 0.48, 20250811 14:03:09
20250811140309, RKLB, 49, 20250815, P, 7, 412, 0.0641, 44.85, -0.7979, 0.9736, -0.1549, 4.2, 20250811 14:03:09
20250811140309, RKLB, 49.5, 20250815, C, 265, 135, 0.0583, 44.85, 0.1808, 0.9431, -0.143, 0.42, 20250811 14:03:09
20250811140309, RKLB, 49.5, 20250815, P, 0, 17, 0.0586, 44.85, -0.8226, 1.0392, -0.143, 4.05, 20250811 14:03:09
20250811140309, RKLB, 50, 20250815, C, 4211, 10534, 0.053, 44.85, 0.1591, 0.9487, -0.1316, 0.36, 20250811 14:03:09
20250811140309, RKLB, 50, 20250815, P, 66, 749, 0.0533, 44.85, -0.8444, 0.9142, -0.1315, 5.1, 20250811 14:03:09
20250811140309, RKLB, 51, 20250815, C, 910, 1020, 0.0434, 44.85, 0.1231, 0.9734, -0.1103, 0.24, 20250811 14:03:09
20250811140309, RKLB, 51, 20250815, P, 73, 84, 0.0436, 44.85, -0.8805, 0.9736, -0.11, 5.7, 20250811 14:03:09
20250811140309, RKLB, 52, 20250815, C, 703, 481, 0.0352, 44.85, 0.0955, 0.993, -0.0917, 0.19, 20250811 14:03:09
20250811140309, RKLB, 52, 20250815, P, 8, 49, 0.0353, 44.85, -0.9081, 1.5369, -0.0912, 6.57, 20250811 14:03:09
20250811140309, RKLB, 53, 20250815, C, 422, 3122, 0.0284, 44.85, 0.0744, 1.1072, -0.0758, 0.24, 20250811 14:03:09
20250811140309, RKLB, 53, 20250815, P, 2, 240, 0.0286, 44.85, -0.9292, 1.0399, -0.0751, 9.35, 20250811 14:03:09
20250811140309, RKLB, 54, 20250815, C, 179, 249, 0.0229, 44.85, 0.0584, 1.0568, -0.0626, 0.18, 20250811 14:03:09
20250811140309, RKLB, 54, 20250815, P, 0, 15, 0.0231, 44.85, -0.9453, 1.9185, -0.0616, 9.02, 20250811 14:03:09
20250811140309, RKLB, 55, 20250815, C, 545, 3992, 0.0185, 44.85, 0.046, 1.1184, -0.0516, 0.08, 20250811 14:03:09
20250811140309, RKLB, 55, 20250815, P, 1, 232, 0.0187, 44.85, -0.9576, 1.5087, -0.0504, 10.8, 20250811 14:03:09
20250811140309, RKLB, 56, 20250815, C, 16, 103, 0.015, 44.85, 0.0365, 1.0687, -0.0426, 0.06, 20250811 14:03:09
20250811140309, RKLB, 56, 20250815, P, 0, 0, 0.0152, 44.85, -0.9672, 1.9161, -0.0412, 0, 20250811 14:03:09
20250811140309, RKLB, 57, 20250815, C, 224, 401, 0.0121, 44.85, 0.0292, 1.2117, -0.0353, 0.09, 20250811 14:03:09
20250811140309, RKLB, 57, 20250815, P, 0, 15, 0.0124, 44.85, -0.9746, 2.2027, -0.0337, 14.3, 20250811 14:03:09
20250811140309, RKLB, 58, 20250815, C, 31, 203, 0.0099, 44.85, 0.0235, 2.0264, -0.0293, 0.09, 20250811 14:03:09
20250811140309, RKLB, 58, 20250815, P, 1, 19, 0.0101, 44.85, -0.9804, 1.498, -0.0277, 14, 20250811 14:03:09
20250811140309, RKLB, 59, 20250815, C, 16, 540, 0.0081, 44.85, 0.019, 1.9907, -0.0244, 0.03, 20250811 14:03:09
20250811140309, RKLB, 59, 20250815, P, 0, 82, 0.0083, 44.85, -0.9848, 2.1799, -0.0229, 15.65, 20250811 14:03:09
20250811140309, RKLB, 60, 20250815, C, 211, 3673, 0.0066, 44.85, 0.0155, 1.1976, -0.0203, 0.02, 20250811 14:03:09
20250811140309, RKLB, 60, 20250815, P, 0, 84, 0.0067, 44.85, -0.9884, 1.9152, -0.0191, 15.25, 20250811 14:03:09
20250811140309, RKLB, 61, 20250815, C, 2, 137, 0.0055, 44.85, 0.0127, 1.6023, -0.017, 0.01, 20250811 14:03:09
20250811140309, RKLB, 61, 20250815, P, 0, 1, 0.0054, 44.85, -0.9911, 1.7677, -0.0162, 13.7, 20250811 14:03:09
20250811140309, RKLB, 62, 20250815, C, 0, 22, 0.0045, 44.85, 0.0104, 1.6064, -0.0143, 0.03, 20250811 14:03:09
20250811140309, RKLB, 62, 20250815, P, 0, 0, 0.0044, 44.85, -0.9933, 0, -0.0138, 0, 20250811 14:03:09
20250811140309, RKLB, 65, 20250815, C, 140, 1908, 0.0026, 44.85, 0.006, 1.3296, -0.0087, 0.01, 20250811 14:03:09
20250811140309, RKLB, 65, 20250815, P, 0, 69, 0.0022, 44.85, -0.9972, 1.9391, -0.01, 16.54, 20250811 14:03:09
20250811140309, RKLB, 70, 20250815, C, 50, 275, 0.0012, 44.85, 0.0026, 1.7252, -0.004, 0.02, 20250811 14:03:09
20250811140309, RKLB, 70, 20250815, P, 0, 0, 0.0006, 44.85, -0.9994, 0, -0.0081, 26.02, 20250811 14:03:09
20250811140309, RKLB, 75, 20250815, C, 19, 504, 0.0006, 44.85, 0.0013, 1.7718, -0.002, 0.01, 20250811 14:03:09
20250811140309, RKLB, 75, 20250815, P, 0, 0, 0.0001, 44.85, -0.9999, 0, -0.0078, 0, 20250811 14:03:09
20250811140309, RKLB, 80, 20250815, C, 1, 254, 0.0003, 44.85, 0.0006, 1.8454, -0.0011, 0.01, 20250811 14:03:09
20250811140309, RKLB, 80, 20250815, P, 0, 0, 0, 44.85, -1, 0, -0.0078, 32.24, 20250811 14:03:09
20250811140309, RKLB, 20, 20250822, C, 0, 11, 0.0002, 44.85, 1, 2.3219, 0, 27.27, 20250811 14:03:09
20250811140309, RKLB, 20, 20250822, P, 1, 1, 0.0002, 44.85, -0.0005, 2.8648, -0.0007, 0.83, 20250811 14:03:09
20250811140309, RKLB, 25, 20250822, C, 0, 31, 0.0008, 44.85, 0.9983, 2.3599, -0.0005, 19.39, 20250811 14:03:09
20250811140309, RKLB, 25, 20250822, P, 1, 5, 0.0008, 44.85, -0.0025, 1.908, -0.0028, 0.17, 20250811 14:03:09
20250811140309, RKLB, 26, 20250822, C, 1, 23, 0.0011, 44.85, 0.9974, 2.0693, -0.0014, 18.17, 20250811 14:03:09
20250811140309, RKLB, 26, 20250822, P, 0, 2, 0.0011, 44.85, -0.0034, 2.1539, -0.0037, 0.37, 20250811 14:03:09
20250811140309, RKLB, 27, 20250822, C, 0, 13, 0.0015, 44.85, 0.9962, 2.1772, -0.0026, 16.99, 20250811 14:03:09
20250811140309, RKLB, 27, 20250822, P, 0, 6, 0.0015, 44.85, -0.0047, 2.6475, -0.0048, 0.14, 20250811 14:03:09
20250811140309, RKLB, 28, 20250822, C, 0, 11, 0.002, 44.85, 0.9945, 1.9718, -0.0041, 15.43, 20250811 14:03:09
20250811140309, RKLB, 28, 20250822, P, 36, 48, 0.002, 44.85, -0.0063, 2.0718, -0.0062, 0.06, 20250811 14:03:09
20250811140309, RKLB, 29, 20250822, C, 0, 7, 0.0027, 44.85, 0.9923, 2.2974, -0.006, 15.21, 20250811 14:03:09
20250811140309, RKLB, 29, 20250822, P, 34, 38, 0.0027, 44.85, -0.0086, 1.0975, -0.0079, 0.02, 20250811 14:03:09
20250811140309, RKLB, 30, 20250822, C, 2, 79, 0.0036, 44.85, 0.9892, 1.2743, -0.0084, 15.32, 20250811 14:03:09
20250811140309, RKLB, 30, 20250822, P, 23, 172, 0.0036, 44.85, -0.0116, 1.0884, -0.0102, 0.05, 20250811 14:03:09
20250811140309, RKLB, 31, 20250822, C, 0, 23, 0.0048, 44.85, 0.9851, 1.5963, -0.0113, 13.49, 20250811 14:03:09
20250811140309, RKLB, 31, 20250822, P, 0, 3208, 0.0049, 44.85, -0.0158, 1.1129, -0.013, 0.09, 20250811 14:03:09
20250811140309, RKLB, 32, 20250822, C, 0, 35, 0.0064, 44.85, 0.9797, 1.364, -0.0149, 12.48, 20250811 14:03:09
20250811140309, RKLB, 32, 20250822, P, 59, 160, 0.0065, 44.85, -0.0212, 1.2268, -0.0165, 0.04, 20250811 14:03:09
20250811140309, RKLB, 33, 20250822, C, 2, 29, 0.0085, 44.85, 0.9724, 1.1816, -0.0193, 11.9, 20250811 14:03:09
20250811140309, RKLB, 33, 20250822, P, 11, 84, 0.0085, 44.85, -0.0286, 1.0655, -0.0208, 0.14, 20250811 14:03:09
20250811140309, RKLB, 34, 20250822, C, 2, 160, 0.0111, 44.85, 0.9627, 1.087, -0.0247, 11.5, 20250811 14:03:09
20250811140309, RKLB, 34, 20250822, P, 3, 195, 0.0112, 44.85, -0.0382, 0.965, -0.0261, 0.16, 20250811 14:03:09
20250811140309, RKLB, 35, 20250822, C, 0, 21, 0.0144, 44.85, 0.95, 1.0669, -0.0311, 13.66, 20250811 14:03:09
20250811140309, RKLB, 35, 20250822, P, 46, 153, 0.0145, 44.85, -0.051, 0.8747, -0.0324, 0.13, 20250811 14:03:09
20250811140309, RKLB, 36, 20250822, C, 414, 444, 0.0185, 44.85, 0.9334, 0.8783, -0.0387, 9, 20250811 14:03:09
20250811140309, RKLB, 36, 20250822, P, 15, 309, 0.0186, 44.85, -0.0676, 0.7798, -0.0399, 0.18, 20250811 14:03:09
20250811140309, RKLB, 37, 20250822, C, 0, 33, 0.0233, 44.85, 0.9122, 0.9165, -0.0475, 7.57, 20250811 14:03:09
20250811140309, RKLB, 37, 20250822, P, 97, 429, 0.0234, 44.85, -0.089, 0.884, -0.0486, 0.3, 20250811 14:03:09
20250811140309, RKLB, 38, 20250822, C, 16, 75, 0.0289, 44.85, 0.8852, 0.7662, -0.0573, 6.5, 20250811 14:03:09
20250811140309, RKLB, 38, 20250822, P, 131, 455, 0.029, 44.85, -0.116, 0.8445, -0.0583, 0.33, 20250811 14:03:09
20250811140309, RKLB, 39, 20250822, C, 1, 131, 0.0351, 44.85, 0.8519, 0.8175, -0.0679, 6.9, 20250811 14:03:09
20250811140309, RKLB, 39, 20250822, P, 169, 178, 0.0352, 44.85, -0.1495, 0.8288, -0.0689, 0.52, 20250811 14:03:09
20250811140309, RKLB, 39.5, 20250822, C, 1, 1, 0.0383, 44.85, 0.8327, 1.078, -0.0733, 5.75, 20250811 14:03:09
20250811140309, RKLB, 39.5, 20250822, P, 82, 35, 0.0385, 44.85, -0.1688, 0.8232, -0.0743, 0.64, 20250811 14:03:09
20250811140309, RKLB, 40, 20250822, C, 39, 4075, 0.0415, 44.85, 0.8117, 0.7425, -0.0788, 6.65, 20250811 14:03:09
20250811140309, RKLB, 40, 20250822, P, 326, 706, 0.0417, 44.85, -0.1899, 0.8194, -0.0798, 0.67, 20250811 14:03:09
20250811140309, RKLB, 40.5, 20250822, C, 0, 35, 0.0448, 44.85, 0.7889, 0.9366, -0.0842, 5.15, 20250811 14:03:09
20250811140309, RKLB, 40.5, 20250822, P, 104, 191, 0.045, 44.85, -0.2128, 0.815, -0.0852, 0.7, 20250811 14:03:09
20250811140309, RKLB, 41, 20250822, C, 8, 62, 0.0479, 44.85, 0.7645, 0.815, -0.0895, 4.15, 20250811 14:03:09
20250811140309, RKLB, 41, 20250822, P, 109, 256, 0.0482, 44.85, -0.2374, 0.8156, -0.0904, 0.85, 20250811 14:03:09
20250811140309, RKLB, 41.5, 20250822, C, 1, 14, 0.0509, 44.85, 0.7385, 0.8157, -0.0945, 2.91, 20250811 14:03:09
20250811140309, RKLB, 41.5, 20250822, P, 12, 19, 0.0512, 44.85, -0.2635, 0.8204, -0.0954, 0.9, 20250811 14:03:09
20250811140309, RKLB, 42, 20250822, C, 29, 110, 0.0536, 44.85, 0.711, 0.8108, -0.0992, 4.3, 20250811 14:03:09
20250811140309, RKLB, 42, 20250822, P, 77, 218, 0.0539, 44.85, -0.2911, 0.8227, -0.1001, 1.18, 20250811 14:03:09
20250811140309, RKLB, 42.5, 20250822, C, 90, 19, 0.0561, 44.85, 0.6823, 0.8009, -0.1035, 4.55, 20250811 14:03:09
20250811140309, RKLB, 42.5, 20250822, P, 10, 47, 0.0564, 44.85, -0.32, 0.8957, -0.1043, 2, 20250811 14:03:09
20250811140309, RKLB, 43, 20250822, C, 184, 183, 0.0582, 44.85, 0.6525, 0.7689, -0.1072, 3.15, 20250811 14:03:09
20250811140309, RKLB, 43, 20250822, P, 169, 162, 0.0586, 44.85, -0.3499, 0.799, -0.108, 1.6, 20250811 14:03:09
20250811140309, RKLB, 43.5, 20250822, C, 117, 25, 0.06, 44.85, 0.622, 0.809, -0.1104, 3.4, 20250811 14:03:09
20250811140309, RKLB, 43.5, 20250822, P, 24, 24, 0.0603, 44.85, -0.3806, 0.8498, -0.1112, 1.82, 20250811 14:03:09
20250811140309, RKLB, 44, 20250822, C, 110, 701, 0.0613, 44.85, 0.591, 0.8122, -0.113, 3.1, 20250811 14:03:09
20250811140309, RKLB, 44, 20250822, P, 349, 147, 0.0616, 44.85, -0.4118, 0.8062, -0.1138, 1.82, 20250811 14:03:09
20250811140309, RKLB, 44.5, 20250822, C, 468, 134, 0.0621, 44.85, 0.5597, 0.8248, -0.115, 3.3, 20250811 14:03:09
20250811140309, RKLB, 44.5, 20250822, P, 224, 37, 0.0625, 44.85, -0.4432, 0.8672, -0.1156, 2, 20250811 14:03:09
20250811140309, RKLB, 45, 20250822, C, 253, 888, 0.0626, 44.85, 0.5285, 0.8401, -0.1162, 2.56, 20250811 14:03:09
20250811140309, RKLB, 45, 20250822, P, 74, 519, 0.0629, 44.85, -0.4746, 0.8372, -0.1169, 2.05, 20250811 14:03:09
20250811140309, RKLB, 45.5, 20250822, C, 126, 133, 0.0625, 44.85, 0.4977, 0.8664, -0.1168, 2.68, 20250811 14:03:09
20250811140309, RKLB, 45.5, 20250822, P, 3, 34, 0.0629, 44.85, -0.5056, 0.7321, -0.1174, 3.5, 20250811 14:03:09
20250811140309, RKLB, 46, 20250822, C, 231, 505, 0.0621, 44.85, 0.4674, 0.8352, -0.1168, 2.25, 20250811 14:03:09
20250811140309, RKLB, 46, 20250822, P, 37, 127, 0.0625, 44.85, -0.536, 0.8481, -0.1173, 2.81, 20250811 14:03:09
20250811140309, RKLB, 46.5, 20250822, C, 61, 54, 0.0613, 44.85, 0.438, 0.9395, -0.1161, 2.03, 20250811 14:03:09
20250811140309, RKLB, 46.5, 20250822, P, 2, 35, 0.0616, 44.85, -0.5656, 0.6067, -0.1166, 3.71, 20250811 14:03:09
20250811140309, RKLB, 47, 20250822, C, 61, 952, 0.0601, 44.85, 0.4096, 0.8572, -0.115, 1.82, 20250811 14:03:09
20250811140309, RKLB, 47, 20250822, P, 18, 100, 0.0605, 44.85, -0.5942, 0.8256, -0.1154, 3.7, 20250811 14:03:09
20250811140309, RKLB, 47.5, 20250822, C, 36, 69, 0.0587, 44.85, 0.3822, 0.8578, -0.1133, 2.34, 20250811 14:03:09
20250811140309, RKLB, 47.5, 20250822, P, 29, 31, 0.0591, 44.85, -0.6217, 0.6556, -0.1137, 4.45, 20250811 14:03:09
20250811140309, RKLB, 48, 20250822, C, 270, 3127, 0.057, 44.85, 0.3562, 0.8523, -0.1112, 1.55, 20250811 14:03:09
20250811140309, RKLB, 48, 20250822, P, 2, 263, 0.0574, 44.85, -0.6479, 0.6293, -0.1115, 4, 20250811 14:03:09
20250811140309, RKLB, 48.5, 20250822, C, 28, 28, 0.0551, 44.85, 0.3314, 0.8458, -0.1087, 1.35, 20250811 14:03:09
20250811140309, RKLB, 48.5, 20250822, P, 105, 12, 0.0555, 44.85, -0.6728, 0.841, -0.109, 5.05, 20250811 14:03:09
20250811140309, RKLB, 49, 20250822, C, 163, 306, 0.0531, 44.85, 0.3081, 0.9278, -0.1059, 1.4, 20250811 14:03:09
20250811140309, RKLB, 49, 20250822, P, 2, 50, 0.0535, 44.85, -0.6963, 0.9427, -0.1061, 5.5, 20250811 14:03:09
20250811140309, RKLB, 49.5, 20250822, C, 158, 283, 0.051, 44.85, 0.2861, 0.8858, -0.1028, 1.22, 20250811 14:03:09
20250811140309, RKLB, 49.5, 20250822, P, 50, 0, 0.0513, 44.85, -0.7184, 0.8988, -0.103, 5.2, 20250811 14:03:09
20250811140309, RKLB, 50, 20250822, C, 1303, 2499, 0.0487, 44.85, 0.2655, 0.869, -0.0996, 0.99, 20250811 14:03:09
20250811140309, RKLB, 50, 20250822, P, 34, 197, 0.0491, 44.85, -0.7392, 0.8569, -0.0998, 5.8, 20250811 14:03:09
20250811140309, RKLB, 51, 20250822, C, 360, 273, 0.0442, 44.85, 0.2283, 0.9357, -0.0928, 0.9, 20250811 14:03:09
20250811140309, RKLB, 51, 20250822, P, 3, 54, 0.0447, 44.85, -0.7766, 1.1048, -0.0929, 6.4, 20250811 14:03:09
20250811140309, RKLB, 52, 20250822, C, 1287, 2111, 0.0398, 44.85, 0.1962, 0.8705, -0.0858, 0.65, 20250811 14:03:09
20250811140309, RKLB, 52, 20250822, P, 4, 48, 0.0403, 44.85, -0.809, 1.0587, -0.0858, 8.9, 20250811 14:03:09
20250811140309, RKLB, 53, 20250822, C, 155, 199, 0.0356, 44.85, 0.1686, 0.8612, -0.0788, 0.64, 20250811 14:03:09
20250811140309, RKLB, 53, 20250822, P, 1, 149, 0.0361, 44.85, -0.8368, 0.8911, -0.0789, 8.95, 20250811 14:03:09
20250811140309, RKLB, 54, 20250822, C, 140, 132, 0.0317, 44.85, 0.145, 1.0291, -0.0721, 0.53, 20250811 14:03:09
20250811140309, RKLB, 54, 20250822, P, 0, 5, 0.0322, 44.85, -0.8606, 1.152, -0.0722, 10.22, 20250811 14:03:09
20250811140309, RKLB, 55, 20250822, C, 397, 644, 0.0282, 44.85, 0.125, 0.9482, -0.0658, 0.49, 20250811 14:03:09
20250811140309, RKLB, 55, 20250822, P, 1, 55, 0.0287, 44.85, -0.8809, 1.173, -0.0659, 9.9, 20250811 14:03:09
20250811140309, RKLB, 56, 20250822, C, 22, 50, 0.025, 44.85, 0.108, 0.94, -0.0599, 0.41, 20250811 14:03:09
20250811140309, RKLB, 56, 20250822, P, 0, 0, 0.0255, 44.85, -0.8981, 1.2854, -0.0599, 0, 20250811 14:03:09
20250811140309, RKLB, 57, 20250822, C, 88, 86, 0.0221, 44.85, 0.0935, 1.0187, -0.0544, 0.25, 20250811 14:03:09
20250811140309, RKLB, 57, 20250822, P, 0, 13, 0.0226, 44.85, -0.9129, 1.3244, -0.0545, 10.95, 20250811 14:03:09
20250811140309, RKLB, 58, 20250822, C, 74, 39, 0.0195, 44.85, 0.0812, 0.9187, -0.0494, 0.3, 20250811 14:03:09
20250811140309, RKLB, 58, 20250822, P, 0, 0, 0.0201, 44.85, -0.9254, 1.4579, -0.0494, 0, 20250811 14:03:09
20250811140309, RKLB, 59, 20250822, C, 0, 153, 0.0173, 44.85, 0.0707, 1.1231, -0.0449, 0.38, 20250811 14:03:09
20250811140309, RKLB, 59, 20250822, P, 0, 0, 0.0179, 44.85, -0.9362, 1.5419, -0.0449, 0, 20250811 14:03:09
20250811140309, RKLB, 60, 20250822, C, 95, 173, 0.0153, 44.85, 0.0617, 1.0112, -0.0408, 0.2, 20250811 14:03:09
20250811140309, RKLB, 60, 20250822, P, 0, 9, 0.0159, 44.85, -0.9454, 1.5763, -0.0408, 15.04, 20250811 14:03:09
20250811140309, RKLB, 61, 20250822, C, 12, 139, 0.0136, 44.85, 0.054, 1.0274, -0.037, 0.15, 20250811 14:03:09
20250811140309, RKLB, 61, 20250822, P, 0, 0, 0.0142, 44.85, -0.9531, 1.6329, -0.0369, 0, 20250811 14:03:09
20250811140309, RKLB, 62, 20250822, C, 0, 98, 0.0121, 44.85, 0.0475, 1.3565, -0.0337, 0.18, 20250811 14:03:09
20250811140309, RKLB, 62, 20250822, P, 0, 0, 0.0127, 44.85, -0.96, 1.6626, -0.0335, 0, 20250811 14:03:09
20250811140309, RKLB, 63, 20250822, C, 0, 96, 0.0107, 44.85, 0.0418, 1.7644, -0.0307, 0.4, 20250811 14:03:09
20250811140309, RKLB, 63, 20250822, P, 0, 0, 0.0114, 44.85, -0.9659, 1.6891, -0.0304, 0, 20250811 14:03:09
20250811140309, RKLB, 64, 20250822, C, 0, 27, 0.0096, 44.85, 0.037, 1.8139, -0.0279, 0.23, 20250811 14:03:09
20250811140309, RKLB, 64, 20250822, P, 0, 0, 0.0103, 44.85, -0.9708, 1.7404, -0.0275, 0, 20250811 14:03:09
20250811140309, RKLB, 65, 20250822, C, 2, 408, 0.0086, 44.85, 0.0328, 1.1282, -0.0255, 0.16, 20250811 14:03:09
20250811140309, RKLB, 65, 20250822, P, 0, 22, 0.0092, 44.85, -0.9753, 1.7055, -0.0248, 15.8, 20250811 14:03:09
20250811140309, RKLB, 70, 20250822, C, 191, 346, 0.005, 44.85, 0.0186, 1.3393, -0.0164, 0.07, 20250811 14:03:09
20250811140309, RKLB, 70, 20250822, P, 0, 7, 0.0051, 44.85, -0.9899, 2.0235, -0.015, 20.16, 20250811 14:03:09
20250811140309, RKLB, 75, 20250822, C, 30, 7, 0.0031, 44.85, 0.0113, 1.8973, -0.0109, 0.05, 20250811 14:03:09
20250811140309, RKLB, 75, 20250822, P, 0, 2, 0.0024, 44.85, -0.9964, 1.9172, -0.0102, 32, 20250811 14:03:09
20250811140309, RKLB, 80, 20250822, C, 3, 162, 0.002, 44.85, 0.0072, 1.3111, -0.0075, 0.05, 20250811 14:03:09
20250811140309, RKLB, 80, 20250822, P, 0, 0, 0.0008, 44.85, -0.999, 0, -0.0084, 0, 20250811 14:03:09
20250811140309, RKLB, 20, 20250829, C, 1, 2, 0.0004, 44.85, 0.9989, 2.0221, 0, 23.15, 20250811 14:03:09
20250811140309, RKLB, 20, 20250829, P, 0, 5, 0.0004, 44.85, -0.0018, 2.0491, -0.0019, 0.12, 20250811 14:03:09
20250811140309, RKLB, 25, 20250829, C, 0, 7, 0.0017, 44.85, 0.9936, 1.107, -0.0028, 19.28, 20250811 14:03:09
20250811140309, RKLB, 25, 20250829, P, 0, 4, 0.0017, 44.85, -0.0071, 2.0111, -0.0057, 0.11, 20250811 14:03:09
20250811140309, RKLB, 28, 20250829, C, 0, 7, 0.0037, 44.85, 0.9855, 0, -0.0079, 19.07, 20250811 14:03:09
20250811140309, RKLB, 28, 20250829, P, 0, 4, 0.0037, 44.85, -0.0153, 1.5775, -0.0104, 0.15, 20250811 14:03:09
20250811140309, RKLB, 29, 20250829, C, 1, 9, 0.0047, 44.85, 0.9812, 1.2986, -0.0102, 15.02, 20250811 14:03:09
20250811140309, RKLB, 29, 20250829, P, 0, 60, 0.0047, 44.85, -0.0196, 1.6576, -0.0126, 0.25, 20250811 14:03:09
20250811140309, RKLB, 30, 20250829, C, 0, 38, 0.0059, 44.85, 0.9756, 0.9057, -0.013, 18, 20250811 14:03:09
20250811140309, RKLB, 30, 20250829, P, 44, 344, 0.006, 44.85, -0.0251, 1.0547, -0.0152, 0.15, 20250811 14:03:09
20250811140309, RKLB, 31, 20250829, C, 0, 3, 0.0075, 44.85, 0.9687, 0.9282, -0.0162, 12.9, 20250811 14:03:09
20250811140309, RKLB, 31, 20250829, P, 67, 147, 0.0075, 44.85, -0.0321, 1.1226, -0.0183, 0.34, 20250811 14:03:09
20250811140309, RKLB, 32, 20250829, C, 0, 20, 0.0093, 44.85, 0.96, 0.9228, -0.0198, 16.2, 20250811 14:03:09
20250811140309, RKLB, 32, 20250829, P, 7, 141, 0.0094, 44.85, -0.0408, 0.9678, -0.0218, 0.17, 20250811 14:03:09
20250811140309, RKLB, 33, 20250829, C, 0, 10, 0.0116, 44.85, 0.9491, 0, -0.024, 14.52, 20250811 14:03:09
20250811140309, RKLB, 33, 20250829, P, 9, 77, 0.0116, 44.85, -0.0518, 0.8904, -0.0259, 0.23, 20250811 14:03:09
20250811140309, RKLB, 34, 20250829, C, 0, 376, 0.0142, 44.85, 0.9357, 0.8925, -0.0288, 12.4, 20250811 14:03:09
20250811140309, RKLB, 34, 20250829, P, 0, 134, 0.0143, 44.85, -0.0653, 0.8807, -0.0305, 0.32, 20250811 14:03:09
20250811140309, RKLB, 35, 20250829, C, 0, 75, 0.0173, 44.85, 0.9191, 0.8697, -0.0341, 13.02, 20250811 14:03:09
20250811140309, RKLB, 35, 20250829, P, 147, 343, 0.0174, 44.85, -0.0819, 0.858, -0.0357, 0.35, 20250811 14:03:09
20250811140309, RKLB, 36, 20250829, C, 0, 101, 0.0208, 44.85, 0.8989, 0, -0.0399, 11, 20250811 14:03:09
20250811140309, RKLB, 36, 20250829, P, 138, 327, 0.021, 44.85, -0.1022, 0.8462, -0.0414, 0.4, 20250811 14:03:09
20250811140309, RKLB, 37, 20250829, C, 0, 38, 0.0248, 44.85, 0.8748, 0.7593, -0.0461, 8.59, 20250811 14:03:09
20250811140309, RKLB, 37, 20250829, P, 32, 241, 0.0249, 44.85, -0.1265, 0.8489, -0.0474, 0.52, 20250811 14:03:09
20250811140309, RKLB, 38, 20250829, C, 1, 16, 0.029, 44.85, 0.8461, 0.7874, -0.0526, 6.36, 20250811 14:03:09
20250811140309, RKLB, 38, 20250829, P, 82, 454, 0.0291, 44.85, -0.1553, 0.8233, -0.0538, 0.7, 20250811 14:03:09
20250811140309, RKLB, 39, 20250829, C, 50, 65, 0.0333, 44.85, 0.8128, 0.8564, -0.0591, 5.33, 20250811 14:03:09
20250811140309, RKLB, 39, 20250829, P, 86, 175, 0.0335, 44.85, -0.1888, 0.7771, -0.0603, 0.75, 20250811 14:03:09
20250811140309, RKLB, 39.5, 20250829, C, 0, 0, 0.0355, 44.85, 0.7944, 0.8275, -0.0624, 0, 20250811 14:03:09
20250811140309, RKLB, 39.5, 20250829, P, 5, 0, 0.0356, 44.85, -0.2072, 0.8399, -0.0635, 1.22, 20250811 14:03:09
20250811140309, RKLB, 40, 20250829, C, 103, 86, 0.0376, 44.85, 0.7749, 0.7975, -0.0655, 6.9, 20250811 14:03:09
20250811140309, RKLB, 40, 20250829, P, 116, 398, 0.0378, 44.85, -0.2269, 0.8064, -0.0666, 1.1, 20250811 14:03:09
20250811140309, RKLB, 40.5, 20250829, C, 9, 0, 0.0397, 44.85, 0.7543, 0.7338, -0.0686, 4.5, 20250811 14:03:09
20250811140309, RKLB, 40.5, 20250829, P, 10, 0, 0.0399, 44.85, -0.2476, 0.7863, -0.0696, 1.21, 20250811 14:03:09
20250811140309, RKLB, 41, 20250829, C, 10, 48, 0.0416, 44.85, 0.7327, 0.757, -0.0715, 4.5, 20250811 14:03:09
20250811140309, RKLB, 41, 20250829, P, 8, 93, 0.0418, 44.85, -0.2694, 0.7611, -0.0725, 1.67, 20250811 14:03:09
20250811140309, RKLB, 41.5, 20250829, C, 61, 0, 0.0434, 44.85, 0.7101, 0.7814, -0.0742, 4.15, 20250811 14:03:09
20250811140309, RKLB, 41.5, 20250829, P, 16, 0, 0.0437, 44.85, -0.2921, 0.823, -0.0752, 1.68, 20250811 14:03:09
20250811140309, RKLB, 42, 20250829, C, 53, 312, 0.0451, 44.85, 0.6867, 0.7862, -0.0768, 4.84, 20250811 14:03:09
20250811140309, RKLB, 42, 20250829, P, 64, 417, 0.0454, 44.85, -0.3156, 0.7958, -0.0777, 1.72, 20250811 14:03:09
20250811140309, RKLB, 42.5, 20250829, C, 0, 0, 0.0466, 44.85, 0.6626, 0.7803, -0.0791, 0, 20250811 14:03:09
20250811140309, RKLB, 42.5, 20250829, P, 10, 0, 0.0469, 44.85, -0.3398, 0.821, -0.0799, 2.1, 20250811 14:03:09
20250811140309, RKLB, 43, 20250829, C, 102, 93, 0.0479, 44.85, 0.638, 0.7846, -0.0811, 3.35, 20250811 14:03:09
20250811140309, RKLB, 43, 20250829, P, 11, 217, 0.0482, 44.85, -0.3646, 0.7765, -0.0819, 1.95, 20250811 14:03:09
20250811140309, RKLB, 43.5, 20250829, C, 16, 0, 0.049, 44.85, 0.613, 0.7788, -0.0828, 4, 20250811 14:03:09
20250811140309, RKLB, 43.5, 20250829, P, 9, 0, 0.0493, 44.85, -0.3898, 0.7983, -0.0836, 3, 20250811 14:03:09
20250811140309, RKLB, 44, 20250829, C, 91, 167, 0.0498, 44.85, 0.5877, 0.7762, -0.0843, 3.63, 20250811 14:03:09
20250811140309, RKLB, 44, 20250829, P, 201, 115, 0.0501, 44.85, -0.4152, 0.7646, -0.085, 2.61, 20250811 14:03:09
20250811140309, RKLB, 44.5, 20250829, C, 8, 0, 0.0504, 44.85, 0.5624, 0.7768, -0.0854, 2.45, 20250811 14:03:09
20250811140309, RKLB, 44.5, 20250829, P, 5, 0, 0.0507, 44.85, -0.4407, 0.7869, -0.086, 2.7, 20250811 14:03:09
20250811140309, RKLB, 45, 20250829, C, 386, 952, 0.0507, 44.85, 0.5371, 0.7804, -0.0862, 3.1, 20250811 14:03:09
20250811140309, RKLB, 45, 20250829, P, 174, 518, 0.0511, 44.85, -0.4661, 0.7778, -0.0868, 2.7, 20250811 14:03:09
20250811140309, RKLB, 45.5, 20250829, C, 14, 0, 0.0508, 44.85, 0.512, 0.7545, -0.0867, 3.4, 20250811 14:03:09
20250811140309, RKLB, 45.5, 20250829, P, 10, 0, 0.0512, 44.85, -0.4914, 0.7292, -0.0872, 3.45, 20250811 14:03:09
20250811140309, RKLB, 46, 20250829, C, 112, 259, 0.0507, 44.85, 0.4874, 0.7831, -0.0869, 3.15, 20250811 14:03:09
20250811140309, RKLB, 46, 20250829, P, 6, 134, 0.0511, 44.85, -0.5162, 0.7817, -0.0874, 3.28, 20250811 14:03:09
20250811140309, RKLB, 46.5, 20250829, C, 20, 0, 0.0504, 44.85, 0.4632, 0.7936, -0.0868, 2.25, 20250811 14:03:09
20250811140309, RKLB, 46.5, 20250829, P, 5, 0, 0.0507, 44.85, -0.5406, 0.7821, -0.0872, 3.75, 20250811 14:03:09
20250811140309, RKLB, 47, 20250829, C, 124, 352, 0.0498, 44.85, 0.4396, 0.8026, -0.0865, 2.36, 20250811 14:03:09
20250811140309, RKLB, 47, 20250829, P, 0, 317, 0.0502, 44.85, -0.5643, 0.7858, -0.0868, 4.1, 20250811 14:03:09
20250811140309, RKLB, 47.5, 20250829, C, 22, 0, 0.0491, 44.85, 0.4167, 0.7293, -0.0859, 2.28, 20250811 14:03:09
20250811140309, RKLB, 47.5, 20250829, P, 1, 0, 0.0495, 44.85, -0.5874, 0.7868, -0.0862, 4.57, 20250811 14:03:09
20250811140309, RKLB, 48, 20250829, C, 136, 222, 0.0482, 44.85, 0.3945, 0.7931, -0.085, 2.33, 20250811 14:03:09
20250811140309, RKLB, 48, 20250829, P, 1, 90, 0.0486, 44.85, -0.6097, 0.7781, -0.0853, 5.83, 20250811 14:03:09
20250811140309, RKLB, 48.5, 20250829, C, 2, 0, 0.0472, 44.85, 0.3732, 0.807, -0.084, 2.02, 20250811 14:03:09
20250811140309, RKLB, 48.5, 20250829, P, 0, 0, 0.0476, 44.85, -0.6312, 0.773, -0.0842, 0, 20250811 14:03:09
20250811140309, RKLB, 49, 20250829, C, 67, 256, 0.0461, 44.85, 0.3528, 0.8026, -0.0827, 1.96, 20250811 14:03:09
20250811140309, RKLB, 49, 20250829, P, 0, 29, 0.0465, 44.85, -0.6517, 0.799, -0.0829, 5.15, 20250811 14:03:09
20250811140309, RKLB, 49.5, 20250829, C, 12, 0, 0.0449, 44.85, 0.3332, 0.8049, -0.0813, 1.99, 20250811 14:03:09
20250811140309, RKLB, 49.5, 20250829, P, 0, 0, 0.0453, 44.85, -0.6714, 0.8024, -0.0814, 0, 20250811 14:03:09
20250811140309, RKLB, 50, 20250829, C, 588, 1228, 0.0436, 44.85, 0.3146, 0.8118, -0.0798, 1.49, 20250811 14:03:09
20250811140309, RKLB, 50, 20250829, P, 68, 144, 0.044, 44.85, -0.6902, 0.789, -0.0798, 5.85, 20250811 14:03:09
20250811140309, RKLB, 51, 20250829, C, 83, 89, 0.0408, 44.85, 0.2801, 0.822, -0.0764, 1.35, 20250811 14:03:09
20250811140309, RKLB, 51, 20250829, P, 15, 32, 0.0412, 44.85, -0.725, 0.8127, -0.0763, 8.57, 20250811 14:03:09
20250811140309, RKLB, 52, 20250829, C, 36, 220, 0.038, 44.85, 0.2492, 0.8298, -0.0728, 1, 20250811 14:03:09
20250811140309, RKLB, 52, 20250829, P, 1, 35, 0.0384, 44.85, -0.7562, 0.8207, -0.0726, 7.68, 20250811 14:03:09
20250811140309, RKLB, 53, 20250829, C, 44, 133, 0.0351, 44.85, 0.2216, 0.8645, -0.0689, 1, 20250811 14:03:09
20250811140309, RKLB, 53, 20250829, P, 18, 43, 0.0355, 44.85, -0.784, 0.7843, -0.0686, 9.25, 20250811 14:03:09
20250811140309, RKLB, 54, 20250829, C, 9, 174, 0.0323, 44.85, 0.1972, 0.8521, -0.0651, 0.97, 20250811 14:03:09
20250811140309, RKLB, 54, 20250829, P, 0, 2, 0.0328, 44.85, -0.8086, 0.8288, -0.0646, 7.8, 20250811 14:03:09
20250811140309, RKLB, 55, 20250829, C, 139, 290, 0.0297, 44.85, 0.1757, 0.8661, -0.0612, 0.73, 20250811 14:03:09
20250811140309, RKLB, 55, 20250829, P, 0, 15, 0.0301, 44.85, -0.8304, 0.7859, -0.0607, 11.13, 20250811 14:03:09
20250811140309, RKLB, 56, 20250829, C, 55, 163, 0.0272, 44.85, 0.1567, 0.8741, -0.0575, 0.8, 20250811 14:03:09
20250811140309, RKLB, 56, 20250829, P, 0, 1, 0.0276, 44.85, -0.8496, 0.833, -0.0568, 9.07, 20250811 14:03:09
20250811140309, RKLB, 57, 20250829, C, 42, 272, 0.0248, 44.85, 0.14, 0.8917, -0.0539, 0.69, 20250811 14:03:09
20250811140309, RKLB, 57, 20250829, P, 0, 0, 0.0253, 44.85, -0.8666, 0.828, -0.0532, 0, 20250811 14:03:09
20250811140309, RKLB, 58, 20250829, C, 75, 9, 0.0227, 44.85, 0.1253, 0.9025, -0.0505, 0.55, 20250811 14:03:09
20250811140309, RKLB, 58, 20250829, P, 0, 0, 0.0232, 44.85, -0.8815, 0.9699, -0.0497, 0, 20250811 14:03:09
20250811140309, RKLB, 59, 20250829, C, 31, 27, 0.0207, 44.85, 0.1124, 0.8888, -0.0473, 0.5, 20250811 14:03:09
20250811140309, RKLB, 59, 20250829, P, 8, 0, 0.0213, 44.85, -0.8946, 0, -0.0464, 13.7, 20250811 14:03:09
20250811140309, RKLB, 60, 20250829, C, 10236, 998, 0.0189, 44.85, 0.101, 0.9395, -0.0442, 0.41, 20250811 14:03:09
20250811140309, RKLB, 60, 20250829, P, 0, 10, 0.0195, 44.85, -0.9063, 0.907, -0.0433, 14.75, 20250811 14:03:09
20250811140309, RKLB, 61, 20250829, C, 116, 63, 0.0173, 44.85, 0.0909, 0.9486, -0.0414, 0.44, 20250811 14:03:09
20250811140309, RKLB, 61, 20250829, P, 0, 1, 0.0179, 44.85, -0.9166, 1.0729, -0.0404, 14.65, 20250811 14:03:09
20250811140309, RKLB, 62, 20250829, C, 0, 62, 0.0158, 44.85, 0.0821, 0.9565, -0.0387, 0.36, 20250811 14:03:09
20250811140309, RKLB, 62, 20250829, P, 0, 0, 0.0164, 44.85, -0.9256, 0.7624, -0.0377, 0, 20250811 14:03:09
20250811140309, RKLB, 63, 20250829, C, 0, 7, 0.0144, 44.85, 0.0742, 0.8687, -0.0362, 0.29, 20250811 14:03:09
20250811140309, RKLB, 63, 20250829, P, 0, 0, 0.015, 44.85, -0.9337, 0.7933, -0.0351, 0, 20250811 14:03:09
20250811140309, RKLB, 64, 20250829, C, 0, 77, 0.0132, 44.85, 0.0672, 0.9418, -0.0339, 0.25, 20250811 14:03:09
20250811140309, RKLB, 64, 20250829, P, 0, 0, 0.0138, 44.85, -0.9409, 0, -0.0329, 0, 20250811 14:03:09
20250811140309, RKLB, 65, 20250829, C, 37, 380, 0.0121, 44.85, 0.0611, 0.9508, -0.0318, 0.25, 20250811 14:03:09
20250811140309, RKLB, 65, 20250829, P, 0, 15, 0.0128, 44.85, -0.9473, 1.0504, -0.0308, 15.9, 20250811 14:03:09
20250811140309, RKLB, 70, 20250829, C, 0, 151, 0.008, 44.85, 0.0389, 1.1969, -0.0232, 0.19, 20250811 14:03:09
20250811140309, RKLB, 70, 20250829, P, 0, 0, 0.0087, 44.85, -0.9705, 0.9928, -0.0216, 0, 20250811 14:03:09
20250811140309, RKLB, 75, 20250829, C, 0, 79, 0.0054, 44.85, 0.026, 1.589, -0.0172, 0.3, 20250811 14:03:09
20250811140309, RKLB, 75, 20250829, P, 0, 0, 0.0061, 44.85, -0.9844, 1.3289, -0.0148, 0, 20250811 14:03:09
20250811140309, RKLB, 80, 20250829, C, 0, 1044, 0.0038, 44.85, 0.0181, 1.5585, -0.0131, 0.07, 20250811 14:03:09
20250811140309, RKLB, 80, 20250829, P, 0, 3, 0.0038, 44.85, -0.9926, 1.7099, -0.0108, 32.5, 20250811 14:03:09
20250811140309, RKLB, 25, 20250905, C, 0, 0, 0.0021, 44.85, 0.9919, 1.3233, -0.0024, 0, 20250811 14:03:09
20250811140309, RKLB, 25, 20250905, P, 0, 50, 0.0021, 44.85, -0.0093, 1.4727, -0.0056, 0.12, 20250811 14:03:09
20250811140309, RKLB, 30, 20250905, C, 0, 4, 0.0068, 44.85, 0.9688, 0, -0.0124, 15.63, 20250811 14:03:09
20250811140309, RKLB, 30, 20250905, P, 1, 219, 0.0069, 44.85, -0.0324, 1.0198, -0.0148, 0.34, 20250811 14:03:09
20250811140309, RKLB, 34, 20250905, C, 0, 6, 0.0152, 44.85, 0.9216, 0.5005, -0.0264, 12.65, 20250811 14:03:09
20250811140309, RKLB, 34, 20250905, P, 14, 12, 0.0153, 44.85, -0.0799, 0.7025, -0.0283, 0.43, 20250811 14:03:09
20250811140309, RKLB, 35, 20250905, C, 0, 101, 0.0181, 44.85, 0.9031, 0.809, -0.0309, 10.45, 20250811 14:03:09
20250811140309, RKLB, 35, 20250905, P, 12, 212, 0.0182, 44.85, -0.0984, 0.7958, -0.0326, 0.43, 20250811 14:03:09
20250811140309, RKLB, 36, 20250905, C, 0, 87, 0.0212, 44.85, 0.8814, 0.837, -0.0356, 8.87, 20250811 14:03:09
20250811140309, RKLB, 36, 20250905, P, 8, 110, 0.0213, 44.85, -0.1202, 0.7722, -0.0372, 0.5, 20250811 14:03:09
20250811140309, RKLB, 37, 20250905, C, 0, 0, 0.0246, 44.85, 0.8561, 0.6712, -0.0404, 0, 20250811 14:03:09
20250811140309, RKLB, 37, 20250905, P, 26, 132, 0.0247, 44.85, -0.1457, 0.7764, -0.0419, 0.64, 20250811 14:03:09
20250811140309, RKLB, 38, 20250905, C, 0, 13, 0.0281, 44.85, 0.8271, 0.7519, -0.0454, 7.17, 20250811 14:03:09
20250811140309, RKLB, 38, 20250905, P, 9, 63, 0.0282, 44.85, -0.1748, 0.7627, -0.0467, 0.81, 20250811 14:03:09
20250811140309, RKLB, 39, 20250905, C, 0, 7, 0.0315, 44.85, 0.7944, 0.5833, -0.0503, 7.4, 20250811 14:03:09
20250811140309, RKLB, 39, 20250905, P, 35, 75, 0.0317, 44.85, -0.2076, 0.7683, -0.0515, 1.13, 20250811 14:03:09
20250811140309, RKLB, 40, 20250905, C, 0, 17, 0.0349, 44.85, 0.7583, 0.7503, -0.0549, 7.18, 20250811 14:03:09
20250811140309, RKLB, 40, 20250905, P, 41, 163, 0.0351, 44.85, -0.244, 0.752, -0.056, 1.27, 20250811 14:03:09
20250811140309, RKLB, 41, 20250905, C, 0, 3, 0.0379, 44.85, 0.719, 0.7238, -0.0592, 5.72, 20250811 14:03:09
20250811140309, RKLB, 41, 20250905, P, 13, 65, 0.0382, 44.85, -0.2835, 0.7322, -0.0601, 1.73, 20250811 14:03:09
20250811140309, RKLB, 42, 20250905, C, 3, 24, 0.0406, 44.85, 0.6772, 0.7489, -0.0628, 4.28, 20250811 14:03:09
20250811140309, RKLB, 42, 20250905, P, 17, 73, 0.0408, 44.85, -0.3256, 0.7299, -0.0637, 2.53, 20250811 14:03:09
20250811140309, RKLB, 43, 20250905, C, 66, 36, 0.0427, 44.85, 0.6335, 0.7496, -0.0659, 4.91, 20250811 14:03:09
20250811140309, RKLB, 43, 20250905, P, 6, 50, 0.043, 44.85, -0.3696, 0.77, -0.0666, 2.58, 20250811 14:03:09
20250811140309, RKLB, 44, 20250905, C, 197, 259, 0.0441, 44.85, 0.5889, 0.7455, -0.0681, 4.4, 20250811 14:03:09
20250811140309, RKLB, 44, 20250905, P, 19, 112, 0.0445, 44.85, -0.4145, 0.7166, -0.0688, 2.64, 20250811 14:03:09
20250811140309, RKLB, 45, 20250905, C, 148, 332, 0.0449, 44.85, 0.5441, 0.7425, -0.0696, 4, 20250811 14:03:09
20250811140309, RKLB, 45, 20250905, P, 104, 176, 0.0453, 44.85, -0.4597, 0.7356, -0.0701, 3.06, 20250811 14:03:09
20250811140309, RKLB, 46, 20250905, C, 20, 229, 0.0451, 44.85, 0.4999, 0.7513, -0.0702, 3.12, 20250811 14:03:09
20250811140309, RKLB, 46, 20250905, P, 16, 35, 0.0455, 44.85, -0.5043, 0.6538, -0.0707, 3.45, 20250811 14:03:09
20250811140309, RKLB, 47, 20250905, C, 161, 322, 0.0446, 44.85, 0.4571, 0.7562, -0.0701, 3.08, 20250811 14:03:09
20250811140309, RKLB, 47, 20250905, P, 0, 32, 0.0451, 44.85, -0.5475, 0.7601, -0.0705, 5.05, 20250811 14:03:09
20250811140309, RKLB, 48, 20250905, C, 47, 343, 0.0436, 44.85, 0.4162, 0.7698, -0.0693, 2.74, 20250811 14:03:09
20250811140309, RKLB, 48, 20250905, P, 0, 29, 0.0441, 44.85, -0.5888, 0.7997, -0.0696, 5.45, 20250811 14:03:09
20250811140309, RKLB, 49, 20250905, C, 17, 41, 0.0422, 44.85, 0.3777, 0.7678, -0.0679, 2.16, 20250811 14:03:09
20250811140309, RKLB, 49, 20250905, P, 6, 15, 0.0427, 44.85, -0.6277, 0.7433, -0.0681, 6.7, 20250811 14:03:09
20250811140309, RKLB, 50, 20250905, C, 237, 254, 0.0405, 44.85, 0.3418, 0.7783, -0.066, 1.85, 20250811 14:03:09
20250811140309, RKLB, 50, 20250905, P, 4, 13, 0.041, 44.85, -0.664, 0.7738, -0.0662, 8.9, 20250811 14:03:09
20250811140309, RKLB, 51, 20250905, C, 43, 133, 0.0385, 44.85, 0.3087, 0.7746, -0.0638, 1.88, 20250811 14:03:09
20250811140309, RKLB, 51, 20250905, P, 0, 0, 0.0391, 44.85, -0.6975, 0.8524, -0.0638, 0, 20250811 14:03:09
20250811140309, RKLB, 52, 20250905, C, 4, 109, 0.0364, 44.85, 0.2785, 0.7821, -0.0613, 1, 20250811 14:03:09
20250811140309, RKLB, 52, 20250905, P, 0, 0, 0.0369, 44.85, -0.7282, 0.7343, -0.0612, 0, 20250811 14:03:09
20250811140309, RKLB, 53, 20250905, C, 32, 79, 0.0342, 44.85, 0.251, 0.7938, -0.0586, 1.44, 20250811 14:03:09
20250811140309, RKLB, 53, 20250905, P, 0, 0, 0.0348, 44.85, -0.756, 0.7926, -0.0584, 0, 20250811 14:03:09
20250811140309, RKLB, 54, 20250905, C, 6, 63, 0.0319, 44.85, 0.2262, 0.8, -0.0558, 0.77, 20250811 14:03:09
20250811140309, RKLB, 54, 20250905, P, 0, 1, 0.0325, 44.85, -0.7813, 0.8138, -0.0555, 9.7, 20250811 14:03:09
20250811140309, RKLB, 55, 20250905, C, 129, 144, 0.0297, 44.85, 0.2038, 0.8065, -0.053, 1, 20250811 14:03:09
20250811140309, RKLB, 55, 20250905, P, 0, 0, 0.0304, 44.85, -0.8041, 0.7927, -0.0526, 0, 20250811 14:03:09
20250811140309, RKLB, 56, 20250905, C, 7, 20, 0.0276, 44.85, 0.1838, 0.8155, -0.0502, 0.9, 20250811 14:03:09
20250811140309, RKLB, 56, 20250905, P, 0, 0, 0.0283, 44.85, -0.8245, 0.8199, -0.0497, 0, 20250811 14:03:09
20250811140309, RKLB, 57, 20250905, C, 1, 11, 0.0256, 44.85, 0.1658, 0.8164, -0.0475, 0.75, 20250811 14:03:09
20250811140309, RKLB, 57, 20250905, P, 0, 0, 0.0262, 44.85, -0.8428, 0.809, -0.0468, 0, 20250811 14:03:09
20250811140309, RKLB, 58, 20250905, C, 209, 36, 0.0237, 44.85, 0.1497, 0.8075, -0.0448, 0.8, 20250811 14:03:09
20250811140309, RKLB, 58, 20250905, P, 0, 0, 0.0244, 44.85, -0.8592, 0.778, -0.0441, 0, 20250811 14:03:09
20250811140309, RKLB, 59, 20250905, C, 4, 51, 0.0219, 44.85, 0.1354, 0.7177, -0.0422, 0.4, 20250811 14:03:09
20250811140309, RKLB, 59, 20250905, P, 0, 0, 0.0226, 44.85, -0.8739, 0.8143, -0.0414, 0, 20250811 14:03:09
20250811140309, RKLB, 60, 20250905, C, 97, 89, 0.0202, 44.85, 0.1226, 0.849, -0.0398, 0.55, 20250811 14:03:09
20250811140309, RKLB, 60, 20250905, P, 0, 0, 0.0209, 44.85, -0.8871, 0.9323, -0.0388, 0, 20250811 14:03:09
20250811140309, RKLB, 65, 20250905, C, 20, 41, 0.0135, 44.85, 0.0763, 0.8093, -0.0293, 0.33, 20250811 14:03:09
20250811140309, RKLB, 65, 20250905, P, 0, 0, 0.0143, 44.85, -0.9351, 1.0123, -0.028, 0, 20250811 14:03:09
20250811140309, RKLB, 70, 20250905, C, 0, 89, 0.0092, 44.85, 0.0495, 0.9553, -0.0217, 0.44, 20250811 14:03:09
20250811140309, RKLB, 70, 20250905, P, 0, 0, 0.0101, 44.85, -0.9635, 1.0333, -0.02, 0, 20250811 14:03:09
