20240828093111, NVDA, 30, 20240830, C, 0, 21, 0, 127.335
20240828093111, NVDA, 30, 20240830, P, 0, 564, 0, 127.335
20240828093111, NVDA, 35, 20240830, C, 0, 326, 0, 127.335
20240828093111, NVDA, 35, 20240830, P, 0, 1767, 0, 127.335
20240828093111, NVDA, 40, 20240830, C, 0, 36, 0, 127.335
20240828093111, NVDA, 40, 20240830, P, 0, 1046, 0, 127.335
20240828093111, NVDA, 45, 20240830, C, 0, 28, 0, 127.335
20240828093111, NVDA, 45, 20240830, P, 0, 2466, 0, 127.335
20240828093111, NVDA, 50, 20240830, C, 0, 223, 0.0001, 127.335
20240828093111, NVDA, 50, 20240830, P, 5, 17854, 0.0001, 127.335
20240828093111, NVDA, 55, 20240830, C, 0, 151, 0.0001, 127.335
20240828093111, NVDA, 55, 20240830, P, 8, 17985, 0.0001, 127.335
20240828093111, NVDA, 60, 20240830, C, 0, 223, 0.0001, 127.335
20240828093111, NVDA, 60, 20240830, P, 4, 38248, 0.0001, 127.335
20240828093111, NVDA, 65, 20240830, C, 0, 94, 0.0002, 127.335
20240828093111, NVDA, 65, 20240830, P, 61, 52055, 0.0002, 127.335
20240828093111, NVDA, 70, 20240830, C, 9, 532, 0.0003, 127.335
20240828093111, NVDA, 70, 20240830, P, 14, 35428, 0.0003, 127.335
20240828093111, NVDA, 75, 20240830, C, 0, 636, 0.0005, 127.335
20240828093111, NVDA, 75, 20240830, P, 11, 22137, 0.0005, 127.335
20240828093111, NVDA, 80, 20240830, C, 0, 1212, 0.0007, 127.335
20240828093111, NVDA, 80, 20240830, P, 23, 27851, 0.0007, 127.335
20240828093111, NVDA, 81, 20240830, C, 0, 38, 0.0008, 127.335
20240828093111, NVDA, 81, 20240830, P, 0, 9240, 0.0008, 127.335
20240828093111, NVDA, 82, 20240830, C, 0, 49, 0.0009, 127.335
20240828093111, NVDA, 82, 20240830, P, 89, 1271, 0.0009, 127.335
20240828093111, NVDA, 83, 20240830, C, 1, 64, 0.001, 127.335
20240828093111, NVDA, 83, 20240830, P, 119, 16177, 0.001, 127.335
20240828093111, NVDA, 84, 20240830, C, 0, 110, 0.001, 127.335
20240828093111, NVDA, 84, 20240830, P, 1, 11071, 0.001, 127.335
20240828093111, NVDA, 85, 20240830, C, 0, 1045, 0.0011, 127.335
20240828093111, NVDA, 85, 20240830, P, 1, 21185, 0.0011, 127.335
20240828093111, NVDA, 86, 20240830, C, 0, 85, 0.0012, 127.335
20240828093111, NVDA, 86, 20240830, P, 0, 3439, 0.0012, 127.335
20240828093111, NVDA, 87, 20240830, C, 6, 110, 0.0014, 127.335
20240828093111, NVDA, 87, 20240830, P, 5, 3577, 0.0014, 127.335
20240828093111, NVDA, 88, 20240830, C, 0, 520, 0.0015, 127.335
20240828093111, NVDA, 88, 20240830, P, 1, 1342, 0.0015, 127.335
20240828093111, NVDA, 89, 20240830, C, 0, 159, 0.0016, 127.335
20240828093111, NVDA, 89, 20240830, P, 518, 3119, 0.0016, 127.335
20240828093111, NVDA, 90, 20240830, C, 0, 2881, 0.0018, 127.335
20240828093111, NVDA, 90, 20240830, P, 496, 42921, 0.0018, 127.335
20240828093111, NVDA, 91, 20240830, C, 0, 143, 0.002, 127.335
20240828093111, NVDA, 91, 20240830, P, 14, 1892, 0.002, 127.335
20240828093111, NVDA, 92, 20240830, C, 0, 287, 0.0022, 127.335
20240828093111, NVDA, 92, 20240830, P, 0, 2035, 0.0022, 127.335
20240828093111, NVDA, 93, 20240830, C, 0, 77, 0.0024, 127.335
20240828093111, NVDA, 93, 20240830, P, 10, 6018, 0.0024, 127.335
20240828093111, NVDA, 94, 20240830, C, 0, 111, 0.0026, 127.335
20240828093111, NVDA, 94, 20240830, P, 5, 1261, 0.0026, 127.335
20240828093111, NVDA, 95, 20240830, C, 0, 1605, 0.0029, 127.335
20240828093111, NVDA, 95, 20240830, P, 5, 16001, 0.0029, 127.335
20240828093111, NVDA, 96, 20240830, C, 0, 542, 0.0032, 127.335
20240828093111, NVDA, 96, 20240830, P, 12, 4118, 0.0032, 127.335
20240828093111, NVDA, 97, 20240830, C, 1, 297, 0.0035, 127.335
20240828093111, NVDA, 97, 20240830, P, 3, 4013, 0.0035, 127.335
20240828093111, NVDA, 98, 20240830, C, 0, 519, 0.0039, 127.335
20240828093111, NVDA, 98, 20240830, P, 33, 4938, 0.0039, 127.335
20240828093111, NVDA, 99, 20240830, C, 0, 504, 0.0043, 127.335
20240828093111, NVDA, 99, 20240830, P, 61, 5005, 0.0043, 127.335
20240828093111, NVDA, 100, 20240830, C, 20, 9927, 0.0048, 127.335
20240828093111, NVDA, 100, 20240830, P, 336, 47298, 0.0048, 127.335
20240828093111, NVDA, 101, 20240830, C, 0, 1396, 0.0052, 127.335
20240828093111, NVDA, 101, 20240830, P, 4, 4570, 0.0052, 127.335
20240828093111, NVDA, 102, 20240830, C, 0, 2354, 0.0058, 127.335
20240828093111, NVDA, 102, 20240830, P, 4, 8885, 0.0058, 127.335
20240828093111, NVDA, 103, 20240830, C, 1, 2893, 0.0064, 127.335
20240828093111, NVDA, 103, 20240830, P, 719, 4407, 0.0064, 127.335
20240828093111, NVDA, 104, 20240830, C, 4, 2026, 0.007, 127.335
20240828093111, NVDA, 104, 20240830, P, 73, 4352, 0.007, 127.335
20240828093111, NVDA, 105, 20240830, C, 2, 10075, 0.0077, 127.335
20240828093111, NVDA, 105, 20240830, P, 374, 21963, 0.0077, 127.335
20240828093111, NVDA, 106, 20240830, C, 0, 3776, 0.0084, 127.335
20240828093111, NVDA, 106, 20240830, P, 18, 20055, 0.0084, 127.335
20240828093111, NVDA, 107, 20240830, C, 1, 3378, 0.0092, 127.335
20240828093111, NVDA, 107, 20240830, P, 15, 14877, 0.0092, 127.335
20240828093111, NVDA, 108, 20240830, C, 1, 5050, 0.01, 127.335
20240828093111, NVDA, 108, 20240830, P, 37, 11486, 0.01, 127.335
20240828093111, NVDA, 109, 20240830, C, 1, 3193, 0.0109, 127.335
20240828093111, NVDA, 109, 20240830, P, 32, 11386, 0.0109, 127.335
20240828093111, NVDA, 110, 20240830, C, 8, 42237, 0.0117, 127.335
20240828093111, NVDA, 110, 20240830, P, 319, 53301, 0.0117, 127.335
20240828093111, NVDA, 111, 20240830, C, 0, 8106, 0.0126, 127.335
20240828093111, NVDA, 111, 20240830, P, 53, 8898, 0.0126, 127.335
20240828093111, NVDA, 112, 20240830, C, 5, 3685, 0.0135, 127.335
20240828093111, NVDA, 112, 20240830, P, 26, 10605, 0.0135, 127.335
20240828093111, NVDA, 113, 20240830, C, 1, 5775, 0.0144, 127.335
20240828093111, NVDA, 113, 20240830, P, 114, 8704, 0.0144, 127.335
20240828093111, NVDA, 114, 20240830, C, 17, 2370, 0.0153, 127.335
20240828093111, NVDA, 114, 20240830, P, 44, 11283, 0.0153, 127.335
20240828093111, NVDA, 115, 20240830, C, 39, 16162, 0.0162, 127.335
20240828093111, NVDA, 115, 20240830, P, 407, 31128, 0.0162, 127.335
20240828093111, NVDA, 116, 20240830, C, 3, 3171, 0.017, 127.335
20240828093111, NVDA, 116, 20240830, P, 89, 17067, 0.017, 127.335
20240828093111, NVDA, 117, 20240830, C, 3, 4427, 0.0178, 127.335
20240828093111, NVDA, 117, 20240830, P, 74, 8641, 0.0178, 127.335
20240828093111, NVDA, 118, 20240830, C, 14, 6245, 0.0186, 127.335
20240828093111, NVDA, 118, 20240830, P, 44, 11509, 0.0186, 127.335
20240828093111, NVDA, 119, 20240830, C, 1, 5269, 0.0193, 127.335
20240828093111, NVDA, 119, 20240830, P, 24, 7966, 0.0193, 127.335
20240828093111, NVDA, 120, 20240830, C, 227, 34124, 0.02, 127.335
20240828093111, NVDA, 120, 20240830, P, 806, 52171, 0.02, 127.335
20240828093111, NVDA, 121, 20240830, C, 4, 4886, 0.0206, 127.335
20240828093111, NVDA, 121, 20240830, P, 35, 28856, 0.0206, 127.335
20240828093111, NVDA, 122, 20240830, C, 6, 7347, 0.0212, 127.335
20240828093111, NVDA, 122, 20240830, P, 94, 10850, 0.0212, 127.335
20240828093111, NVDA, 123, 20240830, C, 24, 9763, 0.0216, 127.335
20240828093111, NVDA, 123, 20240830, P, 148, 17159, 0.0217, 127.335
20240828093111, NVDA, 124, 20240830, C, 9, 27254, 0.0221, 127.335
20240828093111, NVDA, 124, 20240830, P, 97, 14577, 0.0221, 127.335
20240828093111, NVDA, 125, 20240830, C, 296, 52814, 0.0224, 127.335
20240828093111, NVDA, 125, 20240830, P, 504, 35023, 0.0225, 127.335
20240828093111, NVDA, 126, 20240830, C, 419, 16021, 0.0227, 127.335
20240828093111, NVDA, 126, 20240830, P, 70, 13182, 0.0228, 127.335
20240828093111, NVDA, 127, 20240830, C, 208, 21599, 0.023, 127.335
20240828093111, NVDA, 127, 20240830, P, 109, 12220, 0.023, 127.335
20240828093111, NVDA, 128, 20240830, C, 806, 27940, 0.0231, 127.335
20240828093111, NVDA, 128, 20240830, P, 486, 18018, 0.0232, 127.335
20240828093111, NVDA, 129, 20240830, C, 918, 21856, 0.0232, 127.335
20240828093111, NVDA, 129, 20240830, P, 42, 9969, 0.0232, 127.335
20240828093111, NVDA, 130, 20240830, C, 3599, 146792, 0.0232, 127.335
20240828093111, NVDA, 130, 20240830, P, 149, 20721, 0.0232, 127.335
20240828093111, NVDA, 131, 20240830, C, 2790, 17179, 0.0232, 127.335
20240828093111, NVDA, 131, 20240830, P, 0, 3755, 0.0232, 127.335
20240828093111, NVDA, 132, 20240830, C, 3794, 23213, 0.023, 127.335
20240828093111, NVDA, 132, 20240830, P, 4, 3987, 0.023, 127.335
20240828093111, NVDA, 133, 20240830, C, 2591, 19490, 0.0228, 127.335
20240828093111, NVDA, 133, 20240830, P, 4, 2478, 0.0228, 127.335
20240828093111, NVDA, 134, 20240830, C, 753, 13487, 0.0225, 127.335
20240828093111, NVDA, 134, 20240830, P, 14, 1917, 0.0226, 127.335
20240828093111, NVDA, 135, 20240830, C, 1868, 68810, 0.0222, 127.335
20240828093111, NVDA, 135, 20240830, P, 7, 6071, 0.0222, 127.335
20240828093111, NVDA, 136, 20240830, C, 115, 10642, 0.0218, 127.335
20240828093111, NVDA, 136, 20240830, P, 0, 1157, 0.0218, 127.335
20240828093111, NVDA, 137, 20240830, C, 435, 12568, 0.0213, 127.335
20240828093111, NVDA, 137, 20240830, P, 14, 1095, 0.0213, 127.335
20240828093111, NVDA, 138, 20240830, C, 164, 12907, 0.0208, 127.335
20240828093111, NVDA, 138, 20240830, P, 0, 952, 0.0208, 127.335
20240828093111, NVDA, 139, 20240830, C, 141, 9629, 0.0202, 127.335
20240828093111, NVDA, 139, 20240830, P, 0, 1315, 0.0202, 127.335
20240828093111, NVDA, 140, 20240830, C, 2596, 90023, 0.0196, 127.335
20240828093111, NVDA, 140, 20240830, P, 3, 3289, 0.0196, 127.335
20240828093111, NVDA, 141, 20240830, C, 110, 10130, 0.0189, 127.335
20240828093111, NVDA, 141, 20240830, P, 10, 976, 0.0189, 127.335
20240828093111, NVDA, 142, 20240830, C, 99, 16120, 0.0182, 127.335
20240828093111, NVDA, 142, 20240830, P, 4, 573, 0.0182, 127.335
20240828093111, NVDA, 143, 20240830, C, 542, 8123, 0.0174, 127.335
20240828093111, NVDA, 143, 20240830, P, 0, 494, 0.0175, 127.335
20240828093111, NVDA, 144, 20240830, C, 21, 6111, 0.0167, 127.335
20240828093111, NVDA, 144, 20240830, P, 0, 623, 0.0167, 127.335
20240828093111, NVDA, 145, 20240830, C, 341, 38645, 0.0159, 127.335
20240828093111, NVDA, 145, 20240830, P, 1, 870, 0.0159, 127.335
20240828093111, NVDA, 146, 20240830, C, 267, 8415, 0.0151, 127.335
20240828093111, NVDA, 146, 20240830, P, 0, 737, 0.0151, 127.335
20240828093111, NVDA, 147, 20240830, C, 51, 5373, 0.0143, 127.335
20240828093111, NVDA, 147, 20240830, P, 0, 397, 0.0144, 127.335
20240828093111, NVDA, 148, 20240830, C, 64, 9140, 0.0135, 127.335
20240828093111, NVDA, 148, 20240830, P, 0, 238, 0.0136, 127.335
20240828093111, NVDA, 149, 20240830, C, 88, 8202, 0.0127, 127.335
20240828093111, NVDA, 149, 20240830, P, 0, 252, 0.0128, 127.335
20240828093111, NVDA, 150, 20240830, C, 808, 78514, 0.0119, 127.335
20240828093111, NVDA, 150, 20240830, P, 2, 869, 0.012, 127.335
20240828093111, NVDA, 155, 20240830, C, 321, 38078, 0.0084, 127.335
20240828093111, NVDA, 155, 20240830, P, 0, 187, 0.0085, 127.335
20240828093111, NVDA, 160, 20240830, C, 368, 29312, 0.0058, 127.335
20240828093111, NVDA, 160, 20240830, P, 0, 423, 0.0058, 127.335
20240828093111, NVDA, 165, 20240830, C, 206, 15471, 0.004, 127.335
20240828093111, NVDA, 165, 20240830, P, 0, 96, 0.004, 127.335
20240828093111, NVDA, 170, 20240830, C, 142, 19042, 0.0028, 127.335
20240828093111, NVDA, 170, 20240830, P, 0, 263, 0.0029, 127.335
20240828093111, NVDA, 175, 20240830, C, 54, 11513, 0.002, 127.335
20240828093111, NVDA, 175, 20240830, P, 0, 276, 0.0021, 127.335
20240828093111, NVDA, 180, 20240830, C, 112, 12654, 0.0015, 127.335
20240828093111, NVDA, 180, 20240830, P, 0, 8, 0.0016, 127.335
20240828093111, NVDA, 185, 20240830, C, 441, 12321, 0.0012, 127.335
20240828093111, NVDA, 185, 20240830, P, 0, 0, 0.0012, 127.335
20240828093111, NVDA, 190, 20240830, C, 167, 17221, 0.0009, 127.335
20240828093111, NVDA, 190, 20240830, P, 0, 0, 0.001, 127.335
20240828093111, NVDA, 195, 20240830, C, 45, 8112, 0.0007, 127.335
20240828093111, NVDA, 195, 20240830, P, 0, 0, 0.0008, 127.335
20240828093111, NVDA, 200, 20240830, C, 405, 22037, 0.0006, 127.335
20240828093111, NVDA, 200, 20240830, P, 0, 0, 0.0006, 127.335
20240828093111, NVDA, 205, 20240830, C, 55, 7666, 0.0004, 127.335
20240828093111, NVDA, 205, 20240830, P, 0, 0, 0.0004, 127.335
20240828093111, NVDA, 210, 20240830, C, 1, 4715, 0.0004, 127.335
20240828093111, NVDA, 210, 20240830, P, 0, 0, 0.0002, 127.335
20240828093111, NVDA, 215, 20240830, C, 21, 3814, 0.0003, 127.335
20240828093111, NVDA, 215, 20240830, P, 0, 0, 0.0001, 127.335
20240828093111, NVDA, 220, 20240830, C, 110, 35479, 0.0003, 127.335
20240828093111, NVDA, 220, 20240830, P, 0, 1, 0, 127.335
20240828095011, NVDA, 30, 20240830, C, 0, 21, 0, 126.54
20240828095011, NVDA, 30, 20240830, P, 10, 564, 0, 126.54
20240828095011, NVDA, 35, 20240830, C, 8, 326, 0, 126.54
20240828095011, NVDA, 35, 20240830, P, 0, 1767, 0, 126.54
20240828095011, NVDA, 40, 20240830, C, 0, 36, 0, 126.54
20240828095011, NVDA, 40, 20240830, P, 0, 1046, 0, 126.54
20240828095011, NVDA, 45, 20240830, C, 0, 28, 0, 126.54
20240828095011, NVDA, 45, 20240830, P, 0, 2466, 0, 126.54
20240828095011, NVDA, 50, 20240830, C, 10, 223, 0.0001, 126.54
20240828095011, NVDA, 50, 20240830, P, 5, 17854, 0.0001, 126.54
20240828095011, NVDA, 55, 20240830, C, 0, 151, 0.0001, 126.54
20240828095011, NVDA, 55, 20240830, P, 9, 17985, 0.0001, 126.54
20240828095011, NVDA, 60, 20240830, C, 5, 223, 0.0002, 126.54
20240828095011, NVDA, 60, 20240830, P, 617, 38248, 0.0002, 126.54
20240828095011, NVDA, 65, 20240830, C, 0, 94, 0.0002, 126.54
20240828095011, NVDA, 65, 20240830, P, 363, 52055, 0.0002, 126.54
20240828095011, NVDA, 70, 20240830, C, 9, 532, 0.0004, 126.54
20240828095011, NVDA, 70, 20240830, P, 65, 35428, 0.0004, 126.54
20240828095011, NVDA, 75, 20240830, C, 0, 636, 0.0005, 126.54
20240828095011, NVDA, 75, 20240830, P, 98, 22137, 0.0005, 126.54
20240828095011, NVDA, 80, 20240830, C, 2, 1212, 0.0008, 126.54
20240828095011, NVDA, 80, 20240830, P, 339, 27851, 0.0008, 126.54
20240828095011, NVDA, 81, 20240830, C, 1, 38, 0.0009, 126.54
20240828095011, NVDA, 81, 20240830, P, 3, 9240, 0.0009, 126.54
20240828095011, NVDA, 82, 20240830, C, 0, 49, 0.0009, 126.54
20240828095011, NVDA, 82, 20240830, P, 152, 1271, 0.0009, 126.54
20240828095011, NVDA, 83, 20240830, C, 1, 64, 0.001, 126.54
20240828095011, NVDA, 83, 20240830, P, 345, 16177, 0.001, 126.54
20240828095011, NVDA, 84, 20240830, C, 0, 110, 0.0011, 126.54
20240828095011, NVDA, 84, 20240830, P, 1, 11071, 0.0011, 126.54
20240828095011, NVDA, 85, 20240830, C, 10, 1045, 0.0012, 126.54
20240828095011, NVDA, 85, 20240830, P, 517, 21185, 0.0012, 126.54
20240828095011, NVDA, 86, 20240830, C, 2, 85, 0.0013, 126.54
20240828095011, NVDA, 86, 20240830, P, 30, 3439, 0.0013, 126.54
20240828095011, NVDA, 87, 20240830, C, 21, 110, 0.0015, 126.54
20240828095011, NVDA, 87, 20240830, P, 35, 3577, 0.0015, 126.54
20240828095011, NVDA, 88, 20240830, C, 2, 520, 0.0016, 126.54
20240828095011, NVDA, 88, 20240830, P, 1125, 1342, 0.0016, 126.54
20240828095011, NVDA, 89, 20240830, C, 0, 159, 0.0018, 126.54
20240828095011, NVDA, 89, 20240830, P, 737, 3119, 0.0018, 126.54
20240828095011, NVDA, 90, 20240830, C, 2, 2881, 0.0019, 126.54
20240828095011, NVDA, 90, 20240830, P, 2646, 42921, 0.0019, 126.54
20240828095011, NVDA, 91, 20240830, C, 1, 143, 0.0021, 126.54
20240828095011, NVDA, 91, 20240830, P, 18, 1892, 0.0021, 126.54
20240828095011, NVDA, 92, 20240830, C, 1, 287, 0.0023, 126.54
20240828095011, NVDA, 92, 20240830, P, 238, 2035, 0.0023, 126.54
20240828095011, NVDA, 93, 20240830, C, 3, 77, 0.0026, 126.54
20240828095011, NVDA, 93, 20240830, P, 65, 6018, 0.0026, 126.54
20240828095011, NVDA, 94, 20240830, C, 0, 111, 0.0028, 126.54
20240828095011, NVDA, 94, 20240830, P, 131, 1261, 0.0028, 126.54
20240828095011, NVDA, 95, 20240830, C, 12, 1605, 0.0031, 126.54
20240828095011, NVDA, 95, 20240830, P, 598, 16001, 0.0031, 126.54
20240828095011, NVDA, 96, 20240830, C, 0, 542, 0.0035, 126.54
20240828095011, NVDA, 96, 20240830, P, 103, 4118, 0.0035, 126.54
20240828095011, NVDA, 97, 20240830, C, 2, 297, 0.0038, 126.54
20240828095011, NVDA, 97, 20240830, P, 96, 4013, 0.0038, 126.54
20240828095011, NVDA, 98, 20240830, C, 0, 519, 0.0042, 126.54
20240828095011, NVDA, 98, 20240830, P, 657, 4938, 0.0042, 126.54
20240828095011, NVDA, 99, 20240830, C, 4, 504, 0.0047, 126.54
20240828095011, NVDA, 99, 20240830, P, 208, 5005, 0.0047, 126.54
20240828095011, NVDA, 100, 20240830, C, 124, 9927, 0.0052, 126.54
20240828095011, NVDA, 100, 20240830, P, 4033, 47298, 0.0052, 126.54
20240828095011, NVDA, 101, 20240830, C, 5, 1396, 0.0057, 126.54
20240828095011, NVDA, 101, 20240830, P, 311, 4570, 0.0057, 126.54
20240828095011, NVDA, 102, 20240830, C, 2, 2354, 0.0063, 126.54
20240828095011, NVDA, 102, 20240830, P, 893, 8885, 0.0063, 126.54
20240828095011, NVDA, 103, 20240830, C, 3, 2893, 0.007, 126.54
20240828095011, NVDA, 103, 20240830, P, 1125, 4407, 0.007, 126.54
20240828095011, NVDA, 104, 20240830, C, 5, 2026, 0.0077, 126.54
20240828095011, NVDA, 104, 20240830, P, 771, 4352, 0.0077, 126.54
20240828095011, NVDA, 105, 20240830, C, 51, 10075, 0.0084, 126.54
20240828095011, NVDA, 105, 20240830, P, 2009, 21963, 0.0084, 126.54
20240828095011, NVDA, 106, 20240830, C, 5, 3776, 0.0092, 126.54
20240828095011, NVDA, 106, 20240830, P, 892, 20055, 0.0092, 126.54
20240828095011, NVDA, 107, 20240830, C, 14, 3378, 0.01, 126.54
20240828095011, NVDA, 107, 20240830, P, 744, 14877, 0.0101, 126.54
20240828095011, NVDA, 108, 20240830, C, 43, 5050, 0.0109, 126.54
20240828095011, NVDA, 108, 20240830, P, 860, 11486, 0.0109, 126.54
20240828095011, NVDA, 109, 20240830, C, 46, 3193, 0.0118, 126.54
20240828095011, NVDA, 109, 20240830, P, 1805, 11386, 0.0118, 126.54
20240828095011, NVDA, 110, 20240830, C, 489, 42237, 0.0127, 126.54
20240828095011, NVDA, 110, 20240830, P, 4117, 53301, 0.0127, 126.54
20240828095011, NVDA, 111, 20240830, C, 137, 8106, 0.0137, 126.54
20240828095011, NVDA, 111, 20240830, P, 399, 8898, 0.0137, 126.54
20240828095011, NVDA, 112, 20240830, C, 135, 3685, 0.0146, 126.54
20240828095011, NVDA, 112, 20240830, P, 613, 10605, 0.0146, 126.54
20240828095011, NVDA, 113, 20240830, C, 44, 5775, 0.0155, 126.54
20240828095011, NVDA, 113, 20240830, P, 681, 8704, 0.0155, 126.54
20240828095011, NVDA, 114, 20240830, C, 102, 2370, 0.0164, 126.54
20240828095011, NVDA, 114, 20240830, P, 1170, 11283, 0.0164, 126.54
20240828095011, NVDA, 115, 20240830, C, 393, 16162, 0.0172, 126.54
20240828095011, NVDA, 115, 20240830, P, 2511, 31128, 0.0172, 126.54
20240828095011, NVDA, 116, 20240830, C, 91, 3171, 0.018, 126.54
20240828095011, NVDA, 116, 20240830, P, 894, 17067, 0.018, 126.54
20240828095011, NVDA, 117, 20240830, C, 78, 4427, 0.0188, 126.54
20240828095011, NVDA, 117, 20240830, P, 1072, 8641, 0.0188, 126.54
20240828095011, NVDA, 118, 20240830, C, 109, 6245, 0.0195, 126.54
20240828095011, NVDA, 118, 20240830, P, 2540, 11509, 0.0195, 126.54
20240828095011, NVDA, 119, 20240830, C, 64, 5269, 0.0202, 126.54
20240828095011, NVDA, 119, 20240830, P, 498, 7966, 0.0202, 126.54
20240828095011, NVDA, 120, 20240830, C, 3676, 34124, 0.0208, 126.54
20240828095011, NVDA, 120, 20240830, P, 3955, 52171, 0.0208, 126.54
20240828095011, NVDA, 121, 20240830, C, 132, 4886, 0.0213, 126.54
20240828095011, NVDA, 121, 20240830, P, 477, 28856, 0.0213, 126.54
20240828095011, NVDA, 122, 20240830, C, 305, 7347, 0.0218, 126.54
20240828095011, NVDA, 122, 20240830, P, 1483, 10850, 0.0218, 126.54
20240828095011, NVDA, 123, 20240830, C, 321, 9763, 0.0222, 126.54
20240828095011, NVDA, 123, 20240830, P, 1661, 17159, 0.0222, 126.54
20240828095011, NVDA, 124, 20240830, C, 729, 27254, 0.0225, 126.54
20240828095011, NVDA, 124, 20240830, P, 949, 14577, 0.0225, 126.54
20240828095011, NVDA, 125, 20240830, C, 4926, 52814, 0.0228, 126.54
20240828095011, NVDA, 125, 20240830, P, 3911, 35023, 0.0228, 126.54
20240828095011, NVDA, 126, 20240830, C, 2171, 16021, 0.023, 126.54
20240828095011, NVDA, 126, 20240830, P, 2188, 13182, 0.023, 126.54
20240828095011, NVDA, 127, 20240830, C, 2158, 21599, 0.0231, 126.54
20240828095011, NVDA, 127, 20240830, P, 2960, 12220, 0.0231, 126.54
20240828095011, NVDA, 128, 20240830, C, 9277, 27940, 0.0232, 126.54
20240828095011, NVDA, 128, 20240830, P, 3735, 18018, 0.0232, 126.54
20240828095011, NVDA, 129, 20240830, C, 3907, 21856, 0.0232, 126.54
20240828095011, NVDA, 129, 20240830, P, 1275, 9969, 0.0232, 126.54
20240828095011, NVDA, 130, 20240830, C, 12983, 146792, 0.0231, 126.54
20240828095011, NVDA, 130, 20240830, P, 1246, 20721, 0.0231, 126.54
20240828095011, NVDA, 131, 20240830, C, 3670, 17179, 0.0229, 126.54
20240828095011, NVDA, 131, 20240830, P, 189, 3755, 0.023, 126.54
20240828095011, NVDA, 132, 20240830, C, 6913, 23213, 0.0227, 126.54
20240828095011, NVDA, 132, 20240830, P, 88, 3987, 0.0227, 126.54
20240828095011, NVDA, 133, 20240830, C, 8066, 19490, 0.0224, 126.54
20240828095011, NVDA, 133, 20240830, P, 94, 2478, 0.0224, 126.54
20240828095011, NVDA, 134, 20240830, C, 1313, 13487, 0.022, 126.54
20240828095011, NVDA, 134, 20240830, P, 33, 1917, 0.0221, 126.54
20240828095011, NVDA, 135, 20240830, C, 6223, 68810, 0.0216, 126.54
20240828095011, NVDA, 135, 20240830, P, 88, 6071, 0.0217, 126.54
20240828095011, NVDA, 136, 20240830, C, 713, 10642, 0.0212, 126.54
20240828095011, NVDA, 136, 20240830, P, 62, 1157, 0.0212, 126.54
20240828095011, NVDA, 137, 20240830, C, 2283, 12568, 0.0206, 126.54
20240828095011, NVDA, 137, 20240830, P, 31, 1095, 0.0207, 126.54
20240828095011, NVDA, 138, 20240830, C, 1894, 12907, 0.02, 126.54
20240828095011, NVDA, 138, 20240830, P, 26, 952, 0.0201, 126.54
20240828095011, NVDA, 139, 20240830, C, 2366, 9629, 0.0194, 126.54
20240828095011, NVDA, 139, 20240830, P, 21, 1315, 0.0195, 126.54
20240828095011, NVDA, 140, 20240830, C, 13568, 90023, 0.0188, 126.54
20240828095011, NVDA, 140, 20240830, P, 171, 3289, 0.0188, 126.54
20240828095011, NVDA, 141, 20240830, C, 885, 10130, 0.018, 126.54
20240828095011, NVDA, 141, 20240830, P, 13, 976, 0.0181, 126.54
20240828095011, NVDA, 142, 20240830, C, 2195, 16120, 0.0173, 126.54
20240828095011, NVDA, 142, 20240830, P, 34, 573, 0.0174, 126.54
20240828095011, NVDA, 143, 20240830, C, 1085, 8123, 0.0166, 126.54
20240828095011, NVDA, 143, 20240830, P, 3, 494, 0.0166, 126.54
20240828095011, NVDA, 144, 20240830, C, 258, 6111, 0.0158, 126.54
20240828095011, NVDA, 144, 20240830, P, 2, 623, 0.0158, 126.54
20240828095011, NVDA, 145, 20240830, C, 2339, 38645, 0.015, 126.54
20240828095011, NVDA, 145, 20240830, P, 42, 870, 0.015, 126.54
20240828095011, NVDA, 146, 20240830, C, 738, 8415, 0.0142, 126.54
20240828095011, NVDA, 146, 20240830, P, 33, 737, 0.0143, 126.54
20240828095011, NVDA, 147, 20240830, C, 634, 5373, 0.0134, 126.54
20240828095011, NVDA, 147, 20240830, P, 15, 397, 0.0135, 126.54
20240828095011, NVDA, 148, 20240830, C, 1854, 9140, 0.0126, 126.54
20240828095011, NVDA, 148, 20240830, P, 2, 238, 0.0127, 126.54
20240828095011, NVDA, 149, 20240830, C, 667, 8202, 0.0119, 126.54
20240828095011, NVDA, 149, 20240830, P, 1, 252, 0.0119, 126.54
20240828095011, NVDA, 150, 20240830, C, 6732, 78514, 0.0111, 126.54
20240828095011, NVDA, 150, 20240830, P, 5, 869, 0.0112, 126.54
20240828095011, NVDA, 155, 20240830, C, 5236, 38078, 0.0078, 126.54
20240828095011, NVDA, 155, 20240830, P, 1, 187, 0.0079, 126.54
20240828095011, NVDA, 160, 20240830, C, 2033, 29312, 0.0054, 126.54
20240828095011, NVDA, 160, 20240830, P, 10, 423, 0.0055, 126.54
20240828095011, NVDA, 165, 20240830, C, 2316, 15471, 0.0038, 126.54
20240828095011, NVDA, 165, 20240830, P, 1, 96, 0.0038, 126.54
20240828095011, NVDA, 170, 20240830, C, 1338, 19042, 0.0027, 126.54
20240828095011, NVDA, 170, 20240830, P, 2, 263, 0.0028, 126.54
20240828095011, NVDA, 175, 20240830, C, 2194, 11513, 0.002, 126.54
20240828095011, NVDA, 175, 20240830, P, 1, 276, 0.002, 126.54
20240828095011, NVDA, 180, 20240830, C, 665, 12654, 0.0015, 126.54
20240828095011, NVDA, 180, 20240830, P, 2, 8, 0.0016, 126.54
20240828095011, NVDA, 185, 20240830, C, 633, 12321, 0.0011, 126.54
20240828095011, NVDA, 185, 20240830, P, 0, 0, 0.0012, 126.54
20240828095011, NVDA, 190, 20240830, C, 429, 17221, 0.0009, 126.54
20240828095011, NVDA, 190, 20240830, P, 0, 0, 0.0009, 126.54
20240828095011, NVDA, 195, 20240830, C, 137, 8112, 0.0007, 126.54
20240828095011, NVDA, 195, 20240830, P, 0, 0, 0.0007, 126.54
20240828095011, NVDA, 200, 20240830, C, 1758, 22037, 0.0005, 126.54
20240828095011, NVDA, 200, 20240830, P, 1, 0, 0.0005, 126.54
20240828095011, NVDA, 205, 20240830, C, 84, 7666, 0.0004, 126.54
20240828095011, NVDA, 205, 20240830, P, 0, 0, 0.0002, 126.54
20240828095011, NVDA, 210, 20240830, C, 5, 4715, 0.0004, 126.54
20240828095011, NVDA, 210, 20240830, P, 0, 0, 0.0001, 126.54
20240828095011, NVDA, 215, 20240830, C, 2319, 3814, 0.0003, 126.54
20240828095011, NVDA, 215, 20240830, P, 0, 0, 0, 126.54
20240828095011, NVDA, 220, 20240830, C, 301, 35479, 0.0002, 126.54
20240828095011, NVDA, 220, 20240830, P, 2, 1, 0, 126.54
20240828100012, NVDA, 30, 20240830, C, 0, 21, 0, 126.59
20240828100012, NVDA, 30, 20240830, P, 20, 564, 0, 126.59
20240828100012, NVDA, 35, 20240830, C, 8, 326, 0, 126.59
20240828100012, NVDA, 35, 20240830, P, 0, 1767, 0, 126.59
20240828100012, NVDA, 40, 20240830, C, 0, 36, 0, 126.59
20240828100012, NVDA, 40, 20240830, P, 0, 1046, 0, 126.59
20240828100012, NVDA, 45, 20240830, C, 0, 28, 0.0001, 126.59
20240828100012, NVDA, 45, 20240830, P, 0, 2466, 0.0001, 126.59
20240828100012, NVDA, 50, 20240830, C, 10, 223, 0.0001, 126.59
20240828100012, NVDA, 50, 20240830, P, 5, 17854, 0.0001, 126.59
20240828100012, NVDA, 55, 20240830, C, 0, 151, 0.0001, 126.59
20240828100012, NVDA, 55, 20240830, P, 40, 17985, 0.0001, 126.59
20240828100012, NVDA, 60, 20240830, C, 5, 223, 0.0002, 126.59
20240828100012, NVDA, 60, 20240830, P, 1682, 38248, 0.0002, 126.59
20240828100012, NVDA, 65, 20240830, C, 0, 94, 0.0003, 126.59
20240828100012, NVDA, 65, 20240830, P, 475, 52055, 0.0003, 126.59
20240828100012, NVDA, 70, 20240830, C, 9, 532, 0.0004, 126.59
20240828100012, NVDA, 70, 20240830, P, 102, 35428, 0.0004, 126.59
20240828100012, NVDA, 75, 20240830, C, 0, 636, 0.0006, 126.59
20240828100012, NVDA, 75, 20240830, P, 273, 22137, 0.0006, 126.59
20240828100012, NVDA, 80, 20240830, C, 28, 1212, 0.0009, 126.59
20240828100012, NVDA, 80, 20240830, P, 882, 27851, 0.0009, 126.59
20240828100012, NVDA, 81, 20240830, C, 1, 38, 0.001, 126.59
20240828100012, NVDA, 81, 20240830, P, 3, 9240, 0.001, 126.59
20240828100012, NVDA, 82, 20240830, C, 0, 49, 0.001, 126.59
20240828100012, NVDA, 82, 20240830, P, 255, 1271, 0.001, 126.59
20240828100012, NVDA, 83, 20240830, C, 1, 64, 0.0011, 126.59
20240828100012, NVDA, 83, 20240830, P, 494, 16177, 0.0011, 126.59
20240828100012, NVDA, 84, 20240830, C, 0, 110, 0.0012, 126.59
20240828100012, NVDA, 84, 20240830, P, 299, 11071, 0.0012, 126.59
20240828100012, NVDA, 85, 20240830, C, 10, 1045, 0.0013, 126.59
20240828100012, NVDA, 85, 20240830, P, 776, 21185, 0.0013, 126.59
20240828100012, NVDA, 86, 20240830, C, 2, 85, 0.0014, 126.59
20240828100012, NVDA, 86, 20240830, P, 141, 3439, 0.0014, 126.59
20240828100012, NVDA, 87, 20240830, C, 21, 110, 0.0016, 126.59
20240828100012, NVDA, 87, 20240830, P, 119, 3577, 0.0016, 126.59
20240828100012, NVDA, 88, 20240830, C, 2, 520, 0.0017, 126.59
20240828100012, NVDA, 88, 20240830, P, 1272, 1342, 0.0017, 126.59
20240828100012, NVDA, 89, 20240830, C, 0, 159, 0.0019, 126.59
20240828100012, NVDA, 89, 20240830, P, 746, 3119, 0.0019, 126.59
20240828100012, NVDA, 90, 20240830, C, 6, 2881, 0.0021, 126.59
20240828100012, NVDA, 90, 20240830, P, 3455, 42921, 0.0021, 126.59
20240828100012, NVDA, 91, 20240830, C, 1, 143, 0.0023, 126.59
20240828100012, NVDA, 91, 20240830, P, 188, 1892, 0.0023, 126.59
20240828100012, NVDA, 92, 20240830, C, 1, 287, 0.0025, 126.59
20240828100012, NVDA, 92, 20240830, P, 277, 2035, 0.0025, 126.59
20240828100012, NVDA, 93, 20240830, C, 3, 77, 0.0028, 126.59
20240828100012, NVDA, 93, 20240830, P, 73, 6018, 0.0028, 126.59
20240828100012, NVDA, 94, 20240830, C, 0, 111, 0.003, 126.59
20240828100012, NVDA, 94, 20240830, P, 148, 1261, 0.003, 126.59
20240828100012, NVDA, 95, 20240830, C, 17, 1605, 0.0033, 126.59
20240828100012, NVDA, 95, 20240830, P, 1034, 16001, 0.0033, 126.59
20240828100012, NVDA, 96, 20240830, C, 0, 542, 0.0037, 126.59
20240828100012, NVDA, 96, 20240830, P, 148, 4118, 0.0037, 126.59
20240828100012, NVDA, 97, 20240830, C, 2, 297, 0.004, 126.59
20240828100012, NVDA, 97, 20240830, P, 217, 4013, 0.004, 126.59
20240828100012, NVDA, 98, 20240830, C, 0, 519, 0.0044, 126.59
20240828100012, NVDA, 98, 20240830, P, 731, 4938, 0.0044, 126.59
20240828100012, NVDA, 99, 20240830, C, 4, 504, 0.0049, 126.59
20240828100012, NVDA, 99, 20240830, P, 495, 5005, 0.0049, 126.59
20240828100012, NVDA, 100, 20240830, C, 194, 9927, 0.0054, 126.59
20240828100012, NVDA, 100, 20240830, P, 11578, 47298, 0.0054, 126.59
20240828100012, NVDA, 101, 20240830, C, 6, 1396, 0.0059, 126.59
20240828100012, NVDA, 101, 20240830, P, 476, 4570, 0.0059, 126.59
20240828100012, NVDA, 102, 20240830, C, 30, 2354, 0.0065, 126.59
20240828100012, NVDA, 102, 20240830, P, 1040, 8885, 0.0065, 126.59
20240828100012, NVDA, 103, 20240830, C, 5, 2893, 0.0071, 126.59
20240828100012, NVDA, 103, 20240830, P, 1260, 4407, 0.0071, 126.59
20240828100012, NVDA, 104, 20240830, C, 7, 2026, 0.0078, 126.59
20240828100012, NVDA, 104, 20240830, P, 914, 4352, 0.0078, 126.59
20240828100012, NVDA, 105, 20240830, C, 81, 10075, 0.0085, 126.59
20240828100012, NVDA, 105, 20240830, P, 12089, 21963, 0.0085, 126.59
20240828100012, NVDA, 106, 20240830, C, 16, 3776, 0.0092, 126.59
20240828100012, NVDA, 106, 20240830, P, 1120, 20055, 0.0092, 126.59
20240828100012, NVDA, 107, 20240830, C, 23, 3378, 0.01, 126.59
20240828100012, NVDA, 107, 20240830, P, 971, 14877, 0.01, 126.59
20240828100012, NVDA, 108, 20240830, C, 275, 5050, 0.0108, 126.59
20240828100012, NVDA, 108, 20240830, P, 1301, 11486, 0.0108, 126.59
20240828100012, NVDA, 109, 20240830, C, 47, 3193, 0.0117, 126.59
20240828100012, NVDA, 109, 20240830, P, 2136, 11386, 0.0117, 126.59
20240828100012, NVDA, 110, 20240830, C, 730, 42237, 0.0125, 126.59
20240828100012, NVDA, 110, 20240830, P, 5473, 53301, 0.0125, 126.59
20240828100012, NVDA, 111, 20240830, C, 153, 8106, 0.0134, 126.59
20240828100012, NVDA, 111, 20240830, P, 695, 8898, 0.0134, 126.59
20240828100012, NVDA, 112, 20240830, C, 138, 3685, 0.0143, 126.59
20240828100012, NVDA, 112, 20240830, P, 930, 10605, 0.0143, 126.59
20240828100012, NVDA, 113, 20240830, C, 95, 5775, 0.0151, 126.59
20240828100012, NVDA, 113, 20240830, P, 1199, 8704, 0.0151, 126.59
20240828100012, NVDA, 114, 20240830, C, 150, 2370, 0.016, 126.59
20240828100012, NVDA, 114, 20240830, P, 1518, 11283, 0.016, 126.59
20240828100012, NVDA, 115, 20240830, C, 479, 16162, 0.0168, 126.59
20240828100012, NVDA, 115, 20240830, P, 3613, 31128, 0.0168, 126.59
20240828100012, NVDA, 116, 20240830, C, 194, 3171, 0.0176, 126.59
20240828100012, NVDA, 116, 20240830, P, 1635, 17067, 0.0176, 126.59
20240828100012, NVDA, 117, 20240830, C, 113, 4427, 0.0183, 126.59
20240828100012, NVDA, 117, 20240830, P, 2941, 8641, 0.0183, 126.59
20240828100012, NVDA, 118, 20240830, C, 387, 6245, 0.019, 126.59
20240828100012, NVDA, 118, 20240830, P, 4053, 11509, 0.019, 126.59
20240828100012, NVDA, 119, 20240830, C, 143, 5269, 0.0196, 126.59
20240828100012, NVDA, 119, 20240830, P, 1299, 7966, 0.0197, 126.59
20240828100012, NVDA, 120, 20240830, C, 4391, 34124, 0.0202, 126.59
20240828100012, NVDA, 120, 20240830, P, 5895, 52171, 0.0203, 126.59
20240828100012, NVDA, 121, 20240830, C, 162, 4886, 0.0208, 126.59
20240828100012, NVDA, 121, 20240830, P, 1007, 28856, 0.0208, 126.59
20240828100012, NVDA, 122, 20240830, C, 377, 7347, 0.0213, 126.59
20240828100012, NVDA, 122, 20240830, P, 2857, 10850, 0.0213, 126.59
20240828100012, NVDA, 123, 20240830, C, 594, 9763, 0.0217, 126.59
20240828100012, NVDA, 123, 20240830, P, 2250, 17159, 0.0217, 126.59
20240828100012, NVDA, 124, 20240830, C, 1279, 27254, 0.022, 126.59
20240828100012, NVDA, 124, 20240830, P, 2003, 14577, 0.022, 126.59
20240828100012, NVDA, 125, 20240830, C, 6426, 52814, 0.0223, 126.59
20240828100012, NVDA, 125, 20240830, P, 5066, 35023, 0.0223, 126.59
20240828100012, NVDA, 126, 20240830, C, 4516, 16021, 0.0225, 126.59
20240828100012, NVDA, 126, 20240830, P, 3644, 13182, 0.0225, 126.59
20240828100012, NVDA, 127, 20240830, C, 4075, 21599, 0.0227, 126.59
20240828100012, NVDA, 127, 20240830, P, 4067, 12220, 0.0227, 126.59
20240828100012, NVDA, 128, 20240830, C, 11281, 27940, 0.0227, 126.59
20240828100012, NVDA, 128, 20240830, P, 4698, 18018, 0.0228, 126.59
20240828100012, NVDA, 129, 20240830, C, 4676, 21856, 0.0228, 126.59
20240828100012, NVDA, 129, 20240830, P, 1574, 9969, 0.0228, 126.59
20240828100012, NVDA, 130, 20240830, C, 17257, 146792, 0.0227, 126.59
20240828100012, NVDA, 130, 20240830, P, 1740, 20721, 0.0227, 126.59
20240828100012, NVDA, 131, 20240830, C, 4603, 17179, 0.0226, 126.59
20240828100012, NVDA, 131, 20240830, P, 215, 3755, 0.0226, 126.59
20240828100012, NVDA, 132, 20240830, C, 7883, 23213, 0.0224, 126.59
20240828100012, NVDA, 132, 20240830, P, 144, 3987, 0.0224, 126.59
20240828100012, NVDA, 133, 20240830, C, 8770, 19490, 0.0222, 126.59
20240828100012, NVDA, 133, 20240830, P, 110, 2478, 0.0222, 126.59
20240828100012, NVDA, 134, 20240830, C, 1778, 13487, 0.0218, 126.59
20240828100012, NVDA, 134, 20240830, P, 146, 1917, 0.0219, 126.59
20240828100012, NVDA, 135, 20240830, C, 8664, 68810, 0.0215, 126.59
20240828100012, NVDA, 135, 20240830, P, 96, 6071, 0.0215, 126.59
20240828100012, NVDA, 136, 20240830, C, 1310, 10642, 0.021, 126.59
20240828100012, NVDA, 136, 20240830, P, 82, 1157, 0.0211, 126.59
20240828100012, NVDA, 137, 20240830, C, 2924, 12568, 0.0205, 126.59
20240828100012, NVDA, 137, 20240830, P, 63, 1095, 0.0206, 126.59
20240828100012, NVDA, 138, 20240830, C, 3848, 12907, 0.02, 126.59
20240828100012, NVDA, 138, 20240830, P, 56, 952, 0.02, 126.59
20240828100012, NVDA, 139, 20240830, C, 2877, 9629, 0.0194, 126.59
20240828100012, NVDA, 139, 20240830, P, 21, 1315, 0.0195, 126.59
20240828100012, NVDA, 140, 20240830, C, 17732, 90023, 0.0188, 126.59
20240828100012, NVDA, 140, 20240830, P, 356, 3289, 0.0188, 126.59
20240828100012, NVDA, 141, 20240830, C, 1371, 10130, 0.0181, 126.59
20240828100012, NVDA, 141, 20240830, P, 15, 976, 0.0182, 126.59
20240828100012, NVDA, 142, 20240830, C, 3446, 16120, 0.0174, 126.59
20240828100012, NVDA, 142, 20240830, P, 40, 573, 0.0175, 126.59
20240828100012, NVDA, 143, 20240830, C, 1715, 8123, 0.0167, 126.59
20240828100012, NVDA, 143, 20240830, P, 3, 494, 0.0167, 126.59
20240828100012, NVDA, 144, 20240830, C, 484, 6111, 0.0159, 126.59
20240828100012, NVDA, 144, 20240830, P, 2, 623, 0.016, 126.59
20240828100012, NVDA, 145, 20240830, C, 3377, 38645, 0.0152, 126.59
20240828100012, NVDA, 145, 20240830, P, 43, 870, 0.0152, 126.59
20240828100012, NVDA, 146, 20240830, C, 1186, 8415, 0.0144, 126.59
20240828100012, NVDA, 146, 20240830, P, 33, 737, 0.0145, 126.59
20240828100012, NVDA, 147, 20240830, C, 1157, 5373, 0.0136, 126.59
20240828100012, NVDA, 147, 20240830, P, 17, 397, 0.0137, 126.59
20240828100012, NVDA, 148, 20240830, C, 4075, 9140, 0.0129, 126.59
20240828100012, NVDA, 148, 20240830, P, 2, 238, 0.013, 126.59
20240828100012, NVDA, 149, 20240830, C, 983, 8202, 0.0122, 126.59
20240828100012, NVDA, 149, 20240830, P, 12, 252, 0.0122, 126.59
20240828100012, NVDA, 150, 20240830, C, 10845, 78514, 0.0114, 126.59
20240828100012, NVDA, 150, 20240830, P, 18, 869, 0.0115, 126.59
20240828100012, NVDA, 155, 20240830, C, 5771, 38078, 0.0081, 126.59
20240828100012, NVDA, 155, 20240830, P, 1, 187, 0.0082, 126.59
20240828100012, NVDA, 160, 20240830, C, 3602, 29312, 0.0057, 126.59
20240828100012, NVDA, 160, 20240830, P, 10, 423, 0.0058, 126.59
20240828100012, NVDA, 165, 20240830, C, 2624, 15471, 0.004, 126.59
20240828100012, NVDA, 165, 20240830, P, 1, 96, 0.0041, 126.59
20240828100012, NVDA, 170, 20240830, C, 1990, 19042, 0.0029, 126.59
20240828100012, NVDA, 170, 20240830, P, 2, 263, 0.003, 126.59
20240828100012, NVDA, 175, 20240830, C, 2474, 11513, 0.0021, 126.59
20240828100012, NVDA, 175, 20240830, P, 1, 276, 0.0022, 126.59
20240828100012, NVDA, 180, 20240830, C, 690, 12654, 0.0016, 126.59
20240828100012, NVDA, 180, 20240830, P, 2, 8, 0.0016, 126.59
20240828100012, NVDA, 185, 20240830, C, 695, 12321, 0.0012, 126.59
20240828100012, NVDA, 185, 20240830, P, 0, 0, 0.0013, 126.59
20240828100012, NVDA, 190, 20240830, C, 441, 17221, 0.0009, 126.59
20240828100012, NVDA, 190, 20240830, P, 0, 0, 0.001, 126.59
20240828100012, NVDA, 195, 20240830, C, 157, 8112, 0.0007, 126.59
20240828100012, NVDA, 195, 20240830, P, 0, 0, 0.0008, 126.59
20240828100012, NVDA, 200, 20240830, C, 1889, 22037, 0.0006, 126.59
20240828100012, NVDA, 200, 20240830, P, 1, 0, 0.0005, 126.59
20240828100012, NVDA, 205, 20240830, C, 345, 7666, 0.0004, 126.59
20240828100012, NVDA, 205, 20240830, P, 0, 0, 0.0003, 126.59
20240828100012, NVDA, 210, 20240830, C, 19, 4715, 0.0004, 126.59
20240828100012, NVDA, 210, 20240830, P, 0, 0, 0.0001, 126.59
20240828100012, NVDA, 215, 20240830, C, 3027, 3814, 0.0003, 126.59
20240828100012, NVDA, 215, 20240830, P, 0, 0, 0, 126.59
20240828100012, NVDA, 220, 20240830, C, 449, 35479, 0.0002, 126.59
20240828100012, NVDA, 220, 20240830, P, 2, 1, 0, 126.59
20240828101012, NVDA, 30, 20240830, C, 0, 21, 0, 127.2
20240828101012, NVDA, 30, 20240830, P, 20, 564, 0, 127.2
20240828101012, NVDA, 35, 20240830, C, 8, 326, 0, 127.2
20240828101012, NVDA, 35, 20240830, P, 0, 1767, 0, 127.2
20240828101012, NVDA, 40, 20240830, C, 0, 36, 0, 127.2
20240828101012, NVDA, 40, 20240830, P, 0, 1046, 0, 127.2
20240828101012, NVDA, 45, 20240830, C, 0, 28, 0.0001, 127.2
20240828101012, NVDA, 45, 20240830, P, 0, 2466, 0.0001, 127.2
20240828101012, NVDA, 50, 20240830, C, 10, 223, 0.0001, 127.2
20240828101012, NVDA, 50, 20240830, P, 5, 17854, 0.0001, 127.2
20240828101012, NVDA, 55, 20240830, C, 0, 151, 0.0001, 127.2
20240828101012, NVDA, 55, 20240830, P, 73, 17985, 0.0001, 127.2
20240828101012, NVDA, 60, 20240830, C, 11, 223, 0.0002, 127.2
20240828101012, NVDA, 60, 20240830, P, 1695, 38248, 0.0002, 127.2
20240828101012, NVDA, 65, 20240830, C, 5, 94, 0.0003, 127.2
20240828101012, NVDA, 65, 20240830, P, 507, 52055, 0.0003, 127.2
20240828101012, NVDA, 70, 20240830, C, 9, 532, 0.0004, 127.2
20240828101012, NVDA, 70, 20240830, P, 109, 35428, 0.0004, 127.2
20240828101012, NVDA, 75, 20240830, C, 0, 636, 0.0006, 127.2
20240828101012, NVDA, 75, 20240830, P, 294, 22137, 0.0006, 127.2
20240828101012, NVDA, 80, 20240830, C, 29, 1212, 0.0009, 127.2
20240828101012, NVDA, 80, 20240830, P, 1347, 27851, 0.0009, 127.2
20240828101012, NVDA, 81, 20240830, C, 1, 38, 0.0009, 127.2
20240828101012, NVDA, 81, 20240830, P, 5, 9240, 0.001, 127.2
20240828101012, NVDA, 82, 20240830, C, 0, 49, 0.001, 127.2
20240828101012, NVDA, 82, 20240830, P, 329, 1271, 0.001, 127.2
20240828101012, NVDA, 83, 20240830, C, 1, 64, 0.0011, 127.2
20240828101012, NVDA, 83, 20240830, P, 497, 16177, 0.0011, 127.2
20240828101012, NVDA, 84, 20240830, C, 0, 110, 0.0012, 127.2
20240828101012, NVDA, 84, 20240830, P, 511, 11071, 0.0012, 127.2
20240828101012, NVDA, 85, 20240830, C, 10, 1045, 0.0013, 127.2
20240828101012, NVDA, 85, 20240830, P, 861, 21185, 0.0013, 127.2
20240828101012, NVDA, 86, 20240830, C, 2, 85, 0.0014, 127.2
20240828101012, NVDA, 86, 20240830, P, 145, 3439, 0.0014, 127.2
20240828101012, NVDA, 87, 20240830, C, 21, 110, 0.0016, 127.2
20240828101012, NVDA, 87, 20240830, P, 127, 3577, 0.0016, 127.2
20240828101012, NVDA, 88, 20240830, C, 3, 520, 0.0017, 127.2
20240828101012, NVDA, 88, 20240830, P, 1330, 1342, 0.0017, 127.2
20240828101012, NVDA, 89, 20240830, C, 0, 159, 0.0019, 127.2
20240828101012, NVDA, 89, 20240830, P, 768, 3119, 0.0019, 127.2
20240828101012, NVDA, 90, 20240830, C, 8, 2881, 0.002, 127.2
20240828101012, NVDA, 90, 20240830, P, 3918, 42921, 0.002, 127.2
20240828101012, NVDA, 91, 20240830, C, 1, 143, 0.0022, 127.2
20240828101012, NVDA, 91, 20240830, P, 191, 1892, 0.0022, 127.2
20240828101012, NVDA, 92, 20240830, C, 1, 287, 0.0024, 127.2
20240828101012, NVDA, 92, 20240830, P, 319, 2035, 0.0024, 127.2
20240828101012, NVDA, 93, 20240830, C, 4, 77, 0.0027, 127.2
20240828101012, NVDA, 93, 20240830, P, 108, 6018, 0.0027, 127.2
20240828101012, NVDA, 94, 20240830, C, 0, 111, 0.003, 127.2
20240828101012, NVDA, 94, 20240830, P, 177, 1261, 0.003, 127.2
20240828101012, NVDA, 95, 20240830, C, 17, 1605, 0.0032, 127.2
20240828101012, NVDA, 95, 20240830, P, 1114, 16001, 0.0032, 127.2
20240828101012, NVDA, 96, 20240830, C, 0, 542, 0.0036, 127.2
20240828101012, NVDA, 96, 20240830, P, 156, 4118, 0.0036, 127.2
20240828101012, NVDA, 97, 20240830, C, 2, 297, 0.0039, 127.2
20240828101012, NVDA, 97, 20240830, P, 225, 4013, 0.0039, 127.2
20240828101012, NVDA, 98, 20240830, C, 1, 519, 0.0043, 127.2
20240828101012, NVDA, 98, 20240830, P, 769, 4938, 0.0043, 127.2
20240828101012, NVDA, 99, 20240830, C, 5, 504, 0.0047, 127.2
20240828101012, NVDA, 99, 20240830, P, 597, 5005, 0.0047, 127.2
20240828101012, NVDA, 100, 20240830, C, 221, 9927, 0.0052, 127.2
20240828101012, NVDA, 100, 20240830, P, 12562, 47298, 0.0052, 127.2
20240828101012, NVDA, 101, 20240830, C, 8, 1396, 0.0057, 127.2
20240828101012, NVDA, 101, 20240830, P, 496, 4570, 0.0057, 127.2
20240828101012, NVDA, 102, 20240830, C, 34, 2354, 0.0062, 127.2
20240828101012, NVDA, 102, 20240830, P, 1129, 8885, 0.0062, 127.2
20240828101012, NVDA, 103, 20240830, C, 6, 2893, 0.0068, 127.2
20240828101012, NVDA, 103, 20240830, P, 1307, 4407, 0.0068, 127.2
20240828101012, NVDA, 104, 20240830, C, 27, 2026, 0.0074, 127.2
20240828101012, NVDA, 104, 20240830, P, 1081, 4352, 0.0074, 127.2
20240828101012, NVDA, 105, 20240830, C, 90, 10075, 0.0081, 127.2
20240828101012, NVDA, 105, 20240830, P, 12586, 21963, 0.0081, 127.2
20240828101012, NVDA, 106, 20240830, C, 17, 3776, 0.0088, 127.2
20240828101012, NVDA, 106, 20240830, P, 1209, 20055, 0.0088, 127.2
20240828101012, NVDA, 107, 20240830, C, 41, 3378, 0.0096, 127.2
20240828101012, NVDA, 107, 20240830, P, 1121, 14877, 0.0096, 127.2
20240828101012, NVDA, 108, 20240830, C, 287, 5050, 0.0104, 127.2
20240828101012, NVDA, 108, 20240830, P, 1464, 11486, 0.0104, 127.2
20240828101012, NVDA, 109, 20240830, C, 68, 3193, 0.0112, 127.2
20240828101012, NVDA, 109, 20240830, P, 7701, 11386, 0.0112, 127.2
20240828101012, NVDA, 110, 20240830, C, 786, 42237, 0.012, 127.2
20240828101012, NVDA, 110, 20240830, P, 7170, 53301, 0.012, 127.2
20240828101012, NVDA, 111, 20240830, C, 161, 8106, 0.0129, 127.2
20240828101012, NVDA, 111, 20240830, P, 752, 8898, 0.0129, 127.2
20240828101012, NVDA, 112, 20240830, C, 143, 3685, 0.0137, 127.2
20240828101012, NVDA, 112, 20240830, P, 1141, 10605, 0.0138, 127.2
20240828101012, NVDA, 113, 20240830, C, 97, 5775, 0.0146, 127.2
20240828101012, NVDA, 113, 20240830, P, 1546, 8704, 0.0146, 127.2
20240828101012, NVDA, 114, 20240830, C, 153, 2370, 0.0154, 127.2
20240828101012, NVDA, 114, 20240830, P, 6894, 11283, 0.0154, 127.2
20240828101012, NVDA, 115, 20240830, C, 600, 16162, 0.0162, 127.2
20240828101012, NVDA, 115, 20240830, P, 4502, 31128, 0.0163, 127.2
20240828101012, NVDA, 116, 20240830, C, 212, 3171, 0.017, 127.2
20240828101012, NVDA, 116, 20240830, P, 1834, 17067, 0.017, 127.2
20240828101012, NVDA, 117, 20240830, C, 132, 4427, 0.0178, 127.2
20240828101012, NVDA, 117, 20240830, P, 3199, 8641, 0.0178, 127.2
20240828101012, NVDA, 118, 20240830, C, 401, 6245, 0.0185, 127.2
20240828101012, NVDA, 118, 20240830, P, 4369, 11509, 0.0185, 127.2
20240828101012, NVDA, 119, 20240830, C, 147, 5269, 0.0191, 127.2
20240828101012, NVDA, 119, 20240830, P, 6456, 7966, 0.0192, 127.2
20240828101012, NVDA, 120, 20240830, C, 4620, 34124, 0.0197, 127.2
20240828101012, NVDA, 120, 20240830, P, 7088, 52171, 0.0198, 127.2
20240828101012, NVDA, 121, 20240830, C, 180, 4886, 0.0203, 127.2
20240828101012, NVDA, 121, 20240830, P, 1146, 28856, 0.0203, 127.2
20240828101012, NVDA, 122, 20240830, C, 401, 7347, 0.0208, 127.2
20240828101012, NVDA, 122, 20240830, P, 3012, 10850, 0.0208, 127.2
20240828101012, NVDA, 123, 20240830, C, 745, 9763, 0.0212, 127.2
20240828101012, NVDA, 123, 20240830, P, 3105, 17159, 0.0212, 127.2
20240828101012, NVDA, 124, 20240830, C, 1343, 27254, 0.0216, 127.2
20240828101012, NVDA, 124, 20240830, P, 7385, 14577, 0.0216, 127.2
20240828101012, NVDA, 125, 20240830, C, 7241, 52814, 0.0219, 127.2
20240828101012, NVDA, 125, 20240830, P, 5858, 35023, 0.0219, 127.2
20240828101012, NVDA, 126, 20240830, C, 5256, 16021, 0.0221, 127.2
20240828101012, NVDA, 126, 20240830, P, 4641, 13182, 0.0221, 127.2
20240828101012, NVDA, 127, 20240830, C, 5526, 21599, 0.0223, 127.2
20240828101012, NVDA, 127, 20240830, P, 4958, 12220, 0.0223, 127.2
20240828101012, NVDA, 128, 20240830, C, 13793, 27940, 0.0224, 127.2
20240828101012, NVDA, 128, 20240830, P, 5042, 18018, 0.0224, 127.2
20240828101012, NVDA, 129, 20240830, C, 5470, 21856, 0.0224, 127.2
20240828101012, NVDA, 129, 20240830, P, 1738, 9969, 0.0225, 127.2
20240828101012, NVDA, 130, 20240830, C, 20670, 146792, 0.0224, 127.2
20240828101012, NVDA, 130, 20240830, P, 1989, 20721, 0.0225, 127.2
20240828101012, NVDA, 131, 20240830, C, 4974, 17179, 0.0224, 127.2
20240828101012, NVDA, 131, 20240830, P, 264, 3755, 0.0224, 127.2
20240828101012, NVDA, 132, 20240830, C, 10103, 23213, 0.0222, 127.2
20240828101012, NVDA, 132, 20240830, P, 168, 3987, 0.0222, 127.2
20240828101012, NVDA, 133, 20240830, C, 9072, 19490, 0.022, 127.2
20240828101012, NVDA, 133, 20240830, P, 286, 2478, 0.022, 127.2
20240828101012, NVDA, 134, 20240830, C, 1977, 13487, 0.0217, 127.2
20240828101012, NVDA, 134, 20240830, P, 163, 1917, 0.0218, 127.2
20240828101012, NVDA, 135, 20240830, C, 11607, 68810, 0.0214, 127.2
20240828101012, NVDA, 135, 20240830, P, 148, 6071, 0.0215, 127.2
20240828101012, NVDA, 136, 20240830, C, 1732, 10642, 0.021, 127.2
20240828101012, NVDA, 136, 20240830, P, 169, 1157, 0.0211, 127.2
20240828101012, NVDA, 137, 20240830, C, 3082, 12568, 0.0206, 127.2
20240828101012, NVDA, 137, 20240830, P, 68, 1095, 0.0207, 127.2
20240828101012, NVDA, 138, 20240830, C, 5066, 12907, 0.0201, 127.2
20240828101012, NVDA, 138, 20240830, P, 58, 952, 0.0202, 127.2
20240828101012, NVDA, 139, 20240830, C, 4088, 9629, 0.0196, 127.2
20240828101012, NVDA, 139, 20240830, P, 22, 1315, 0.0196, 127.2
20240828101012, NVDA, 140, 20240830, C, 21425, 90023, 0.019, 127.2
20240828101012, NVDA, 140, 20240830, P, 460, 3289, 0.0191, 127.2
20240828101012, NVDA, 141, 20240830, C, 1907, 10130, 0.0184, 127.2
20240828101012, NVDA, 141, 20240830, P, 17, 976, 0.0184, 127.2
20240828101012, NVDA, 142, 20240830, C, 6030, 16120, 0.0177, 127.2
20240828101012, NVDA, 142, 20240830, P, 47, 573, 0.0178, 127.2
20240828101012, NVDA, 143, 20240830, C, 1844, 8123, 0.0171, 127.2
20240828101012, NVDA, 143, 20240830, P, 4, 494, 0.0171, 127.2
20240828101012, NVDA, 144, 20240830, C, 605, 6111, 0.0164, 127.2
20240828101012, NVDA, 144, 20240830, P, 2, 623, 0.0164, 127.2
20240828101012, NVDA, 145, 20240830, C, 4450, 38645, 0.0156, 127.2
20240828101012, NVDA, 145, 20240830, P, 144, 870, 0.0157, 127.2
20240828101012, NVDA, 146, 20240830, C, 1474, 8415, 0.0149, 127.2
20240828101012, NVDA, 146, 20240830, P, 33, 737, 0.015, 127.2
20240828101012, NVDA, 147, 20240830, C, 4985, 5373, 0.0141, 127.2
20240828101012, NVDA, 147, 20240830, P, 17, 397, 0.0142, 127.2
20240828101012, NVDA, 148, 20240830, C, 4429, 9140, 0.0134, 127.2
20240828101012, NVDA, 148, 20240830, P, 2, 238, 0.0135, 127.2
20240828101012, NVDA, 149, 20240830, C, 1089, 8202, 0.0126, 127.2
20240828101012, NVDA, 149, 20240830, P, 12, 252, 0.0127, 127.2
20240828101012, NVDA, 150, 20240830, C, 13999, 78514, 0.0119, 127.2
20240828101012, NVDA, 150, 20240830, P, 19, 869, 0.012, 127.2
20240828101012, NVDA, 155, 20240830, C, 6677, 38078, 0.0086, 127.2
20240828101012, NVDA, 155, 20240830, P, 1, 187, 0.0087, 127.2
20240828101012, NVDA, 160, 20240830, C, 4663, 29312, 0.006, 127.2
20240828101012, NVDA, 160, 20240830, P, 10, 423, 0.0061, 127.2
20240828101012, NVDA, 165, 20240830, C, 3099, 15471, 0.0042, 127.2
20240828101012, NVDA, 165, 20240830, P, 9, 96, 0.0043, 127.2
20240828101012, NVDA, 170, 20240830, C, 2516, 19042, 0.003, 127.2
20240828101012, NVDA, 170, 20240830, P, 2, 263, 0.0031, 127.2
20240828101012, NVDA, 175, 20240830, C, 2820, 11513, 0.0022, 127.2
20240828101012, NVDA, 175, 20240830, P, 1, 276, 0.0022, 127.2
20240828101012, NVDA, 180, 20240830, C, 883, 12654, 0.0016, 127.2
20240828101012, NVDA, 180, 20240830, P, 2, 8, 0.0017, 127.2
20240828101012, NVDA, 185, 20240830, C, 1134, 12321, 0.0012, 127.2
20240828101012, NVDA, 185, 20240830, P, 0, 0, 0.0013, 127.2
20240828101012, NVDA, 190, 20240830, C, 509, 17221, 0.0009, 127.2
20240828101012, NVDA, 190, 20240830, P, 0, 0, 0.001, 127.2
20240828101012, NVDA, 195, 20240830, C, 163, 8112, 0.0007, 127.2
20240828101012, NVDA, 195, 20240830, P, 0, 0, 0.0007, 127.2
20240828101012, NVDA, 200, 20240830, C, 2063, 22037, 0.0005, 127.2
20240828101012, NVDA, 200, 20240830, P, 1, 0, 0.0004, 127.2
20240828101012, NVDA, 205, 20240830, C, 410, 7666, 0.0004, 127.2
20240828101012, NVDA, 205, 20240830, P, 0, 0, 0.0001, 127.2
20240828101012, NVDA, 210, 20240830, C, 49, 4715, 0.0003, 127.2
20240828101012, NVDA, 210, 20240830, P, 0, 0, 0, 127.2
20240828101012, NVDA, 215, 20240830, C, 3052, 3814, 0.0003, 127.2
20240828101012, NVDA, 215, 20240830, P, 0, 0, 0, 127.2
20240828101012, NVDA, 220, 20240830, C, 587, 35479, 0.0002, 127.2
20240828101012, NVDA, 220, 20240830, P, 2, 1, 0, 127.2
20240828102012, NVDA, 30, 20240830, C, 2, 21, 0, 127.197
20240828102012, NVDA, 30, 20240830, P, 20, 564, 0, 127.197
20240828102012, NVDA, 35, 20240830, C, 8, 326, 0, 127.197
20240828102012, NVDA, 35, 20240830, P, 0, 1767, 0, 127.197
20240828102012, NVDA, 40, 20240830, C, 0, 36, 0, 127.197
20240828102012, NVDA, 40, 20240830, P, 0, 1046, 0, 127.197
20240828102012, NVDA, 45, 20240830, C, 0, 28, 0.0001, 127.197
20240828102012, NVDA, 45, 20240830, P, 0, 2466, 0.0001, 127.197
20240828102012, NVDA, 50, 20240830, C, 12, 223, 0.0001, 127.197
20240828102012, NVDA, 50, 20240830, P, 5, 17854, 0.0001, 127.197
20240828102012, NVDA, 55, 20240830, C, 0, 151, 0.0001, 127.197
20240828102012, NVDA, 55, 20240830, P, 101, 17985, 0.0001, 127.197
20240828102012, NVDA, 60, 20240830, C, 11, 223, 0.0002, 127.197
20240828102012, NVDA, 60, 20240830, P, 1795, 38248, 0.0002, 127.197
20240828102012, NVDA, 65, 20240830, C, 5, 94, 0.0003, 127.197
20240828102012, NVDA, 65, 20240830, P, 1070, 52055, 0.0003, 127.197
20240828102012, NVDA, 70, 20240830, C, 9, 532, 0.0004, 127.197
20240828102012, NVDA, 70, 20240830, P, 268, 35428, 0.0004, 127.197
20240828102012, NVDA, 75, 20240830, C, 0, 636, 0.0006, 127.197
20240828102012, NVDA, 75, 20240830, P, 364, 22137, 0.0006, 127.197
20240828102012, NVDA, 80, 20240830, C, 29, 1212, 0.0009, 127.197
20240828102012, NVDA, 80, 20240830, P, 2059, 27851, 0.0009, 127.197
20240828102012, NVDA, 81, 20240830, C, 1, 38, 0.001, 127.197
20240828102012, NVDA, 81, 20240830, P, 650, 9240, 0.001, 127.197
20240828102012, NVDA, 82, 20240830, C, 0, 49, 0.001, 127.197
20240828102012, NVDA, 82, 20240830, P, 329, 1271, 0.001, 127.197
20240828102012, NVDA, 83, 20240830, C, 1, 64, 0.0011, 127.197
20240828102012, NVDA, 83, 20240830, P, 499, 16177, 0.0011, 127.197
20240828102012, NVDA, 84, 20240830, C, 1, 110, 0.0012, 127.197
20240828102012, NVDA, 84, 20240830, P, 514, 11071, 0.0012, 127.197
20240828102012, NVDA, 85, 20240830, C, 10, 1045, 0.0013, 127.197
20240828102012, NVDA, 85, 20240830, P, 1004, 21185, 0.0013, 127.197
20240828102012, NVDA, 86, 20240830, C, 2, 85, 0.0015, 127.197
20240828102012, NVDA, 86, 20240830, P, 151, 3439, 0.0015, 127.197
20240828102012, NVDA, 87, 20240830, C, 21, 110, 0.0016, 127.197
20240828102012, NVDA, 87, 20240830, P, 128, 3577, 0.0016, 127.197
20240828102012, NVDA, 88, 20240830, C, 3, 520, 0.0017, 127.197
20240828102012, NVDA, 88, 20240830, P, 1344, 1342, 0.0017, 127.197
20240828102012, NVDA, 89, 20240830, C, 0, 159, 0.0019, 127.197
20240828102012, NVDA, 89, 20240830, P, 920, 3119, 0.0019, 127.197
20240828102012, NVDA, 90, 20240830, C, 18, 2881, 0.0021, 127.197
20240828102012, NVDA, 90, 20240830, P, 4412, 42921, 0.0021, 127.197
20240828102012, NVDA, 91, 20240830, C, 1, 143, 0.0023, 127.197
20240828102012, NVDA, 91, 20240830, P, 206, 1892, 0.0023, 127.197
20240828102012, NVDA, 92, 20240830, C, 1, 287, 0.0025, 127.197
20240828102012, NVDA, 92, 20240830, P, 321, 2035, 0.0025, 127.197
20240828102012, NVDA, 93, 20240830, C, 4, 77, 0.0027, 127.197
20240828102012, NVDA, 93, 20240830, P, 236, 6018, 0.0027, 127.197
20240828102012, NVDA, 94, 20240830, C, 0, 111, 0.003, 127.197
20240828102012, NVDA, 94, 20240830, P, 180, 1261, 0.003, 127.197
20240828102012, NVDA, 95, 20240830, C, 20, 1605, 0.0033, 127.197
20240828102012, NVDA, 95, 20240830, P, 1208, 16001, 0.0033, 127.197
20240828102012, NVDA, 96, 20240830, C, 0, 542, 0.0036, 127.197
20240828102012, NVDA, 96, 20240830, P, 271, 4118, 0.0036, 127.197
20240828102012, NVDA, 97, 20240830, C, 2, 297, 0.0039, 127.197
20240828102012, NVDA, 97, 20240830, P, 233, 4013, 0.0039, 127.197
20240828102012, NVDA, 98, 20240830, C, 5, 519, 0.0043, 127.197
20240828102012, NVDA, 98, 20240830, P, 786, 4938, 0.0043, 127.197
20240828102012, NVDA, 99, 20240830, C, 5, 504, 0.0048, 127.197
20240828102012, NVDA, 99, 20240830, P, 743, 5005, 0.0048, 127.197
20240828102012, NVDA, 100, 20240830, C, 468, 9927, 0.0052, 127.197
20240828102012, NVDA, 100, 20240830, P, 13336, 47298, 0.0052, 127.197
20240828102012, NVDA, 101, 20240830, C, 13, 1396, 0.0057, 127.197
20240828102012, NVDA, 101, 20240830, P, 535, 4570, 0.0057, 127.197
20240828102012, NVDA, 102, 20240830, C, 35, 2354, 0.0063, 127.197
20240828102012, NVDA, 102, 20240830, P, 1399, 8885, 0.0063, 127.197
20240828102012, NVDA, 103, 20240830, C, 6, 2893, 0.0069, 127.197
20240828102012, NVDA, 103, 20240830, P, 1405, 4407, 0.0069, 127.197
20240828102012, NVDA, 104, 20240830, C, 37, 2026, 0.0075, 127.197
20240828102012, NVDA, 104, 20240830, P, 1116, 4352, 0.0075, 127.197
20240828102012, NVDA, 105, 20240830, C, 97, 10075, 0.0082, 127.197
20240828102012, NVDA, 105, 20240830, P, 13112, 21963, 0.0082, 127.197
20240828102012, NVDA, 106, 20240830, C, 27, 3776, 0.0089, 127.197
20240828102012, NVDA, 106, 20240830, P, 1251, 20055, 0.0089, 127.197
20240828102012, NVDA, 107, 20240830, C, 45, 3378, 0.0097, 127.197
20240828102012, NVDA, 107, 20240830, P, 1206, 14877, 0.0097, 127.197
20240828102012, NVDA, 108, 20240830, C, 299, 5050, 0.0105, 127.197
20240828102012, NVDA, 108, 20240830, P, 1606, 11486, 0.0105, 127.197
20240828102012, NVDA, 109, 20240830, C, 120, 3193, 0.0114, 127.197
20240828102012, NVDA, 109, 20240830, P, 8017, 11386, 0.0114, 127.197
20240828102012, NVDA, 110, 20240830, C, 1009, 42237, 0.0122, 127.197
20240828102012, NVDA, 110, 20240830, P, 8051, 53301, 0.0122, 127.197
20240828102012, NVDA, 111, 20240830, C, 167, 8106, 0.0131, 127.197
20240828102012, NVDA, 111, 20240830, P, 838, 8898, 0.0131, 127.197
20240828102012, NVDA, 112, 20240830, C, 179, 3685, 0.014, 127.197
20240828102012, NVDA, 112, 20240830, P, 4219, 10605, 0.014, 127.197
20240828102012, NVDA, 113, 20240830, C, 117, 5775, 0.0148, 127.197
20240828102012, NVDA, 113, 20240830, P, 1669, 8704, 0.0148, 127.197
20240828102012, NVDA, 114, 20240830, C, 159, 2370, 0.0157, 127.197
20240828102012, NVDA, 114, 20240830, P, 7088, 11283, 0.0157, 127.197
20240828102012, NVDA, 115, 20240830, C, 658, 16162, 0.0165, 127.197
20240828102012, NVDA, 115, 20240830, P, 5549, 31128, 0.0165, 127.197
20240828102012, NVDA, 116, 20240830, C, 213, 3171, 0.0173, 127.197
20240828102012, NVDA, 116, 20240830, P, 2020, 17067, 0.0173, 127.197
20240828102012, NVDA, 117, 20240830, C, 170, 4427, 0.018, 127.197
20240828102012, NVDA, 117, 20240830, P, 3501, 8641, 0.018, 127.197
20240828102012, NVDA, 118, 20240830, C, 438, 6245, 0.0187, 127.197
20240828102012, NVDA, 118, 20240830, P, 4523, 11509, 0.0188, 127.197
20240828102012, NVDA, 119, 20240830, C, 147, 5269, 0.0194, 127.197
20240828102012, NVDA, 119, 20240830, P, 6543, 7966, 0.0194, 127.197
20240828102012, NVDA, 120, 20240830, C, 4731, 34124, 0.02, 127.197
20240828102012, NVDA, 120, 20240830, P, 8291, 52171, 0.02, 127.197
20240828102012, NVDA, 121, 20240830, C, 188, 4886, 0.0205, 127.197
20240828102012, NVDA, 121, 20240830, P, 1224, 28856, 0.0206, 127.197
20240828102012, NVDA, 122, 20240830, C, 449, 7347, 0.021, 127.197
20240828102012, NVDA, 122, 20240830, P, 3166, 10850, 0.021, 127.197
20240828102012, NVDA, 123, 20240830, C, 837, 9763, 0.0214, 127.197
20240828102012, NVDA, 123, 20240830, P, 3383, 17159, 0.0215, 127.197
20240828102012, NVDA, 124, 20240830, C, 1461, 27254, 0.0218, 127.197
20240828102012, NVDA, 124, 20240830, P, 7520, 14577, 0.0218, 127.197
20240828102012, NVDA, 125, 20240830, C, 7771, 52814, 0.0221, 127.197
20240828102012, NVDA, 125, 20240830, P, 6262, 35023, 0.0221, 127.197
20240828102012, NVDA, 126, 20240830, C, 5466, 16021, 0.0223, 127.197
20240828102012, NVDA, 126, 20240830, P, 5357, 13182, 0.0223, 127.197
20240828102012, NVDA, 127, 20240830, C, 6524, 21599, 0.0225, 127.197
20240828102012, NVDA, 127, 20240830, P, 5935, 12220, 0.0225, 127.197
20240828102012, NVDA, 128, 20240830, C, 14657, 27940, 0.0226, 127.197
20240828102012, NVDA, 128, 20240830, P, 5326, 18018, 0.0226, 127.197
20240828102012, NVDA, 129, 20240830, C, 5683, 21856, 0.0226, 127.197
20240828102012, NVDA, 129, 20240830, P, 1999, 9969, 0.0226, 127.197
20240828102012, NVDA, 130, 20240830, C, 29314, 146792, 0.0226, 127.197
20240828102012, NVDA, 130, 20240830, P, 2387, 20721, 0.0226, 127.197
20240828102012, NVDA, 131, 20240830, C, 5119, 17179, 0.0225, 127.197
20240828102012, NVDA, 131, 20240830, P, 312, 3755, 0.0225, 127.197
20240828102012, NVDA, 132, 20240830, C, 10784, 23213, 0.0223, 127.197
20240828102012, NVDA, 132, 20240830, P, 257, 3987, 0.0223, 127.197
20240828102012, NVDA, 133, 20240830, C, 9248, 19490, 0.0221, 127.197
20240828102012, NVDA, 133, 20240830, P, 287, 2478, 0.0221, 127.197
20240828102012, NVDA, 134, 20240830, C, 2112, 13487, 0.0218, 127.197
20240828102012, NVDA, 134, 20240830, P, 223, 1917, 0.0218, 127.197
20240828102012, NVDA, 135, 20240830, C, 12453, 68810, 0.0215, 127.197
20240828102012, NVDA, 135, 20240830, P, 340, 6071, 0.0215, 127.197
20240828102012, NVDA, 136, 20240830, C, 1864, 10642, 0.0211, 127.197
20240828102012, NVDA, 136, 20240830, P, 169, 1157, 0.0211, 127.197
20240828102012, NVDA, 137, 20240830, C, 3424, 12568, 0.0206, 127.197
20240828102012, NVDA, 137, 20240830, P, 69, 1095, 0.0207, 127.197
20240828102012, NVDA, 138, 20240830, C, 5540, 12907, 0.0201, 127.197
20240828102012, NVDA, 138, 20240830, P, 66, 952, 0.0201, 127.197
20240828102012, NVDA, 139, 20240830, C, 4818, 9629, 0.0195, 127.197
20240828102012, NVDA, 139, 20240830, P, 22, 1315, 0.0196, 127.197
20240828102012, NVDA, 140, 20240830, C, 24293, 90023, 0.0189, 127.197
20240828102012, NVDA, 140, 20240830, P, 529, 3289, 0.019, 127.197
20240828102012, NVDA, 141, 20240830, C, 2313, 10130, 0.0183, 127.197
20240828102012, NVDA, 141, 20240830, P, 21, 976, 0.0184, 127.197
20240828102012, NVDA, 142, 20240830, C, 6282, 16120, 0.0176, 127.197
20240828102012, NVDA, 142, 20240830, P, 47, 573, 0.0177, 127.197
20240828102012, NVDA, 143, 20240830, C, 2451, 8123, 0.0169, 127.197
20240828102012, NVDA, 143, 20240830, P, 4, 494, 0.017, 127.197
20240828102012, NVDA, 144, 20240830, C, 640, 6111, 0.0162, 127.197
20240828102012, NVDA, 144, 20240830, P, 2, 623, 0.0163, 127.197
20240828102012, NVDA, 145, 20240830, C, 5001, 38645, 0.0155, 127.197
20240828102012, NVDA, 145, 20240830, P, 145, 870, 0.0155, 127.197
20240828102012, NVDA, 146, 20240830, C, 2057, 8415, 0.0147, 127.197
20240828102012, NVDA, 146, 20240830, P, 33, 737, 0.0148, 127.197
20240828102012, NVDA, 147, 20240830, C, 5144, 5373, 0.014, 127.197
20240828102012, NVDA, 147, 20240830, P, 17, 397, 0.014, 127.197
20240828102012, NVDA, 148, 20240830, C, 4503, 9140, 0.0132, 127.197
20240828102012, NVDA, 148, 20240830, P, 2, 238, 0.0133, 127.197
20240828102012, NVDA, 149, 20240830, C, 1238, 8202, 0.0125, 127.197
20240828102012, NVDA, 149, 20240830, P, 13, 252, 0.0125, 127.197
20240828102012, NVDA, 150, 20240830, C, 15282, 78514, 0.0117, 127.197
20240828102012, NVDA, 150, 20240830, P, 99, 869, 0.0118, 127.197
20240828102012, NVDA, 155, 20240830, C, 7311, 38078, 0.0084, 127.197
20240828102012, NVDA, 155, 20240830, P, 1, 187, 0.0085, 127.197
20240828102012, NVDA, 160, 20240830, C, 5219, 29312, 0.0059, 127.197
20240828102012, NVDA, 160, 20240830, P, 10, 423, 0.006, 127.197
20240828102012, NVDA, 165, 20240830, C, 3301, 15471, 0.0041, 127.197
20240828102012, NVDA, 165, 20240830, P, 9, 96, 0.0042, 127.197
20240828102012, NVDA, 170, 20240830, C, 2582, 19042, 0.0029, 127.197
20240828102012, NVDA, 170, 20240830, P, 2, 263, 0.003, 127.197
20240828102012, NVDA, 175, 20240830, C, 3139, 11513, 0.0021, 127.197
20240828102012, NVDA, 175, 20240830, P, 1, 276, 0.0022, 127.197
20240828102012, NVDA, 180, 20240830, C, 1127, 12654, 0.0016, 127.197
20240828102012, NVDA, 180, 20240830, P, 2, 8, 0.0017, 127.197
20240828102012, NVDA, 185, 20240830, C, 1278, 12321, 0.0012, 127.197
20240828102012, NVDA, 185, 20240830, P, 0, 0, 0.0013, 127.197
20240828102012, NVDA, 190, 20240830, C, 535, 17221, 0.0009, 127.197
20240828102012, NVDA, 190, 20240830, P, 0, 0, 0.001, 127.197
20240828102012, NVDA, 195, 20240830, C, 244, 8112, 0.0007, 127.197
20240828102012, NVDA, 195, 20240830, P, 0, 0, 0.0007, 127.197
20240828102012, NVDA, 200, 20240830, C, 2347, 22037, 0.0005, 127.197
20240828102012, NVDA, 200, 20240830, P, 1, 0, 0.0004, 127.197
20240828102012, NVDA, 205, 20240830, C, 530, 7666, 0.0004, 127.197
20240828102012, NVDA, 205, 20240830, P, 0, 0, 0.0001, 127.197
20240828102012, NVDA, 210, 20240830, C, 61, 4715, 0.0003, 127.197
20240828102012, NVDA, 210, 20240830, P, 0, 0, 0, 127.197
20240828102012, NVDA, 215, 20240830, C, 3063, 3814, 0.0003, 127.197
20240828102012, NVDA, 215, 20240830, P, 0, 0, 0, 127.197
20240828102012, NVDA, 220, 20240830, C, 972, 35479, 0.0002, 127.197
20240828102012, NVDA, 220, 20240830, P, 2, 1, 0, 127.197
20240828103013, NVDA, 30, 20240830, C, 2, 21, 0, 127.47
20240828103013, NVDA, 30, 20240830, P, 20, 564, 0, 127.47
20240828103013, NVDA, 35, 20240830, C, 8, 326, 0, 127.47
20240828103013, NVDA, 35, 20240830, P, 0, 1767, 0, 127.47
20240828103013, NVDA, 40, 20240830, C, 0, 36, 0, 127.47
20240828103013, NVDA, 40, 20240830, P, 0, 1046, 0, 127.47
20240828103013, NVDA, 45, 20240830, C, 0, 28, 0, 127.47
20240828103013, NVDA, 45, 20240830, P, 0, 2466, 0, 127.47
20240828103013, NVDA, 50, 20240830, C, 12, 223, 0.0001, 127.47
20240828103013, NVDA, 50, 20240830, P, 5, 17854, 0.0001, 127.47
20240828103013, NVDA, 55, 20240830, C, 0, 151, 0.0001, 127.47
20240828103013, NVDA, 55, 20240830, P, 223, 17985, 0.0001, 127.47
20240828103013, NVDA, 60, 20240830, C, 11, 223, 0.0002, 127.47
20240828103013, NVDA, 60, 20240830, P, 2069, 38248, 0.0002, 127.47
20240828103013, NVDA, 65, 20240830, C, 5, 94, 0.0003, 127.47
20240828103013, NVDA, 65, 20240830, P, 1605, 52055, 0.0003, 127.47
20240828103013, NVDA, 70, 20240830, C, 9, 532, 0.0004, 127.47
20240828103013, NVDA, 70, 20240830, P, 391, 35428, 0.0004, 127.47
20240828103013, NVDA, 75, 20240830, C, 0, 636, 0.0006, 127.47
20240828103013, NVDA, 75, 20240830, P, 404, 22137, 0.0006, 127.47
20240828103013, NVDA, 80, 20240830, C, 29, 1212, 0.0009, 127.47
20240828103013, NVDA, 80, 20240830, P, 2652, 27851, 0.0009, 127.47
20240828103013, NVDA, 81, 20240830, C, 1, 38, 0.0009, 127.47
20240828103013, NVDA, 81, 20240830, P, 689, 9240, 0.0009, 127.47
20240828103013, NVDA, 82, 20240830, C, 0, 49, 0.001, 127.47
20240828103013, NVDA, 82, 20240830, P, 329, 1271, 0.001, 127.47
20240828103013, NVDA, 83, 20240830, C, 1, 64, 0.0011, 127.47
20240828103013, NVDA, 83, 20240830, P, 598, 16177, 0.0011, 127.47
20240828103013, NVDA, 84, 20240830, C, 1, 110, 0.0012, 127.47
20240828103013, NVDA, 84, 20240830, P, 515, 11071, 0.0012, 127.47
20240828103013, NVDA, 85, 20240830, C, 10, 1045, 0.0013, 127.47
20240828103013, NVDA, 85, 20240830, P, 1120, 21185, 0.0013, 127.47
20240828103013, NVDA, 86, 20240830, C, 2, 85, 0.0014, 127.47
20240828103013, NVDA, 86, 20240830, P, 159, 3439, 0.0014, 127.47
20240828103013, NVDA, 87, 20240830, C, 21, 110, 0.0016, 127.47
20240828103013, NVDA, 87, 20240830, P, 128, 3577, 0.0016, 127.47
20240828103013, NVDA, 88, 20240830, C, 3, 520, 0.0017, 127.47
20240828103013, NVDA, 88, 20240830, P, 1472, 1342, 0.0017, 127.47
20240828103013, NVDA, 89, 20240830, C, 0, 159, 0.0018, 127.47
20240828103013, NVDA, 89, 20240830, P, 948, 3119, 0.0018, 127.47
20240828103013, NVDA, 90, 20240830, C, 30, 2881, 0.002, 127.47
20240828103013, NVDA, 90, 20240830, P, 25180, 42921, 0.002, 127.47
20240828103013, NVDA, 91, 20240830, C, 2, 143, 0.0022, 127.47
20240828103013, NVDA, 91, 20240830, P, 321, 1892, 0.0022, 127.47
20240828103013, NVDA, 92, 20240830, C, 1, 287, 0.0024, 127.47
20240828103013, NVDA, 92, 20240830, P, 367, 2035, 0.0024, 127.47
20240828103013, NVDA, 93, 20240830, C, 4, 77, 0.0026, 127.47
20240828103013, NVDA, 93, 20240830, P, 267, 6018, 0.0026, 127.47
20240828103013, NVDA, 94, 20240830, C, 0, 111, 0.0029, 127.47
20240828103013, NVDA, 94, 20240830, P, 281, 1261, 0.0029, 127.47
20240828103013, NVDA, 95, 20240830, C, 21, 1605, 0.0032, 127.47
20240828103013, NVDA, 95, 20240830, P, 1693, 16001, 0.0032, 127.47
20240828103013, NVDA, 96, 20240830, C, 0, 542, 0.0034, 127.47
20240828103013, NVDA, 96, 20240830, P, 336, 4118, 0.0034, 127.47
20240828103013, NVDA, 97, 20240830, C, 2, 297, 0.0038, 127.47
20240828103013, NVDA, 97, 20240830, P, 291, 4013, 0.0038, 127.47
20240828103013, NVDA, 98, 20240830, C, 5, 519, 0.0042, 127.47
20240828103013, NVDA, 98, 20240830, P, 821, 4938, 0.0042, 127.47
20240828103013, NVDA, 99, 20240830, C, 5, 504, 0.0046, 127.47
20240828103013, NVDA, 99, 20240830, P, 857, 5005, 0.0046, 127.47
20240828103013, NVDA, 100, 20240830, C, 472, 9927, 0.005, 127.47
20240828103013, NVDA, 100, 20240830, P, 15037, 47298, 0.005, 127.47
20240828103013, NVDA, 101, 20240830, C, 14, 1396, 0.0055, 127.47
20240828103013, NVDA, 101, 20240830, P, 540, 4570, 0.0055, 127.47
20240828103013, NVDA, 102, 20240830, C, 35, 2354, 0.006, 127.47
20240828103013, NVDA, 102, 20240830, P, 1479, 8885, 0.006, 127.47
20240828103013, NVDA, 103, 20240830, C, 6, 2893, 0.0066, 127.47
20240828103013, NVDA, 103, 20240830, P, 1433, 4407, 0.0066, 127.47
20240828103013, NVDA, 104, 20240830, C, 44, 2026, 0.0072, 127.47
20240828103013, NVDA, 104, 20240830, P, 1166, 4352, 0.0072, 127.47
20240828103013, NVDA, 105, 20240830, C, 121, 10075, 0.0079, 127.47
20240828103013, NVDA, 105, 20240830, P, 14057, 21963, 0.0079, 127.47
20240828103013, NVDA, 106, 20240830, C, 27, 3776, 0.0086, 127.47
20240828103013, NVDA, 106, 20240830, P, 1484, 20055, 0.0086, 127.47
20240828103013, NVDA, 107, 20240830, C, 47, 3378, 0.0093, 127.47
20240828103013, NVDA, 107, 20240830, P, 1462, 14877, 0.0093, 127.47
20240828103013, NVDA, 108, 20240830, C, 322, 5050, 0.0101, 127.47
20240828103013, NVDA, 108, 20240830, P, 1730, 11486, 0.0101, 127.47
20240828103013, NVDA, 109, 20240830, C, 122, 3193, 0.011, 127.47
20240828103013, NVDA, 109, 20240830, P, 8562, 11386, 0.011, 127.47
20240828103013, NVDA, 110, 20240830, C, 1066, 42237, 0.0118, 127.47
20240828103013, NVDA, 110, 20240830, P, 9725, 53301, 0.0118, 127.47
20240828103013, NVDA, 111, 20240830, C, 182, 8106, 0.0127, 127.47
20240828103013, NVDA, 111, 20240830, P, 878, 8898, 0.0127, 127.47
20240828103013, NVDA, 112, 20240830, C, 201, 3685, 0.0136, 127.47
20240828103013, NVDA, 112, 20240830, P, 4574, 10605, 0.0136, 127.47
20240828103013, NVDA, 113, 20240830, C, 124, 5775, 0.0145, 127.47
20240828103013, NVDA, 113, 20240830, P, 1793, 8704, 0.0145, 127.47
20240828103013, NVDA, 114, 20240830, C, 166, 2370, 0.0154, 127.47
20240828103013, NVDA, 114, 20240830, P, 7386, 11283, 0.0154, 127.47
20240828103013, NVDA, 115, 20240830, C, 673, 16162, 0.0163, 127.47
20240828103013, NVDA, 115, 20240830, P, 6044, 31128, 0.0163, 127.47
20240828103013, NVDA, 116, 20240830, C, 219, 3171, 0.0171, 127.47
20240828103013, NVDA, 116, 20240830, P, 2269, 17067, 0.0171, 127.47
20240828103013, NVDA, 117, 20240830, C, 183, 4427, 0.0179, 127.47
20240828103013, NVDA, 117, 20240830, P, 3958, 8641, 0.0179, 127.47
20240828103013, NVDA, 118, 20240830, C, 445, 6245, 0.0187, 127.47
20240828103013, NVDA, 118, 20240830, P, 4730, 11509, 0.0187, 127.47
20240828103013, NVDA, 119, 20240830, C, 173, 5269, 0.0194, 127.47
20240828103013, NVDA, 119, 20240830, P, 6651, 7966, 0.0194, 127.47
20240828103013, NVDA, 120, 20240830, C, 5250, 34124, 0.02, 127.47
20240828103013, NVDA, 120, 20240830, P, 11208, 52171, 0.0201, 127.47
20240828103013, NVDA, 121, 20240830, C, 203, 4886, 0.0206, 127.47
20240828103013, NVDA, 121, 20240830, P, 1409, 28856, 0.0207, 127.47
20240828103013, NVDA, 122, 20240830, C, 521, 7347, 0.0212, 127.47
20240828103013, NVDA, 122, 20240830, P, 3373, 10850, 0.0212, 127.47
20240828103013, NVDA, 123, 20240830, C, 964, 9763, 0.0216, 127.47
20240828103013, NVDA, 123, 20240830, P, 3522, 17159, 0.0217, 127.47
20240828103013, NVDA, 124, 20240830, C, 1557, 27254, 0.022, 127.47
20240828103013, NVDA, 124, 20240830, P, 7626, 14577, 0.0221, 127.47
20240828103013, NVDA, 125, 20240830, C, 8094, 52814, 0.0224, 127.47
20240828103013, NVDA, 125, 20240830, P, 11724, 35023, 0.0224, 127.47
20240828103013, NVDA, 126, 20240830, C, 5692, 16021, 0.0227, 127.47
20240828103013, NVDA, 126, 20240830, P, 5732, 13182, 0.0227, 127.47
20240828103013, NVDA, 127, 20240830, C, 7363, 21599, 0.0229, 127.47
20240828103013, NVDA, 127, 20240830, P, 6859, 12220, 0.0229, 127.47
20240828103013, NVDA, 128, 20240830, C, 15521, 27940, 0.023, 127.47
20240828103013, NVDA, 128, 20240830, P, 5639, 18018, 0.023, 127.47
20240828103013, NVDA, 129, 20240830, C, 5964, 21856, 0.023, 127.47
20240828103013, NVDA, 129, 20240830, P, 2890, 9969, 0.0231, 127.47
20240828103013, NVDA, 130, 20240830, C, 33091, 146792, 0.023, 127.47
20240828103013, NVDA, 130, 20240830, P, 3306, 20721, 0.0231, 127.47
20240828103013, NVDA, 131, 20240830, C, 5278, 17179, 0.023, 127.47
20240828103013, NVDA, 131, 20240830, P, 322, 3755, 0.023, 127.47
20240828103013, NVDA, 132, 20240830, C, 11056, 23213, 0.0228, 127.47
20240828103013, NVDA, 132, 20240830, P, 269, 3987, 0.0229, 127.47
20240828103013, NVDA, 133, 20240830, C, 9555, 19490, 0.0226, 127.47
20240828103013, NVDA, 133, 20240830, P, 305, 2478, 0.0227, 127.47
20240828103013, NVDA, 134, 20240830, C, 2243, 13487, 0.0223, 127.47
20240828103013, NVDA, 134, 20240830, P, 224, 1917, 0.0224, 127.47
20240828103013, NVDA, 135, 20240830, C, 18264, 68810, 0.022, 127.47
20240828103013, NVDA, 135, 20240830, P, 360, 6071, 0.022, 127.47
20240828103013, NVDA, 136, 20240830, C, 1947, 10642, 0.0216, 127.47
20240828103013, NVDA, 136, 20240830, P, 179, 1157, 0.0216, 127.47
20240828103013, NVDA, 137, 20240830, C, 3669, 12568, 0.0212, 127.47
20240828103013, NVDA, 137, 20240830, P, 89, 1095, 0.0212, 127.47
20240828103013, NVDA, 138, 20240830, C, 5984, 12907, 0.0206, 127.47
20240828103013, NVDA, 138, 20240830, P, 76, 952, 0.0207, 127.47
20240828103013, NVDA, 139, 20240830, C, 5625, 9629, 0.0201, 127.47
20240828103013, NVDA, 139, 20240830, P, 22, 1315, 0.0201, 127.47
20240828103013, NVDA, 140, 20240830, C, 29122, 90023, 0.0194, 127.47
20240828103013, NVDA, 140, 20240830, P, 535, 3289, 0.0195, 127.47
20240828103013, NVDA, 141, 20240830, C, 2518, 10130, 0.0188, 127.47
20240828103013, NVDA, 141, 20240830, P, 21, 976, 0.0188, 127.47
20240828103013, NVDA, 142, 20240830, C, 6580, 16120, 0.0181, 127.47
20240828103013, NVDA, 142, 20240830, P, 48, 573, 0.0181, 127.47
20240828103013, NVDA, 143, 20240830, C, 2608, 8123, 0.0173, 127.47
20240828103013, NVDA, 143, 20240830, P, 4, 494, 0.0174, 127.47
20240828103013, NVDA, 144, 20240830, C, 974, 6111, 0.0166, 127.47
20240828103013, NVDA, 144, 20240830, P, 2, 623, 0.0166, 127.47
20240828103013, NVDA, 145, 20240830, C, 5496, 38645, 0.0158, 127.47
20240828103013, NVDA, 145, 20240830, P, 149, 870, 0.0158, 127.47
20240828103013, NVDA, 146, 20240830, C, 2429, 8415, 0.015, 127.47
20240828103013, NVDA, 146, 20240830, P, 33, 737, 0.0151, 127.47
20240828103013, NVDA, 147, 20240830, C, 5426, 5373, 0.0142, 127.47
20240828103013, NVDA, 147, 20240830, P, 17, 397, 0.0143, 127.47
20240828103013, NVDA, 148, 20240830, C, 4560, 9140, 0.0134, 127.47
20240828103013, NVDA, 148, 20240830, P, 2, 238, 0.0135, 127.47
20240828103013, NVDA, 149, 20240830, C, 1275, 8202, 0.0126, 127.47
20240828103013, NVDA, 149, 20240830, P, 13, 252, 0.0127, 127.47
20240828103013, NVDA, 150, 20240830, C, 16402, 78514, 0.0118, 127.47
20240828103013, NVDA, 150, 20240830, P, 136, 869, 0.0119, 127.47
20240828103013, NVDA, 155, 20240830, C, 7744, 38078, 0.0084, 127.47
20240828103013, NVDA, 155, 20240830, P, 1, 187, 0.0085, 127.47
20240828103013, NVDA, 160, 20240830, C, 5686, 29312, 0.0058, 127.47
20240828103013, NVDA, 160, 20240830, P, 10, 423, 0.0059, 127.47
20240828103013, NVDA, 165, 20240830, C, 3464, 15471, 0.0041, 127.47
20240828103013, NVDA, 165, 20240830, P, 9, 96, 0.0042, 127.47
20240828103013, NVDA, 170, 20240830, C, 2963, 19042, 0.0029, 127.47
20240828103013, NVDA, 170, 20240830, P, 2, 263, 0.003, 127.47
20240828103013, NVDA, 175, 20240830, C, 3193, 11513, 0.0021, 127.47
20240828103013, NVDA, 175, 20240830, P, 1, 276, 0.0022, 127.47
20240828103013, NVDA, 180, 20240830, C, 1255, 12654, 0.0016, 127.47
20240828103013, NVDA, 180, 20240830, P, 2, 8, 0.0016, 127.47
20240828103013, NVDA, 185, 20240830, C, 1312, 12321, 0.0012, 127.47
20240828103013, NVDA, 185, 20240830, P, 0, 0, 0.0012, 127.47
20240828103013, NVDA, 190, 20240830, C, 536, 17221, 0.0009, 127.47
20240828103013, NVDA, 190, 20240830, P, 0, 0, 0.0009, 127.47
20240828103013, NVDA, 195, 20240830, C, 264, 8112, 0.0007, 127.47
20240828103013, NVDA, 195, 20240830, P, 0, 0, 0.0007, 127.47
20240828103013, NVDA, 200, 20240830, C, 2450, 22037, 0.0005, 127.47
20240828103013, NVDA, 200, 20240830, P, 1, 0, 0.0004, 127.47
20240828103013, NVDA, 205, 20240830, C, 535, 7666, 0.0004, 127.47
20240828103013, NVDA, 205, 20240830, P, 0, 0, 0.0001, 127.47
20240828103013, NVDA, 210, 20240830, C, 62, 4715, 0.0003, 127.47
20240828103013, NVDA, 210, 20240830, P, 0, 0, 0, 127.47
20240828103013, NVDA, 215, 20240830, C, 3889, 3814, 0.0002, 127.47
20240828103013, NVDA, 215, 20240830, P, 0, 0, 0, 127.47
20240828103013, NVDA, 220, 20240830, C, 1005, 35479, 0.0002, 127.47
20240828103013, NVDA, 220, 20240830, P, 2, 1, 0, 127.47
20240828104013, NVDA, 30, 20240830, C, 3, 21, 0, 126.685
20240828104013, NVDA, 30, 20240830, P, 20, 564, 0, 126.685
20240828104013, NVDA, 35, 20240830, C, 8, 326, 0, 126.685
20240828104013, NVDA, 35, 20240830, P, 0, 1767, 0, 126.685
20240828104013, NVDA, 40, 20240830, C, 0, 36, 0, 126.685
20240828104013, NVDA, 40, 20240830, P, 0, 1046, 0, 126.685
20240828104013, NVDA, 45, 20240830, C, 0, 28, 0.0001, 126.685
20240828104013, NVDA, 45, 20240830, P, 0, 2466, 0.0001, 126.685
20240828104013, NVDA, 50, 20240830, C, 17, 223, 0.0001, 126.685
20240828104013, NVDA, 50, 20240830, P, 5, 17854, 0.0001, 126.685
20240828104013, NVDA, 55, 20240830, C, 0, 151, 0.0001, 126.685
20240828104013, NVDA, 55, 20240830, P, 224, 17985, 0.0001, 126.685
20240828104013, NVDA, 60, 20240830, C, 16, 223, 0.0002, 126.685
20240828104013, NVDA, 60, 20240830, P, 2117, 38248, 0.0002, 126.685
20240828104013, NVDA, 65, 20240830, C, 10, 94, 0.0003, 126.685
20240828104013, NVDA, 65, 20240830, P, 1787, 52055, 0.0003, 126.685
20240828104013, NVDA, 70, 20240830, C, 9, 532, 0.0004, 126.685
20240828104013, NVDA, 70, 20240830, P, 438, 35428, 0.0004, 126.685
20240828104013, NVDA, 75, 20240830, C, 1, 636, 0.0006, 126.685
20240828104013, NVDA, 75, 20240830, P, 471, 22137, 0.0006, 126.685
20240828104013, NVDA, 80, 20240830, C, 29, 1212, 0.001, 126.685
20240828104013, NVDA, 80, 20240830, P, 2709, 27851, 0.001, 126.685
20240828104013, NVDA, 81, 20240830, C, 1, 38, 0.001, 126.685
20240828104013, NVDA, 81, 20240830, P, 1306, 9240, 0.001, 126.685
20240828104013, NVDA, 82, 20240830, C, 0, 49, 0.0011, 126.685
20240828104013, NVDA, 82, 20240830, P, 335, 1271, 0.0011, 126.685
20240828104013, NVDA, 83, 20240830, C, 1, 64, 0.0012, 126.685
20240828104013, NVDA, 83, 20240830, P, 601, 16177, 0.0012, 126.685
20240828104013, NVDA, 84, 20240830, C, 1, 110, 0.0013, 126.685
20240828104013, NVDA, 84, 20240830, P, 521, 11071, 0.0013, 126.685
20240828104013, NVDA, 85, 20240830, C, 10, 1045, 0.0014, 126.685
20240828104013, NVDA, 85, 20240830, P, 1195, 21185, 0.0014, 126.685
20240828104013, NVDA, 86, 20240830, C, 2, 85, 0.0016, 126.685
20240828104013, NVDA, 86, 20240830, P, 166, 3439, 0.0016, 126.685
20240828104013, NVDA, 87, 20240830, C, 21, 110, 0.0017, 126.685
20240828104013, NVDA, 87, 20240830, P, 149, 3577, 0.0017, 126.685
20240828104013, NVDA, 88, 20240830, C, 3, 520, 0.0019, 126.685
20240828104013, NVDA, 88, 20240830, P, 1750, 1342, 0.0019, 126.685
20240828104013, NVDA, 89, 20240830, C, 0, 159, 0.002, 126.685
20240828104013, NVDA, 89, 20240830, P, 970, 3119, 0.002, 126.685
20240828104013, NVDA, 90, 20240830, C, 30, 2881, 0.0022, 126.685
20240828104013, NVDA, 90, 20240830, P, 32050, 42921, 0.0022, 126.685
20240828104013, NVDA, 91, 20240830, C, 2, 143, 0.0024, 126.685
20240828104013, NVDA, 91, 20240830, P, 322, 1892, 0.0024, 126.685
20240828104013, NVDA, 92, 20240830, C, 1, 287, 0.0026, 126.685
20240828104013, NVDA, 92, 20240830, P, 390, 2035, 0.0026, 126.685
20240828104013, NVDA, 93, 20240830, C, 4, 77, 0.0029, 126.685
20240828104013, NVDA, 93, 20240830, P, 277, 6018, 0.0029, 126.685
20240828104013, NVDA, 94, 20240830, C, 0, 111, 0.0032, 126.685
20240828104013, NVDA, 94, 20240830, P, 281, 1261, 0.0032, 126.685
20240828104013, NVDA, 95, 20240830, C, 22, 1605, 0.0034, 126.685
20240828104013, NVDA, 95, 20240830, P, 1893, 16001, 0.0034, 126.685
20240828104013, NVDA, 96, 20240830, C, 0, 542, 0.0038, 126.685
20240828104013, NVDA, 96, 20240830, P, 370, 4118, 0.0038, 126.685
20240828104013, NVDA, 97, 20240830, C, 3, 297, 0.0041, 126.685
20240828104013, NVDA, 97, 20240830, P, 389, 4013, 0.0041, 126.685
20240828104013, NVDA, 98, 20240830, C, 5, 519, 0.0045, 126.685
20240828104013, NVDA, 98, 20240830, P, 952, 4938, 0.0045, 126.685
20240828104013, NVDA, 99, 20240830, C, 5, 504, 0.0049, 126.685
20240828104013, NVDA, 99, 20240830, P, 972, 5005, 0.0049, 126.685
20240828104013, NVDA, 100, 20240830, C, 495, 9927, 0.0054, 126.685
20240828104013, NVDA, 100, 20240830, P, 16145, 47298, 0.0054, 126.685
20240828104013, NVDA, 101, 20240830, C, 17, 1396, 0.0059, 126.685
20240828104013, NVDA, 101, 20240830, P, 556, 4570, 0.0059, 126.685
20240828104013, NVDA, 102, 20240830, C, 36, 2354, 0.0065, 126.685
20240828104013, NVDA, 102, 20240830, P, 1723, 8885, 0.0065, 126.685
20240828104013, NVDA, 103, 20240830, C, 6, 2893, 0.0071, 126.685
20240828104013, NVDA, 103, 20240830, P, 1476, 4407, 0.0071, 126.685
20240828104013, NVDA, 104, 20240830, C, 44, 2026, 0.0078, 126.685
20240828104013, NVDA, 104, 20240830, P, 1240, 4352, 0.0078, 126.685
20240828104013, NVDA, 105, 20240830, C, 143, 10075, 0.0085, 126.685
20240828104013, NVDA, 105, 20240830, P, 14222, 21963, 0.0085, 126.685
20240828104013, NVDA, 106, 20240830, C, 31, 3776, 0.0092, 126.685
20240828104013, NVDA, 106, 20240830, P, 1514, 20055, 0.0092, 126.685
20240828104013, NVDA, 107, 20240830, C, 49, 3378, 0.01, 126.685
20240828104013, NVDA, 107, 20240830, P, 1549, 14877, 0.01, 126.685
20240828104013, NVDA, 108, 20240830, C, 327, 5050, 0.0108, 126.685
20240828104013, NVDA, 108, 20240830, P, 1926, 11486, 0.0108, 126.685
20240828104013, NVDA, 109, 20240830, C, 122, 3193, 0.0117, 126.685
20240828104013, NVDA, 109, 20240830, P, 8984, 11386, 0.0117, 126.685
20240828104013, NVDA, 110, 20240830, C, 1245, 42237, 0.0126, 126.685
20240828104013, NVDA, 110, 20240830, P, 11961, 53301, 0.0126, 126.685
20240828104013, NVDA, 111, 20240830, C, 196, 8106, 0.0134, 126.685
20240828104013, NVDA, 111, 20240830, P, 1506, 8898, 0.0134, 126.685
20240828104013, NVDA, 112, 20240830, C, 206, 3685, 0.0143, 126.685
20240828104013, NVDA, 112, 20240830, P, 4825, 10605, 0.0143, 126.685
20240828104013, NVDA, 113, 20240830, C, 134, 5775, 0.0152, 126.685
20240828104013, NVDA, 113, 20240830, P, 2041, 8704, 0.0152, 126.685
20240828104013, NVDA, 114, 20240830, C, 198, 2370, 0.0161, 126.685
20240828104013, NVDA, 114, 20240830, P, 7539, 11283, 0.0161, 126.685
20240828104013, NVDA, 115, 20240830, C, 706, 16162, 0.0169, 126.685
20240828104013, NVDA, 115, 20240830, P, 6573, 31128, 0.0169, 126.685
20240828104013, NVDA, 116, 20240830, C, 226, 3171, 0.0177, 126.685
20240828104013, NVDA, 116, 20240830, P, 2492, 17067, 0.0177, 126.685
20240828104013, NVDA, 117, 20240830, C, 187, 4427, 0.0185, 126.685
20240828104013, NVDA, 117, 20240830, P, 4189, 8641, 0.0185, 126.685
20240828104013, NVDA, 118, 20240830, C, 452, 6245, 0.0192, 126.685
20240828104013, NVDA, 118, 20240830, P, 4922, 11509, 0.0192, 126.685
20240828104013, NVDA, 119, 20240830, C, 178, 5269, 0.0199, 126.685
20240828104013, NVDA, 119, 20240830, P, 6760, 7966, 0.0199, 126.685
20240828104013, NVDA, 120, 20240830, C, 5666, 34124, 0.0205, 126.685
20240828104013, NVDA, 120, 20240830, P, 12272, 52171, 0.0205, 126.685
20240828104013, NVDA, 121, 20240830, C, 247, 4886, 0.021, 126.685
20240828104013, NVDA, 121, 20240830, P, 1500, 28856, 0.021, 126.685
20240828104013, NVDA, 122, 20240830, C, 618, 7347, 0.0215, 126.685
20240828104013, NVDA, 122, 20240830, P, 3465, 10850, 0.0215, 126.685
20240828104013, NVDA, 123, 20240830, C, 1103, 9763, 0.0219, 126.685
20240828104013, NVDA, 123, 20240830, P, 4202, 17159, 0.0219, 126.685
20240828104013, NVDA, 124, 20240830, C, 1577, 27254, 0.0222, 126.685
20240828104013, NVDA, 124, 20240830, P, 7865, 14577, 0.0222, 126.685
20240828104013, NVDA, 125, 20240830, C, 8575, 52814, 0.0225, 126.685
20240828104013, NVDA, 125, 20240830, P, 12340, 35023, 0.0225, 126.685
20240828104013, NVDA, 126, 20240830, C, 5815, 16021, 0.0227, 126.685
20240828104013, NVDA, 126, 20240830, P, 6111, 13182, 0.0227, 126.685
20240828104013, NVDA, 127, 20240830, C, 7993, 21599, 0.0228, 126.685
20240828104013, NVDA, 127, 20240830, P, 7619, 12220, 0.0229, 126.685
20240828104013, NVDA, 128, 20240830, C, 16254, 27940, 0.0229, 126.685
20240828104013, NVDA, 128, 20240830, P, 5988, 18018, 0.0229, 126.685
20240828104013, NVDA, 129, 20240830, C, 6596, 21856, 0.0229, 126.685
20240828104013, NVDA, 129, 20240830, P, 2993, 9969, 0.0229, 126.685
20240828104013, NVDA, 130, 20240830, C, 35473, 146792, 0.0228, 126.685
20240828104013, NVDA, 130, 20240830, P, 3865, 20721, 0.0228, 126.685
20240828104013, NVDA, 131, 20240830, C, 5462, 17179, 0.0227, 126.685
20240828104013, NVDA, 131, 20240830, P, 373, 3755, 0.0227, 126.685
20240828104013, NVDA, 132, 20240830, C, 11648, 23213, 0.0225, 126.685
20240828104013, NVDA, 132, 20240830, P, 373, 3987, 0.0225, 126.685
20240828104013, NVDA, 133, 20240830, C, 9857, 19490, 0.0222, 126.685
20240828104013, NVDA, 133, 20240830, P, 316, 2478, 0.0222, 126.685
20240828104013, NVDA, 134, 20240830, C, 2299, 13487, 0.0219, 126.685
20240828104013, NVDA, 134, 20240830, P, 267, 1917, 0.0219, 126.685
20240828104013, NVDA, 135, 20240830, C, 18718, 68810, 0.0215, 126.685
20240828104013, NVDA, 135, 20240830, P, 418, 6071, 0.0215, 126.685
20240828104013, NVDA, 136, 20240830, C, 2066, 10642, 0.021, 126.685
20240828104013, NVDA, 136, 20240830, P, 181, 1157, 0.0211, 126.685
20240828104013, NVDA, 137, 20240830, C, 3915, 12568, 0.0206, 126.685
20240828104013, NVDA, 137, 20240830, P, 89, 1095, 0.0206, 126.685
20240828104013, NVDA, 138, 20240830, C, 6304, 12907, 0.02, 126.685
20240828104013, NVDA, 138, 20240830, P, 76, 952, 0.02, 126.685
20240828104013, NVDA, 139, 20240830, C, 5762, 9629, 0.0194, 126.685
20240828104013, NVDA, 139, 20240830, P, 31, 1315, 0.0194, 126.685
20240828104013, NVDA, 140, 20240830, C, 30435, 90023, 0.0188, 126.685
20240828104013, NVDA, 140, 20240830, P, 543, 3289, 0.0188, 126.685
20240828104013, NVDA, 141, 20240830, C, 2649, 10130, 0.0181, 126.685
20240828104013, NVDA, 141, 20240830, P, 26, 976, 0.0182, 126.685
20240828104013, NVDA, 142, 20240830, C, 8219, 16120, 0.0174, 126.685
20240828104013, NVDA, 142, 20240830, P, 48, 573, 0.0174, 126.685
20240828104013, NVDA, 143, 20240830, C, 2995, 8123, 0.0167, 126.685
20240828104013, NVDA, 143, 20240830, P, 6, 494, 0.0167, 126.685
20240828104013, NVDA, 144, 20240830, C, 1035, 6111, 0.0159, 126.685
20240828104013, NVDA, 144, 20240830, P, 2, 623, 0.016, 126.685
20240828104013, NVDA, 145, 20240830, C, 5836, 38645, 0.0152, 126.685
20240828104013, NVDA, 145, 20240830, P, 149, 870, 0.0152, 126.685
20240828104013, NVDA, 146, 20240830, C, 3127, 8415, 0.0144, 126.685
20240828104013, NVDA, 146, 20240830, P, 33, 737, 0.0145, 126.685
20240828104013, NVDA, 147, 20240830, C, 5701, 5373, 0.0136, 126.685
20240828104013, NVDA, 147, 20240830, P, 17, 397, 0.0137, 126.685
20240828104013, NVDA, 148, 20240830, C, 4844, 9140, 0.0129, 126.685
20240828104013, NVDA, 148, 20240830, P, 2, 238, 0.013, 126.685
20240828104013, NVDA, 149, 20240830, C, 1431, 8202, 0.0121, 126.685
20240828104013, NVDA, 149, 20240830, P, 13, 252, 0.0122, 126.685
20240828104013, NVDA, 150, 20240830, C, 17942, 78514, 0.0114, 126.685
20240828104013, NVDA, 150, 20240830, P, 137, 869, 0.0115, 126.685
20240828104013, NVDA, 155, 20240830, C, 8025, 38078, 0.0081, 126.685
20240828104013, NVDA, 155, 20240830, P, 1, 187, 0.0082, 126.685
20240828104013, NVDA, 160, 20240830, C, 5933, 29312, 0.0057, 126.685
20240828104013, NVDA, 160, 20240830, P, 10, 423, 0.0058, 126.685
20240828104013, NVDA, 165, 20240830, C, 3624, 15471, 0.004, 126.685
20240828104013, NVDA, 165, 20240830, P, 9, 96, 0.0041, 126.685
20240828104013, NVDA, 170, 20240830, C, 3031, 19042, 0.0028, 126.685
20240828104013, NVDA, 170, 20240830, P, 2, 263, 0.0029, 126.685
20240828104013, NVDA, 175, 20240830, C, 3323, 11513, 0.0021, 126.685
20240828104013, NVDA, 175, 20240830, P, 1, 276, 0.0022, 126.685
20240828104013, NVDA, 180, 20240830, C, 1461, 12654, 0.0015, 126.685
20240828104013, NVDA, 180, 20240830, P, 2, 8, 0.0016, 126.685
20240828104013, NVDA, 185, 20240830, C, 1340, 12321, 0.0012, 126.685
20240828104013, NVDA, 185, 20240830, P, 0, 0, 0.0012, 126.685
20240828104013, NVDA, 190, 20240830, C, 588, 17221, 0.0009, 126.685
20240828104013, NVDA, 190, 20240830, P, 0, 0, 0.001, 126.685
20240828104013, NVDA, 195, 20240830, C, 275, 8112, 0.0007, 126.685
20240828104013, NVDA, 195, 20240830, P, 0, 0, 0.0007, 126.685
20240828104013, NVDA, 200, 20240830, C, 3107, 22037, 0.0005, 126.685
20240828104013, NVDA, 200, 20240830, P, 1, 0, 0.0005, 126.685
20240828104013, NVDA, 205, 20240830, C, 964, 7666, 0.0004, 126.685
20240828104013, NVDA, 205, 20240830, P, 0, 0, 0.0002, 126.685
20240828104013, NVDA, 210, 20240830, C, 79, 4715, 0.0003, 126.685
20240828104013, NVDA, 210, 20240830, P, 0, 0, 0, 126.685
20240828104013, NVDA, 215, 20240830, C, 4026, 3814, 0.0003, 126.685
20240828104013, NVDA, 215, 20240830, P, 0, 0, 0, 126.685
20240828104013, NVDA, 220, 20240830, C, 1030, 35479, 0.0002, 126.685
20240828104013, NVDA, 220, 20240830, P, 2, 1, 0, 126.685
20240828105013, NVDA, 30, 20240830, C, 6, 21, 0, 125.76
20240828105013, NVDA, 30, 20240830, P, 20, 564, 0, 125.76
20240828105013, NVDA, 35, 20240830, C, 8, 326, 0, 125.76
20240828105013, NVDA, 35, 20240830, P, 1, 1767, 0, 125.76
20240828105013, NVDA, 40, 20240830, C, 0, 36, 0, 125.76
20240828105013, NVDA, 40, 20240830, P, 0, 1046, 0, 125.76
20240828105013, NVDA, 45, 20240830, C, 2, 28, 0.0001, 125.76
20240828105013, NVDA, 45, 20240830, P, 0, 2466, 0.0001, 125.76
20240828105013, NVDA, 50, 20240830, C, 17, 223, 0.0001, 125.76
20240828105013, NVDA, 50, 20240830, P, 5, 17854, 0.0001, 125.76
20240828105013, NVDA, 55, 20240830, C, 0, 151, 0.0002, 125.76
20240828105013, NVDA, 55, 20240830, P, 627, 17985, 0.0002, 125.76
20240828105013, NVDA, 60, 20240830, C, 16, 223, 0.0002, 125.76
20240828105013, NVDA, 60, 20240830, P, 2159, 38248, 0.0002, 125.76
20240828105013, NVDA, 65, 20240830, C, 10, 94, 0.0004, 125.76
20240828105013, NVDA, 65, 20240830, P, 1865, 52055, 0.0004, 125.76
20240828105013, NVDA, 70, 20240830, C, 9, 532, 0.0005, 125.76
20240828105013, NVDA, 70, 20240830, P, 967, 35428, 0.0005, 125.76
20240828105013, NVDA, 75, 20240830, C, 1, 636, 0.0008, 125.76
20240828105013, NVDA, 75, 20240830, P, 600, 22137, 0.0008, 125.76
20240828105013, NVDA, 80, 20240830, C, 30, 1212, 0.0011, 125.76
20240828105013, NVDA, 80, 20240830, P, 3970, 27851, 0.0011, 125.76
20240828105013, NVDA, 81, 20240830, C, 1, 38, 0.0012, 125.76
20240828105013, NVDA, 81, 20240830, P, 1416, 9240, 0.0012, 125.76
20240828105013, NVDA, 82, 20240830, C, 0, 49, 0.0013, 125.76
20240828105013, NVDA, 82, 20240830, P, 361, 1271, 0.0013, 125.76
20240828105013, NVDA, 83, 20240830, C, 1, 64, 0.0014, 125.76
20240828105013, NVDA, 83, 20240830, P, 603, 16177, 0.0014, 125.76
20240828105013, NVDA, 84, 20240830, C, 1, 110, 0.0016, 125.76
20240828105013, NVDA, 84, 20240830, P, 527, 11071, 0.0016, 125.76
20240828105013, NVDA, 85, 20240830, C, 10, 1045, 0.0017, 125.76
20240828105013, NVDA, 85, 20240830, P, 1997, 21185, 0.0017, 125.76
20240828105013, NVDA, 86, 20240830, C, 2, 85, 0.0018, 125.76
20240828105013, NVDA, 86, 20240830, P, 175, 3439, 0.0019, 125.76
20240828105013, NVDA, 87, 20240830, C, 21, 110, 0.002, 125.76
20240828105013, NVDA, 87, 20240830, P, 156, 3577, 0.002, 125.76
20240828105013, NVDA, 88, 20240830, C, 13, 520, 0.0022, 125.76
20240828105013, NVDA, 88, 20240830, P, 1759, 1342, 0.0022, 125.76
20240828105013, NVDA, 89, 20240830, C, 0, 159, 0.0024, 125.76
20240828105013, NVDA, 89, 20240830, P, 1038, 3119, 0.0024, 125.76
20240828105013, NVDA, 90, 20240830, C, 31, 2881, 0.0026, 125.76
20240828105013, NVDA, 90, 20240830, P, 36551, 42921, 0.0026, 125.76
20240828105013, NVDA, 91, 20240830, C, 2, 143, 0.0028, 125.76
20240828105013, NVDA, 91, 20240830, P, 411, 1892, 0.0028, 125.76
20240828105013, NVDA, 92, 20240830, C, 1, 287, 0.0031, 125.76
20240828105013, NVDA, 92, 20240830, P, 406, 2035, 0.0031, 125.76
20240828105013, NVDA, 93, 20240830, C, 4, 77, 0.0033, 125.76
20240828105013, NVDA, 93, 20240830, P, 304, 6018, 0.0033, 125.76
20240828105013, NVDA, 94, 20240830, C, 0, 111, 0.0036, 125.76
20240828105013, NVDA, 94, 20240830, P, 296, 1261, 0.0036, 125.76
20240828105013, NVDA, 95, 20240830, C, 23, 1605, 0.0039, 125.76
20240828105013, NVDA, 95, 20240830, P, 2124, 16001, 0.004, 125.76
20240828105013, NVDA, 96, 20240830, C, 0, 542, 0.0043, 125.76
20240828105013, NVDA, 96, 20240830, P, 388, 4118, 0.0043, 125.76
20240828105013, NVDA, 97, 20240830, C, 3, 297, 0.0047, 125.76
20240828105013, NVDA, 97, 20240830, P, 495, 4013, 0.0047, 125.76
20240828105013, NVDA, 98, 20240830, C, 6, 519, 0.0051, 125.76
20240828105013, NVDA, 98, 20240830, P, 1093, 4938, 0.0051, 125.76
20240828105013, NVDA, 99, 20240830, C, 12, 504, 0.0056, 125.76
20240828105013, NVDA, 99, 20240830, P, 1276, 5005, 0.0056, 125.76
20240828105013, NVDA, 100, 20240830, C, 515, 9927, 0.0061, 125.76
20240828105013, NVDA, 100, 20240830, P, 17478, 47298, 0.0061, 125.76
20240828105013, NVDA, 101, 20240830, C, 38, 1396, 0.0066, 125.76
20240828105013, NVDA, 101, 20240830, P, 689, 4570, 0.0066, 125.76
20240828105013, NVDA, 102, 20240830, C, 42, 2354, 0.0072, 125.76
20240828105013, NVDA, 102, 20240830, P, 2053, 8885, 0.0072, 125.76
20240828105013, NVDA, 103, 20240830, C, 6, 2893, 0.0078, 125.76
20240828105013, NVDA, 103, 20240830, P, 1553, 4407, 0.0078, 125.76
20240828105013, NVDA, 104, 20240830, C, 45, 2026, 0.0085, 125.76
20240828105013, NVDA, 104, 20240830, P, 1361, 4352, 0.0085, 125.76
20240828105013, NVDA, 105, 20240830, C, 169, 10075, 0.0092, 125.76
20240828105013, NVDA, 105, 20240830, P, 15339, 21963, 0.0092, 125.76
20240828105013, NVDA, 106, 20240830, C, 54, 3776, 0.01, 125.76
20240828105013, NVDA, 106, 20240830, P, 1735, 20055, 0.01, 125.76
20240828105013, NVDA, 107, 20240830, C, 54, 3378, 0.0107, 125.76
20240828105013, NVDA, 107, 20240830, P, 3473, 14877, 0.0107, 125.76
20240828105013, NVDA, 108, 20240830, C, 340, 5050, 0.0116, 125.76
20240828105013, NVDA, 108, 20240830, P, 2222, 11486, 0.0116, 125.76
20240828105013, NVDA, 109, 20240830, C, 123, 3193, 0.0124, 125.76
20240828105013, NVDA, 109, 20240830, P, 9393, 11386, 0.0124, 125.76
20240828105013, NVDA, 110, 20240830, C, 1341, 42237, 0.0132, 125.76
20240828105013, NVDA, 110, 20240830, P, 14833, 53301, 0.0132, 125.76
20240828105013, NVDA, 111, 20240830, C, 333, 8106, 0.0141, 125.76
20240828105013, NVDA, 111, 20240830, P, 2073, 8898, 0.0141, 125.76
20240828105013, NVDA, 112, 20240830, C, 233, 3685, 0.0149, 125.76
20240828105013, NVDA, 112, 20240830, P, 5299, 10605, 0.0149, 125.76
20240828105013, NVDA, 113, 20240830, C, 155, 5775, 0.0157, 125.76
20240828105013, NVDA, 113, 20240830, P, 2536, 8704, 0.0157, 125.76
20240828105013, NVDA, 114, 20240830, C, 227, 2370, 0.0165, 125.76
20240828105013, NVDA, 114, 20240830, P, 8153, 11283, 0.0165, 125.76
20240828105013, NVDA, 115, 20240830, C, 1076, 16162, 0.0173, 125.76
20240828105013, NVDA, 115, 20240830, P, 8895, 31128, 0.0173, 125.76
20240828105013, NVDA, 116, 20240830, C, 354, 3171, 0.018, 125.76
20240828105013, NVDA, 116, 20240830, P, 3758, 17067, 0.018, 125.76
20240828105013, NVDA, 117, 20240830, C, 223, 4427, 0.0187, 125.76
20240828105013, NVDA, 117, 20240830, P, 4363, 8641, 0.0187, 125.76
20240828105013, NVDA, 118, 20240830, C, 516, 6245, 0.0193, 125.76
20240828105013, NVDA, 118, 20240830, P, 5293, 11509, 0.0193, 125.76
20240828105013, NVDA, 119, 20240830, C, 201, 5269, 0.0199, 125.76
20240828105013, NVDA, 119, 20240830, P, 7207, 7966, 0.0199, 125.76
20240828105013, NVDA, 120, 20240830, C, 6089, 34124, 0.0204, 125.76
20240828105013, NVDA, 120, 20240830, P, 14325, 52171, 0.0204, 125.76
20240828105013, NVDA, 121, 20240830, C, 291, 4886, 0.0209, 125.76
20240828105013, NVDA, 121, 20240830, P, 1703, 28856, 0.0209, 125.76
20240828105013, NVDA, 122, 20240830, C, 691, 7347, 0.0213, 125.76
20240828105013, NVDA, 122, 20240830, P, 3740, 10850, 0.0213, 125.76
20240828105013, NVDA, 123, 20240830, C, 1298, 9763, 0.0216, 125.76
20240828105013, NVDA, 123, 20240830, P, 4478, 17159, 0.0216, 125.76
20240828105013, NVDA, 124, 20240830, C, 1848, 27254, 0.0219, 125.76
20240828105013, NVDA, 124, 20240830, P, 8494, 14577, 0.0219, 125.76
20240828105013, NVDA, 125, 20240830, C, 10026, 52814, 0.0221, 125.76
20240828105013, NVDA, 125, 20240830, P, 13867, 35023, 0.0221, 125.76
20240828105013, NVDA, 126, 20240830, C, 7390, 16021, 0.0222, 125.76
20240828105013, NVDA, 126, 20240830, P, 7440, 13182, 0.0222, 125.76
20240828105013, NVDA, 127, 20240830, C, 10509, 21599, 0.0223, 125.76
20240828105013, NVDA, 127, 20240830, P, 8661, 12220, 0.0223, 125.76
20240828105013, NVDA, 128, 20240830, C, 20164, 27940, 0.0223, 125.76
20240828105013, NVDA, 128, 20240830, P, 6554, 18018, 0.0223, 125.76
20240828105013, NVDA, 129, 20240830, C, 7286, 21856, 0.0222, 125.76
20240828105013, NVDA, 129, 20240830, P, 3160, 9969, 0.0223, 125.76
20240828105013, NVDA, 130, 20240830, C, 40729, 146792, 0.0221, 125.76
20240828105013, NVDA, 130, 20240830, P, 4708, 20721, 0.0222, 125.76
20240828105013, NVDA, 131, 20240830, C, 5882, 17179, 0.022, 125.76
20240828105013, NVDA, 131, 20240830, P, 395, 3755, 0.022, 125.76
20240828105013, NVDA, 132, 20240830, C, 12820, 23213, 0.0217, 125.76
20240828105013, NVDA, 132, 20240830, P, 415, 3987, 0.0218, 125.76
20240828105013, NVDA, 133, 20240830, C, 10484, 19490, 0.0214, 125.76
20240828105013, NVDA, 133, 20240830, P, 399, 2478, 0.0215, 125.76
20240828105013, NVDA, 134, 20240830, C, 2550, 13487, 0.0211, 125.76
20240828105013, NVDA, 134, 20240830, P, 289, 1917, 0.0211, 125.76
20240828105013, NVDA, 135, 20240830, C, 21322, 68810, 0.0207, 125.76
20240828105013, NVDA, 135, 20240830, P, 444, 6071, 0.0207, 125.76
20240828105013, NVDA, 136, 20240830, C, 2884, 10642, 0.0202, 125.76
20240828105013, NVDA, 136, 20240830, P, 183, 1157, 0.0203, 125.76
20240828105013, NVDA, 137, 20240830, C, 4350, 12568, 0.0198, 125.76
20240828105013, NVDA, 137, 20240830, P, 104, 1095, 0.0198, 125.76
20240828105013, NVDA, 138, 20240830, C, 7090, 12907, 0.0192, 125.76
20240828105013, NVDA, 138, 20240830, P, 82, 952, 0.0193, 125.76
20240828105013, NVDA, 139, 20240830, C, 6213, 9629, 0.0186, 125.76
20240828105013, NVDA, 139, 20240830, P, 31, 1315, 0.0187, 125.76
20240828105013, NVDA, 140, 20240830, C, 35063, 90023, 0.018, 125.76
20240828105013, NVDA, 140, 20240830, P, 594, 3289, 0.0181, 125.76
20240828105013, NVDA, 141, 20240830, C, 3166, 10130, 0.0174, 125.76
20240828105013, NVDA, 141, 20240830, P, 28, 976, 0.0174, 125.76
20240828105013, NVDA, 142, 20240830, C, 8730, 16120, 0.0167, 125.76
20240828105013, NVDA, 142, 20240830, P, 48, 573, 0.0168, 125.76
20240828105013, NVDA, 143, 20240830, C, 3347, 8123, 0.016, 125.76
20240828105013, NVDA, 143, 20240830, P, 6, 494, 0.0161, 125.76
20240828105013, NVDA, 144, 20240830, C, 1382, 6111, 0.0153, 125.76
20240828105013, NVDA, 144, 20240830, P, 2, 623, 0.0154, 125.76
20240828105013, NVDA, 145, 20240830, C, 8256, 38645, 0.0146, 125.76
20240828105013, NVDA, 145, 20240830, P, 180, 870, 0.0146, 125.76
20240828105013, NVDA, 146, 20240830, C, 4359, 8415, 0.0139, 125.76
20240828105013, NVDA, 146, 20240830, P, 33, 737, 0.0139, 125.76
20240828105013, NVDA, 147, 20240830, C, 5893, 5373, 0.0132, 125.76
20240828105013, NVDA, 147, 20240830, P, 19, 397, 0.0132, 125.76
20240828105013, NVDA, 148, 20240830, C, 5589, 9140, 0.0124, 125.76
20240828105013, NVDA, 148, 20240830, P, 2, 238, 0.0125, 125.76
20240828105013, NVDA, 149, 20240830, C, 2864, 8202, 0.0117, 125.76
20240828105013, NVDA, 149, 20240830, P, 13, 252, 0.0118, 125.76
20240828105013, NVDA, 150, 20240830, C, 19294, 78514, 0.011, 125.76
20240828105013, NVDA, 150, 20240830, P, 147, 869, 0.0111, 125.76
20240828105013, NVDA, 155, 20240830, C, 8575, 38078, 0.0079, 125.76
20240828105013, NVDA, 155, 20240830, P, 1, 187, 0.008, 125.76
20240828105013, NVDA, 160, 20240830, C, 6728, 29312, 0.0056, 125.76
20240828105013, NVDA, 160, 20240830, P, 11, 423, 0.0057, 125.76
20240828105013, NVDA, 165, 20240830, C, 3932, 15471, 0.0039, 125.76
20240828105013, NVDA, 165, 20240830, P, 9, 96, 0.004, 125.76
20240828105013, NVDA, 170, 20240830, C, 3873, 19042, 0.0028, 125.76
20240828105013, NVDA, 170, 20240830, P, 2, 263, 0.0029, 125.76
20240828105013, NVDA, 175, 20240830, C, 4729, 11513, 0.002, 125.76
20240828105013, NVDA, 175, 20240830, P, 3, 276, 0.0021, 125.76
20240828105013, NVDA, 180, 20240830, C, 1782, 12654, 0.0015, 125.76
20240828105013, NVDA, 180, 20240830, P, 2, 8, 0.0015, 125.76
20240828105013, NVDA, 185, 20240830, C, 1399, 12321, 0.0011, 125.76
20240828105013, NVDA, 185, 20240830, P, 2, 0, 0.0012, 125.76
20240828105013, NVDA, 190, 20240830, C, 634, 17221, 0.0008, 125.76
20240828105013, NVDA, 190, 20240830, P, 0, 0, 0.0009, 125.76
20240828105013, NVDA, 195, 20240830, C, 291, 8112, 0.0007, 125.76
20240828105013, NVDA, 195, 20240830, P, 0, 0, 0.0007, 125.76
20240828105013, NVDA, 200, 20240830, C, 3165, 22037, 0.0005, 125.76
20240828105013, NVDA, 200, 20240830, P, 1, 0, 0.0004, 125.76
20240828105013, NVDA, 205, 20240830, C, 1051, 7666, 0.0004, 125.76
20240828105013, NVDA, 205, 20240830, P, 0, 0, 0.0002, 125.76
20240828105013, NVDA, 210, 20240830, C, 83, 4715, 0.0003, 125.76
20240828105013, NVDA, 210, 20240830, P, 0, 0, 0.0001, 125.76
20240828105013, NVDA, 215, 20240830, C, 4057, 3814, 0.0003, 125.76
20240828105013, NVDA, 215, 20240830, P, 0, 0, 0, 125.76
20240828105013, NVDA, 220, 20240830, C, 1095, 35479, 0.0002, 125.76
20240828105013, NVDA, 220, 20240830, P, 2, 1, 0, 125.76
