20251006091846, AMD, 120, 20251010, C, 28, 40, 0.0005, 164.67, 0, 0.8807, 0, 44.96, 20251003 15:59:59
20251006091846, AMD, 125, 20251010, C, 32, 46, 0.0009, 164.67, 0, 0.7609, 0, 39.91, 20251003 15:59:59
20251006091846, AMD, 130, 20251010, C, 35, 173, 0.0015, 164.67, 0, 0.8741, 0, 34.68, 20251003 15:59:59
20251006091846, AMD, 135, 20251010, C, 25, 116, 0.0025, 164.67, 0, 0.6814, 0, 28.54, 20251003 15:59:59
20251006091846, AMD, 140, 20251010, C, 57, 163, 0.0043, 164.67, 0, 0.5916, 0, 25.09, 20251003 15:59:59
20251006091846, AMD, 141, 20251010, C, 8, 33, 0.0049, 164.67, 0, 0.6063, 0, 27.95, 20251003 15:59:59
20251006091846, AMD, 142, 20251010, C, 7, 19, 0.0054, 164.67, 0, 0.5982, 0, 22.58, 20251003 15:59:59
20251006091846, AMD, 143, 20251010, C, 23, 308, 0.0061, 164.67, 0, 0.5741, 0, 22.01, 20251003 15:59:59
20251006091846, AMD, 145, 20251010, C, 49, 693, 0.0077, 164.67, 0, 0.5744, 0, 20.07, 20251003 15:59:59
20251006091846, AMD, 146, 20251010, C, 42, 139, 0.0086, 164.67, 0, 0.5593, 0, 19.35, 20251003 15:59:59
20251006091846, AMD, 144, 20251010, C, 49, 552, 0.0069, 164.67, 0, 0.5765, 0, 20.95, 20251003 15:59:59
20251006091846, AMD, 157.5, 20251010, C, 2547, 2962, 0.0284, 164.67, 0, 0.4721, 0, 9, 20251003 15:59:59
20251006091846, AMD, 152.5, 20251010, C, 126, 565, 0.018, 164.67, 0, 0.5002, 0, 12.85, 20251003 15:59:59
20251006091846, AMD, 149, 20251010, C, 24, 363, 0.0122, 164.67, 0, 0.5238, 0, 16.2, 20251003 15:59:59
20251006091846, AMD, 155, 20251010, C, 455, 1784, 0.023, 164.67, 0, 0.4842, 0, 10.9, 20251003 15:59:59
20251006091846, AMD, 148, 20251010, C, 53, 204, 0.0109, 164.67, 0, 0.5346, 0, 17.4, 20251003 15:59:59
20251006091846, AMD, 165, 20251010, C, 11121, 8573, 0.0385, 164.67, 0, 0.4501, 0, 4.01, 20251003 15:59:59
20251006091846, AMD, 160, 20251010, C, 4688, 5043, 0.0334, 164.67, 0, 0.4612, 0, 7, 20251003 15:59:59
20251006091846, AMD, 170, 20251010, C, 42602, 16385, 0.0347, 164.67, 0, 0.4513, 0, 2.1, 20251003 15:59:59
20251006091846, AMD, 167.5, 20251010, C, 9574, 6861, 0.0377, 164.67, 0, 0.4505, 0, 2.93, 20251003 15:59:59
20251006091846, AMD, 150, 20251010, C, 284, 934, 0.0137, 164.67, 0, 0.5112, 0, 15.25, 20251003 15:59:59
20251006091846, AMD, 162.5, 20251010, C, 2049, 4124, 0.037, 164.67, 0, 0.456, 0, 5.4, 20251003 15:59:59
20251006091846, AMD, 147, 20251010, C, 19, 148, 0.0097, 164.67, 0, 0.5432, 0, 18.31, 20251003 15:59:59
20251006091846, AMD, 172.5, 20251010, C, 12331, 5440, 0.0303, 164.67, 0, 0.4552, 0, 1.47, 20251003 15:59:59
20251006091846, AMD, 182.5, 20251010, C, 2127, 6158, 0.0121, 164.67, 0, 0.4853, 0, 0.34, 20251003 15:59:59
20251006091846, AMD, 177.5, 20251010, C, 3290, 6612, 0.0203, 164.67, 0, 0.4677, 0, 0.71, 20251003 15:59:59
20251006091846, AMD, 180, 20251010, C, 15459, 9135, 0.0158, 164.67, 0, 0.4774, 0, 0.49, 20251003 15:59:59
20251006091846, AMD, 185, 20251010, C, 7064, 9359, 0.0092, 164.67, 0, 0.4962, 0, 0.23, 20251003 15:59:59
20251006091846, AMD, 175, 20251010, C, 25631, 20661, 0.0252, 164.67, 0, 0.4602, 0, 1.02, 20251003 15:59:59
20251006091846, AMD, 190, 20251010, C, 4106, 3955, 0.0053, 164.67, 0, 0.5199, 0, 0.11, 20251003 15:59:59
20251006091846, AMD, 187.5, 20251010, C, 1280, 4964, 0.007, 164.67, 0, 0.5097, 0, 0.16, 20251003 15:59:59
20251006091846, AMD, 192.5, 20251010, C, 662, 755, 0.004, 164.67, 0, 0.5344, 0, 0.09, 20251003 15:59:59
20251006091846, AMD, 197.5, 20251010, C, 218, 237, 0.0023, 164.67, 0, 0.5587, 0, 0.05, 20251003 15:59:59
20251006091846, AMD, 200, 20251010, C, 1604, 1815, 0.0018, 164.67, 0, 0.5745, 0, 0.03, 20251003 15:59:59
20251006091846, AMD, 205, 20251010, C, 2104, 2930, 0.0011, 164.67, 0, 0.6143, 0, 0.03, 20251003 15:59:59
20251006091846, AMD, 210, 20251010, C, 192, 462, 0.0008, 164.67, 0, 0.6394, 0, 0.01, 20251003 15:59:59
20251006091846, AMD, 135, 20251017, C, 98, 2631, 0.0044, 164.67, 0, 0.5848, 0, 29.92, 20251003 15:59:59
20251006091846, AMD, 140, 20251017, C, 70, 6194, 0.0066, 164.67, 0, 0.5468, 0, 25.78, 20251003 15:59:59
20251006091846, AMD, 125, 20251017, C, 106, 5551, 0.0019, 164.67, 0, 0.6904, 0, 39.85, 20251003 15:59:59
20251006091846, AMD, 130, 20251017, C, 37, 10751, 0.0029, 164.67, 0, 0.6302, 0, 35.25, 20251003 15:59:59
20251006091846, AMD, 120, 20251017, C, 23, 5497, 0.0013, 164.67, 0, 0.6776, 0, 45.13, 20251003 15:59:59
20251006091846, AMD, 149, 20251017, C, 0, 143, 0.0137, 164.67, 0, 0.5024, 0, 22.61, 20251003 15:59:59
20251006091846, AMD, 147, 20251017, C, 2, 96, 0.0118, 164.67, 0, 0.5098, 0, 19.05, 20251003 15:59:59
20251006091846, AMD, 145, 20251017, C, 117, 5867, 0.0101, 164.67, 0, 0.5182, 0, 20.76, 20251003 15:59:59
20251006091846, AMD, 148, 20251017, C, 86, 223, 0.0127, 164.67, 0, 0.507, 0, 21.52, 20251003 15:59:59
20251006091846, AMD, 150, 20251017, C, 273, 11783, 0.0147, 164.67, 0, 0.4962, 0, 16.35, 20251003 15:59:59
20251006091846, AMD, 152.5, 20251017, C, 138, 344, 0.0173, 164.67, 0, 0.4874, 0, 14.25, 20251003 15:59:59
20251006091846, AMD, 155, 20251017, C, 297, 11500, 0.0199, 164.67, 0, 0.4808, 0, 12.2, 20251003 15:59:59
20251006091846, AMD, 170, 20251017, C, 10490, 24041, 0.0255, 164.67, 0, 0.4652, 0, 3.88, 20251003 15:59:59
20251006091846, AMD, 157.5, 20251017, C, 130, 695, 0.0224, 164.67, 0, 0.4763, 0, 10.55, 20251003 15:59:59
20251006091846, AMD, 167.5, 20251017, C, 2528, 2589, 0.0263, 164.67, 0, 0.4644, 0, 4.85, 20251003 15:59:59
20251006091846, AMD, 172.5, 20251017, C, 2959, 2957, 0.024, 164.67, 0, 0.4662, 0, 3.1, 20251003 15:59:59
20251006091846, AMD, 165, 20251017, C, 3893, 11305, 0.0265, 164.67, 0, 0.4648, 0, 5.95, 20251003 15:59:59
20251006091846, AMD, 160, 20251017, C, 1044, 16362, 0.0244, 164.67, 0, 0.4703, 0, 8.75, 20251003 15:59:59
20251006091846, AMD, 162.5, 20251017, C, 979, 2583, 0.0258, 164.67, 0, 0.4681, 0, 7.3, 20251003 15:59:59
20251006091846, AMD, 175, 20251017, C, 15158, 19943, 0.022, 164.67, 0, 0.4694, 0, 2.47, 20251003 15:59:59
20251006091846, AMD, 180, 20251017, C, 13464, 19436, 0.0175, 164.67, 0, 0.477, 0, 1.52, 20251003 15:59:59
20251006091846, AMD, 190, 20251017, C, 2978, 10163, 0.0094, 164.67, 0, 0.4979, 0, 0.58, 20251003 15:59:59
20251006091846, AMD, 177.5, 20251017, C, 1089, 1105, 0.0198, 164.67, 0, 0.4726, 0, 1.94, 20251003 15:59:59
20251006091846, AMD, 185, 20251017, C, 11438, 22949, 0.0131, 164.67, 0, 0.4861, 0, 0.93, 20251003 15:59:59
20251006091846, AMD, 182.5, 20251017, C, 3391, 3871, 0.0152, 164.67, 0, 0.4817, 0, 1.19, 20251003 15:59:59
20251006091846, AMD, 195, 20251017, C, 591, 4780, 0.0066, 164.67, 0, 0.5122, 0, 0.35, 20251003 15:59:59
20251006091846, AMD, 200, 20251017, C, 5986, 14219, 0.0046, 164.67, 0, 0.527, 0, 0.23, 20251003 15:59:59
20251006091846, AMD, 141, 20251024, C, 0, 4, 0.0081, 164.67, 0, 0.5717, 0, 21.39, 20251003 15:59:59
20251006091846, AMD, 140, 20251024, C, 3, 56, 0.0075, 164.67, 0, 0.5438, 0, 28.9, 20251003 15:59:59
20251006091846, AMD, 142, 20251024, C, 1, 26, 0.0086, 164.67, 0, 0.5187, 0, 24, 20251003 15:59:59
20251006091846, AMD, 143, 20251024, C, 0, 25, 0.0092, 164.67, 0, 0.5142, 0, 28.7, 20251003 15:59:59
20251006091846, AMD, 210, 20251017, C, 1148, 10895, 0.0023, 164.67, 0, 0.5653, 0, 0.11, 20251003 15:59:59
20251006091846, AMD, 144, 20251024, C, 0, 9, 0.0099, 164.67, 0, 0.5087, 0, 17.85, 20251003 15:59:59
20251006091846, AMD, 205, 20251017, C, 63, 860, 0.0032, 164.67, 0, 0.545, 0, 0.15, 20251003 15:59:59
20251006091846, AMD, 145, 20251024, C, 23, 51, 0.0105, 164.67, 0, 0.5023, 0, 20.45, 20251003 15:59:59
20251006091846, AMD, 125, 20251024, C, 5, 28, 0.0025, 164.67, 0, 0, 0, 40.42, 20251003 15:59:59
20251006091846, AMD, 120, 20251024, C, 1, 83, 0.0017, 164.67, 0, 0.7162, 0, 49.18, 20251003 15:59:59
20251006091846, AMD, 130, 20251024, C, 7, 29, 0.0036, 164.67, 0, 0.6067, 0, 34.98, 20251003 15:59:59
20251006091846, AMD, 135, 20251024, C, 0, 31, 0.0052, 164.67, 0, 0.4732, 0, 35.65, 20251003 15:59:59
20251006091846, AMD, 146, 20251024, C, 4, 19, 0.0112, 164.67, 0, 0.4862, 0, 20.73, 20251003 15:59:59
20251006091846, AMD, 160, 20251024, C, 459, 2681, 0.0203, 164.67, 0, 0.4679, 0, 10.1, 20251003 15:59:59
20251006091846, AMD, 147, 20251024, C, 4, 35, 0.0119, 164.67, 0, 0.519, 0, 19.5, 20251003 15:59:59
20251006091846, AMD, 152.5, 20251024, C, 14, 882, 0.0159, 164.67, 0, 0.4791, 0, 15.35, 20251003 15:59:59
20251006091846, AMD, 148, 20251024, C, 0, 38, 0.0126, 164.67, 0, 0.4911, 0, 22.42, 20251003 15:59:59
20251006091846, AMD, 162.5, 20251024, C, 553, 1669, 0.0211, 164.67, 0, 0.4679, 0, 8.65, 20251003 15:59:59
20251006091846, AMD, 155, 20251024, C, 54, 912, 0.0176, 164.67, 0, 0.4755, 0, 13.25, 20251003 15:59:59
20251006091846, AMD, 150, 20251024, C, 59, 288, 0.0141, 164.67, 0, 0.4868, 0, 17.28, 20251003 15:59:59
20251006091846, AMD, 149, 20251024, C, 2, 84, 0.0134, 164.67, 0, 0.4884, 0, 21.3, 20251003 15:59:59
20251006091846, AMD, 157.5, 20251024, C, 33, 639, 0.0191, 164.67, 0, 0.4708, 0, 11.62, 20251003 15:59:59
20251006091846, AMD, 167.5, 20251024, C, 240, 1086, 0.0216, 164.67, 0, 0.4645, 0, 6.24, 20251003 15:59:59
20251006091846, AMD, 175, 20251024, C, 1452, 1724, 0.0194, 164.67, 0, 0.4675, 0, 3.65, 20251003 15:59:59
20251006091846, AMD, 165, 20251024, C, 645, 2252, 0.0216, 164.67, 0, 0.4644, 0, 7.41, 20251003 15:59:59
20251006091846, AMD, 170, 20251024, C, 1776, 3547, 0.0212, 164.67, 0, 0.4645, 0, 5.26, 20251003 15:59:59
20251006091846, AMD, 172.5, 20251024, C, 241, 919, 0.0204, 164.67, 0, 0.4668, 0, 4.4, 20251003 15:59:59
20251006091846, AMD, 177.5, 20251024, C, 143, 1476, 0.0181, 164.67, 0, 0.4696, 0, 2.98, 20251003 15:59:59
20251006091846, AMD, 210, 20251024, C, 141, 192, 0.0037, 164.67, 0, 0.5338, 0, 0.29, 20251003 15:59:59
20251006091846, AMD, 180, 20251024, C, 1199, 1889, 0.0167, 164.67, 0, 0.4731, 0, 2.52, 20251003 15:59:59
20251006091846, AMD, 200, 20251024, C, 1012, 1400, 0.0064, 164.67, 0, 0.5089, 0, 0.57, 20251003 15:59:59
20251006091846, AMD, 190, 20251024, C, 799, 1126, 0.0108, 164.67, 0, 0.4882, 0, 1.18, 20251003 15:59:59
20251006091846, AMD, 182.5, 20251024, C, 475, 5299, 0.0152, 164.67, 0, 0.4753, 0, 2.12, 20251003 15:59:59
20251006091846, AMD, 185, 20251024, C, 446, 6119, 0.0137, 164.67, 0, 0.4798, 0, 1.73, 20251003 15:59:59
20251006091846, AMD, 195, 20251024, C, 167, 920, 0.0084, 164.67, 0, 0.4975, 0, 0.81, 20251003 15:59:59
20251006091846, AMD, 205, 20251024, C, 263, 292, 0.0049, 164.67, 0, 0.5207, 0, 0.37, 20251003 15:59:59
20251006091846, AMD, 120, 20251031, C, 0, 18, 0.0023, 164.67, 0, 0.6607, 0, 48.05, 20251003 15:59:59
20251006091846, AMD, 125, 20251031, C, 2, 133, 0.0031, 164.67, 0, 0.6506, 0, 40.79, 20251003 15:59:59
20251006091846, AMD, 145, 20251031, C, 24, 98, 0.0104, 164.67, 0, 0.5185, 0, 22.19, 20251003 15:59:59
20251006091846, AMD, 147, 20251031, C, 3, 16, 0.0114, 164.67, 0, 0.5197, 0, 21.3, 20251003 15:59:59
20251006091846, AMD, 162.5, 20251031, C, 153, 1677, 0.0173, 164.67, 0, 0.4952, 0, 10.35, 20251003 15:59:59
20251006091846, AMD, 150, 20251031, C, 14, 277, 0.0129, 164.67, 0, 0.4914, 0, 18.54, 20251003 15:59:59
20251006091846, AMD, 155, 20251031, C, 30, 438, 0.0151, 164.67, 0, 0.5003, 0, 14.9, 20251003 15:59:59
20251006091846, AMD, 152.5, 20251031, C, 9, 224, 0.0141, 164.67, 0, 0.5347, 0, 16.65, 20251003 15:59:59
20251006091846, AMD, 157.5, 20251031, C, 10, 366, 0.0161, 164.67, 0, 0.4953, 0, 14, 20251003 15:59:59
20251006091846, AMD, 160, 20251031, C, 234, 2567, 0.0168, 164.67, 0, 0.4938, 0, 11.74, 20251003 15:59:59
20251006091846, AMD, 149, 20251031, C, 4, 140, 0.0124, 164.67, 0, 0.5052, 0, 22.47, 20251003 15:59:59
20251006091846, AMD, 148, 20251031, C, 16, 37, 0.0119, 164.67, 0, 0.5009, 0, 20.15, 20251003 15:59:59
20251006091846, AMD, 146, 20251031, C, 5, 7, 0.0109, 164.67, 0, 0.496, 0, 21.65, 20251003 15:59:59
20251006091846, AMD, 172.5, 20251031, C, 482, 865, 0.0171, 164.67, 0, 0.4951, 0, 6.06, 20251003 15:59:59
20251006091846, AMD, 170, 20251031, C, 1730, 2331, 0.0175, 164.67, 0, 0.4936, 0, 6.9, 20251003 15:59:59
20251006091846, AMD, 167.5, 20251031, C, 531, 922, 0.0177, 164.67, 0, 0.4928, 0, 8.02, 20251003 15:59:59
20251006091846, AMD, 165, 20251031, C, 929, 1705, 0.0176, 164.67, 0, 0.4936, 0, 9.1, 20251003 15:59:59
20251006091846, AMD, 175, 20251031, C, 868, 2151, 0.0166, 164.67, 0, 0.4951, 0, 5.27, 20251003 15:59:59
20251006091846, AMD, 177.5, 20251031, C, 165, 521, 0.0159, 164.67, 0, 0.4976, 0, 4.54, 20251003 15:59:59
20251006091846, AMD, 180, 20251031, C, 1952, 3460, 0.015, 164.67, 0, 0.4994, 0, 3.9, 20251003 15:59:59
20251006091846, AMD, 182.5, 20251031, C, 328, 608, 0.0142, 164.67, 0, 0.5008, 0, 3.35, 20251003 15:59:59
20251006091846, AMD, 200, 20251031, C, 792, 1609, 0.0078, 164.67, 0, 0.5272, 0, 1.17, 20251003 15:59:59
20251006091846, AMD, 195, 20251031, C, 311, 1093, 0.0094, 164.67, 0, 0.5188, 0, 1.59, 20251003 15:59:59
20251006091846, AMD, 190, 20251031, C, 1198, 1006, 0.0113, 164.67, 0, 0.511, 0, 2.15, 20251003 15:59:59
20251006091846, AMD, 185, 20251031, C, 628, 1513, 0.0132, 164.67, 0, 0.5048, 0, 2.9, 20251003 15:59:59
20251006091846, AMD, 205, 20251031, C, 64, 573, 0.0064, 164.67, 0, 0.5356, 0, 0.88, 20251003 15:59:59
20251006091846, AMD, 210, 20251031, C, 66, 356, 0.0052, 164.67, 0, 0.5445, 0, 0.67, 20251003 15:59:59
20251007094900, AMD, 40, 20251010, C, 0, 11, 0, 218.12, 1, 0, 0, 169.95, 20251007 09:33:15
20251007094900, AMD, 40, 20251010, P, 0, 40, 0, 218.12, 0, 5.3892, 0, 0.01, 20251007 09:33:15
20251007094900, AMD, 45, 20251010, C, 0, 1, 0, 218.12, 1, 0, 0, 167.7, 20251007 09:33:15
20251007094900, AMD, 45, 20251010, P, 0, 2, 0, 218.12, 0, 5.0185, 0, 0.02, 20251007 09:33:15
20251007094900, AMD, 50, 20251010, C, 0, 4, 0, 218.12, 1, 0, 0, 161.7, 20251007 09:33:15
20251007094900, AMD, 50, 20251010, P, 0, 0, 0, 218.12, 0, 4.6882, 0, 0, 20251007 09:33:15
20251007094900, AMD, 55, 20251010, C, 0, 4, 0, 218.12, 1, 6.0442, 0, 156.75, 20251007 09:33:15
20251007094900, AMD, 55, 20251010, P, 0, 2, 0, 218.12, 0, 4.3903, 0, 0.03, 20251007 09:33:15
20251007094900, AMD, 60, 20251010, C, 0, 2, 0, 218.12, 1, 0, 0, 148.8, 20251007 09:33:15
20251007094900, AMD, 60, 20251010, P, 0, 1, 0, 218.12, 0, 4.119, -0.0001, 0.04, 20251007 09:33:15
20251007094900, AMD, 65, 20251010, C, 0, 19, 0, 218.12, 1, 0, 0, 147.09, 20251007 09:33:15
20251007094900, AMD, 65, 20251010, P, 0, 5, 0, 218.12, 0, 3.87, -0.0001, 0.03, 20251007 09:33:15
20251007094900, AMD, 70, 20251010, C, 0, 2, 0, 218.12, 1, 5.3379, 0, 142.14, 20251007 09:33:15
20251007094900, AMD, 70, 20251010, P, 0, 22, 0, 218.12, 0, 3.6397, -0.0002, 0.01, 20251007 09:33:15
20251007094900, AMD, 75, 20251010, C, 0, 9, 0, 218.12, 1, 0, 0, 131.6, 20251007 09:33:15
20251007094900, AMD, 75, 20251010, P, 0, 19, 0, 218.12, 0, 3.4256, -0.0004, 0.01, 20251007 09:33:15
20251007094900, AMD, 80, 20251010, C, 0, 22, 0, 218.12, 0.9999, 0, 0, 126.6, 20251007 09:33:15
20251007094900, AMD, 80, 20251010, P, 0, 54, 0, 218.12, 0, 3.2255, -0.0005, 0.01, 20251007 09:33:15
20251007094900, AMD, 85, 20251010, C, 0, 18, 0, 218.12, 0.9999, 4.4661, 0, 126.72, 20251007 09:33:15
20251007094900, AMD, 85, 20251010, P, 0, 1, 0, 218.12, -0.0001, 3.0376, -0.0008, 0.06, 20251007 09:33:15
20251007094900, AMD, 90, 20251010, C, 0, 33, 0, 218.12, 0.9998, 0, 0, 115.98, 20251007 09:33:15
20251007094900, AMD, 90, 20251010, P, 0, 121, 0, 218.12, -0.0001, 2.8605, -0.0011, 0.01, 20251007 09:33:15
20251007094900, AMD, 95, 20251010, C, 0, 15, 0, 218.12, 0.9997, 0, 0, 118.35, 20251007 09:33:15
20251007094900, AMD, 95, 20251010, P, 0, 2316, 0, 218.12, -0.0001, 2.693, -0.0015, 0.01, 20251007 09:33:15
20251007094900, AMD, 100, 20251010, C, 0, 80, 0, 218.12, 0.9996, 0, 0, 106.3, 20251007 09:33:15
20251007094900, AMD, 100, 20251010, P, 0, 802, 0, 218.12, -0.0002, 2.534, -0.002, 0.01, 20251007 09:33:15
20251007094900, AMD, 105, 20251010, C, 0, 61, 0, 218.12, 0.9996, 0, 0, 100.84, 20251007 09:33:15
20251007094900, AMD, 105, 20251010, P, 2, 3925, 0, 218.12, -0.0002, 2.3827, -0.0026, 0.01, 20251007 09:33:15
20251007094900, AMD, 110, 20251010, C, 0, 46, 0, 218.12, 0.9995, 0, 0, 97.11, 20251007 09:33:15
20251007094900, AMD, 110, 20251010, P, 0, 251, 0, 218.12, -0.0003, 2.2383, -0.0033, 0.01, 20251007 09:33:15
20251007094900, AMD, 115, 20251010, C, 0, 37, 0, 218.12, 0.9994, 0, 0, 91.9, 20251007 09:33:15
20251007094900, AMD, 115, 20251010, P, 0, 342, 0, 218.12, -0.0004, 2.1002, -0.0041, 0.01, 20251007 09:33:15
20251007094900, AMD, 120, 20251010, C, 0, 57, 0, 218.12, 0.9992, 2.5703, 0, 90.4, 20251007 09:33:15
20251007094900, AMD, 120, 20251010, P, 0, 3198, 0, 218.12, -0.0005, 1.9678, -0.005, 0.01, 20251007 09:33:15
20251007094900, AMD, 125, 20251010, C, 1, 56, 0.0001, 218.12, 0.9991, 2.6912, 0, 92.6, 20251007 09:33:15
20251007094900, AMD, 125, 20251010, P, 0, 1270, 0.0001, 218.12, -0.0006, 1.8406, -0.006, 0.01, 20251007 09:33:15
20251007094900, AMD, 130, 20251010, C, 0, 171, 0.0001, 218.12, 0.9989, 0, 0, 77.08, 20251007 09:33:15
20251007094900, AMD, 130, 20251010, P, 0, 1324, 0.0001, 218.12, -0.0008, 1.7181, -0.0072, 0.01, 20251007 09:33:15
20251007094900, AMD, 135, 20251010, C, 0, 105, 0.0001, 218.12, 0.9988, 0, 0, 76.1, 20251007 09:33:15
20251007094900, AMD, 135, 20251010, P, 2, 3061, 0.0001, 218.12, -0.001, 1.6, -0.0085, 0.01, 20251007 09:33:15
20251007094900, AMD, 140, 20251010, C, 0, 150, 0.0001, 218.12, 0.9985, 0, -0.0004, 63.6, 20251007 09:33:15
20251007094900, AMD, 140, 20251010, P, 0, 2941, 0.0001, 218.12, -0.0012, 1.486, -0.0101, 0.01, 20251007 09:33:15
20251007094900, AMD, 141, 20251010, C, 0, 47, 0.0001, 218.12, 0.9984, 2.067, -0.0008, 65.1, 20251007 09:33:15
20251007094900, AMD, 141, 20251010, P, 0, 582, 0.0001, 218.12, -0.0013, 1.4636, -0.0104, 0.01, 20251007 09:33:15
20251007094900, AMD, 142, 20251010, C, 0, 30, 0.0001, 218.12, 0.9984, 2.0359, -0.0013, 63.5, 20251007 09:33:15
20251007094900, AMD, 142, 20251010, P, 0, 1503, 0.0001, 218.12, -0.0014, 1.581, -0.0108, 0.01, 20251007 09:33:15
20251007094900, AMD, 143, 20251010, C, 1, 290, 0.0001, 218.12, 0.9983, 0, -0.0018, 75.13, 20251007 09:33:15
20251007094900, AMD, 143, 20251010, P, 0, 1326, 0.0001, 218.12, -0.0014, 1.557, -0.0112, 0.02, 20251007 09:33:15
20251007094900, AMD, 144, 20251010, C, 0, 547, 0.0001, 218.12, 0.9983, 1.9269, -0.0024, 61.85, 20251007 09:33:15
20251007094900, AMD, 144, 20251010, P, 0, 1184, 0.0001, 218.12, -0.0015, 1.5332, -0.0116, 0.02, 20251007 09:33:15
20251007094900, AMD, 145, 20251010, C, 10, 650, 0.0002, 218.12, 0.9982, 1.944, -0.0029, 70.39, 20251007 09:33:15
20251007094900, AMD, 145, 20251010, P, 0, 2704, 0.0002, 218.12, -0.0016, 1.5096, -0.0121, 0.03, 20251007 09:33:15
20251007094900, AMD, 146, 20251010, C, 1, 65, 0.0002, 218.12, 0.9981, 0, -0.0035, 70, 20251007 09:33:15
20251007094900, AMD, 146, 20251010, P, 2, 1001, 0.0002, 218.12, -0.0016, 1.4861, -0.0125, 0.03, 20251007 09:33:15
20251007094900, AMD, 147, 20251010, C, 1, 149, 0.0002, 218.12, 0.998, 1.7843, -0.0042, 71.25, 20251007 09:33:15
20251007094900, AMD, 147, 20251010, P, 5, 749, 0.0002, 218.12, -0.0017, 1.4108, -0.013, 0.02, 20251007 09:33:15
20251007094900, AMD, 148, 20251010, C, 1, 185, 0.0002, 218.12, 0.998, 0, -0.0048, 69, 20251007 09:33:15
20251007094900, AMD, 148, 20251010, P, 1, 827, 0.0002, 218.12, -0.0018, 1.4395, -0.0135, 0.03, 20251007 09:33:15
20251007094900, AMD, 149, 20251010, C, 0, 337, 0.0002, 218.12, 0.9978, 0, -0.0055, 56.55, 20251007 09:33:15
20251007094900, AMD, 149, 20251010, P, 24, 893, 0.0002, 218.12, -0.0019, 1.4164, -0.0141, 0.02, 20251007 09:33:15
20251007094900, AMD, 150, 20251010, C, 2, 859, 0.0002, 218.12, 0.9978, 0, -0.0062, 66.75, 20251007 09:33:15
20251007094900, AMD, 150, 20251010, P, 83, 6330, 0.0002, 218.12, -0.002, 1.3935, -0.0147, 0.01, 20251007 09:33:15
20251007094900, AMD, 152.5, 20251010, C, 3, 470, 0.0002, 218.12, 0.9975, 0, -0.0083, 62.55, 20251007 09:33:15
20251007094900, AMD, 152.5, 20251010, P, 45, 3420, 0.0002, 218.12, -0.0023, 1.3367, -0.0165, 0.02, 20251007 09:33:15
20251007094900, AMD, 155, 20251010, C, 8, 1609, 0.0003, 218.12, 0.9971, 1.8361, -0.0107, 62.05, 20251007 09:33:15
20251007094900, AMD, 155, 20251010, P, 17, 5106, 0.0003, 218.12, -0.0026, 1.3458, -0.0186, 0.02, 20251007 09:33:15
20251007094900, AMD, 157.5, 20251010, C, 32, 2817, 0.0004, 218.12, 0.9966, 1.8882, -0.0137, 59.25, 20251007 09:33:15
20251007094900, AMD, 157.5, 20251010, P, 42, 3209, 0.0004, 218.12, -0.0031, 1.2598, -0.0213, 0.01, 20251007 09:33:15
20251007094900, AMD, 160, 20251010, C, 32, 4522, 0.0004, 218.12, 0.9961, 0, -0.0174, 57.92, 20251007 09:33:15
20251007094900, AMD, 160, 20251010, P, 231, 8791, 0.0004, 218.12, -0.0037, 1.2313, -0.0247, 0.02, 20251007 09:33:15
20251007094900, AMD, 162.5, 20251010, C, 22, 3670, 0.0005, 218.12, 0.9954, 1.6333, -0.022, 54.4, 20251007 09:33:15
20251007094900, AMD, 162.5, 20251010, P, 597, 3129, 0.0005, 218.12, -0.0044, 1.2178, -0.029, 0.02, 20251007 09:33:15
20251007094900, AMD, 165, 20251010, C, 57, 7046, 0.0006, 218.12, 0.9944, 1.1619, -0.0279, 53.66, 20251007 09:33:15
20251007094900, AMD, 165, 20251010, P, 220, 7154, 0.0006, 218.12, -0.0053, 1.1606, -0.0345, 0.04, 20251007 09:33:15
20251007094900, AMD, 167.5, 20251010, C, 29, 5437, 0.0008, 218.12, 0.9932, 1.0999, -0.0352, 50, 20251007 09:33:15
20251007094900, AMD, 167.5, 20251010, P, 82, 2267, 0.0008, 218.12, -0.0066, 1.136, -0.0416, 0.04, 20251007 09:33:15
20251007094900, AMD, 170, 20251010, C, 122, 8181, 0.001, 218.12, 0.9916, 1.0389, -0.0446, 48, 20251007 09:33:15
20251007094900, AMD, 170, 20251010, P, 605, 6090, 0.001, 218.12, -0.0081, 1.1276, -0.0506, 0.06, 20251007 09:33:15
20251007094900, AMD, 172.5, 20251010, C, 17, 3860, 0.0012, 218.12, 0.9896, 1.2575, -0.0564, 45.37, 20251007 09:33:15
20251007094900, AMD, 172.5, 20251010, P, 414, 2253, 0.0012, 218.12, -0.0102, 1.0886, -0.0621, 0.06, 20251007 09:33:15
20251007094900, AMD, 175, 20251010, C, 254, 17633, 0.0015, 218.12, 0.9869, 1.0762, -0.0713, 42, 20251007 09:33:15
20251007094900, AMD, 175, 20251010, P, 1228, 3532, 0.0015, 218.12, -0.0128, 1.0702, -0.0767, 0.09, 20251007 09:33:15
20251007094900, AMD, 177.5, 20251010, C, 40, 5779, 0.0019, 218.12, 0.9835, 1.123, -0.0901, 40.66, 20251007 09:33:15
20251007094900, AMD, 177.5, 20251010, P, 210, 1982, 0.0019, 218.12, -0.0163, 1.0426, -0.0952, 0.14, 20251007 09:33:15
20251007094900, AMD, 180, 20251010, C, 141, 5314, 0.0023, 218.12, 0.979, 1.0098, -0.1137, 38.1, 20251007 09:33:15
20251007094900, AMD, 180, 20251010, P, 971, 11481, 0.0023, 218.12, -0.0207, 1.0188, -0.1185, 0.17, 20251007 09:33:15
20251007094900, AMD, 182.5, 20251010, C, 4, 5531, 0.0029, 218.12, 0.9733, 1.0109, -0.1431, 35.6, 20251007 09:33:15
20251007094900, AMD, 182.5, 20251010, P, 434, 2112, 0.0029, 218.12, -0.0264, 0.9954, -0.1475, 0.21, 20251007 09:33:15
20251007094900, AMD, 185, 20251010, C, 267, 7336, 0.0037, 218.12, 0.966, 0.9952, -0.1795, 33, 20251007 09:33:15
20251007094900, AMD, 185, 20251010, P, 580, 5859, 0.0037, 218.12, -0.0337, 0.9806, -0.1836, 0.27, 20251007 09:33:15
20251007094900, AMD, 187.5, 20251010, C, 5, 4433, 0.0046, 218.12, 0.9566, 1.1188, -0.2242, 30, 20251007 09:33:15
20251007094900, AMD, 187.5, 20251010, P, 287, 2617, 0.0046, 218.12, -0.0431, 0.9599, -0.2281, 0.35, 20251007 09:33:15
20251007094900, AMD, 190, 20251010, C, 41, 2939, 0.0057, 218.12, 0.9447, 0.9558, -0.2786, 28.9, 20251007 09:33:15
20251007094900, AMD, 190, 20251010, P, 1350, 7925, 0.0057, 218.12, -0.055, 0.9385, -0.2822, 0.46, 20251007 09:33:15
20251007094900, AMD, 192.5, 20251010, C, 1, 697, 0.007, 218.12, 0.9297, 0.852, -0.3439, 25.25, 20251007 09:33:15
20251007094900, AMD, 192.5, 20251010, P, 453, 3380, 0.007, 218.12, -0.0701, 0.924, -0.3473, 0.6, 20251007 09:33:15
20251007094900, AMD, 195, 20251010, C, 447, 1099, 0.0085, 218.12, 0.9108, 0.8385, -0.4209, 23.8, 20251007 09:33:15
20251007094900, AMD, 195, 20251010, P, 647, 4063, 0.0085, 218.12, -0.089, 0.9096, -0.424, 0.8, 20251007 09:33:15
20251007094900, AMD, 197.5, 20251010, C, 57, 413, 0.0102, 218.12, 0.8876, 0.9676, -0.5096, 21, 20251007 09:33:15
20251007094900, AMD, 197.5, 20251010, P, 595, 2192, 0.0102, 218.12, -0.1122, 0.8982, -0.5125, 1.07, 20251007 09:33:15
20251007094900, AMD, 200, 20251010, C, 578, 3533, 0.012, 218.12, 0.8593, 0.8817, -0.609, 19.88, 20251007 09:33:15
20251007094900, AMD, 200, 20251010, P, 4636, 10328, 0.012, 218.12, -0.1405, 0.8917, -0.6117, 1.37, 20251007 09:33:15
20251007094900, AMD, 202.5, 20251010, C, 30, 0, 0.0139, 218.12, 0.8257, 0.8355, -0.7164, 15.85, 20251007 09:33:15
20251007094900, AMD, 202.5, 20251010, P, 218, 0, 0.014, 218.12, -0.1742, 0.8842, -0.719, 1.8, 20251007 09:33:15
20251007094900, AMD, 205, 20251010, C, 825, 5758, 0.0158, 218.12, 0.7867, 0.881, -0.8272, 16, 20251007 09:33:15
20251007094900, AMD, 205, 20251010, P, 1211, 6537, 0.0159, 218.12, -0.2132, 0.8832, -0.8297, 2.25, 20251007 09:33:15
20251007094900, AMD, 207.5, 20251010, C, 26, 0, 0.0176, 218.12, 0.7428, 0.8807, -0.9353, 12.35, 20251007 09:33:15
20251007094900, AMD, 207.5, 20251010, P, 209, 0, 0.0176, 218.12, -0.2572, 0.8806, -0.9378, 2.95, 20251007 09:33:15
20251007094900, AMD, 210, 20251010, C, 2039, 7214, 0.0191, 218.12, 0.6946, 0.8878, -1.0339, 12.19, 20251007 09:33:15
20251007094900, AMD, 210, 20251010, P, 1994, 7380, 0.0191, 218.12, -0.3054, 0.8899, -1.0364, 3.72, 20251007 09:33:15
20251007094900, AMD, 212.5, 20251010, C, 39, 0, 0.0203, 218.12, 0.6435, 0.8903, -1.1164, 10.2, 20251007 09:33:15
20251007094900, AMD, 212.5, 20251010, P, 344, 0, 0.0203, 218.12, -0.3566, 0.8891, -1.119, 4.58, 20251007 09:33:15
20251007094900, AMD, 215, 20251010, C, 3357, 8639, 0.021, 218.12, 0.5904, 0.8947, -1.1776, 9, 20251007 09:33:15
20251007094900, AMD, 215, 20251010, P, 2111, 4663, 0.0211, 218.12, -0.4098, 0.8936, -1.1803, 5.71, 20251007 09:33:15
20251007094900, AMD, 217.5, 20251010, C, 1219, 0, 0.0214, 218.12, 0.5368, 0.8945, -1.2142, 7.9, 20251007 09:33:15
20251007094900, AMD, 217.5, 20251010, P, 501, 0, 0.0214, 218.12, -0.4636, 0.8965, -1.217, 6.9, 20251007 09:33:15
20251007094900, AMD, 220, 20251010, C, 8195, 12157, 0.0213, 218.12, 0.4837, 0.8963, -1.2253, 6.6, 20251007 09:33:15
20251007094900, AMD, 220, 20251010, P, 662, 4295, 0.0214, 218.12, -0.5168, 0.9073, -1.2281, 8.24, 20251007 09:33:15
20251007094900, AMD, 222.5, 20251010, C, 365, 0, 0.0209, 218.12, 0.4321, 0.9064, -1.2118, 5.83, 20251007 09:33:15
20251007094900, AMD, 222.5, 20251010, P, 44, 0, 0.021, 218.12, -0.5684, 0.9115, -1.2146, 10.3, 20251007 09:33:15
20251007094900, AMD, 225, 20251010, C, 2797, 8243, 0.0202, 218.12, 0.383, 0.9075, -1.1764, 4.77, 20251007 09:33:15
20251007094900, AMD, 225, 20251010, P, 56, 578, 0.0202, 218.12, -0.6177, 0.9189, -1.179, 11.85, 20251007 09:33:15
20251007094900, AMD, 227.5, 20251010, C, 264, 0, 0.0191, 218.12, 0.337, 0.9161, -1.1227, 4.1, 20251007 09:33:15
20251007094900, AMD, 227.5, 20251010, P, 2, 0, 0.0192, 218.12, -0.6638, 0.9179, -1.125, 14.34, 20251007 09:33:15
20251007094900, AMD, 230, 20251010, C, 9049, 11032, 0.0179, 218.12, 0.2945, 0.9206, -1.0552, 3.35, 20251007 09:33:15
20251007094900, AMD, 230, 20251010, P, 41, 228, 0.018, 218.12, -0.7064, 0.9225, -1.0572, 15.2, 20251007 09:33:15
20251007094900, AMD, 232.5, 20251010, C, 171, 0, 0.0166, 218.12, 0.256, 0.9302, -0.9784, 2.82, 20251007 09:33:15
20251007094900, AMD, 232.5, 20251010, P, 0, 0, 0.0166, 218.12, -0.7451, 0.9349, -0.9798, 0, 20251007 09:33:15
20251007094900, AMD, 235, 20251010, C, 1277, 7007, 0.0151, 218.12, 0.2213, 0.9435, -0.8965, 2.35, 20251007 09:33:15
20251007094900, AMD, 235, 20251010, P, 5, 153, 0.0152, 218.12, -0.7798, 0.9549, -0.8973, 20.15, 20251007 09:33:15
20251007094900, AMD, 237.5, 20251010, C, 101, 0, 0.0137, 218.12, 0.1906, 0.9502, -0.8132, 1.99, 20251007 09:33:15
20251007094900, AMD, 237.5, 20251010, P, 0, 0, 0.0138, 218.12, -0.8105, 0.9597, -0.8135, 0, 20251007 09:33:15
20251007094900, AMD, 240, 20251010, C, 2919, 22603, 0.0123, 218.12, 0.1637, 0.9618, -0.7314, 1.65, 20251007 09:33:15
20251007094900, AMD, 240, 20251010, P, 11, 99, 0.0124, 218.12, -0.8375, 0.995, -0.731, 23, 20251007 09:33:15
20251007094900, AMD, 242.5, 20251010, C, 246, 0, 0.011, 218.12, 0.1403, 0.972, -0.6534, 1.4, 20251007 09:33:15
20251007094900, AMD, 242.5, 20251010, P, 0, 0, 0.011, 218.12, -0.861, 0.9979, -0.6524, 0, 20251007 09:33:15
20251007094900, AMD, 245, 20251010, C, 447, 0, 0.0098, 218.12, 0.1201, 0.9847, -0.5804, 1.2, 20251007 09:33:15
20251007094900, AMD, 245, 20251010, P, 0, 0, 0.0098, 218.12, -0.8812, 0.9937, -0.5787, 0, 20251007 09:33:15
20251007094900, AMD, 247.5, 20251010, C, 221, 0, 0.0086, 218.12, 0.1028, 0.9984, -0.5136, 0.95, 20251007 09:33:15
20251007094900, AMD, 247.5, 20251010, P, 0, 0, 0.0086, 218.12, -0.8986, 0.9888, -0.5113, 0, 20251007 09:33:15
20251007094900, AMD, 250, 20251010, C, 2938, 14351, 0.0076, 218.12, 0.088, 1.0108, -0.4531, 0.8, 20251007 09:33:15
20251007094900, AMD, 250, 20251010, P, 1, 64, 0.0076, 218.12, -0.9134, 1.024, -0.4501, 32.2, 20251007 09:33:15
20251007094900, AMD, 255, 20251010, C, 715, 0, 0.0058, 218.12, 0.0647, 1.0365, -0.3509, 0.58, 20251007 09:33:15
20251007094900, AMD, 255, 20251010, P, 1, 0, 0.0059, 218.12, -0.9367, 1.0461, -0.3466, 37.45, 20251007 09:33:15
20251007094900, AMD, 260, 20251010, C, 555, 5468, 0.0045, 218.12, 0.0479, 1.0616, -0.2712, 0.44, 20251007 09:33:15
20251007094900, AMD, 260, 20251010, P, 16, 60, 0.0045, 218.12, -0.9536, 1.1561, -0.266, 42.14, 20251007 09:33:15
20251007094900, AMD, 265, 20251010, C, 396, 0, 0.0034, 218.12, 0.0358, 1.0963, -0.2102, 0.28, 20251007 09:33:15
20251007094900, AMD, 265, 20251010, P, 0, 0, 0.0035, 218.12, -0.9657, 1.2089, -0.2042, 0, 20251007 09:33:15
20251007094900, AMD, 270, 20251010, C, 376, 4781, 0.0027, 218.12, 0.0271, 1.1246, -0.1637, 0.23, 20251007 09:33:15
20251007094900, AMD, 270, 20251010, P, 5, 75, 0.0027, 218.12, -0.9745, 1.1698, -0.1574, 52.13, 20251007 09:33:15
20251007094900, AMD, 275, 20251010, C, 234, 0, 0.0021, 218.12, 0.0207, 1.1499, -0.1287, 0.16, 20251007 09:33:15
20251007094900, AMD, 275, 20251010, P, 0, 0, 0.0021, 218.12, -0.9808, 1.1907, -0.1225, 0, 20251007 09:33:15
20251007094900, AMD, 280, 20251010, C, 531, 8146, 0.0016, 218.12, 0.016, 1.1788, -0.1022, 0.12, 20251007 09:33:15
20251007094900, AMD, 280, 20251010, P, 0, 18, 0.0016, 218.12, -0.9855, 1.2422, -0.0964, 74.2, 20251007 09:33:15
20251007094900, AMD, 285, 20251010, C, 12, 0, 0.0013, 218.12, 0.0126, 1.2141, -0.0821, 0.1, 20251007 09:33:15
20251007094900, AMD, 285, 20251010, P, 0, 0, 0.0013, 218.12, -0.9889, 1.3428, -0.0771, 0, 20251007 09:33:15
20251007094900, AMD, 290, 20251010, C, 563, 6477, 0.001, 218.12, 0.0101, 1.2375, -0.0668, 0.07, 20251007 09:33:15
20251007094900, AMD, 290, 20251010, P, 15, 0, 0.001, 218.12, -0.9914, 1.4159, -0.0627, 71.83, 20251007 09:33:15
20251007094900, AMD, 295, 20251010, C, 6, 0, 0.0008, 218.12, 0.0081, 1.2804, -0.055, 0.05, 20251007 09:33:15
20251007094900, AMD, 295, 20251010, P, 0, 0, 0.0008, 218.12, -0.9933, 1.3908, -0.0522, 0, 20251007 09:33:15
20251007094900, AMD, 300, 20251010, C, 120, 8557, 0.0007, 218.12, 0.0067, 1.3175, -0.0458, 0.06, 20251007 09:33:15
20251007094900, AMD, 300, 20251010, P, 2, 13, 0.0007, 218.12, -0.9947, 1.4954, -0.0438, 84, 20251007 09:33:15
20251007094900, AMD, 305, 20251010, C, 1, 0, 0.0006, 218.12, 0.0055, 1.3314, -0.0386, 0.05, 20251007 09:33:15
20251007094900, AMD, 305, 20251010, P, 0, 0, 0.0005, 218.12, -0.9958, 0, -0.038, 0, 20251007 09:33:15
20251007094900, AMD, 310, 20251010, C, 140, 1289, 0.0005, 218.12, 0.0046, 1.4053, -0.0327, 0.04, 20251007 09:33:15
20251007094900, AMD, 310, 20251010, P, 0, 4, 0.0004, 218.12, -0.9966, 1.6606, -0.0333, 102, 20251007 09:33:15
20251007094900, AMD, 315, 20251010, C, 0, 0, 0.0004, 218.12, 0.0039, 1.4032, -0.0279, 0, 20251007 09:33:15
20251007094900, AMD, 315, 20251010, P, 1, 0, 0.0004, 218.12, -0.9973, 0, -0.0294, 97.85, 20251007 09:33:15
20251007094900, AMD, 320, 20251010, C, 92, 5342, 0.0003, 218.12, 0.0033, 1.4314, -0.024, 0.03, 20251007 09:33:15
20251007094900, AMD, 320, 20251010, P, 0, 1, 0.0003, 218.12, -0.9978, 1.8201, -0.0267, 110.5, 20251007 09:33:15
20251007094900, AMD, 325, 20251010, C, 3, 0, 0.0003, 218.12, 0.0028, 1.4529, -0.0207, 0.05, 20251007 09:33:15
20251007094900, AMD, 325, 20251010, P, 0, 0, 0.0002, 218.12, -0.9982, 1.8825, -0.0245, 0, 20251007 09:33:15
20251007094900, AMD, 330, 20251010, C, 1, 0, 0.0002, 218.12, 0.0024, 1.5026, -0.0179, 0.05, 20251007 09:33:15
20251007094900, AMD, 330, 20251010, P, 0, 0, 0.0002, 218.12, -0.9986, 1.774, -0.0227, 0, 20251007 09:33:15
20251007094900, AMD, 335, 20251010, C, 0, 0, 0.0002, 218.12, 0.0021, 1.5129, -0.0156, 0, 20251007 09:33:15
20251007094900, AMD, 335, 20251010, P, 0, 0, 0.0002, 218.12, -0.9988, 1.8298, -0.0211, 0, 20251007 09:33:15
20251007094900, AMD, 340, 20251010, C, 0, 0, 0.0002, 218.12, 0.0018, 1.5085, -0.0136, 0, 20251007 09:33:15
20251007094900, AMD, 340, 20251010, P, 0, 0, 0.0001, 218.12, -0.999, 2.0625, -0.0201, 0, 20251007 09:33:15
20251007094900, AMD, 345, 20251010, C, 0, 0, 0.0001, 218.12, 0.0015, 1.5533, -0.0119, 0, 20251007 09:33:15
20251007094900, AMD, 345, 20251010, P, 0, 0, 0.0001, 218.12, -0.9992, 2.0414, -0.0192, 0, 20251007 09:33:15
20251007094900, AMD, 350, 20251010, C, 0, 0, 0.0001, 218.12, 0.0013, 1.5973, -0.0104, 0, 20251007 09:33:15
20251007094900, AMD, 350, 20251010, P, 0, 0, 0.0001, 218.12, -0.9994, 1.991, -0.0184, 0, 20251007 09:33:15
20251007094900, AMD, 360, 20251010, C, 0, 0, 0.0001, 218.12, 0.001, 1.6832, -0.008, 0, 20251007 09:33:15
20251007094900, AMD, 360, 20251010, P, 0, 0, 0.0001, 218.12, -0.9996, 2.5105, -0.0173, 0, 20251007 09:33:15
20251007094900, AMD, 370, 20251010, C, 0, 0, 0.0001, 218.12, 0.0008, 1.7662, -0.0062, 0, 20251007 09:33:15
20251007094900, AMD, 370, 20251010, P, 0, 0, 0, 218.12, -0.9997, 2.4618, -0.0167, 0, 20251007 09:33:15
20251007094900, AMD, 380, 20251010, C, 0, 0, 0.0001, 218.12, 0.0006, 1.8465, -0.0049, 0, 20251007 09:33:15
20251007094900, AMD, 380, 20251010, P, 0, 0, 0, 218.12, -0.9998, 2.5667, -0.0162, 0, 20251007 09:33:15
20251007094900, AMD, 390, 20251010, C, 0, 0, 0, 218.12, 0.0005, 1.8287, -0.0038, 0, 20251007 09:33:15
20251007094900, AMD, 390, 20251010, P, 0, 0, 0, 218.12, -0.9999, 2.3828, -0.0159, 0, 20251007 09:33:15
20251007094900, AMD, 400, 20251010, C, 0, 0, 0, 218.12, 0.0004, 1.9012, -0.003, 0, 20251007 09:33:15
20251007094900, AMD, 400, 20251010, P, 0, 0, 0, 218.12, -0.9999, 2.7667, -0.0158, 0, 20251007 09:33:15
20251007094900, AMD, 410, 20251010, C, 0, 0, 0, 218.12, 0.0003, 1.9716, -0.0024, 0, 20251007 09:33:15
20251007094900, AMD, 410, 20251010, P, 0, 0, 0, 218.12, -1, 2.8622, -0.0156, 0, 20251007 09:33:15
20251007094900, AMD, 420, 20251010, C, 0, 0, 0, 218.12, 0.0002, 2.04, -0.0019, 0, 20251007 09:33:15
20251007094900, AMD, 420, 20251010, P, 0, 0, 0, 218.12, -1, 2.6467, -0.0156, 0, 20251007 09:33:15
20251007094900, AMD, 430, 20251010, C, 0, 0, 0, 218.12, 0.0002, 2.1067, -0.0015, 0, 20251007 09:33:15
20251007094900, AMD, 430, 20251010, P, 0, 0, 0, 218.12, -1, 2.7299, -0.0155, 0, 20251007 09:33:15
20251007094900, AMD, 440, 20251010, C, 0, 0, 0, 218.12, 0.0001, 2.1715, -0.0012, 0, 20251007 09:33:15
20251007094900, AMD, 440, 20251010, P, 0, 0, 0, 218.12, -1, 3.131, -0.0155, 0, 20251007 09:33:15
20251007094900, AMD, 450, 20251010, C, 1, 0, 0, 218.12, 0.0001, 2.2347, -0.001, 0.01, 20251007 09:33:15
20251007094900, AMD, 450, 20251010, P, 0, 0, 0, 218.12, -1, 3.2156, -0.0155, 0, 20251007 09:33:15
20251007094900, AMD, 45, 20251017, C, 0, 185, 0, 218.12, 0.9996, 0, 0, 116.63, 20251007 09:33:15
20251007094900, AMD, 45, 20251017, P, 0, 854, 0, 218.12, -0.0002, 2.839, -0.003, 0.01, 20251007 09:33:15
20251007094900, AMD, 50, 20251017, C, 0, 112, 0, 218.12, 0.9996, 0, 0, 126.28, 20251007 09:33:15
20251007094900, AMD, 50, 20251017, P, 0, 921, 0, 218.12, -0.0002, 2.6523, -0.0032, 0.02, 20251007 09:33:15
20251007094900, AMD, 55, 20251017, C, 0, 93, 0, 218.12, 0.9995, 3.4678, 0, 99.4, 20251007 09:33:15
20251007094900, AMD, 55, 20251017, P, 0, 394, 0, 218.12, -0.0003, 2.4838, -0.0034, 0.02, 20251007 09:33:15
20251007094900, AMD, 60, 20251017, C, 0, 2346, 0, 218.12, 0.9994, 2.9376, 0, 145.85, 20251007 09:33:15
20251007094900, AMD, 60, 20251017, P, 0, 3997, 0, 218.12, -0.0003, 2.3304, -0.0037, 0.01, 20251007 09:33:15
20251007094900, AMD, 65, 20251017, C, 0, 126, 0, 218.12, 0.9994, 0, 0, 149, 20251007 09:33:15
20251007094900, AMD, 65, 20251017, P, 0, 1534, 0, 218.12, -0.0004, 2.1896, -0.004, 0.01, 20251007 09:33:15
20251007094900, AMD, 70, 20251017, C, 0, 334, 0, 218.12, 0.9993, 2.7176, 0, 140.5, 20251007 09:33:15
20251007094900, AMD, 70, 20251017, P, 0, 2557, 0, 218.12, -0.0004, 2.0594, -0.0044, 0.01, 20251007 09:33:15
20251007094900, AMD, 75, 20251017, C, 0, 160, 0, 218.12, 0.9993, 0, 0, 130.9, 20251007 09:33:15
20251007094900, AMD, 75, 20251017, P, 0, 4147, 0, 218.12, -0.0005, 1.9384, -0.0048, 0.01, 20251007 09:33:15
20251007094900, AMD, 80, 20251017, C, 0, 479, 0, 218.12, 0.9992, 0, 0, 130, 20251007 09:33:15
20251007094900, AMD, 80, 20251017, P, 0, 5677, 0, 218.12, -0.0006, 1.8252, -0.0052, 0.01, 20251007 09:33:15
20251007094900, AMD, 85, 20251017, C, 0, 1552, 0, 218.12, 0.9991, 2.5064, 0, 83.85, 20251007 09:33:15
20251007094900, AMD, 85, 20251017, P, 0, 6609, 0, 218.12, -0.0006, 1.8124, -0.0058, 0.01, 20251007 09:33:15
20251007094900, AMD, 90, 20251017, C, 0, 4973, 0, 218.12, 0.999, 2.5015, 0, 115.5, 20251007 09:33:15
20251007094900, AMD, 90, 20251017, P, 0, 5516, 0, 218.12, -0.0008, 1.7072, -0.0064, 0.01, 20251007 09:33:15
20251007094900, AMD, 95, 20251017, C, 0, 2732, 0, 218.12, 0.9988, 2.2437, 0, 110.5, 20251007 09:33:15
20251007094900, AMD, 95, 20251017, P, 0, 17854, 0, 218.12, -0.0009, 1.6077, -0.0071, 0.01, 20251007 09:33:15
20251007094900, AMD, 100, 20251017, C, 0, 2178, 0.0001, 218.12, 0.9987, 1.8652, 0, 105.85, 20251007 09:33:15
20251007094900, AMD, 100, 20251017, P, 0, 19126, 0.0001, 218.12, -0.0011, 1.5132, -0.008, 0.02, 20251007 09:33:15
20251007094900, AMD, 105, 20251017, C, 0, 2394, 0.0001, 218.12, 0.9985, 1.672, 0, 99.8, 20251007 09:33:15
20251007094900, AMD, 105, 20251017, P, 2, 4428, 0.0001, 218.12, -0.0013, 1.4234, -0.009, 0.01, 20251007 09:33:15
20251007094900, AMD, 110, 20251017, C, 0, 4693, 0.0001, 218.12, 0.9982, 1.9308, 0, 95.55, 20251007 09:33:15
20251007094900, AMD, 110, 20251017, P, 2, 8470, 0.0001, 218.12, -0.0015, 1.4196, -0.0102, 0.02, 20251007 09:33:15
20251007094900, AMD, 115, 20251017, C, 0, 6073, 0.0001, 218.12, 0.9979, 1.892, 0, 88.74, 20251007 09:33:15
20251007094900, AMD, 115, 20251017, P, 2, 8489, 0.0001, 218.12, -0.0018, 1.333, -0.0117, 0.05, 20251007 09:33:15
20251007094900, AMD, 120, 20251017, C, 1, 5471, 0.0001, 218.12, 0.9975, 1.3179, -0.001, 96.9, 20251007 09:33:15
20251007094900, AMD, 120, 20251017, P, 2, 6650, 0.0001, 218.12, -0.0022, 1.2762, -0.0134, 0.03, 20251007 09:33:15
20251007094900, AMD, 125, 20251017, C, 0, 5485, 0.0002, 218.12, 0.997, 1.6938, -0.0039, 79.66, 20251007 09:33:15
20251007094900, AMD, 125, 20251017, P, 11, 5943, 0.0002, 218.12, -0.0028, 1.2349, -0.0156, 0.04, 20251007 09:33:15
20251007094900, AMD, 130, 20251017, C, 2, 10621, 0.0002, 218.12, 0.9963, 1.4368, -0.0073, 86.12, 20251007 09:33:15
20251007094900, AMD, 130, 20251017, P, 2, 26961, 0.0002, 218.12, -0.0035, 1.1543, -0.0184, 0.02, 20251007 09:33:15
20251007094900, AMD, 135, 20251017, C, 4, 2595, 0.0003, 218.12, 0.9953, 0.9778, -0.0116, 81.75, 20251007 09:33:15
20251007094900, AMD, 135, 20251017, P, 4, 26133, 0.0003, 218.12, -0.0044, 1.1294, -0.0221, 0.06, 20251007 09:33:15
20251007094900, AMD, 140, 20251017, C, 0, 6056, 0.0004, 218.12, 0.994, 1.2978, -0.017, 63.84, 20251007 09:33:15
20251007094900, AMD, 140, 20251017, P, 8, 13621, 0.0004, 218.12, -0.0057, 1.0711, -0.0269, 0.08, 20251007 09:33:15
20251007094900, AMD, 145, 20251017, C, 2, 5558, 0.0005, 218.12, 0.9922, 1.2024, -0.024, 71.1, 20251007 09:33:15
20251007094900, AMD, 145, 20251017, P, 42, 18016, 0.0005, 218.12, -0.0075, 1.0261, -0.0332, 0.08, 20251007 09:33:15
20251007094900, AMD, 147, 20251017, C, 0, 91, 0.0006, 218.12, 0.9914, 0, -0.0272, 65.5, 20251007 09:33:15
20251007094900, AMD, 147, 20251017, P, 0, 721, 0.0006, 218.12, -0.0084, 1.0216, -0.0363, 0.18, 20251007 09:33:15
20251007094900, AMD, 148, 20251017, C, 4, 221, 0.0006, 218.12, 0.9909, 0, -0.029, 68.85, 20251007 09:33:15
20251007094900, AMD, 148, 20251017, P, 1, 2694, 0.0006, 218.12, -0.0089, 1.0118, -0.0379, 0.13, 20251007 09:33:15
20251007094900, AMD, 149, 20251017, C, 0, 113, 0.0007, 218.12, 0.9904, 0, -0.0308, 57.06, 20251007 09:33:15
20251007094900, AMD, 149, 20251017, P, 1, 918, 0.0007, 218.12, -0.0094, 1.0019, -0.0396, 0.12, 20251007 09:33:15
20251007094900, AMD, 150, 20251017, C, 5, 11458, 0.0007, 218.12, 0.9898, 1.0566, -0.0327, 66.4, 20251007 09:33:15
20251007094900, AMD, 150, 20251017, P, 29, 25387, 0.0007, 218.12, -0.0099, 0.997, -0.0414, 0.11, 20251007 09:33:15
20251007094900, AMD, 152.5, 20251017, C, 0, 290, 0.0008, 218.12, 0.9883, 0.8774, -0.0378, 55.63, 20251007 09:33:15
20251007094900, AMD, 152.5, 20251017, P, 3, 3164, 0.0008, 218.12, -0.0115, 0.9772, -0.0462, 0.1, 20251007 09:33:15
20251007094900, AMD, 155, 20251017, C, 12, 11252, 0.001, 218.12, 0.9865, 0.9018, -0.0435, 63.5, 20251007 09:33:15
20251007094900, AMD, 155, 20251017, P, 13, 11733, 0.001, 218.12, -0.0132, 0.9551, -0.0516, 0.14, 20251007 09:33:15
20251007094900, AMD, 157.5, 20251017, C, 56, 626, 0.0011, 218.12, 0.9844, 0, -0.0499, 58.75, 20251007 09:33:15
20251007094900, AMD, 157.5, 20251017, P, 13, 1970, 0.0011, 218.12, -0.0153, 0.9382, -0.0576, 0.2, 20251007 09:33:15
20251007094900, AMD, 160, 20251017, C, 115, 14573, 0.0013, 218.12, 0.982, 0.9188, -0.0568, 58.6, 20251007 09:33:15
20251007094900, AMD, 160, 20251017, P, 100, 14763, 0.0013, 218.12, -0.0177, 0.915, -0.0643, 0.24, 20251007 09:33:15
20251007094900, AMD, 162.5, 20251017, C, 16, 2345, 0.0015, 218.12, 0.9793, 0.8914, -0.0646, 54.85, 20251007 09:33:15
20251007094900, AMD, 162.5, 20251017, P, 7, 2205, 0.0015, 218.12, -0.0205, 0.8986, -0.0717, 0.22, 20251007 09:33:15
20251007094900, AMD, 165, 20251017, C, 47, 9293, 0.0017, 218.12, 0.976, 0.863, -0.0731, 54.2, 20251007 09:33:15
20251007094900, AMD, 165, 20251017, P, 35, 6627, 0.0017, 218.12, -0.0237, 0.8789, -0.08, 0.31, 20251007 09:33:15
20251007094900, AMD, 167.5, 20251017, C, 16, 2246, 0.002, 218.12, 0.9722, 0.897, -0.0826, 49.95, 20251007 09:33:15
20251007094900, AMD, 167.5, 20251017, P, 6, 972, 0.002, 218.12, -0.0275, 0.8609, -0.0892, 0.34, 20251007 09:33:15
20251007094900, AMD, 170, 20251017, C, 133, 20622, 0.0023, 218.12, 0.9678, 0.8443, -0.0933, 49.4, 20251007 09:33:15
20251007094900, AMD, 170, 20251017, P, 162, 8948, 0.0023, 218.12, -0.032, 0.84, -0.0995, 0.4, 20251007 09:33:15
20251007094900, AMD, 172.5, 20251017, C, 25, 2425, 0.0027, 218.12, 0.9626, 0.7727, -0.1052, 45.9, 20251007 09:33:15
20251007094900, AMD, 172.5, 20251017, P, 31, 873, 0.0027, 218.12, -0.0372, 0.825, -0.1112, 0.46, 20251007 09:33:15
20251007094900, AMD, 175, 20251017, C, 81, 14931, 0.0031, 218.12, 0.9564, 0.7681, -0.1186, 43.85, 20251007 09:33:15
20251007094900, AMD, 175, 20251017, P, 110, 5672, 0.0031, 218.12, -0.0434, 0.8063, -0.1243, 0.56, 20251007 09:33:15
20251007094900, AMD, 177.5, 20251017, C, 3, 1019, 0.0036, 218.12, 0.949, 0.7712, -0.1337, 40.35, 20251007 09:33:15
20251007094900, AMD, 177.5, 20251017, P, 13, 524, 0.0036, 218.12, -0.0508, 0.7898, -0.1391, 0.66, 20251007 09:33:15
20251007094900, AMD, 180, 20251017, C, 157, 14920, 0.0042, 218.12, 0.9402, 0.7829, -0.1507, 39.35, 20251007 09:33:15
20251007094900, AMD, 180, 20251017, P, 273, 4310, 0.0042, 218.12, -0.0596, 0.7744, -0.1559, 0.75, 20251007 09:33:15
20251007094900, AMD, 182.5, 20251017, C, 2, 3443, 0.0048, 218.12, 0.9298, 0.7323, -0.17, 36.01, 20251007 09:33:15
20251007094900, AMD, 182.5, 20251017, P, 25, 680, 0.0048, 218.12, -0.07, 0.7611, -0.1749, 0.92, 20251007 09:33:15
20251007094900, AMD, 185, 20251017, C, 82, 16383, 0.0055, 218.12, 0.9174, 0.7462, -0.1916, 35, 20251007 09:33:15
20251007094900, AMD, 185, 20251017, P, 123, 4136, 0.0055, 218.12, -0.0825, 0.7479, -0.1963, 1.05, 20251007 09:33:15
20251007094900, AMD, 187.5, 20251017, C, 0, 57, 0.0063, 218.12, 0.9028, 0.7409, -0.2156, 19.56, 20251007 09:33:15
20251007094900, AMD, 187.5, 20251017, P, 55, 737, 0.0064, 218.12, -0.0971, 0.7358, -0.2201, 1.32, 20251007 09:33:15
20251007094900, AMD, 190, 20251017, C, 59, 7491, 0.0072, 218.12, 0.8857, 0.7328, -0.2421, 30.32, 20251007 09:33:15
20251007094900, AMD, 190, 20251017, P, 396, 4741, 0.0072, 218.12, -0.1143, 0.7272, -0.2464, 1.54, 20251007 09:33:15
20251007094900, AMD, 192.5, 20251017, C, 13, 94, 0.0081, 218.12, 0.8658, 0.706, -0.2708, 25.52, 20251007 09:33:15
20251007094900, AMD, 192.5, 20251017, P, 32, 1098, 0.0082, 218.12, -0.1342, 0.72, -0.2748, 1.86, 20251007 09:33:15
20251007094900, AMD, 195, 20251017, C, 29, 4210, 0.0091, 218.12, 0.843, 0.7059, -0.3013, 25.85, 20251007 09:33:15
20251007094900, AMD, 195, 20251017, P, 182, 2858, 0.0092, 218.12, -0.1571, 0.7141, -0.3051, 2.3, 20251007 09:33:15
20251007094900, AMD, 197.5, 20251017, C, 0, 0, 0.0101, 218.12, 0.8174, 0.7062, -0.3328, 0, 20251007 09:33:15
20251007094900, AMD, 197.5, 20251017, P, 2, 0, 0.0101, 218.12, -0.1828, 0.7103, -0.3364, 2.73, 20251007 09:33:15
20251007094900, AMD, 200, 20251017, C, 860, 8680, 0.0111, 218.12, 0.7889, 0.7086, -0.3646, 22, 20251007 09:33:15
20251007094900, AMD, 200, 20251017, P, 1169, 6091, 0.0111, 218.12, -0.2113, 0.7087, -0.368, 3.4, 20251007 09:33:15
20251007094900, AMD, 202.5, 20251017, C, 15, 0, 0.012, 218.12, 0.7579, 0.7056, -0.3957, 18, 20251007 09:33:15
20251007094900, AMD, 202.5, 20251017, P, 5, 0, 0.012, 218.12, -0.2424, 0.708, -0.399, 4, 20251007 09:33:15
20251007094900, AMD, 205, 20251017, C, 205, 2156, 0.0128, 218.12, 0.7247, 0.7101, -0.4252, 18.35, 20251007 09:33:15
20251007094900, AMD, 205, 20251017, P, 109, 3357, 0.0128, 218.12, -0.2757, 0.7106, -0.4282, 4.6, 20251007 09:33:15
20251007094900, AMD, 207.5, 20251017, C, 9, 0, 0.0135, 218.12, 0.6897, 0.711, -0.452, 15.4, 20251007 09:33:15
20251007094900, AMD, 207.5, 20251017, P, 13, 0, 0.0136, 218.12, -0.3109, 0.7134, -0.4548, 5.8, 20251007 09:33:15
20251007094900, AMD, 210, 20251017, C, 1620, 10828, 0.0141, 218.12, 0.6534, 0.7104, -0.4754, 14.9, 20251007 09:33:15
20251007094900, AMD, 210, 20251017, P, 436, 3952, 0.0141, 218.12, -0.3473, 0.7148, -0.4781, 6.65, 20251007 09:33:15
20251007094900, AMD, 212.5, 20251017, C, 39, 0, 0.0145, 218.12, 0.6162, 0.7156, -0.4948, 13.5, 20251007 09:33:15
20251007094900, AMD, 212.5, 20251017, P, 86, 0, 0.0146, 218.12, -0.3847, 0.718, -0.4972, 7.75, 20251007 09:33:15
20251007094900, AMD, 215, 20251017, C, 805, 4218, 0.0148, 218.12, 0.5786, 0.719, -0.5098, 12.5, 20251007 09:33:15
20251007094900, AMD, 215, 20251017, P, 388, 2204, 0.0149, 218.12, -0.4224, 0.7197, -0.512, 8.82, 20251007 09:33:15
20251007094900, AMD, 217.5, 20251017, C, 115, 0, 0.015, 218.12, 0.541, 0.7226, -0.5202, 11.1, 20251007 09:33:15
20251007094900, AMD, 217.5, 20251017, P, 121, 0, 0.015, 218.12, -0.4601, 0.725, -0.5221, 10.7, 20251007 09:33:15
20251007094900, AMD, 220, 20251017, C, 4103, 12935, 0.015, 218.12, 0.5039, 0.7232, -0.5259, 10.02, 20251007 09:33:15
20251007094900, AMD, 220, 20251017, P, 118, 2553, 0.015, 218.12, -0.4973, 0.7289, -0.5276, 11.5, 20251007 09:33:15
20251007094900, AMD, 222.5, 20251017, C, 162, 0, 0.0148, 218.12, 0.4676, 0.7311, -0.5272, 9, 20251007 09:33:15
20251007094900, AMD, 222.5, 20251017, P, 4, 0, 0.0149, 218.12, -0.5337, 0.7334, -0.5286, 13.55, 20251007 09:33:15
20251007094900, AMD, 225, 20251017, C, 98, 0, 0.0146, 218.12, 0.4325, 0.7364, -0.5242, 8, 20251007 09:33:15
20251007094900, AMD, 225, 20251017, P, 4, 0, 0.0146, 218.12, -0.569, 0.7387, -0.5254, 14.55, 20251007 09:33:15
20251007094900, AMD, 227.5, 20251017, C, 13, 0, 0.0142, 218.12, 0.3987, 0.7411, -0.5174, 6.65, 20251007 09:33:15
20251007094900, AMD, 227.5, 20251017, P, 26, 0, 0.0142, 218.12, -0.6028, 0.7469, -0.5183, 16, 20251007 09:33:15
20251007094900, AMD, 230, 20251017, C, 2648, 16575, 0.0137, 218.12, 0.3666, 0.7437, -0.5073, 6.55, 20251007 09:33:15
20251007094900, AMD, 230, 20251017, P, 36, 589, 0.0138, 218.12, -0.6351, 0.7496, -0.5078, 18.5, 20251007 09:33:15
20251007094900, AMD, 232.5, 20251017, C, 33, 0, 0.0132, 218.12, 0.3362, 0.7482, -0.4942, 5.68, 20251007 09:33:15
20251007094900, AMD, 232.5, 20251017, P, 0, 0, 0.0133, 218.12, -0.6655, 0.758, -0.4944, 0, 20251007 09:33:15
20251007094900, AMD, 235, 20251017, C, 857, 0, 0.0126, 218.12, 0.3077, 0.7571, -0.4789, 5.05, 20251007 09:33:15
20251007094900, AMD, 235, 20251017, P, 15, 0, 0.0127, 218.12, -0.6942, 0.7633, -0.4788, 22.45, 20251007 09:33:15
20251007094900, AMD, 237.5, 20251017, C, 23, 0, 0.012, 218.12, 0.2811, 0.7713, -0.4616, 4.6, 20251007 09:33:15
20251007094900, AMD, 237.5, 20251017, P, 0, 0, 0.0121, 218.12, -0.7209, 0.7714, -0.4612, 0, 20251007 09:33:15
20251007094900, AMD, 240, 20251017, C, 827, 14732, 0.0114, 218.12, 0.2564, 0.7688, -0.443, 4.13, 20251007 09:33:15
20251007094900, AMD, 240, 20251017, P, 3, 150, 0.0114, 218.12, -0.7457, 0.7773, -0.4423, 27.31, 20251007 09:33:15
20251007094900, AMD, 242.5, 20251017, C, 14, 0, 0.0107, 218.12, 0.2335, 0.7786, -0.4235, 3.55, 20251007 09:33:15
20251007094900, AMD, 242.5, 20251017, P, 0, 0, 0.0108, 218.12, -0.7686, 0.7828, -0.4224, 0, 20251007 09:33:15
20251007094900, AMD, 245, 20251017, C, 5, 0, 0.0101, 218.12, 0.2125, 0.7844, -0.4034, 3.1, 20251007 09:33:15
20251007094900, AMD, 245, 20251017, P, 0, 0, 0.0101, 218.12, -0.7897, 0.8051, -0.402, 0, 20251007 09:33:15
20251007094900, AMD, 247.5, 20251017, C, 3, 0, 0.0094, 218.12, 0.1933, 0.7914, -0.3831, 2.5, 20251007 09:33:15
20251007094900, AMD, 247.5, 20251017, P, 0, 0, 0.0095, 218.12, -0.8091, 0.8225, -0.3815, 0, 20251007 09:33:15
20251007094900, AMD, 250, 20251017, C, 1322, 21675, 0.0088, 218.12, 0.1757, 0.7956, -0.3628, 2.66, 20251007 09:33:15
20251007094900, AMD, 250, 20251017, P, 3, 39, 0.0089, 218.12, -0.8268, 0.8189, -0.3609, 36.03, 20251007 09:33:15
20251007094900, AMD, 255, 20251017, C, 4, 0, 0.0076, 218.12, 0.1451, 0.8091, -0.3233, 1.86, 20251007 09:33:15
20251007094900, AMD, 255, 20251017, P, 0, 0, 0.0077, 218.12, -0.8575, 0.8375, -0.3212, 0, 20251007 09:33:15
20251007094900, AMD, 260, 20251017, C, 109, 5602, 0.0066, 218.12, 0.1199, 0.8264, -0.2862, 1.69, 20251007 09:33:15
20251007094900, AMD, 260, 20251017, P, 2, 73, 0.0066, 218.12, -0.8829, 0.8656, -0.284, 44.75, 20251007 09:33:15
20251007094900, AMD, 265, 20251017, C, 6, 0, 0.0056, 218.12, 0.0992, 0.8429, -0.2523, 1.32, 20251007 09:33:15
20251007094900, AMD, 265, 20251017, P, 0, 0, 0.0057, 218.12, -0.9038, 0.8619, -0.2499, 0, 20251007 09:33:15
20251007094900, AMD, 270, 20251017, C, 187, 2257, 0.0048, 218.12, 0.0823, 0.858, -0.2217, 1.1, 20251007 09:33:15
20251007094900, AMD, 270, 20251017, P, 0, 30, 0.0049, 218.12, -0.9209, 0.8843, -0.2194, 64.35, 20251007 09:33:15
20251007094900, AMD, 275, 20251017, C, 8, 0, 0.0041, 218.12, 0.0685, 0.8736, -0.1944, 0.76, 20251007 09:33:15
20251007094900, AMD, 275, 20251017, P, 0, 0, 0.0042, 218.12, -0.9349, 0.8819, -0.192, 0, 20251007 09:33:15
20251007094900, AMD, 280, 20251017, C, 98, 2159, 0.0035, 218.12, 0.0572, 0.8868, -0.1703, 0.75, 20251007 09:33:15
20251007094900, AMD, 280, 20251017, P, 0, 9, 0.0036, 218.12, -0.9465, 0.9059, -0.1678, 73, 20251007 09:33:15
20251007094900, AMD, 285, 20251017, C, 58, 0, 0.003, 218.12, 0.0478, 0.9042, -0.1491, 0.53, 20251007 09:33:15
20251007094900, AMD, 285, 20251017, P, 0, 0, 0.0031, 218.12, -0.956, 0.9157, -0.1464, 0, 20251007 09:33:15
20251007094900, AMD, 290, 20251017, C, 47, 1308, 0.0026, 218.12, 0.0402, 0.9142, -0.1305, 0.5, 20251007 09:33:15
20251007094900, AMD, 290, 20251017, P, 0, 16, 0.0026, 218.12, -0.9639, 0.9557, -0.1273, 80.7, 20251007 09:33:15
20251007094900, AMD, 295, 20251017, C, 23, 0, 0.0022, 218.12, 0.0339, 0.9355, -0.1143, 0.4, 20251007 09:33:15
20251007094900, AMD, 295, 20251017, P, 1, 0, 0.0023, 218.12, -0.9704, 0.8018, -0.1107, 77.7, 20251007 09:33:15
20251007094900, AMD, 300, 20251017, C, 370, 3247, 0.0019, 218.12, 0.0286, 0.9435, -0.1002, 0.35, 20251007 09:33:15
20251007094900, AMD, 300, 20251017, P, 0, 42, 0.002, 218.12, -0.9759, 1.0211, -0.0957, 94.25, 20251007 09:33:15
20251007094900, AMD, 305, 20251017, C, 101, 0, 0.0016, 218.12, 0.0243, 0.9652, -0.0878, 0.26, 20251007 09:33:15
20251007094900, AMD, 305, 20251017, P, 0, 0, 0.0017, 218.12, -0.9804, 1.0243, -0.0822, 0, 20251007 09:33:15
20251007094900, AMD, 310, 20251017, C, 9, 380, 0.0014, 218.12, 0.0207, 0.9776, -0.0771, 0.21, 20251007 09:33:15
20251007094900, AMD, 310, 20251017, P, 0, 7, 0.0015, 218.12, -0.9843, 1.0421, -0.0718, 100.55, 20251007 09:33:15
20251007094900, AMD, 315, 20251017, C, 22, 0, 0.0012, 218.12, 0.0176, 0.9905, -0.0678, 0.2, 20251007 09:33:15
20251007094900, AMD, 315, 20251017, P, 0, 0, 0.0013, 218.12, -0.9874, 0, -0.061, 0, 20251007 09:33:15
20251007094900, AMD, 320, 20251017, C, 41, 802, 0.001, 218.12, 0.0151, 1.0089, -0.0597, 0.14, 20251007 09:33:15
20251007094900, AMD, 320, 20251017, P, 0, 0, 0.0011, 218.12, -0.99, 1.1063, -0.0526, 100.85, 20251007 09:33:15
20251007094900, AMD, 325, 20251017, C, 20, 0, 0.0009, 218.12, 0.013, 1.02, -0.0526, 0.14, 20251007 09:33:15
20251007094900, AMD, 325, 20251017, P, 0, 0, 0.0009, 218.12, -0.9922, 1.0204, -0.0468, 0, 20251007 09:33:15
20251007094900, AMD, 330, 20251017, C, 1, 539, 0.0008, 218.12, 0.0112, 1.0306, -0.0465, 0.13, 20251007 09:33:15
20251007094900, AMD, 330, 20251017, P, 0, 0, 0.0008, 218.12, -0.9939, 1.1655, -0.0402, 111, 20251007 09:33:15
20251007094900, AMD, 335, 20251017, C, 0, 0, 0.0007, 218.12, 0.0097, 1.0418, -0.0412, 0, 20251007 09:33:15
20251007094900, AMD, 335, 20251017, P, 0, 0, 0.0006, 218.12, -0.9953, 1.281, -0.0347, 0, 20251007 09:33:15
20251007094900, AMD, 340, 20251017, C, 0, 2148, 0.0006, 218.12, 0.0084, 1.0549, -0.0365, 0.05, 20251007 09:33:15
20251007094900, AMD, 340, 20251017, P, 0, 0, 0.0005, 218.12, -0.9964, 1.3061, -0.0327, 121.05, 20251007 09:33:15
20251007094900, AMD, 345, 20251017, C, 1, 0, 0.0005, 218.12, 0.0073, 1.0644, -0.0324, 0.09, 20251007 09:33:15
20251007094900, AMD, 345, 20251017, P, 8, 0, 0.0004, 218.12, -0.9973, 0, -0.0297, 128.75, 20251007 09:33:15
20251007094900, AMD, 350, 20251017, C, 107, 1138, 0.0004, 218.12, 0.0064, 1.0695, -0.0289, 0.06, 20251007 09:33:15
20251007094900, AMD, 350, 20251017, P, 0, 0, 0.0003, 218.12, -0.998, 1.2868, -0.0272, 130.15, 20251007 09:33:15
20251007094900, AMD, 360, 20251017, C, 0, 702, 0.0004, 218.12, 0.0049, 1.0955, -0.0231, 0.02, 20251007 09:33:15
20251007094900, AMD, 360, 20251017, P, 0, 0, 0.0002, 218.12, -0.9989, 1.4027, -0.0249, 141.2, 20251007 09:33:15
20251007094900, AMD, 370, 20251017, C, 18, 1352, 0.0003, 218.12, 0.0038, 1.1363, -0.0186, 0.05, 20251007 09:33:15
20251007094900, AMD, 370, 20251017, P, 0, 1, 0.0001, 218.12, -0.9994, 1.415, -0.0234, 161.27, 20251007 09:33:15
20251007094900, AMD, 380, 20251017, C, 0, 0, 0.0002, 218.12, 0.003, 1.1429, -0.0151, 0, 20251007 09:33:15
20251007094900, AMD, 380, 20251017, P, 0, 0, 0, 218.12, -0.9997, 0, -0.0227, 0, 20251007 09:33:15
20251007094900, AMD, 390, 20251017, C, 0, 0, 0.0002, 218.12, 0.0024, 1.1713, -0.0124, 0, 20251007 09:33:15
20251007094900, AMD, 390, 20251017, P, 0, 0, 0, 218.12, -0.9999, 0, -0.0226, 0, 20251007 09:33:15
20251007094900, AMD, 400, 20251017, C, 0, 0, 0.0001, 218.12, 0.0019, 1.2167, -0.0102, 0, 20251007 09:33:15
20251007094900, AMD, 400, 20251017, P, 0, 0, 0, 218.12, -1, 0, -0.0224, 0, 20251007 09:33:15
20251007094900, AMD, 410, 20251017, C, 0, 0, 0.0001, 218.12, 0.0016, 1.2085, -0.0085, 0, 20251007 09:33:15
20251007094900, AMD, 410, 20251017, P, 1, 0, 0, 218.12, -1, 0, -0.0224, 192.95, 20251007 09:33:15
20251007094900, AMD, 420, 20251017, C, 0, 0, 0.0001, 218.12, 0.0013, 1.2499, -0.0072, 0, 20251007 09:33:15
20251007094900, AMD, 420, 20251017, P, 0, 0, 0, 218.12, -1, 0, -0.0224, 0, 20251007 09:33:15
20251007094900, AMD, 430, 20251017, C, 0, 0, 0.0001, 218.12, 0.0011, 1.2901, -0.0061, 0, 20251007 09:33:15
20251007094900, AMD, 430, 20251017, P, 0, 0, 0, 218.12, -1, 0, -0.0224, 0, 20251007 09:33:15
20251007094900, AMD, 440, 20251017, C, 0, 0, 0.0001, 218.12, 0.0009, 1.3293, -0.0052, 0, 20251007 09:33:15
20251007094900, AMD, 440, 20251017, P, 0, 0, 0, 218.12, -1, 1.6746, -0.0224, 0, 20251007 09:33:15
20251007094900, AMD, 450, 20251017, C, 7, 0, 0, 218.12, 0.0008, 1.3259, -0.0044, 0.02, 20251007 09:33:15
20251007094900, AMD, 450, 20251017, P, 0, 0, 0, 218.12, -1, 0, -0.0224, 0, 20251007 09:33:15
20251007094900, AMD, 40, 20251024, C, 0, 1, 0, 218.12, 0.9997, 0, 0, 120.9, 20251007 09:33:15
20251007094900, AMD, 40, 20251024, P, 0, 17, 0, 218.12, -0.0001, 2.5603, -0.0012, 0.01, 20251007 09:33:15
20251007094900, AMD, 45, 20251024, C, 0, 0, 0, 218.12, 0.9997, 3.1987, 0, 0, 20251007 09:33:15
20251007094900, AMD, 45, 20251024, P, 0, 0, 0, 218.12, -0.0001, 2.3845, -0.0014, 0, 20251007 09:33:15
20251007094900, AMD, 50, 20251024, C, 0, 0, 0, 218.12, 0.9997, 0, 0, 0, 20251007 09:33:15
20251007094900, AMD, 50, 20251024, P, 0, 0, 0, 218.12, -0.0002, 2.228, -0.0015, 0, 20251007 09:33:15
20251007094900, AMD, 55, 20251024, C, 0, 0, 0, 218.12, 0.9996, 2.872, 0, 0, 20251007 09:33:15
20251007094900, AMD, 55, 20251024, P, 0, 10, 0, 218.12, -0.0002, 2.0868, -0.0017, 0.02, 20251007 09:33:15
20251007094900, AMD, 60, 20251024, C, 0, 0, 0, 218.12, 0.9996, 2.6511, 0, 0, 20251007 09:33:15
20251007094900, AMD, 60, 20251024, P, 0, 1, 0, 218.12, -0.0002, 1.9584, -0.0019, 0.04, 20251007 09:33:15
20251007094900, AMD, 65, 20251024, C, 0, 0, 0, 218.12, 0.9996, 1.9732, 0, 0, 20251007 09:33:15
20251007094900, AMD, 65, 20251024, P, 0, 0, 0, 218.12, -0.0003, 1.8405, -0.0021, 0.04, 20251007 09:33:15
20251007094900, AMD, 70, 20251024, C, 0, 2, 0, 218.12, 0.9995, 0, 0, 98.1, 20251007 09:33:15
20251007094900, AMD, 70, 20251024, P, 0, 6, 0, 218.12, -0.0004, 1.7316, -0.0024, 0.03, 20251007 09:33:15
20251007094900, AMD, 75, 20251024, C, 0, 5, 0, 218.12, 0.9994, 2.2301, 0, 85.55, 20251007 09:33:15
20251007094900, AMD, 75, 20251024, P, 0, 9, 0, 218.12, -0.0004, 1.6303, -0.0027, 0.01, 20251007 09:33:15
20251007094900, AMD, 80, 20251024, C, 0, 2, 0, 218.12, 0.9993, 1.8914, 0, 86.61, 20251007 09:33:15
20251007094900, AMD, 80, 20251024, P, 0, 19, 0, 218.12, -0.0005, 1.5357, -0.0031, 0.05, 20251007 09:33:15
20251007094900, AMD, 85, 20251024, C, 0, 2, 0, 218.12, 0.9992, 0, 0, 75.84, 20251007 09:33:15
20251007094900, AMD, 85, 20251024, P, 0, 207, 0, 218.12, -0.0006, 1.4469, -0.0036, 0.06, 20251007 09:33:15
20251007094900, AMD, 90, 20251024, C, 0, 10, 0, 218.12, 0.9991, 0, 0, 116.08, 20251007 09:33:15
20251007094900, AMD, 90, 20251024, P, 1, 295, 0, 218.12, -0.0008, 1.3631, -0.0041, 0.02, 20251007 09:33:15
20251007094900, AMD, 95, 20251024, C, 0, 6, 0, 218.12, 0.9989, 1.7702, 0, 117.85, 20251007 09:33:15
20251007094900, AMD, 95, 20251024, P, 0, 433, 0, 218.12, -0.001, 1.3165, -0.0048, 0.03, 20251007 09:33:15
20251007094900, AMD, 100, 20251024, C, 0, 67, 0.0001, 218.12, 0.9987, 1.6153, 0, 103.85, 20251007 09:33:15
20251007094900, AMD, 100, 20251024, P, 0, 135, 0.0001, 218.12, -0.0012, 1.2649, -0.0056, 0.02, 20251007 09:33:15
20251007094900, AMD, 105, 20251024, C, 0, 17, 0.0001, 218.12, 0.9984, 1.4872, 0, 103.9, 20251007 09:33:15
20251007094900, AMD, 105, 20251024, P, 0, 56, 0.0001, 218.12, -0.0015, 1.2109, -0.0067, 0.02, 20251007 09:33:15
20251007094900, AMD, 110, 20251024, C, 0, 24, 0.0001, 218.12, 0.998, 0, 0, 54.9, 20251007 09:33:15
20251007094900, AMD, 110, 20251024, P, 0, 173, 0.0001, 218.12, -0.0019, 1.1387, -0.008, 0.04, 20251007 09:33:15
20251007094900, AMD, 115, 20251024, C, 0, 68, 0.0001, 218.12, 0.9975, 0, 0, 91.56, 20251007 09:33:15
20251007094900, AMD, 115, 20251024, P, 0, 472, 0.0001, 218.12, -0.0024, 1.1004, -0.0098, 0.06, 20251007 09:33:15
20251007094900, AMD, 120, 20251024, C, 0, 81, 0.0002, 218.12, 0.9967, 1.1787, -0.001, 86.35, 20251007 09:33:15
20251007094900, AMD, 120, 20251024, P, 1, 264, 0.0002, 218.12, -0.0031, 1.045, -0.0121, 0.07, 20251007 09:33:15
20251007094900, AMD, 125, 20251024, C, 0, 27, 0.0002, 218.12, 0.9958, 1.1191, -0.0045, 83.28, 20251007 09:33:15
20251007094900, AMD, 125, 20251024, P, 0, 6285, 0.0002, 218.12, -0.0041, 1.0096, -0.015, 0.1, 20251007 09:33:15
20251007094900, AMD, 130, 20251024, C, 0, 36, 0.0003, 218.12, 0.9944, 0.9777, -0.0087, 76.15, 20251007 09:33:15
20251007094900, AMD, 130, 20251024, P, 1, 5391, 0.0003, 218.12, -0.0054, 0.9755, -0.0187, 0.08, 20251007 09:33:15
20251007094900, AMD, 135, 20251024, C, 1, 31, 0.0004, 218.12, 0.9927, 0, -0.0138, 82.1, 20251007 09:33:15
20251007094900, AMD, 135, 20251024, P, 6, 769, 0.0004, 218.12, -0.0071, 0.941, -0.0232, 0.1, 20251007 09:33:15
20251007094900, AMD, 140, 20251024, C, 0, 90, 0.0006, 218.12, 0.9905, 0.9761, -0.0198, 70.45, 20251007 09:33:15
20251007094900, AMD, 140, 20251024, P, 9, 1818, 0.0006, 218.12, -0.0094, 0.9007, -0.0287, 0.14, 20251007 09:33:15
20251007094900, AMD, 141, 20251024, C, 0, 4, 0.0006, 218.12, 0.99, 0.6486, -0.0212, 69.24, 20251007 09:33:15
20251007094900, AMD, 141, 20251024, P, 1, 389, 0.0006, 218.12, -0.0099, 0.9006, -0.0299, 0.19, 20251007 09:33:15
20251007094900, AMD, 142, 20251024, C, 0, 26, 0.0006, 218.12, 0.9894, 0.9132, -0.0225, 74.15, 20251007 09:33:15
20251007094900, AMD, 142, 20251024, P, 1, 344, 0.0006, 218.12, -0.0104, 0.8875, -0.0312, 0.2, 20251007 09:33:15
20251007094900, AMD, 143, 20251024, C, 0, 24, 0.0007, 218.12, 0.9888, 0, -0.024, 67.54, 20251007 09:33:15
20251007094900, AMD, 143, 20251024, P, 2, 173, 0.0007, 218.12, -0.011, 0.8825, -0.0325, 0.19, 20251007 09:33:15
20251007094900, AMD, 144, 20251024, C, 0, 10, 0.0007, 218.12, 0.9882, 0.9004, -0.0254, 62.75, 20251007 09:33:15
20251007094900, AMD, 144, 20251024, P, 1, 175, 0.0007, 218.12, -0.0116, 0.877, -0.0339, 0.21, 20251007 09:33:15
20251007094900, AMD, 145, 20251024, C, 1, 41, 0.0008, 218.12, 0.9876, 0, -0.0269, 74, 20251007 09:33:15
20251007094900, AMD, 145, 20251024, P, 12, 1152, 0.0008, 218.12, -0.0123, 0.8746, -0.0353, 0.18, 20251007 09:33:15
20251007094900, AMD, 146, 20251024, C, 0, 19, 0.0008, 218.12, 0.9869, 0, -0.0285, 59.6, 20251007 09:33:15
20251007094900, AMD, 146, 20251024, P, 3, 307, 0.0008, 218.12, -0.013, 0.8649, -0.0367, 0.23, 20251007 09:33:15
20251007094900, AMD, 147, 20251024, C, 0, 33, 0.0008, 218.12, 0.9862, 0, -0.0301, 72, 20251007 09:33:15
20251007094900, AMD, 147, 20251024, P, 1, 413, 0.0008, 218.12, -0.0137, 0.8614, -0.0382, 0.26, 20251007 09:33:15
20251007094900, AMD, 148, 20251024, C, 0, 38, 0.0009, 218.12, 0.9855, 0.7864, -0.0318, 64.79, 20251007 09:33:15
20251007094900, AMD, 148, 20251024, P, 2, 499, 0.0009, 218.12, -0.0144, 0.8544, -0.0398, 0.24, 20251007 09:33:15
20251007094900, AMD, 149, 20251024, C, 0, 56, 0.0009, 218.12, 0.9847, 0.8568, -0.0335, 57.33, 20251007 09:33:15
20251007094900, AMD, 149, 20251024, P, 5, 508, 0.0009, 218.12, -0.0152, 0.8499, -0.0414, 0.2, 20251007 09:33:15
20251007094900, AMD, 150, 20251024, C, 0, 248, 0.001, 218.12, 0.9839, 0.9206, -0.0353, 58.17, 20251007 09:33:15
20251007094900, AMD, 150, 20251024, P, 28, 3029, 0.001, 218.12, -0.016, 0.8423, -0.0431, 0.23, 20251007 09:33:15
20251007094900, AMD, 152.5, 20251024, C, 1, 676, 0.0011, 218.12, 0.9816, 0.7932, -0.04, 66, 20251007 09:33:15
20251007094900, AMD, 152.5, 20251024, P, 3, 600, 0.0011, 218.12, -0.0183, 0.8249, -0.0476, 0.3, 20251007 09:33:15
20251007094900, AMD, 155, 20251024, C, 0, 908, 0.0013, 218.12, 0.979, 0.7096, -0.0452, 52.36, 20251007 09:33:15
20251007094900, AMD, 155, 20251024, P, 29, 1512, 0.0013, 218.12, -0.0209, 0.8102, -0.0525, 0.33, 20251007 09:33:15
20251007094900, AMD, 157.5, 20251024, C, 3, 566, 0.0015, 218.12, 0.976, 0.8806, -0.0509, 60.09, 20251007 09:33:15
20251007094900, AMD, 157.5, 20251024, P, 2, 493, 0.0015, 218.12, -0.0239, 0.7972, -0.0579, 0.32, 20251007 09:33:15
20251007094900, AMD, 160, 20251024, C, 12, 2273, 0.0017, 218.12, 0.9726, 0.7577, -0.057, 59, 20251007 09:33:15
20251007094900, AMD, 160, 20251024, P, 18, 915, 0.0017, 218.12, -0.0273, 0.7818, -0.0638, 0.36, 20251007 09:33:15
20251007094900, AMD, 162.5, 20251024, C, 7, 1360, 0.0019, 218.12, 0.9687, 0.8196, -0.0638, 56, 20251007 09:33:15
20251007094900, AMD, 162.5, 20251024, P, 9, 314, 0.0019, 218.12, -0.0313, 0.769, -0.0703, 0.45, 20251007 09:33:15
20251007094900, AMD, 165, 20251024, C, 11, 1993, 0.0022, 218.12, 0.9641, 0.7644, -0.0713, 52.14, 20251007 09:33:15
20251007094900, AMD, 165, 20251024, P, 21, 786, 0.0022, 218.12, -0.0358, 0.7536, -0.0776, 0.54, 20251007 09:33:15
20251007094900, AMD, 167.5, 20251024, C, 11, 986, 0.0025, 218.12, 0.9588, 0.6468, -0.0796, 52, 20251007 09:33:15
20251007094900, AMD, 167.5, 20251024, P, 2, 291, 0.0025, 218.12, -0.0411, 0.741, -0.0856, 0.52, 20251007 09:33:15
20251007094900, AMD, 170, 20251024, C, 17, 3239, 0.0028, 218.12, 0.9527, 0.7171, -0.0888, 48, 20251007 09:33:15
20251007094900, AMD, 170, 20251024, P, 7, 1126, 0.0028, 218.12, -0.0473, 0.7302, -0.0945, 0.63, 20251007 09:33:15
20251007094900, AMD, 172.5, 20251024, C, 0, 784, 0.0032, 218.12, 0.9456, 0.687, -0.099, 33.07, 20251007 09:33:15
20251007094900, AMD, 172.5, 20251024, P, 3, 254, 0.0032, 218.12, -0.0545, 0.7153, -0.1045, 0.87, 20251007 09:33:15
20251007094900, AMD, 175, 20251024, C, 2, 865, 0.0037, 218.12, 0.9373, 0.6569, -0.1103, 45, 20251007 09:33:15
20251007094900, AMD, 175, 20251024, P, 38, 573, 0.0037, 218.12, -0.0628, 0.7042, -0.1156, 0.95, 20251007 09:33:15
20251007094900, AMD, 177.5, 20251024, C, 0, 1213, 0.0042, 218.12, 0.9276, 0.6625, -0.1228, 30.9, 20251007 09:33:15
20251007094900, AMD, 177.5, 20251024, P, 10, 154, 0.0042, 218.12, -0.0724, 0.694, -0.1278, 1, 20251007 09:33:15
20251007094900, AMD, 180, 20251024, C, 15, 1473, 0.0047, 218.12, 0.9165, 0.6824, -0.1365, 40, 20251007 09:33:15
20251007094900, AMD, 180, 20251024, P, 76, 681, 0.0047, 218.12, -0.0836, 0.6847, -0.1413, 1.34, 20251007 09:33:15
20251007094900, AMD, 182.5, 20251024, C, 0, 5003, 0.0053, 218.12, 0.9036, 0.7238, -0.1514, 24.77, 20251007 09:33:15
20251007094900, AMD, 182.5, 20251024, P, 16, 907, 0.0053, 218.12, -0.0965, 0.6769, -0.156, 1.5, 20251007 09:33:15
20251007094900, AMD, 185, 20251024, C, 7, 4787, 0.0059, 218.12, 0.889, 0.678, -0.1676, 33.65, 20251007 09:33:15
20251007094900, AMD, 185, 20251024, P, 74, 333, 0.006, 218.12, -0.1112, 0.6699, -0.172, 1.82, 20251007 09:33:15
20251007094900, AMD, 187.5, 20251024, C, 0, 21, 0.0066, 218.12, 0.8723, 0.6563, -0.1848, 23.7, 20251007 09:33:15
20251007094900, AMD, 187.5, 20251024, P, 16, 359, 0.0066, 218.12, -0.1279, 0.6631, -0.189, 2.18, 20251007 09:33:15
20251007094900, AMD, 190, 20251024, C, 11, 924, 0.0073, 218.12, 0.8536, 0.6609, -0.2029, 30.05, 20251007 09:33:15
20251007094900, AMD, 190, 20251024, P, 894, 830, 0.0073, 218.12, -0.1467, 0.6587, -0.2069, 2.58, 20251007 09:33:15
20251007094900, AMD, 192.5, 20251024, C, 4, 46, 0.008, 218.12, 0.8329, 0.6406, -0.2216, 28.35, 20251007 09:33:15
20251007094900, AMD, 192.5, 20251024, P, 3, 631, 0.008, 218.12, -0.1675, 0.6581, -0.2254, 3.15, 20251007 09:33:15
20251007094900, AMD, 195, 20251024, C, 30, 869, 0.0087, 218.12, 0.8101, 0.6595, -0.2405, 26.15, 20251007 09:33:15
20251007094900, AMD, 195, 20251024, P, 22, 372, 0.0087, 218.12, -0.1904, 0.6544, -0.2441, 3.65, 20251007 09:33:15
20251007094900, AMD, 197.5, 20251024, C, 3, 0, 0.0094, 218.12, 0.7854, 0.649, -0.2594, 23.75, 20251007 09:33:15
20251007094900, AMD, 197.5, 20251024, P, 0, 0, 0.0094, 218.12, -0.2152, 0.6536, -0.2628, 0, 20251007 09:33:15
20251007094900, AMD, 200, 20251024, C, 55, 1234, 0.01, 218.12, 0.759, 0.6485, -0.2777, 23, 20251007 09:33:15
20251007094900, AMD, 200, 20251024, P, 218, 1096, 0.0101, 218.12, -0.2417, 0.6496, -0.281, 4.75, 20251007 09:33:15
20251007094900, AMD, 202.5, 20251024, C, 1, 0, 0.0106, 218.12, 0.731, 0.6481, -0.2952, 20.11, 20251007 09:33:15
20251007094900, AMD, 202.5, 20251024, P, 1, 0, 0.0107, 218.12, -0.2698, 0.651, -0.2982, 5.2, 20251007 09:33:15
20251007094900, AMD, 205, 20251024, C, 88, 882, 0.0112, 218.12, 0.7017, 0.6506, -0.3114, 20, 20251007 09:33:15
20251007094900, AMD, 205, 20251024, P, 84, 1171, 0.0112, 218.12, -0.2992, 0.655, -0.3142, 6.3, 20251007 09:33:15
20251007094900, AMD, 207.5, 20251024, C, 22, 0, 0.0116, 218.12, 0.6714, 0.6512, -0.326, 18.1, 20251007 09:33:15
20251007094900, AMD, 207.5, 20251024, P, 1, 0, 0.0117, 218.12, -0.3297, 0.6542, -0.3287, 7.65, 20251007 09:33:15
20251007094900, AMD, 210, 20251024, C, 436, 2033, 0.012, 218.12, 0.6404, 0.6542, -0.3387, 17.11, 20251007 09:33:15
20251007094900, AMD, 210, 20251024, P, 106, 986, 0.012, 218.12, -0.3609, 0.6586, -0.3412, 8.55, 20251007 09:33:15
20251007094900, AMD, 212.5, 20251024, C, 9, 0, 0.0123, 218.12, 0.6089, 0.6554, -0.3494, 14.6, 20251007 09:33:15
20251007094900, AMD, 212.5, 20251024, P, 0, 0, 0.0123, 218.12, -0.3925, 0.6597, -0.3518, 0, 20251007 09:33:15
20251007094900, AMD, 215, 20251024, C, 165, 998, 0.0125, 218.12, 0.5772, 0.6589, -0.3579, 14.55, 20251007 09:33:15
20251007094900, AMD, 215, 20251024, P, 120, 527, 0.0125, 218.12, -0.4243, 0.6685, -0.3601, 10.8, 20251007 09:33:15
20251007094900, AMD, 217.5, 20251024, C, 45, 0, 0.0126, 218.12, 0.5457, 0.6619, -0.3642, 13, 20251007 09:33:15
20251007094900, AMD, 217.5, 20251024, P, 7, 0, 0.0126, 218.12, -0.456, 0.6755, -0.3662, 12.55, 20251007 09:33:15
20251007094900, AMD, 220, 20251024, C, 400, 1596, 0.0126, 218.12, 0.5146, 0.6647, -0.3682, 11.95, 20251007 09:33:15
20251007094900, AMD, 220, 20251024, P, 27, 329, 0.0126, 218.12, -0.4873, 0.6704, -0.37, 13.55, 20251007 09:33:15
20251007094900, AMD, 222.5, 20251024, C, 15, 0, 0.0125, 218.12, 0.484, 0.67, -0.3701, 10.23, 20251007 09:33:15
20251007094900, AMD, 222.5, 20251024, P, 6, 0, 0.0126, 218.12, -0.518, 0.6743, -0.3717, 15, 20251007 09:33:15
20251007094900, AMD, 225, 20251024, C, 163, 999, 0.0124, 218.12, 0.4542, 0.674, -0.3699, 10.3, 20251007 09:33:15
20251007094900, AMD, 225, 20251024, P, 21, 118, 0.0124, 218.12, -0.548, 0.6784, -0.3714, 16.5, 20251007 09:33:15
20251007094900, AMD, 227.5, 20251024, C, 1, 0, 0.0122, 218.12, 0.4254, 0.6768, -0.3677, 9.45, 20251007 09:33:15
20251007094900, AMD, 227.5, 20251024, P, 0, 0, 0.0122, 218.12, -0.577, 0.6812, -0.369, 0, 20251007 09:33:15
20251007094900, AMD, 230, 20251024, C, 273, 840, 0.0119, 218.12, 0.3976, 0.68, -0.3638, 8.5, 20251007 09:33:15
20251007094900, AMD, 230, 20251024, P, 3, 77, 0.012, 218.12, -0.6049, 0.6885, -0.365, 19.65, 20251007 09:33:15
20251007094900, AMD, 232.5, 20251024, C, 6, 0, 0.0116, 218.12, 0.371, 0.6907, -0.3584, 7.65, 20251007 09:33:15
20251007094900, AMD, 232.5, 20251024, P, 0, 0, 0.0117, 218.12, -0.6317, 0.6882, -0.3594, 0, 20251007 09:33:15
20251007094900, AMD, 235, 20251024, C, 41, 1121, 0.0112, 218.12, 0.3457, 0.6883, -0.3515, 7.15, 20251007 09:33:15
20251007094900, AMD, 235, 20251024, P, 1, 54, 0.0113, 218.12, -0.6572, 0.6942, -0.3523, 23.15, 20251007 09:33:15
20251007094900, AMD, 237.5, 20251024, C, 0, 0, 0.0108, 218.12, 0.3216, 0.694, -0.3435, 0, 20251007 09:33:15
20251007094900, AMD, 237.5, 20251024, P, 0, 0, 0.0109, 218.12, -0.6814, 0.6985, -0.3442, 0, 20251007 09:33:15
20251007094900, AMD, 240, 20251024, C, 73, 1968, 0.0104, 218.12, 0.2989, 0.6995, -0.3345, 6, 20251007 09:33:15
20251007094900, AMD, 240, 20251024, P, 1, 24, 0.0105, 218.12, -0.7042, 0.7025, -0.3349, 28.4, 20251007 09:33:15
20251007094900, AMD, 242.5, 20251024, C, 2, 0, 0.01, 218.12, 0.2775, 0.7053, -0.3247, 4.85, 20251007 09:33:15
20251007094900, AMD, 242.5, 20251024, P, 4, 0, 0.0101, 218.12, -0.7258, 0.7083, -0.3249, 29.05, 20251007 09:33:15
20251007094900, AMD, 245, 20251024, C, 0, 0, 0.0096, 218.12, 0.2575, 0.7082, -0.3142, 0, 20251007 09:33:15
20251007094900, AMD, 245, 20251024, P, 0, 0, 0.0096, 218.12, -0.746, 0.7128, -0.3144, 0, 20251007 09:33:15
20251007094900, AMD, 247.5, 20251024, C, 4, 0, 0.0091, 218.12, 0.2387, 0.7149, -0.3034, 3.95, 20251007 09:33:15
20251007094900, AMD, 247.5, 20251024, P, 0, 0, 0.0092, 218.12, -0.765, 0.7177, -0.3032, 0, 20251007 09:33:15
20251007094900, AMD, 250, 20251024, C, 252, 2595, 0.0087, 218.12, 0.2211, 0.7173, -0.2922, 4, 20251007 09:33:15
20251007094900, AMD, 250, 20251024, P, 0, 15, 0.0088, 218.12, -0.7827, 0.7254, -0.2919, 48, 20251007 09:33:15
20251007094900, AMD, 255, 20251024, C, 0, 0, 0.0078, 218.12, 0.1896, 0.7291, -0.2694, 0, 20251007 09:33:15
20251007094900, AMD, 255, 20251024, P, 0, 0, 0.0079, 218.12, -0.8145, 0.7256, -0.2686, 0, 20251007 09:33:15
20251007094900, AMD, 260, 20251024, C, 21, 668, 0.007, 218.12, 0.1624, 0.7402, -0.2467, 2.8, 20251007 09:33:15
20251007094900, AMD, 260, 20251024, P, 0, 22, 0.0071, 218.12, -0.842, 0.7698, -0.2456, 54.8, 20251007 09:33:15
20251007094900, AMD, 265, 20251024, C, 0, 0, 0.0062, 218.12, 0.1391, 0.7509, -0.2247, 0, 20251007 09:33:15
20251007094900, AMD, 265, 20251024, P, 0, 0, 0.0063, 218.12, -0.8656, 0.7597, -0.223, 0, 20251007 09:33:15
20251007094900, AMD, 270, 20251024, C, 4, 557, 0.0055, 218.12, 0.1192, 0.7606, -0.2037, 1.76, 20251007 09:33:15
20251007094900, AMD, 270, 20251024, P, 0, 5, 0.0056, 218.12, -0.8858, 0.7865, -0.202, 64.13, 20251007 09:33:15
20251007094900, AMD, 275, 20251024, C, 7, 0, 0.0048, 218.12, 0.1022, 0.7719, -0.1841, 1.42, 20251007 09:33:15
20251007094900, AMD, 275, 20251024, P, 0, 0, 0.005, 218.12, -0.9031, 0.7638, -0.182, 0, 20251007 09:33:15
20251007094900, AMD, 280, 20251024, C, 20, 589, 0.0043, 218.12, 0.0878, 0.7828, -0.1659, 1.38, 20251007 09:33:15
20251007094900, AMD, 280, 20251024, P, 0, 0, 0.0044, 218.12, -0.918, 0.7578, -0.1639, 0, 20251007 09:33:15
20251007094900, AMD, 285, 20251024, C, 0, 0, 0.0038, 218.12, 0.0754, 0.7923, -0.1492, 0, 20251007 09:33:15
20251007094900, AMD, 285, 20251024, P, 0, 0, 0.0039, 218.12, -0.9305, 0.8025, -0.1471, 0, 20251007 09:33:15
20251007094900, AMD, 290, 20251024, C, 15, 101, 0.0033, 218.12, 0.0649, 0.8006, -0.1339, 1, 20251007 09:33:15
20251007094900, AMD, 290, 20251024, P, 0, 4, 0.0034, 218.12, -0.9415, 0.8171, -0.1319, 81, 20251007 09:33:15
20251007094900, AMD, 295, 20251024, C, 0, 0, 0.0029, 218.12, 0.0559, 0.813, -0.12, 0, 20251007 09:33:15
20251007094900, AMD, 295, 20251024, P, 0, 0, 0.003, 218.12, -0.9507, 0.8313, -0.1178, 0, 20251007 09:33:15
20251007094900, AMD, 300, 20251024, C, 16, 438, 0.0025, 218.12, 0.0482, 0.8228, -0.1074, 0.69, 20251007 09:33:15
20251007094900, AMD, 300, 20251024, P, 0, 1, 0.0027, 218.12, -0.9588, 0.8825, -0.1056, 89.54, 20251007 09:33:15
20251007094900, AMD, 305, 20251024, C, 0, 0, 0.0022, 218.12, 0.0416, 0.8336, -0.0961, 0, 20251007 09:33:15
20251007094900, AMD, 305, 20251024, P, 0, 0, 0.0024, 218.12, -0.9657, 0.8371, -0.0937, 0, 20251007 09:33:15
20251007094900, AMD, 310, 20251024, C, 3, 334, 0.002, 218.12, 0.036, 0.8413, -0.0859, 0.5, 20251007 09:33:15
20251007094900, AMD, 310, 20251024, P, 0, 0, 0.0021, 218.12, -0.9718, 0.8192, -0.0838, 0, 20251007 09:33:15
20251007094900, AMD, 315, 20251024, C, 0, 0, 0.0017, 218.12, 0.0312, 0.8519, -0.0767, 0, 20251007 09:33:15
20251007094900, AMD, 315, 20251024, P, 0, 0, 0.0019, 218.12, -0.977, 0.887, -0.0738, 0, 20251007 09:33:15
20251007094900, AMD, 320, 20251024, C, 2, 426, 0.0015, 218.12, 0.027, 0.862, -0.0685, 0.39, 20251007 09:33:15
20251007094900, AMD, 320, 20251024, P, 0, 1, 0.0017, 218.12, -0.9813, 0.9339, -0.0643, 109.31, 20251007 09:33:15
20251007094900, AMD, 325, 20251024, C, 0, 0, 0.0013, 218.12, 0.0235, 0.8685, -0.0611, 0, 20251007 09:33:15
20251007094900, AMD, 325, 20251024, P, 0, 0, 0.0015, 218.12, -0.9853, 0, -0.0578, 0, 20251007 09:33:15
20251007094900, AMD, 330, 20251024, C, 0, 0, 0.0012, 218.12, 0.0204, 0.8794, -0.0545, 0, 20251007 09:33:15
20251007094900, AMD, 330, 20251024, P, 0, 0, 0.0012, 218.12, -0.9885, 0.9701, -0.0495, 0, 20251007 09:33:15
20251007094900, AMD, 335, 20251024, C, 0, 0, 0.001, 218.12, 0.0178, 0.8873, -0.0486, 0, 20251007 09:33:15
20251007094900, AMD, 335, 20251024, P, 0, 0, 0.0011, 218.12, -0.9912, 1.0168, -0.0421, 0, 20251007 09:33:15
20251007094900, AMD, 340, 20251024, C, 0, 0, 0.0009, 218.12, 0.0155, 0.8973, -0.0434, 0, 20251007 09:33:15
20251007094900, AMD, 340, 20251024, P, 0, 0, 0.0009, 218.12, -0.9935, 0, -0.0387, 0, 20251007 09:33:15
20251007094900, AMD, 345, 20251024, C, 0, 0, 0.0008, 218.12, 0.0135, 0.9046, -0.0388, 0, 20251007 09:33:15
20251007094900, AMD, 345, 20251024, P, 0, 0, 0.0007, 218.12, -0.9952, 1.0562, -0.0337, 0, 20251007 09:33:15
20251007094900, AMD, 350, 20251024, C, 0, 0, 0.0007, 218.12, 0.0118, 0.9156, -0.0346, 0, 20251007 09:33:15
20251007094900, AMD, 350, 20251024, P, 0, 0, 0.0005, 218.12, -0.9966, 0, -0.0295, 0, 20251007 09:33:15
20251007094900, AMD, 360, 20251024, C, 0, 0, 0.0006, 218.12, 0.0091, 0.9308, -0.0277, 0, 20251007 09:33:15
20251007094900, AMD, 360, 20251024, P, 0, 0, 0.0003, 218.12, -0.9984, 0, -0.0256, 0, 20251007 09:33:15
20251007094900, AMD, 370, 20251024, C, 0, 0, 0.0004, 218.12, 0.007, 0.945, -0.0222, 0, 20251007 09:33:15
20251007094900, AMD, 370, 20251024, P, 0, 0, 0.0001, 218.12, -0.9994, 1.0275, -0.0235, 0, 20251007 09:33:15
20251007094900, AMD, 380, 20251024, C, 0, 0, 0.0003, 218.12, 0.0054, 0.9619, -0.0178, 0, 20251007 09:33:15
20251007094900, AMD, 380, 20251024, P, 0, 0, 0, 218.12, -0.9998, 0, -0.0228, 0, 20251007 09:33:15
20251007094900, AMD, 390, 20251024, C, 0, 0, 0.0003, 218.12, 0.0043, 0.9788, -0.0144, 0, 20251007 09:33:15
20251007094900, AMD, 390, 20251024, P, 0, 0, 0, 218.12, -0.9999, 0, -0.0228, 0, 20251007 09:33:15
20251007094900, AMD, 400, 20251024, C, 0, 0, 0.0002, 218.12, 0.0034, 0.9982, -0.0116, 0, 20251007 09:33:15
20251007094900, AMD, 400, 20251024, P, 0, 0, 0, 218.12, -1, 0, -0.0228, 0, 20251007 09:33:15
20251007094900, AMD, 410, 20251024, C, 0, 0, 0.0002, 218.12, 0.0027, 1.0126, -0.0095, 0, 20251007 09:33:15
20251007094900, AMD, 410, 20251024, P, 0, 0, 0, 218.12, -1, 1.3561, -0.0228, 0, 20251007 09:33:15
20251007094900, AMD, 420, 20251024, C, 0, 0, 0.0001, 218.12, 0.0021, 1.0342, -0.0077, 0, 20251007 09:33:15
20251007094900, AMD, 420, 20251024, P, 0, 0, 0, 218.12, -1, 0, -0.0228, 0, 20251007 09:33:15
20251007094900, AMD, 430, 20251024, C, 0, 0, 0.0001, 218.12, 0.0017, 1.0527, -0.0064, 0, 20251007 09:33:15
20251007094900, AMD, 430, 20251024, P, 0, 0, 0, 218.12, -1, 0, -0.0228, 0, 20251007 09:33:15
20251007094900, AMD, 440, 20251024, C, 0, 0, 0.0001, 218.12, 0.0014, 1.0676, -0.0052, 0, 20251007 09:33:15
20251007094900, AMD, 440, 20251024, P, 0, 0, 0, 218.12, -1, 0, -0.0228, 0, 20251007 09:33:15
20251007094900, AMD, 450, 20251024, C, 0, 0, 0.0001, 218.12, 0.0011, 1.078, -0.0044, 0, 20251007 09:33:15
20251007094900, AMD, 450, 20251024, P, 0, 0, 0, 218.12, -1, 1.4956, -0.0228, 0, 20251007 09:33:15
20251007094900, AMD, 40, 20251031, C, 0, 0, 0, 218.12, 0.9996, 2.3847, 0, 0, 20251007 09:33:15
20251007094900, AMD, 40, 20251031, P, 0, 5, 0, 218.12, -0.0002, 2.2143, -0.0019, 0.04, 20251007 09:33:15
20251007094900, AMD, 45, 20251031, C, 0, 0, 0, 218.12, 0.9996, 2.795, 0, 0, 20251007 09:33:15
20251007094900, AMD, 45, 20251031, P, 0, 0, 0, 218.12, -0.0003, 2.0623, -0.0021, 0, 20251007 09:33:15
20251007094900, AMD, 50, 20251031, C, 0, 0, 0, 218.12, 0.9996, 2.5004, 0, 0, 20251007 09:33:15
20251007094900, AMD, 50, 20251031, P, 0, 12, 0, 218.12, -0.0004, 1.9271, -0.0023, 0.01, 20251007 09:33:15
20251007094900, AMD, 55, 20251031, C, 0, 0, 0, 218.12, 0.9995, 1.8095, 0, 0, 20251007 09:33:15
20251007094900, AMD, 55, 20251031, P, 0, 0, 0, 218.12, -0.0004, 1.8052, -0.0025, 0, 20251007 09:33:15
20251007094900, AMD, 60, 20251031, C, 0, 0, 0, 218.12, 0.9994, 2.1908, 0, 0, 20251007 09:33:15
20251007094900, AMD, 60, 20251031, P, 0, 3, 0, 218.12, -0.0005, 1.6942, -0.0028, 0.06, 20251007 09:33:15
20251007094900, AMD, 65, 20251031, C, 0, 0, 0, 218.12, 0.9993, 2.1714, 0, 0, 20251007 09:33:15
20251007094900, AMD, 65, 20251031, P, 0, 5, 0, 218.12, -0.0006, 1.5924, -0.0031, 0.02, 20251007 09:33:15
20251007094900, AMD, 70, 20251031, C, 0, 0, 0, 218.12, 0.9992, 1.9023, 0, 0, 20251007 09:33:15
20251007094900, AMD, 70, 20251031, P, 0, 3, 0, 218.12, -0.0007, 1.4984, -0.0034, 0.04, 20251007 09:33:15
20251007094900, AMD, 75, 20251031, C, 0, 0, 0, 218.12, 0.9991, 0, 0, 0, 20251007 09:33:15
20251007094900, AMD, 75, 20251031, P, 0, 3, 0, 218.12, -0.0008, 1.4109, -0.0039, 0.04, 20251007 09:33:15
20251007094900, AMD, 80, 20251031, C, 0, 0, 0, 218.12, 0.9989, 1.8381, 0, 79.63, 20251007 09:33:15
20251007094900, AMD, 80, 20251031, P, 0, 17, 0, 218.12, -0.001, 1.3559, -0.0044, 0.05, 20251007 09:33:15
20251007094900, AMD, 85, 20251031, C, 0, 1, 0, 218.12, 0.9987, 1.7049, 0, 74.49, 20251007 09:33:15
20251007094900, AMD, 85, 20251031, P, 0, 26, 0, 218.12, -0.0012, 1.2778, -0.0051, 0.01, 20251007 09:33:15
20251007094900, AMD, 90, 20251031, C, 0, 2, 0.0001, 218.12, 0.9985, 1.4886, 0, 77.68, 20251007 09:33:15
20251007094900, AMD, 90, 20251031, P, 0, 42, 0.0001, 218.12, -0.0014, 1.2246, -0.0059, 0.04, 20251007 09:33:15
20251007094900, AMD, 95, 20251031, C, 0, 5, 0.0001, 218.12, 0.9981, 1.0756, 0, 65.64, 20251007 09:33:15
20251007094900, AMD, 95, 20251031, P, 0, 18, 0.0001, 218.12, -0.0018, 1.1539, -0.0069, 0.03, 20251007 09:33:15
20251007094900, AMD, 100, 20251031, C, 0, 6, 0.0001, 218.12, 0.9977, 1.1361, 0, 66.08, 20251007 09:33:15
20251007094900, AMD, 100, 20251031, P, 0, 27, 0.0001, 218.12, -0.0022, 1.1174, -0.0082, 0.06, 20251007 09:33:15
20251007094900, AMD, 105, 20251031, C, 0, 13, 0.0001, 218.12, 0.9971, 1.2696, 0, 103.18, 20251007 09:33:15
20251007094900, AMD, 105, 20251031, P, 0, 28, 0.0001, 218.12, -0.0028, 1.0645, -0.0098, 0.08, 20251007 09:33:15
20251007094900, AMD, 110, 20251031, C, 0, 108, 0.0002, 218.12, 0.9963, 0, -0.0001, 99.03, 20251007 09:33:15
20251007094900, AMD, 110, 20251031, P, 0, 294, 0.0002, 218.12, -0.0036, 1.0408, -0.0117, 0.09, 20251007 09:33:15
20251007094900, AMD, 115, 20251031, C, 0, 17, 0.0002, 218.12, 0.9954, 1.1849, -0.003, 43.64, 20251007 09:33:15
20251007094900, AMD, 115, 20251031, P, 2, 182, 0.0002, 218.12, -0.0045, 0.9939, -0.0141, 0.07, 20251007 09:33:15
20251007094900, AMD, 120, 20251031, C, 0, 28, 0.0003, 218.12, 0.9942, 1.0745, -0.0063, 87.05, 20251007 09:33:15
20251007094900, AMD, 120, 20251031, P, 0, 202, 0.0003, 218.12, -0.0057, 0.9588, -0.0168, 0.11, 20251007 09:33:15
20251007094900, AMD, 125, 20251031, C, 0, 133, 0.0004, 218.12, 0.9927, 1.0281, -0.0101, 81.1, 20251007 09:33:15
20251007094900, AMD, 125, 20251031, P, 4, 615, 0.0004, 218.12, -0.0073, 0.9247, -0.0201, 0.09, 20251007 09:33:15
20251007094900, AMD, 130, 20251031, C, 0, 999, 0.0005, 218.12, 0.9908, 1.0452, -0.0144, 78.26, 20251007 09:33:15
20251007094900, AMD, 130, 20251031, P, 100, 2870, 0.0005, 218.12, -0.0092, 0.8907, -0.0239, 0.16, 20251007 09:33:15
20251007094900, AMD, 135, 20251031, C, 0, 85, 0.0006, 218.12, 0.9884, 0.9095, -0.0194, 72.1, 20251007 09:33:15
20251007094900, AMD, 135, 20251031, P, 5, 3162, 0.0006, 218.12, -0.0116, 0.8623, -0.0284, 0.23, 20251007 09:33:15
20251007094900, AMD, 140, 20251031, C, 0, 48, 0.0008, 218.12, 0.9853, 0.9358, -0.0252, 64.35, 20251007 09:33:15
20251007094900, AMD, 140, 20251031, P, 4, 2785, 0.0008, 218.12, -0.0146, 0.8309, -0.0337, 0.24, 20251007 09:33:15
20251007094900, AMD, 144, 20251031, C, 0, 56, 0.001, 218.12, 0.9823, 0.848, -0.0305, 76.75, 20251007 09:33:15
20251007094900, AMD, 144, 20251031, P, 1, 407, 0.001, 218.12, -0.0176, 0.8109, -0.0386, 0.27, 20251007 09:33:15
20251007094900, AMD, 145, 20251031, C, 0, 94, 0.001, 218.12, 0.9815, 0.8347, -0.0319, 61.83, 20251007 09:33:15
20251007094900, AMD, 145, 20251031, P, 3, 557, 0.001, 218.12, -0.0185, 0.8032, -0.0399, 0.3, 20251007 09:33:15
20251007094900, AMD, 146, 20251031, C, 0, 6, 0.001, 218.12, 0.9806, 0.794, -0.0334, 64.3, 20251007 09:33:15
20251007094900, AMD, 146, 20251031, P, 0, 154, 0.001, 218.12, -0.0194, 0.7993, -0.0413, 0.43, 20251007 09:33:15
20251007094900, AMD, 147, 20251031, C, 0, 15, 0.0011, 218.12, 0.9797, 0.7905, -0.0349, 63, 20251007 09:33:15
20251007094900, AMD, 147, 20251031, P, 2, 148, 0.0011, 218.12, -0.0203, 0.7912, -0.0427, 0.34, 20251007 09:33:15
20251007094900, AMD, 148, 20251031, C, 0, 34, 0.0011, 218.12, 0.9787, 0, -0.0365, 63.25, 20251007 09:33:15
20251007094900, AMD, 148, 20251031, P, 3, 279, 0.0012, 218.12, -0.0213, 0.7867, -0.0442, 0.37, 20251007 09:33:15
20251007094900, AMD, 149, 20251031, C, 0, 138, 0.0012, 218.12, 0.9776, 0.8137, -0.0381, 64.19, 20251007 09:33:15
20251007094900, AMD, 149, 20251031, P, 0, 305, 0.0012, 218.12, -0.0223, 0.7817, -0.0457, 0.57, 20251007 09:33:15
20251007094900, AMD, 150, 20251031, C, 1, 238, 0.0013, 218.12, 0.9766, 0.8078, -0.0398, 69.05, 20251007 09:33:15
20251007094900, AMD, 150, 20251031, P, 18, 2418, 0.0013, 218.12, -0.0234, 0.7765, -0.0473, 0.33, 20251007 09:33:15
20251007094900, AMD, 152.5, 20251031, C, 0, 217, 0.0014, 218.12, 0.9736, 0.7456, -0.0442, 53.8, 20251007 09:33:15
20251007094900, AMD, 152.5, 20251031, P, 1, 503, 0.0014, 218.12, -0.0264, 0.7637, -0.0515, 0.4, 20251007 09:33:15
20251007094900, AMD, 155, 20251031, C, 0, 404, 0.0016, 218.12, 0.9702, 0.8238, -0.0491, 52, 20251007 09:33:15
20251007094900, AMD, 155, 20251031, P, 160, 760, 0.0016, 218.12, -0.0298, 0.7479, -0.0561, 0.54, 20251007 09:33:15
20251007094900, AMD, 157.5, 20251031, C, 2, 307, 0.0018, 218.12, 0.9664, 0.7426, -0.0544, 59.15, 20251007 09:33:15
20251007094900, AMD, 157.5, 20251031, P, 4, 961, 0.0018, 218.12, -0.0336, 0.7357, -0.0612, 0.51, 20251007 09:33:15
20251007094900, AMD, 160, 20251031, C, 15, 2367, 0.002, 218.12, 0.9619, 0.66, -0.0603, 59.4, 20251007 09:33:15
20251007094900, AMD, 160, 20251031, P, 16, 1691, 0.002, 218.12, -0.0381, 0.7238, -0.0668, 0.62, 20251007 09:33:15
20251007094900, AMD, 162.5, 20251031, C, 1, 1553, 0.0023, 218.12, 0.9569, 0.7558, -0.0667, 53.5, 20251007 09:33:15
20251007094900, AMD, 162.5, 20251031, P, 7, 489, 0.0023, 218.12, -0.0432, 0.7129, -0.073, 0.74, 20251007 09:33:15
20251007094900, AMD, 165, 20251031, C, 14, 1223, 0.0026, 218.12, 0.9511, 0.7018, -0.0737, 54.25, 20251007 09:33:15
20251007094900, AMD, 165, 20251031, P, 6, 1550, 0.0026, 218.12, -0.049, 0.7017, -0.0798, 0.8, 20251007 09:33:15
20251007094900, AMD, 167.5, 20251031, C, 4, 771, 0.0029, 218.12, 0.9444, 0.6699, -0.0815, 52, 20251007 09:33:15
20251007094900, AMD, 167.5, 20251031, P, 20, 195, 0.0029, 218.12, -0.0557, 0.6916, -0.0873, 1.06, 20251007 09:33:15
20251007094900, AMD, 170, 20251031, C, 34, 1861, 0.0032, 218.12, 0.9368, 0.666, -0.09, 50.4, 20251007 09:33:15
20251007094900, AMD, 170, 20251031, P, 81, 895, 0.0032, 218.12, -0.0634, 0.6835, -0.0956, 1.14, 20251007 09:33:15
20251007094900, AMD, 172.5, 20251031, C, 3, 691, 0.0036, 218.12, 0.928, 0.6751, -0.0993, 46.5, 20251007 09:33:15
20251007094900, AMD, 172.5, 20251031, P, 1, 297, 0.0036, 218.12, -0.0722, 0.6728, -0.1047, 1.29, 20251007 09:33:15
20251007094900, AMD, 175, 20251031, C, 11, 1878, 0.004, 218.12, 0.918, 0.6358, -0.1094, 44, 20251007 09:33:15
20251007094900, AMD, 175, 20251031, P, 15, 496, 0.004, 218.12, -0.0822, 0.6651, -0.1146, 1.53, 20251007 09:33:15
20251007094900, AMD, 177.5, 20251031, C, 0, 442, 0.0045, 218.12, 0.9067, 0.6658, -0.1204, 29.85, 20251007 09:33:15
20251007094900, AMD, 177.5, 20251031, P, 4, 207, 0.0045, 218.12, -0.0936, 0.6602, -0.1254, 1.77, 20251007 09:33:15
20251007094900, AMD, 180, 20251031, C, 202, 2585, 0.005, 218.12, 0.8939, 0.6291, -0.1322, 41, 20251007 09:33:15
20251007094900, AMD, 180, 20251031, P, 145, 1062, 0.005, 218.12, -0.1064, 0.6553, -0.137, 1.99, 20251007 09:33:15
20251007094900, AMD, 182.5, 20251031, C, 188, 480, 0.0055, 218.12, 0.8797, 0.6378, -0.1446, 36.88, 20251007 09:33:15
20251007094900, AMD, 182.5, 20251031, P, 5, 514, 0.0055, 218.12, -0.1208, 0.6473, -0.1492, 2.42, 20251007 09:33:15
20251007094900, AMD, 185, 20251031, C, 317, 1029, 0.006, 218.12, 0.8638, 0.6367, -0.1577, 36, 20251007 09:33:15
20251007094900, AMD, 185, 20251031, P, 105, 2185, 0.006, 218.12, -0.1367, 0.6438, -0.1621, 2.8, 20251007 09:33:15
20251007094900, AMD, 190, 20251031, C, 17, 803, 0.0071, 218.12, 0.8274, 0.6273, -0.185, 32.1, 20251007 09:33:15
20251007094900, AMD, 190, 20251031, P, 115, 557, 0.0071, 218.12, -0.1733, 0.6386, -0.189, 3.65, 20251007 09:33:15
20251007094900, AMD, 195, 20251031, C, 319, 1033, 0.0081, 218.12, 0.785, 0.6366, -0.2125, 28.8, 20251007 09:33:15
20251007094900, AMD, 195, 20251031, P, 46, 512, 0.0082, 218.12, -0.216, 0.6364, -0.2162, 4.9, 20251007 09:33:15
20251007094900, AMD, 200, 20251031, C, 120, 1274, 0.0091, 218.12, 0.7375, 0.6286, -0.2384, 25, 20251007 09:33:15
20251007094900, AMD, 200, 20251031, P, 178, 2157, 0.0092, 218.12, -0.2637, 0.6384, -0.2417, 6.3, 20251007 09:33:15
20251007094900, AMD, 205, 20251031, C, 121, 811, 0.0099, 218.12, 0.6861, 0.6334, -0.2611, 21.19, 20251007 09:33:15
20251007094900, AMD, 205, 20251031, P, 52, 709, 0.0099, 218.12, -0.3154, 0.6377, -0.2642, 8.36, 20251007 09:33:15
20251007094900, AMD, 210, 20251031, C, 224, 1032, 0.0104, 218.12, 0.6323, 0.6372, -0.2795, 18.5, 20251007 09:33:15
20251007094900, AMD, 210, 20251031, P, 23, 660, 0.0105, 218.12, -0.3695, 0.6404, -0.2822, 10, 20251007 09:33:15
20251007094900, AMD, 215, 20251031, C, 148, 594, 0.0108, 218.12, 0.5776, 0.6404, -0.2927, 16.5, 20251007 09:33:15
20251007094900, AMD, 215, 20251031, P, 31, 363, 0.0108, 218.12, -0.4245, 0.6448, -0.2951, 12.85, 20251007 09:33:15
20251007094900, AMD, 220, 20251031, C, 301, 918, 0.0109, 218.12, 0.5234, 0.6465, -0.3005, 14.32, 20251007 09:33:15
20251007094900, AMD, 220, 20251031, P, 12, 223, 0.011, 218.12, -0.4791, 0.6533, -0.3026, 15.88, 20251007 09:33:15
20251007094900, AMD, 225, 20251031, C, 102, 792, 0.0108, 218.12, 0.471, 0.6551, -0.303, 12.25, 20251007 09:33:15
20251007094900, AMD, 225, 20251031, P, 29, 128, 0.0109, 218.12, -0.5319, 0.6563, -0.3047, 18, 20251007 09:33:15
20251007094900, AMD, 230, 20251031, C, 142, 731, 0.0105, 218.12, 0.4212, 0.6591, -0.3007, 10, 20251007 09:33:15
20251007094900, AMD, 230, 20251031, P, 0, 23, 0.0106, 218.12, -0.5821, 0.6626, -0.3021, 29.98, 20251007 09:33:15
20251007094900, AMD, 235, 20251031, C, 43, 558, 0.0101, 218.12, 0.3748, 0.6664, -0.2943, 9, 20251007 09:33:15
20251007094900, AMD, 235, 20251031, P, 0, 31, 0.0102, 218.12, -0.6288, 0.6699, -0.2954, 31.65, 20251007 09:33:15
20251007094900, AMD, 240, 20251031, C, 113, 848, 0.0095, 218.12, 0.3322, 0.6758, -0.2847, 7.2, 20251007 09:33:15
20251007094900, AMD, 240, 20251031, P, 0, 23, 0.0096, 218.12, -0.6719, 0.6781, -0.2855, 38.05, 20251007 09:33:15
20251007094900, AMD, 245, 20251031, C, 104, 0, 0.0089, 218.12, 0.2935, 0.6837, -0.2725, 6.14, 20251007 09:33:15
20251007094900, AMD, 245, 20251031, P, 0, 0, 0.009, 218.12, -0.7109, 0.7194, -0.273, 0, 20251007 09:33:15
20251007094900, AMD, 250, 20251031, C, 260, 1251, 0.0083, 218.12, 0.2587, 0.6912, -0.2587, 5.5, 20251007 09:33:15
20251007094900, AMD, 250, 20251031, P, 0, 15, 0.0084, 218.12, -0.7462, 0.7002, -0.2589, 46.84, 20251007 09:33:15
20251007094900, AMD, 255, 20251031, C, 5, 0, 0.0076, 218.12, 0.2276, 0.7009, -0.2437, 4.11, 20251007 09:33:15
20251007094900, AMD, 255, 20251031, P, 0, 0, 0.0078, 218.12, -0.7775, 0.704, -0.2435, 0, 20251007 09:33:15
20251007094900, AMD, 260, 20251031, C, 88, 819, 0.007, 218.12, 0.2001, 0.708, -0.2282, 4.05, 20251007 09:33:15
20251007094900, AMD, 260, 20251031, P, 0, 2, 0.0071, 218.12, -0.8055, 0.7077, -0.2278, 55.01, 20251007 09:33:15
20251007094900, AMD, 265, 20251031, C, 4, 0, 0.0064, 218.12, 0.1758, 0.7165, -0.2126, 3.17, 20251007 09:33:15
20251007094900, AMD, 265, 20251031, P, 0, 0, 0.0065, 218.12, -0.8301, 0.7136, -0.2118, 0, 20251007 09:33:15
20251007094900, AMD, 270, 20251031, C, 33, 323, 0.0058, 218.12, 0.1544, 0.7264, -0.1972, 2.96, 20251007 09:33:15
20251007094900, AMD, 270, 20251031, P, 0, 5, 0.0059, 218.12, -0.8519, 0.7319, -0.196, 64.65, 20251007 09:33:15
20251007094900, AMD, 275, 20251031, C, 0, 0, 0.0052, 218.12, 0.1356, 0.7334, -0.1822, 0, 20251007 09:33:15
20251007094900, AMD, 275, 20251031, P, 0, 0, 0.0054, 218.12, -0.871, 0.7391, -0.1806, 0, 20251007 09:33:15
20251007094900, AMD, 280, 20251031, C, 29, 420, 0.0047, 218.12, 0.1192, 0.7417, -0.1679, 2.11, 20251007 09:33:15
20251007094900, AMD, 280, 20251031, P, 0, 0, 0.0049, 218.12, -0.8879, 0.7428, -0.1659, 73, 20251007 09:33:15
20251007094900, AMD, 285, 20251031, C, 0, 0, 0.0043, 218.12, 0.1048, 0.7512, -0.1543, 0, 20251007 09:33:15
20251007094900, AMD, 285, 20251031, P, 0, 0, 0.0044, 218.12, -0.9026, 0.7525, -0.1518, 0, 20251007 09:33:15
20251007094900, AMD, 290, 20251031, C, 8, 164, 0.0038, 218.12, 0.0921, 0.7592, -0.1415, 1.65, 20251007 09:33:15
20251007094900, AMD, 290, 20251031, P, 0, 1, 0.004, 218.12, -0.9157, 0.7573, -0.139, 83.85, 20251007 09:33:15
20251007094900, AMD, 295, 20251031, C, 1, 0, 0.0034, 218.12, 0.081, 0.7668, -0.1295, 1.32, 20251007 09:33:15
20251007094900, AMD, 295, 20251031, P, 0, 0, 0.0036, 218.12, -0.9271, 0.7694, -0.1268, 0, 20251007 09:33:15
20251007094900, AMD, 300, 20251031, C, 117, 912, 0.0031, 218.12, 0.0714, 0.774, -0.1183, 1.18, 20251007 09:33:15
20251007094900, AMD, 300, 20251031, P, 0, 1, 0.0033, 218.12, -0.9372, 0.8118, -0.1157, 94.75, 20251007 09:33:15
20251007094900, AMD, 305, 20251031, C, 13, 0, 0.0028, 218.12, 0.0629, 0.7829, -0.1079, 1.08, 20251007 09:33:15
20251007094900, AMD, 305, 20251031, P, 0, 0, 0.003, 218.12, -0.9461, 0.7271, -0.1056, 0, 20251007 09:33:15
20251007094900, AMD, 310, 20251031, C, 20, 154, 0.0025, 218.12, 0.0554, 0.7905, -0.0984, 0.91, 20251007 09:33:15
20251007094900, AMD, 310, 20251031, P, 0, 0, 0.0027, 218.12, -0.9539, 0.7779, -0.096, 0, 20251007 09:33:15
20251007094900, AMD, 315, 20251031, C, 0, 0, 0.0022, 218.12, 0.0489, 0.7964, -0.0896, 0, 20251007 09:33:15
20251007094900, AMD, 315, 20251031, P, 0, 0, 0.0024, 218.12, -0.9609, 0.7774, -0.0876, 0, 20251007 09:33:15
20251007094900, AMD, 320, 20251031, C, 49, 623, 0.002, 218.12, 0.0432, 0.8073, -0.0815, 0.72, 20251007 09:33:15
20251007094900, AMD, 320, 20251031, P, 0, 102, 0.0022, 218.12, -0.9671, 0.7685, -0.0797, 110, 20251007 09:33:15
20251007094900, AMD, 325, 20251031, C, 0, 0, 0.0018, 218.12, 0.0382, 0.8115, -0.0741, 0, 20251007 09:33:15
20251007094900, AMD, 325, 20251031, P, 0, 0, 0.002, 218.12, -0.9725, 0.7515, -0.0727, 0, 20251007 09:33:15
20251007094900, AMD, 330, 20251031, C, 0, 0, 0.0016, 218.12, 0.0338, 0.818, -0.0674, 0, 20251007 09:33:15
20251007094900, AMD, 330, 20251031, P, 0, 0, 0.0018, 218.12, -0.9774, 0.8362, -0.0661, 0, 20251007 09:33:15
20251007094900, AMD, 335, 20251031, C, 0, 0, 0.0014, 218.12, 0.03, 0.8254, -0.0613, 0, 20251007 09:33:15
20251007094900, AMD, 335, 20251031, P, 0, 0, 0.0016, 218.12, -0.9816, 0.7562, -0.0581, 0, 20251007 09:33:15
20251007094900, AMD, 340, 20251031, C, 0, 0, 0.0013, 218.12, 0.0266, 0.8317, -0.0557, 0, 20251007 09:33:15
20251007094900, AMD, 340, 20251031, P, 0, 0, 0.0015, 218.12, -0.9852, 0, -0.051, 0, 20251007 09:33:15
20251007094900, AMD, 345, 20251031, C, 0, 0, 0.0012, 218.12, 0.0236, 0.8386, -0.0507, 0, 20251007 09:33:15
20251007094900, AMD, 345, 20251031, P, 0, 0, 0.0013, 218.12, -0.9885, 0, -0.049, 0, 20251007 09:33:15
20251007094900, AMD, 350, 20251031, C, 0, 0, 0.001, 218.12, 0.021, 0.8448, -0.0461, 0, 20251007 09:33:15
20251007094900, AMD, 350, 20251031, P, 0, 0, 0.0011, 218.12, -0.9911, 0.9419, -0.0418, 0, 20251007 09:33:15
20251007094900, AMD, 360, 20251031, C, 0, 0, 0.0008, 218.12, 0.0168, 0.8562, -0.0383, 0, 20251007 09:33:15
20251007094900, AMD, 360, 20251031, P, 0, 0, 0.0007, 218.12, -0.9951, 0, -0.03, 0, 20251007 09:33:15
20251007094900, AMD, 370, 20251031, C, 0, 0, 0.0007, 218.12, 0.0134, 0.8682, -0.0319, 0, 20251007 09:33:15
20251007094900, AMD, 370, 20251031, P, 0, 0, 0.0004, 218.12, -0.9974, 0, -0.0272, 0, 20251007 09:33:15
20251007094900, AMD, 380, 20251031, C, 0, 0, 0.0006, 218.12, 0.0108, 0.8813, -0.0267, 0, 20251007 09:33:15
20251007094900, AMD, 380, 20251031, P, 0, 0, 0.0002, 218.12, -0.9989, 0, -0.023, 0, 20251007 09:33:15
20251007094900, AMD, 390, 20251031, C, 0, 0, 0.0005, 218.12, 0.0088, 0.8909, -0.0224, 0, 20251007 09:33:15
20251007094900, AMD, 390, 20251031, P, 0, 0, 0.0001, 218.12, -0.9996, 0, -0.0222, 0, 20251007 09:33:15
20251007094900, AMD, 400, 20251031, C, 16, 0, 0.0004, 218.12, 0.0072, 0.8972, -0.019, 0.1, 20251007 09:33:15
20251007094900, AMD, 400, 20251031, P, 0, 0, 0, 218.12, -0.9998, 0, -0.0222, 0, 20251007 09:33:15
20251007094900, AMD, 410, 20251031, C, 0, 0, 0.0003, 218.12, 0.006, 0.9124, -0.0162, 0, 20251007 09:33:15
20251007094900, AMD, 410, 20251031, P, 0, 0, 0, 218.12, -1, 0, -0.0222, 0, 20251007 09:33:15
20251007094900, AMD, 420, 20251031, C, 0, 0, 0.0003, 218.12, 0.005, 0.9234, -0.0138, 0, 20251007 09:33:15
20251007094900, AMD, 420, 20251031, P, 0, 0, 0, 218.12, -1, 0, -0.0222, 0, 20251007 09:33:15
20251007094900, AMD, 430, 20251031, C, 0, 0, 0.0002, 218.12, 0.0042, 0.9372, -0.0119, 0, 20251007 09:33:15
20251007094900, AMD, 430, 20251031, P, 0, 0, 0, 218.12, -1, 0, -0.0222, 0, 20251007 09:33:15
20251007094900, AMD, 440, 20251031, C, 0, 0, 0.0002, 218.12, 0.0035, 0.9472, -0.0103, 0, 20251007 09:33:15
20251007094900, AMD, 440, 20251031, P, 0, 0, 0, 218.12, -1, 1.3012, -0.0222, 0, 20251007 09:33:15
20251007094900, AMD, 450, 20251031, C, 0, 0, 0.0002, 218.12, 0.003, 0.9637, -0.009, 0, 20251007 09:33:15
20251007094900, AMD, 450, 20251031, P, 0, 0, 0, 218.12, -1, 0, -0.0222, 0, 20251007 09:33:15
