20251003, GSRT, 2.5, 20251017, C, 0, 0, 0.0022, 10.27, 0.9967, 0, -0.0029, 0, 20251003 15:59:55
20251003, GSRT, 2.5, 20251017, P, 0, 8, 0.0025, 10.27, -0.0059, 3.5215, -0.0036, 0.1, 20251003 15:59:55
20251003, GSRT, 5, 20251017, C, 0, 0, 0.0137, 10.27, 0.9819, 0, -0.008, 0, 20251003 15:59:55
20251003, GSRT, 5, 20251017, P, 0, 1216, 0.0136, 10.27, -0.0239, 1.8722, -0.0079, 0.05, 20251003 15:59:55
20251003, GSRT, 7.5, 20251017, C, 163, 107, 0.0662, 10.27, 0.8677, 0, -0.0271, 2.7, 20251003 15:59:55
20251003, GSRT, 7.5, 20251017, P, 623, 4400, 0.0637, 10.27, -0.1348, 1.5176, -0.026, 0.25, 20251003 15:59:55
20251003, GSRT, 10, 20251017, C, 4037, 11102, 0.1029, 10.27, 0.5954, 1.8248, -0.053, 1.6, 20251003 15:59:55
20251003, GSRT, 10, 20251017, P, 1007, 6154, 0.1017, 10.27, -0.4008, 1.8832, -0.0524, 1.5, 20251003 15:59:55
20251003, GSRT, 12.5, 20251017, C, 1645, 3483, 0.0902, 10.27, 0.3886, 2.0013, -0.0583, 0.9, 20251003 15:59:55
20251003, GSRT, 12.5, 20251017, P, 0, 101, 0.0895, 10.27, -0.6053, 2.3181, -0.0579, 3.1, 20251003 15:59:55
20251003, GSRT, 15, 20251017, C, 1448, 3280, 0.0707, 10.27, 0.2624, 2.2586, -0.0531, 0.55, 20251003 15:59:55
20251003, GSRT, 15, 20251017, P, 17, 79, 0.0703, 10.27, -0.7304, 1.6321, -0.0528, 6.05, 20251003 15:59:55
20251003, GSRT, 17.5, 20251017, C, 0, 133, 0.0544, 10.27, 0.1837, 2.6034, -0.0452, 0.3, 20251003 15:59:55
20251003, GSRT, 17.5, 20251017, P, 0, 18, 0.0542, 10.27, -0.8086, 3.3349, -0.045, 7.8, 20251003 15:59:55
20251003, GSRT, 20, 20251017, C, 89, 2755, 0.042, 10.27, 0.1325, 2.46, -0.0376, 0.35, 20251003 15:59:55
20251003, GSRT, 20, 20251017, P, 0, 2, 0.0419, 10.27, -0.8596, 3.5932, -0.0374, 9.7, 20251003 15:59:55
20251003, GSRT, 2.5, 20251121, C, 0, 0, 0.0032, 10.27, 0.9965, 0, -0.0018, 0, 20251003 15:59:55
20251003, GSRT, 2.5, 20251121, P, 0, 5, 0.0045, 10.27, -0.0143, 2.0946, -0.0029, 0.05, 20251003 15:59:55
20251003, GSRT, 5, 20251121, C, 0, 4, 0.0267, 10.27, 0.9369, 0, -0.0105, 5.3, 20251003 15:59:55
20251003, GSRT, 5, 20251121, P, 1, 2, 0.0217, 10.27, -0.0709, 1.4782, -0.0085, 0.3, 20251003 15:59:55
20251003, GSRT, 7.5, 20251121, C, 58, 313, 0.0516, 10.27, 0.7841, 1.5383, -0.0183, 3.3, 20251003 15:59:55
20251003, GSRT, 7.5, 20251121, P, 132, 73, 0.0478, 10.27, -0.2071, 1.5882, -0.017, 1.02, 20251003 15:59:55
20251003, GSRT, 10, 20251121, C, 1685, 689, 0.0621, 10.27, 0.6138, 1.6046, -0.0241, 2.3, 20251003 15:59:55
20251003, GSRT, 10, 20251121, P, 55, 322, 0.0597, 10.27, -0.3675, 1.5744, -0.0232, 2.4, 20251003 15:59:55
20251003, GSRT, 12.5, 20251121, C, 78, 809, 0.0606, 10.27, 0.4825, 1.6536, -0.0264, 1.7, 20251003 15:59:55
20251003, GSRT, 12.5, 20251121, P, 0, 0, 0.059, 10.27, -0.4941, 1.8817, -0.0257, 0, 20251003 15:59:55
20251003, GSRT, 15, 20251121, C, 1440, 561, 0.0553, 10.27, 0.3888, 1.4267, -0.0266, 1.25, 20251003 15:59:55
20251003, GSRT, 15, 20251121, P, 0, 0, 0.0542, 10.27, -0.5854, 1.9817, -0.0261, 0, 20251003 15:59:55
20251003, GSRT, 17.5, 20251121, C, 17, 633, 0.0495, 10.27, 0.3212, 1.6461, -0.0258, 0.7, 20251003 15:59:55
20251003, GSRT, 17.5, 20251121, P, 0, 0, 0.0488, 10.27, -0.6517, 2.16, -0.0254, 0, 20251003 15:59:55
20251003, GSRT, 20, 20251121, C, 0, 0, 0.0442, 10.27, 0.2708, 2.2495, -0.0246, 0, 20251003 15:59:55
20251003, GSRT, 20, 20251121, P, 0, 0, 0.0437, 10.27, -0.7014, 2.2419, -0.0243, 0, 20251003 15:59:55
20251003, GSRT, 2.5, 20251219, C, 0, 4, 0.0058, 10.27, 0.9925, 0, -0.0029, 8.2, 20251003 15:59:55
20251003, GSRT, 2.5, 20251219, P, 0, 10, 0.0053, 10.27, -0.0192, 2.1081, -0.0026, 0.05, 20251003 15:59:55
20251003, GSRT, 5, 20251219, C, 0, 6, 0.0263, 10.27, 0.9169, 0, -0.0084, 5.59, 20251003 15:59:55
20251003, GSRT, 5, 20251219, P, 0, 253, 0.0218, 10.27, -0.084, 1.4203, -0.0069, 0.38, 20251003 15:59:55
20251003, GSRT, 7.5, 20251219, C, 14, 24, 0.0445, 10.27, 0.7719, 0.844, -0.0139, 3.54, 20251003 15:59:55
20251003, GSRT, 7.5, 20251219, P, 402, 364, 0.0414, 10.27, -0.2133, 1.4539, -0.0129, 1.45, 20251003 15:59:55
20251003, GSRT, 10, 20251219, C, 272, 993, 0.052, 10.27, 0.6293, 1.4888, -0.0176, 2.74, 20251003 15:59:55
20251003, GSRT, 10, 20251219, P, 72, 1727, 0.05, 10.27, -0.3478, 1.4753, -0.017, 2.8, 20251003 15:59:55
20251003, GSRT, 12.5, 20251219, C, 550, 1136, 0.0523, 10.27, 0.517, 1.5017, -0.0193, 1.95, 20251003 15:59:55
20251003, GSRT, 12.5, 20251219, P, 0, 5, 0.051, 10.27, -0.4562, 1.6305, -0.0188, 4.7, 20251003 15:59:55
20251003, GSRT, 15, 20251219, C, 20, 8, 0.0497, 10.27, 0.4314, 1.5344, -0.0196, 1.15, 20251003 15:59:55
20251003, GSRT, 15, 20251219, P, 0, 22, 0.0489, 10.27, -0.5398, 1.7557, -0.0193, 7.3, 20251003 15:59:55
20251003, GSRT, 17.5, 20251219, C, 0, 5, 0.0463, 10.27, 0.3654, 1.9228, -0.0192, 1.05, 20251003 15:59:55
20251003, GSRT, 17.5, 20251219, P, 0, 0, 0.0458, 10.27, -0.6049, 1.9046, -0.019, 0, 20251003 15:59:55
20251003, GSRT, 20, 20251219, C, 101, 194, 0.0426, 10.27, 0.3136, 1.8875, -0.0185, 1.22, 20251003 15:59:55
20251003, GSRT, 20, 20251219, P, 0, 0, 0.0425, 10.27, -0.6564, 1.8632, -0.0184, 0, 20251003 15:59:55
20251003, GSRT, 2.5, 20260320, C, 0, 2, 0.0099, 10.27, 0.9857, 0, -0.0038, 8.25, 20251003 15:59:55
20251003, GSRT, 2.5, 20260320, P, 0, 0, 0.0065, 10.27, -0.0314, 1.9666, -0.0022, 0.05, 20251003 15:59:55
20251003, GSRT, 5, 20260320, C, 6, 104, 0.0249, 10.27, 0.876, 0.873, -0.0066, 5.12, 20251003 15:59:55
20251003, GSRT, 5, 20260320, P, 0, 0, 0.0191, 10.27, -0.11, 1.3072, -0.0053, 0, 20251003 15:59:55
20251003, GSRT, 7.5, 20260320, C, 30, 311, 0.0325, 10.27, 0.7554, 1.3277, -0.0091, 3.9, 20251003 15:59:55
20251003, GSRT, 7.5, 20260320, P, 250, 79, 0.0285, 10.27, -0.2093, 1.3249, -0.0081, 2, 20251003 15:59:55
20251003, GSRT, 10, 20260320, C, 40, 332, 0.0359, 10.27, 0.6567, 1.3972, -0.0107, 3.35, 20251003 15:59:55
20251003, GSRT, 10, 20260320, P, 0, 204, 0.0331, 10.27, -0.2976, 1.4782, -0.0099, 3.8, 20251003 15:59:55
20251003, GSRT, 12.5, 20260320, C, 73, 563, 0.0369, 10.27, 0.5784, 1.4005, -0.0116, 2.9, 20251003 15:59:55
20251003, GSRT, 12.5, 20260320, P, 0, 83, 0.0349, 10.27, -0.3703, 1.4122, -0.0109, 5, 20251003 15:59:55
20251003, GSRT, 15, 20260320, C, 46, 169, 0.0367, 10.27, 0.5154, 1.4435, -0.0121, 2.4, 20251003 15:59:55
20251003, GSRT, 15, 20260320, P, 5, 188, 0.0354, 10.27, -0.4303, 1.2154, -0.0114, 8, 20251003 15:59:55
20251003, GSRT, 17.5, 20260320, C, 0, 18, 0.036, 10.27, 0.4636, 1.2285, -0.0122, 2.21, 20251003 15:59:55
20251003, GSRT, 17.5, 20260320, P, 0, 1, 0.0352, 10.27, -0.4804, 1.5897, -0.0116, 9.6, 20251003 15:59:55
20251003, GSRT, 20, 20260320, C, 114, 226, 0.0349, 10.27, 0.4205, 1.427, -0.0122, 2, 20251003 15:59:55
20251003, GSRT, 20, 20260320, P, 0, 0, 0.0346, 10.27, -0.5229, 1.6658, -0.0116, 0, 20251003 15:59:55
