20251006105644, HOOD, 55, 20251010, C, 0, 7, 0, 147.95, 1, 4.7911, 0, 93.41, 20251006 10:40:41
20251006105644, HOOD, 55, 20251010, P, 1, 214, 0, 147.95, -0.0003, 2.8847, -0.0026, 0.01, 20251006 10:40:41
20251006105644, HOOD, 60, 20251010, C, 0, 11, 0, 147.95, 0.9999, 3.2133, 0, 90.35, 20251006 10:40:41
20251006105644, HOOD, 60, 20251010, P, 0, 1083, 0, 147.95, -0.0004, 2.7925, -0.0034, 0.01, 20251006 10:40:41
20251006105644, HOOD, 65, 20251010, C, 1, 17, 0, 147.95, 0.9997, 0, 0, 83.47, 20251006 10:40:41
20251006105644, HOOD, 65, 20251010, P, 1, 36, 0, 147.95, -0.0005, 2.5561, -0.0044, 0.02, 20251006 10:40:41
20251006105644, HOOD, 70, 20251010, C, 1, 33, 0.0001, 147.95, 0.9996, 0, 0, 78.35, 20251006 10:40:41
20251006105644, HOOD, 70, 20251010, P, 0, 160, 0.0001, 147.95, -0.0007, 2.3372, -0.0056, 0.02, 20251006 10:40:41
20251006105644, HOOD, 75, 20251010, C, 0, 27, 0.0001, 147.95, 0.9993, 3.2888, 0, 71.8, 20251006 10:40:41
20251006105644, HOOD, 75, 20251010, P, 0, 5311, 0.0001, 147.95, -0.001, 2.1332, -0.0072, 0.01, 20251006 10:40:41
20251006105644, HOOD, 80, 20251010, C, 0, 35, 0.0001, 147.95, 0.999, 2.7268, -0.0009, 67.4, 20251006 10:40:41
20251006105644, HOOD, 80, 20251010, P, 0, 11232, 0.0001, 147.95, -0.0013, 1.942, -0.0092, 0.01, 20251006 10:40:41
20251006105644, HOOD, 85, 20251010, C, 0, 64, 0.0002, 147.95, 0.9985, 2.7054, -0.004, 59.38, 20251006 10:40:41
20251006105644, HOOD, 85, 20251010, P, 100, 891, 0.0002, 147.95, -0.0018, 1.762, -0.0117, 0.01, 20251006 10:40:41
20251006105644, HOOD, 86, 20251010, C, 0, 13, 0.0002, 147.95, 0.9984, 2.8502, -0.0047, 53.1, 20251006 10:40:41
20251006105644, HOOD, 86, 20251010, P, 38, 640, 0.0002, 147.95, -0.0019, 1.7272, -0.0122, 0.02, 20251006 10:40:41
20251006105644, HOOD, 87, 20251010, C, 0, 60, 0.0002, 147.95, 0.9983, 2.538, -0.0054, 58.33, 20251006 10:40:41
20251006105644, HOOD, 87, 20251010, P, 18, 175, 0.0002, 147.95, -0.002, 1.6928, -0.0128, 0.01, 20251006 10:40:41
20251006105644, HOOD, 88, 20251010, C, 0, 4, 0.0002, 147.95, 0.9981, 2.6939, -0.0062, 50.75, 20251006 10:40:41
20251006105644, HOOD, 88, 20251010, P, 0, 184, 0.0002, 147.95, -0.0021, 1.7213, -0.0135, 0.03, 20251006 10:40:41
20251006105644, HOOD, 89, 20251010, C, 0, 7, 0.0003, 147.95, 0.998, 2.6423, -0.0069, 31.5, 20251006 10:40:41
20251006105644, HOOD, 89, 20251010, P, 0, 110, 0.0003, 147.95, -0.0022, 1.6865, -0.0141, 0.03, 20251006 10:40:41
20251006105644, HOOD, 90, 20251010, C, 1, 67, 0.0003, 147.95, 0.9978, 2.5124, -0.0078, 57.44, 20251006 10:40:41
20251006105644, HOOD, 90, 20251010, P, 57, 1260, 0.0003, 147.95, -0.0024, 1.7374, -0.0148, 0.02, 20251006 10:40:41
20251006105644, HOOD, 91, 20251010, C, 3, 35, 0.0003, 147.95, 0.9977, 2.376, -0.0086, 56.5, 20251006 10:40:41
20251006105644, HOOD, 91, 20251010, P, 12, 218, 0.0003, 147.95, -0.0026, 1.7344, -0.0155, 0.01, 20251006 10:40:41
20251006105644, HOOD, 92, 20251010, C, 0, 19, 0.0003, 147.95, 0.9975, 2.466, -0.0095, 47.82, 20251006 10:40:41
20251006105644, HOOD, 92, 20251010, P, 1, 147, 0.0003, 147.95, -0.0027, 1.8366, -0.0163, 0.04, 20251006 10:40:41
20251006105644, HOOD, 93, 20251010, C, 0, 21, 0.0003, 147.95, 0.9974, 2.4169, -0.0104, 26.74, 20251006 10:40:41
20251006105644, HOOD, 93, 20251010, P, 28, 101, 0.0003, 147.95, -0.0029, 1.691, -0.0171, 0.03, 20251006 10:40:41
20251006105644, HOOD, 94, 20251010, C, 0, 41, 0.0004, 147.95, 0.9972, 2.4153, -0.0114, 54.15, 20251006 10:40:41
20251006105644, HOOD, 94, 20251010, P, 1, 62, 0.0004, 147.95, -0.0031, 1.761, -0.0179, 0.03, 20251006 10:40:41
20251006105644, HOOD, 95, 20251010, C, 0, 27, 0.0004, 147.95, 0.997, 2.3664, -0.0124, 53, 20251006 10:40:41
20251006105644, HOOD, 95, 20251010, P, 1, 795, 0.0004, 147.95, -0.0033, 1.7407, -0.0188, 0.02, 20251006 10:40:41
20251006105644, HOOD, 96, 20251010, C, 0, 15, 0.0004, 147.95, 0.9967, 2.2954, -0.0134, 44.09, 20251006 10:40:41
20251006105644, HOOD, 96, 20251010, P, 0, 156, 0.0004, 147.95, -0.0035, 1.6506, -0.0198, 0.05, 20251006 10:40:41
20251006105644, HOOD, 97, 20251010, C, 0, 15, 0.0005, 147.95, 0.9965, 2.2699, -0.0145, 52.3, 20251006 10:40:41
20251006105644, HOOD, 97, 20251010, P, 0, 232, 0.0005, 147.95, -0.0037, 1.6504, -0.0207, 0.02, 20251006 10:40:41
20251006105644, HOOD, 98, 20251010, C, 2, 63, 0.0005, 147.95, 0.9963, 1.5434, -0.0157, 50.25, 20251006 10:40:41
20251006105644, HOOD, 98, 20251010, P, 0, 570, 0.0005, 147.95, -0.004, 1.6142, -0.0218, 0.04, 20251006 10:40:41
20251006105644, HOOD, 99, 20251010, C, 0, 50, 0.0005, 147.95, 0.996, 2.0078, -0.0169, 49.78, 20251006 10:40:41
20251006105644, HOOD, 99, 20251010, P, 0, 164, 0.0005, 147.95, -0.0043, 1.5783, -0.0228, 0.02, 20251006 10:40:41
20251006105644, HOOD, 100, 20251010, C, 2, 197, 0.0006, 147.95, 0.9957, 1.6236, -0.0181, 47.45, 20251006 10:40:41
20251006105644, HOOD, 100, 20251010, P, 86, 1315, 0.0006, 147.95, -0.0046, 1.4702, -0.024, 0.03, 20251006 10:40:41
20251006105644, HOOD, 101, 20251010, C, 0, 34, 0.0006, 147.95, 0.9954, 2.122, -0.0194, 48.6, 20251006 10:40:41
20251006105644, HOOD, 101, 20251010, P, 1, 141, 0.0006, 147.95, -0.0049, 1.4744, -0.0252, 0.05, 20251006 10:40:41
20251006105644, HOOD, 102, 20251010, C, 0, 42, 0.0007, 147.95, 0.9951, 2.0155, -0.0208, 47.93, 20251006 10:40:41
20251006105644, HOOD, 102, 20251010, P, 0, 367, 0.0007, 147.95, -0.0052, 1.4724, -0.0264, 0.06, 20251006 10:40:41
20251006105644, HOOD, 103, 20251010, C, 0, 245, 0.0007, 147.95, 0.9947, 1.6485, -0.0223, 43.4, 20251006 10:40:41
20251006105644, HOOD, 103, 20251010, P, 34, 384, 0.0007, 147.95, -0.0056, 1.3258, -0.0278, 0.05, 20251006 10:40:41
20251006105644, HOOD, 104, 20251010, C, 0, 102, 0.0008, 147.95, 0.9943, 1.8156, -0.0238, 45.35, 20251006 10:40:41
20251006105644, HOOD, 104, 20251010, P, 11, 180, 0.0008, 147.95, -0.0059, 1.355, -0.0292, 0.05, 20251006 10:40:41
20251006105644, HOOD, 105, 20251010, C, 0, 115, 0.0008, 147.95, 0.9939, 1.4343, -0.0254, 43.33, 20251006 10:40:41
20251006105644, HOOD, 105, 20251010, P, 110, 901, 0.0008, 147.95, -0.0064, 1.3036, -0.0306, 0.04, 20251006 10:40:41
20251006105644, HOOD, 106, 20251010, C, 0, 119, 0.0009, 147.95, 0.9934, 1.7964, -0.0271, 42.55, 20251006 10:40:41
20251006105644, HOOD, 106, 20251010, P, 1, 309, 0.0009, 147.95, -0.0068, 1.289, -0.0322, 0.06, 20251006 10:40:41
20251006105644, HOOD, 107, 20251010, C, 0, 91, 0.001, 147.95, 0.993, 1.8116, -0.0289, 38.09, 20251006 10:40:41
20251006105644, HOOD, 107, 20251010, P, 45, 1397, 0.001, 147.95, -0.0073, 1.2389, -0.0339, 0.06, 20251006 10:40:41
20251006105644, HOOD, 108, 20251010, C, 0, 76, 0.0011, 147.95, 0.9924, 1.7301, -0.0308, 41.35, 20251006 10:40:41
20251006105644, HOOD, 108, 20251010, P, 14, 487, 0.0011, 147.95, -0.0078, 1.2398, -0.0357, 0.05, 20251006 10:40:41
20251006105644, HOOD, 109, 20251010, C, 0, 53, 0.0012, 147.95, 0.9918, 1.5827, -0.0328, 37.88, 20251006 10:40:41
20251006105644, HOOD, 109, 20251010, P, 23, 258, 0.0012, 147.95, -0.0084, 1.2217, -0.0376, 0.06, 20251006 10:40:41
20251006105644, HOOD, 110, 20251010, C, 17, 190, 0.0013, 147.95, 0.9912, 1.5639, -0.035, 37.85, 20251006 10:40:41
20251006105644, HOOD, 110, 20251010, P, 37, 1916, 0.0013, 147.95, -0.009, 1.2148, -0.0396, 0.06, 20251006 10:40:41
20251006105644, HOOD, 111, 20251010, C, 0, 153, 0.0014, 147.95, 0.9905, 1.5013, -0.0373, 37.65, 20251006 10:40:41
20251006105644, HOOD, 111, 20251010, P, 44, 266, 0.0014, 147.95, -0.0097, 1.143, -0.0418, 0.09, 20251006 10:40:41
20251006105644, HOOD, 112, 20251010, C, 60, 228, 0.0015, 147.95, 0.9898, 1.4387, -0.0397, 36.92, 20251006 10:40:41
20251006105644, HOOD, 112, 20251010, P, 2, 662, 0.0015, 147.95, -0.0105, 1.1112, -0.0442, 0.14, 20251006 10:40:41
20251006105644, HOOD, 113, 20251010, C, 3, 231, 0.0016, 147.95, 0.9889, 1.4422, -0.0424, 35.12, 20251006 10:40:41
20251006105644, HOOD, 113, 20251010, P, 23, 229, 0.0016, 147.95, -0.0113, 1.0503, -0.0467, 0.05, 20251006 10:40:41
20251006105644, HOOD, 114, 20251010, C, 2, 157, 0.0018, 147.95, 0.988, 1.4591, -0.0453, 34.05, 20251006 10:40:41
20251006105644, HOOD, 114, 20251010, P, 42, 835, 0.0018, 147.95, -0.0123, 1.0844, -0.0495, 0.07, 20251006 10:40:41
20251006105644, HOOD, 115, 20251010, C, 0, 575, 0.002, 147.95, 0.9869, 1.3626, -0.0485, 34.07, 20251006 10:40:41
20251006105644, HOOD, 115, 20251010, P, 69, 2716, 0.002, 147.95, -0.0133, 1.073, -0.0525, 0.08, 20251006 10:40:41
20251006105644, HOOD, 116, 20251010, C, 0, 180, 0.0022, 147.95, 0.9858, 1.1574, -0.0519, 32.8, 20251006 10:40:41
20251006105644, HOOD, 116, 20251010, P, 34, 589, 0.0022, 147.95, -0.0145, 1.0842, -0.0559, 0.09, 20251006 10:40:41
20251006105644, HOOD, 117, 20251010, C, 0, 391, 0.0024, 147.95, 0.9845, 1.1215, -0.0558, 29.3, 20251006 10:40:41
20251006105644, HOOD, 117, 20251010, P, 12, 414, 0.0024, 147.95, -0.0158, 1.0264, -0.0596, 0.09, 20251006 10:40:41
20251006105644, HOOD, 118, 20251010, C, 1, 239, 0.0026, 147.95, 0.983, 1.2627, -0.06, 34.85, 20251006 10:40:41
20251006105644, HOOD, 118, 20251010, P, 49, 653, 0.0026, 147.95, -0.0173, 1.0178, -0.0637, 0.16, 20251006 10:40:41
20251006105644, HOOD, 119, 20251010, C, 1, 346, 0.0029, 147.95, 0.9813, 0, -0.0647, 28.8, 20251006 10:40:41
20251006105644, HOOD, 119, 20251010, P, 80, 577, 0.0029, 147.95, -0.019, 1.0128, -0.0683, 0.1, 20251006 10:40:41
20251006105644, HOOD, 120, 20251010, C, 22, 775, 0.0032, 147.95, 0.9794, 1.0417, -0.07, 27.42, 20251006 10:40:41
20251006105644, HOOD, 120, 20251010, P, 327, 3975, 0.0032, 147.95, -0.0209, 0.9728, -0.0734, 0.11, 20251006 10:40:41
20251006105644, HOOD, 121, 20251010, C, 0, 168, 0.0035, 147.95, 0.9772, 0.9514, -0.0758, 27.45, 20251006 10:40:41
20251006105644, HOOD, 121, 20251010, P, 8, 654, 0.0035, 147.95, -0.023, 0.9522, -0.0792, 0.14, 20251006 10:40:41
20251006105644, HOOD, 122, 20251010, C, 7, 857, 0.0039, 147.95, 0.9747, 1.1672, -0.0825, 25.9, 20251006 10:40:41
20251006105644, HOOD, 122, 20251010, P, 32, 629, 0.0039, 147.95, -0.0255, 0.9621, -0.0857, 0.13, 20251006 10:40:41
20251006105644, HOOD, 123, 20251010, C, 2, 361, 0.0044, 147.95, 0.9719, 0, -0.0899, 23.9, 20251006 10:40:41
20251006105644, HOOD, 123, 20251010, P, 40, 1413, 0.0044, 147.95, -0.0284, 0.9725, -0.093, 0.18, 20251006 10:40:41
20251006105644, HOOD, 124, 20251010, C, 2, 293, 0.0049, 147.95, 0.9686, 0.98, -0.0983, 24, 20251006 10:40:41
20251006105644, HOOD, 124, 20251010, P, 41, 564, 0.0049, 147.95, -0.0317, 0.9289, -0.1013, 0.17, 20251006 10:40:41
20251006105644, HOOD, 125, 20251010, C, 10, 1033, 0.0055, 147.95, 0.9648, 1.0342, -0.1077, 23.4, 20251006 10:40:41
20251006105644, HOOD, 125, 20251010, P, 1184, 4907, 0.0055, 147.95, -0.0355, 0.8856, -0.1107, 0.19, 20251006 10:40:41
20251006105644, HOOD, 126, 20251010, C, 4, 424, 0.0061, 147.95, 0.9604, 0.9675, -0.1184, 23.1, 20251006 10:40:41
20251006105644, HOOD, 126, 20251010, P, 64, 2041, 0.0061, 147.95, -0.0399, 0.885, -0.1212, 0.25, 20251006 10:40:41
20251006105644, HOOD, 127, 20251010, C, 13, 545, 0.0069, 147.95, 0.9553, 1.0048, -0.1303, 21.26, 20251006 10:40:41
20251006105644, HOOD, 127, 20251010, P, 103, 897, 0.0069, 147.95, -0.045, 0.8727, -0.133, 0.25, 20251006 10:40:41
20251006105644, HOOD, 128, 20251010, C, 25, 773, 0.0077, 147.95, 0.9495, 0.7395, -0.1436, 20.35, 20251006 10:40:41
20251006105644, HOOD, 128, 20251010, P, 112, 1987, 0.0077, 147.95, -0.0508, 0.8517, -0.1463, 0.31, 20251006 10:40:41
20251006105644, HOOD, 129, 20251010, C, 11, 444, 0.0086, 147.95, 0.9428, 0.9014, -0.1585, 19.56, 20251006 10:40:41
20251006105644, HOOD, 129, 20251010, P, 150, 843, 0.0086, 147.95, -0.0576, 0.8291, -0.1611, 0.36, 20251006 10:40:41
20251006105644, HOOD, 130, 20251010, C, 69, 1521, 0.0097, 147.95, 0.935, 0.8505, -0.175, 18.21, 20251006 10:40:41
20251006105644, HOOD, 130, 20251010, P, 2057, 4165, 0.0097, 147.95, -0.0653, 0.8204, -0.1775, 0.36, 20251006 10:40:41
20251006105644, HOOD, 131, 20251010, C, 6, 580, 0.0108, 147.95, 0.9262, 0.7232, -0.1931, 17.55, 20251006 10:40:41
20251006105644, HOOD, 131, 20251010, P, 377, 7570, 0.0109, 147.95, -0.0742, 0.8079, -0.1956, 0.45, 20251006 10:40:41
20251006105644, HOOD, 132, 20251010, C, 43, 1538, 0.0121, 147.95, 0.9161, 0.8131, -0.213, 16.53, 20251006 10:40:41
20251006105644, HOOD, 132, 20251010, P, 726, 1277, 0.0122, 147.95, -0.0843, 0.8005, -0.2154, 0.5, 20251006 10:40:41
20251006105644, HOOD, 133, 20251010, C, 20, 773, 0.0135, 147.95, 0.9046, 0.7912, -0.2346, 14.95, 20251006 10:40:41
20251006105644, HOOD, 133, 20251010, P, 202, 946, 0.0136, 147.95, -0.0958, 0.7871, -0.2369, 0.57, 20251006 10:40:41
20251006105644, HOOD, 134, 20251010, C, 36, 366, 0.015, 147.95, 0.8916, 0.7842, -0.2577, 14.9, 20251006 10:40:41
20251006105644, HOOD, 134, 20251010, P, 245, 741, 0.0151, 147.95, -0.1089, 0.7774, -0.26, 0.76, 20251006 10:40:41
20251006105644, HOOD, 135, 20251010, C, 51, 1972, 0.0167, 147.95, 0.877, 0.7574, -0.2823, 13.72, 20251006 10:40:41
20251006105644, HOOD, 135, 20251010, P, 2124, 3362, 0.0167, 147.95, -0.1236, 0.7668, -0.2847, 0.76, 20251006 10:40:41
20251006105644, HOOD, 136, 20251010, C, 12, 1309, 0.0184, 147.95, 0.8605, 0.7649, -0.3082, 12.8, 20251006 10:40:41
20251006105644, HOOD, 136, 20251010, P, 696, 1817, 0.0184, 147.95, -0.14, 0.7567, -0.3106, 1, 20251006 10:40:41
20251006105644, HOOD, 137, 20251010, C, 116, 547, 0.0202, 147.95, 0.8422, 0.7396, -0.335, 12.15, 20251006 10:40:41
20251006105644, HOOD, 137, 20251010, P, 776, 4639, 0.0203, 147.95, -0.1584, 0.749, -0.3375, 1, 20251006 10:40:41
20251006105644, HOOD, 138, 20251010, C, 50, 1356, 0.0221, 147.95, 0.822, 0.7487, -0.3624, 11.26, 20251006 10:40:41
20251006105644, HOOD, 138, 20251010, P, 802, 1283, 0.0221, 147.95, -0.1788, 0.7382, -0.3649, 1.22, 20251006 10:40:41
20251006105644, HOOD, 139, 20251010, C, 24, 626, 0.024, 147.95, 0.7997, 0.7396, -0.3899, 9.83, 20251006 10:40:41
20251006105644, HOOD, 139, 20251010, P, 598, 1101, 0.0241, 147.95, -0.2011, 0.7332, -0.3924, 1.35, 20251006 10:40:41
20251006105644, HOOD, 140, 20251010, C, 298, 4209, 0.0259, 147.95, 0.7754, 0.7314, -0.4169, 9.72, 20251006 10:40:41
20251006105644, HOOD, 140, 20251010, P, 3834, 16364, 0.026, 147.95, -0.2256, 0.7202, -0.4196, 1.56, 20251006 10:40:41
20251006105644, HOOD, 141, 20251010, C, 55, 929, 0.0278, 147.95, 0.749, 0.7234, -0.443, 8.8, 20251006 10:40:41
20251006105644, HOOD, 141, 20251010, P, 506, 1165, 0.0279, 147.95, -0.252, 0.7138, -0.4457, 1.89, 20251006 10:40:41
20251006105644, HOOD, 142, 20251010, C, 49, 771, 0.0296, 147.95, 0.7207, 0.7199, -0.4673, 8.25, 20251006 10:40:41
20251006105644, HOOD, 142, 20251010, P, 1232, 1086, 0.0297, 147.95, -0.2805, 0.7099, -0.4703, 2.05, 20251006 10:40:41
20251006105644, HOOD, 143, 20251010, C, 63, 1457, 0.0313, 147.95, 0.6905, 0.7156, -0.4894, 7.15, 20251006 10:40:41
20251006105644, HOOD, 143, 20251010, P, 524, 1847, 0.0314, 147.95, -0.3108, 0.7087, -0.4924, 2.35, 20251006 10:40:41
20251006105644, HOOD, 144, 20251010, C, 83, 1883, 0.0328, 147.95, 0.6586, 0.706, -0.5085, 6.55, 20251006 10:40:41
20251006105644, HOOD, 144, 20251010, P, 709, 812, 0.033, 147.95, -0.343, 0.6984, -0.5117, 2.67, 20251006 10:40:41
20251006105644, HOOD, 145, 20251010, C, 478, 4714, 0.0341, 147.95, 0.6251, 0.6996, -0.5241, 5.97, 20251006 10:40:41
20251006105644, HOOD, 145, 20251010, P, 2586, 1790, 0.0343, 147.95, -0.3766, 0.6979, -0.5274, 2.99, 20251006 10:40:41
20251006105644, HOOD, 146, 20251010, C, 143, 875, 0.0352, 147.95, 0.5904, 0.696, -0.5358, 5.3, 20251006 10:40:41
20251006105644, HOOD, 146, 20251010, P, 1105, 798, 0.0354, 147.95, -0.4116, 0.6893, -0.5392, 3.51, 20251006 10:40:41
20251006105644, HOOD, 147, 20251010, C, 1776, 1408, 0.036, 147.95, 0.5548, 0.6907, -0.5429, 4.95, 20251006 10:40:41
20251006105644, HOOD, 147, 20251010, P, 2537, 558, 0.0362, 147.95, -0.4474, 0.688, -0.5464, 3.88, 20251006 10:40:41
20251006105644, HOOD, 148, 20251010, C, 2126, 7808, 0.0365, 147.95, 0.5185, 0.6878, -0.5455, 4.5, 20251006 10:40:41
20251006105644, HOOD, 148, 20251010, P, 1781, 665, 0.0367, 147.95, -0.4839, 0.6849, -0.549, 4.27, 20251006 10:40:41
20251006105644, HOOD, 149, 20251010, C, 1399, 1056, 0.0366, 147.95, 0.4821, 0.6831, -0.5433, 3.96, 20251006 10:40:41
20251006105644, HOOD, 149, 20251010, P, 418, 520, 0.0368, 147.95, -0.5205, 0.6799, -0.5468, 4.81, 20251006 10:40:41
20251006105644, HOOD, 150, 20251010, C, 6893, 6126, 0.0364, 147.95, 0.4459, 0.6806, -0.5366, 3.5, 20251006 10:40:41
20251006105644, HOOD, 150, 20251010, P, 4194, 3289, 0.0366, 147.95, -0.557, 0.6811, -0.5399, 5.5, 20251006 10:40:41
20251006105644, HOOD, 152.5, 20251010, C, 3203, 14190, 0.0344, 147.95, 0.359, 0.6812, -0.5014, 2.6, 20251006 10:40:41
20251006105644, HOOD, 152.5, 20251010, P, 173, 148, 0.0347, 147.95, -0.6445, 0.6774, -0.5044, 7.31, 20251006 10:40:41
20251006105644, HOOD, 155, 20251010, C, 3050, 16108, 0.0309, 147.95, 0.2811, 0.6833, -0.4466, 1.81, 20251006 10:40:41
20251006105644, HOOD, 155, 20251010, P, 216, 176, 0.0311, 147.95, -0.7228, 0.6768, -0.4489, 8.74, 20251006 10:40:41
20251006105644, HOOD, 157.5, 20251010, C, 991, 2088, 0.0266, 147.95, 0.2153, 0.686, -0.3819, 1.3, 20251006 10:40:41
20251006105644, HOOD, 157.5, 20251010, P, 72, 94, 0.0267, 147.95, -0.789, 0.6865, -0.3833, 11.13, 20251006 10:40:41
20251006105644, HOOD, 160, 20251010, C, 3669, 6223, 0.022, 147.95, 0.1622, 0.697, -0.316, 0.91, 20251006 10:40:41
20251006105644, HOOD, 160, 20251010, P, 63, 395, 0.0221, 147.95, -0.8424, 0.6877, -0.3165, 13.5, 20251006 10:40:41
20251006105644, HOOD, 162.5, 20251010, C, 592, 3789, 0.0177, 147.95, 0.121, 0.7094, -0.255, 0.64, 20251006 10:40:41
20251006105644, HOOD, 162.5, 20251010, P, 10, 31, 0.0178, 147.95, -0.8838, 0.6566, -0.2548, 15.14, 20251006 10:40:41
20251006105644, HOOD, 165, 20251010, C, 552, 12162, 0.014, 147.95, 0.0898, 0.718, -0.2024, 0.44, 20251006 10:40:41
20251006105644, HOOD, 165, 20251010, P, 6, 49, 0.0141, 147.95, -0.9152, 0.6912, -0.2014, 18.1, 20251006 10:40:41
20251006105644, HOOD, 167.5, 20251010, C, 441, 0, 0.0109, 147.95, 0.0666, 0.7296, -0.1591, 0.32, 20251006 10:40:41
20251006105644, HOOD, 167.5, 20251010, P, 1, 0, 0.0111, 147.95, -0.9384, 0.7236, -0.1575, 20.9, 20251006 10:40:41
20251006105644, HOOD, 170, 20251010, C, 738, 2081, 0.0085, 147.95, 0.0497, 0.7377, -0.1247, 0.2, 20251006 10:40:41
20251006105644, HOOD, 170, 20251010, P, 4, 51, 0.0086, 147.95, -0.9555, 0.8182, -0.1226, 22.5, 20251006 10:40:41
20251006105644, HOOD, 172.5, 20251010, C, 19, 0, 0.0066, 147.95, 0.0374, 0.7447, -0.098, 0.27, 20251006 10:40:41
20251006105644, HOOD, 172.5, 20251010, P, 0, 0, 0.0067, 147.95, -0.9678, 0.9113, -0.0955, 0, 20251006 10:40:41
20251006105644, HOOD, 175, 20251010, C, 586, 3985, 0.0051, 147.95, 0.0285, 0.7972, -0.0777, 0.14, 20251006 10:40:41
20251006105644, HOOD, 175, 20251010, P, 5, 20, 0.0052, 147.95, -0.9767, 0.9765, -0.0758, 28, 20251006 10:40:41
20251006105644, HOOD, 180, 20251010, C, 286, 1509, 0.0032, 147.95, 0.0174, 0.8534, -0.0508, 0.07, 20251006 10:40:41
20251006105644, HOOD, 180, 20251010, P, 13, 108, 0.0031, 147.95, -0.9876, 0, -0.051, 32, 20251006 10:40:41
20251006105644, HOOD, 185, 20251010, C, 53, 297, 0.0021, 147.95, 0.0114, 0.93, -0.0354, 0.06, 20251006 10:40:41
20251006105644, HOOD, 185, 20251010, P, 0, 0, 0.0019, 147.95, -0.993, 1.2048, -0.0389, 0, 20251006 10:40:41
20251006105644, HOOD, 190, 20251010, C, 78, 921, 0.0015, 147.95, 0.008, 0.9606, -0.0264, 0.05, 20251006 10:40:41
20251006105644, HOOD, 190, 20251010, P, 0, 0, 0.0012, 147.95, -0.9958, 1.2816, -0.0326, 48.6, 20251006 10:40:41
20251006105644, HOOD, 195, 20251010, C, 2, 65, 0.0011, 147.95, 0.006, 0.9804, -0.0208, 0.05, 20251006 10:40:41
20251006105644, HOOD, 195, 20251010, P, 0, 0, 0.0008, 147.95, -0.9973, 1.4256, -0.0295, 0, 20251006 10:40:41
20251006105644, HOOD, 200, 20251010, C, 165, 821, 0.0008, 147.95, 0.0047, 1.0355, -0.0171, 0.01, 20251006 10:40:41
20251006105644, HOOD, 200, 20251010, P, 23, 23, 0.0005, 147.95, -0.9982, 1.778, -0.0275, 52.78, 20251006 10:40:41
20251006105644, HOOD, 205, 20251010, C, 0, 0, 0.0006, 147.95, 0.0038, 1.0404, -0.0144, 0, 20251006 10:40:41
20251006105644, HOOD, 205, 20251010, P, 0, 0, 0.0004, 147.95, -0.9987, 1.4546, -0.0266, 0, 20251006 10:40:41
20251006105644, HOOD, 210, 20251010, C, 0, 0, 0.0005, 147.95, 0.0031, 1.2096, -0.0124, 0, 20251006 10:40:41
20251006105644, HOOD, 210, 20251010, P, 0, 0, 0.0003, 147.95, -0.9991, 1.5432, -0.0258, 0, 20251006 10:40:41
20251006105644, HOOD, 215, 20251010, C, 0, 0, 0.0004, 147.95, 0.0026, 1.2812, -0.0108, 0, 20251006 10:40:41
20251006105644, HOOD, 215, 20251010, P, 0, 0, 0.0002, 147.95, -0.9993, 1.5474, -0.0252, 0, 20251006 10:40:41
20251006105644, HOOD, 220, 20251010, C, 0, 0, 0.0003, 147.95, 0.0022, 1.3215, -0.0095, 0, 20251006 10:40:41
20251006105644, HOOD, 220, 20251010, P, 2, 0, 0.0001, 147.95, -0.9995, 1.9082, -0.0249, 71.6, 20251006 10:40:41
20251006105644, HOOD, 225, 20251010, C, 0, 0, 0.0003, 147.95, 0.0019, 1.418, -0.0084, 0, 20251006 10:40:41
20251006105644, HOOD, 225, 20251010, P, 0, 0, 0.0001, 147.95, -0.9996, 2.0783, -0.0247, 0, 20251006 10:40:41
20251006105644, HOOD, 35, 20251017, C, 0, 22, 0, 147.95, 1, 0, 0, 102.9, 20251006 10:40:41
20251006105644, HOOD, 35, 20251017, P, 0, 3082, 0, 147.95, -0.0001, 2.5554, -0.0005, 0.01, 20251006 10:40:41
20251006105644, HOOD, 40, 20251017, C, 0, 44, 0, 147.95, 1, 3.8241, 0, 104.1, 20251006 10:40:41
20251006105644, HOOD, 40, 20251017, P, 0, 938, 0, 147.95, -0.0001, 2.4544, -0.0008, 0.01, 20251006 10:40:41
20251006105644, HOOD, 45, 20251017, C, 0, 136, 0, 147.95, 1, 2.5238, 0, 103.3, 20251006 10:40:41
20251006105644, HOOD, 45, 20251017, P, 0, 696, 0, 147.95, -0.0002, 2.2396, -0.0011, 0.01, 20251006 10:40:41
20251006105644, HOOD, 50, 20251017, C, 0, 312, 0, 147.95, 1, 3.1271, 0, 95.67, 20251006 10:40:41
20251006105644, HOOD, 50, 20251017, P, 0, 2780, 0, 147.95, -0.0002, 1.9379, -0.0015, 0.01, 20251006 10:40:41
20251006105644, HOOD, 55, 20251017, C, 1, 189, 0, 147.95, 0.9999, 2.2698, 0, 92.7, 20251006 10:40:41
20251006105644, HOOD, 55, 20251017, P, 0, 2426, 0, 147.95, -0.0004, 1.7736, -0.002, 0.01, 20251006 10:40:41
20251006105644, HOOD, 60, 20251017, C, 0, 329, 0, 147.95, 0.9998, 2.5336, 0, 84.5, 20251006 10:40:41
20251006105644, HOOD, 60, 20251017, P, 0, 2629, 0, 147.95, -0.0005, 1.717, -0.0026, 0.01, 20251006 10:40:41
20251006105644, HOOD, 65, 20251017, C, 0, 771, 0.0001, 147.95, 0.9996, 2, 0, 78.75, 20251006 10:40:41
20251006105644, HOOD, 65, 20251017, P, 0, 2639, 0.0001, 147.95, -0.0007, 1.6723, -0.0035, 0.02, 20251006 10:40:41
20251006105644, HOOD, 70, 20251017, C, 1, 1770, 0.0001, 147.95, 0.9992, 2.1184, 0, 83.6, 20251006 10:40:41
20251006105644, HOOD, 70, 20251017, P, 2, 15503, 0.0001, 147.95, -0.001, 1.53, -0.0045, 0.02, 20251006 10:40:41
20251006105644, HOOD, 75, 20251017, C, 5, 835, 0.0001, 147.95, 0.9988, 0, 0, 73.08, 20251006 10:40:41
20251006105644, HOOD, 75, 20251017, P, 2, 6007, 0.0001, 147.95, -0.0014, 1.4544, -0.006, 0.04, 20251006 10:40:41
20251006105644, HOOD, 80, 20251017, C, 18, 1825, 0.0002, 147.95, 0.9982, 0, 0, 67.9, 20251006 10:40:41
20251006105644, HOOD, 80, 20251017, P, 2, 3935, 0.0002, 147.95, -0.002, 1.3013, -0.0078, 0.04, 20251006 10:40:41
20251006105644, HOOD, 85, 20251017, C, 21, 1703, 0.0003, 147.95, 0.9974, 0, -0.003, 64.07, 20251006 10:40:41
20251006105644, HOOD, 85, 20251017, P, 2, 7287, 0.0003, 147.95, -0.0029, 1.273, -0.0102, 0.08, 20251006 10:40:41
20251006105644, HOOD, 86, 20251017, C, 0, 3, 0.0003, 147.95, 0.9971, 1.7355, -0.0037, 61.85, 20251006 10:40:41
20251006105644, HOOD, 86, 20251017, P, 0, 120, 0.0003, 147.95, -0.0031, 1.349, -0.0108, 0.07, 20251006 10:40:41
20251006105644, HOOD, 87, 20251017, C, 0, 1, 0.0003, 147.95, 0.9969, 1.7024, -0.0044, 57.75, 20251006 10:40:41
20251006105644, HOOD, 87, 20251017, P, 0, 7, 0.0003, 147.95, -0.0034, 1.323, -0.0114, 0.03, 20251006 10:40:41
20251006105644, HOOD, 88, 20251017, C, 0, 2, 0.0004, 147.95, 0.9966, 1.6849, -0.0052, 61.8, 20251006 10:40:41
20251006105644, HOOD, 88, 20251017, P, 0, 7, 0.0004, 147.95, -0.0036, 1.1346, -0.0121, 0.04, 20251006 10:40:41
20251006105644, HOOD, 89, 20251017, C, 0, 3, 0.0004, 147.95, 0.9964, 1.6523, -0.006, 50.55, 20251006 10:40:41
20251006105644, HOOD, 89, 20251017, P, 0, 3, 0.0004, 147.95, -0.0039, 1.2802, -0.0128, 0.1, 20251006 10:40:41
20251006105644, HOOD, 90, 20251017, C, 1, 2403, 0.0004, 147.95, 0.9961, 1.4221, -0.0068, 62.7, 20251006 10:40:41
20251006105644, HOOD, 90, 20251017, P, 18, 6068, 0.0004, 147.95, -0.0042, 1.1525, -0.0135, 0.05, 20251006 10:40:41
20251006105644, HOOD, 91, 20251017, C, 0, 5, 0.0005, 147.95, 0.9958, 1.5268, -0.0077, 53.75, 20251006 10:40:41
20251006105644, HOOD, 91, 20251017, P, 0, 38, 0.0005, 147.95, -0.0045, 1.1292, -0.0143, 0.01, 20251006 10:40:41
20251006105644, HOOD, 92, 20251017, C, 0, 9, 0.0005, 147.95, 0.9954, 1.5421, -0.0087, 52.2, 20251006 10:40:41
20251006105644, HOOD, 92, 20251017, P, 0, 3, 0.0005, 147.95, -0.0049, 1.2126, -0.0151, 0.06, 20251006 10:40:41
20251006105644, HOOD, 93, 20251017, C, 0, 5, 0.0005, 147.95, 0.995, 1.511, -0.0097, 42.15, 20251006 10:40:41
20251006105644, HOOD, 93, 20251017, P, 0, 101, 0.0005, 147.95, -0.0053, 1.1879, -0.016, 0.07, 20251006 10:40:41
20251006105644, HOOD, 94, 20251017, C, 0, 2, 0.0006, 147.95, 0.9946, 1.4028, -0.0108, 55.44, 20251006 10:40:41
20251006105644, HOOD, 94, 20251017, P, 0, 14, 0.0006, 147.95, -0.0057, 1.1633, -0.017, 0.1, 20251006 10:40:41
20251006105644, HOOD, 95, 20251017, C, 5, 877, 0.0006, 147.95, 0.9942, 1.3194, -0.0119, 53.4, 20251006 10:40:41
20251006105644, HOOD, 95, 20251017, P, 83, 5049, 0.0006, 147.95, -0.0061, 1.139, -0.018, 0.06, 20251006 10:40:41
20251006105644, HOOD, 96, 20251017, C, 0, 10, 0.0007, 147.95, 0.9937, 1.4595, -0.0131, 44.95, 20251006 10:40:41
20251006105644, HOOD, 96, 20251017, P, 0, 279, 0.0007, 147.95, -0.0066, 1.122, -0.0191, 0.04, 20251006 10:40:41
20251006105644, HOOD, 97, 20251017, C, 0, 13, 0.0007, 147.95, 0.9931, 1.4163, -0.0144, 44.65, 20251006 10:40:41
20251006105644, HOOD, 97, 20251017, P, 0, 298, 0.0008, 147.95, -0.0072, 1.084, -0.0203, 0.11, 20251006 10:40:41
20251006105644, HOOD, 98, 20251017, C, 0, 3, 0.0008, 147.95, 0.9925, 1.3989, -0.0158, 42, 20251006 10:40:41
20251006105644, HOOD, 98, 20251017, P, 0, 25, 0.0008, 147.95, -0.0078, 1.1113, -0.0216, 0.23, 20251006 10:40:41
20251006105644, HOOD, 99, 20251017, C, 0, 9, 0.0009, 147.95, 0.9919, 1.2588, -0.0173, 44.3, 20251006 10:40:41
20251006105644, HOOD, 99, 20251017, P, 0, 70, 0.0009, 147.95, -0.0084, 1.0636, -0.0229, 0.08, 20251006 10:40:41
20251006105644, HOOD, 100, 20251017, C, 3, 5760, 0.001, 147.95, 0.9912, 0.9264, -0.0188, 47.35, 20251006 10:40:41
20251006105644, HOOD, 100, 20251017, P, 753, 9306, 0.001, 147.95, -0.0091, 0.9846, -0.0244, 0.1, 20251006 10:40:41
20251006105644, HOOD, 101, 20251017, C, 0, 24, 0.001, 147.95, 0.9904, 0.9881, -0.0205, 39, 20251006 10:40:41
20251006105644, HOOD, 101, 20251017, P, 0, 376, 0.001, 147.95, -0.0099, 1.0225, -0.0259, 0.23, 20251006 10:40:41
20251006105644, HOOD, 102, 20251017, C, 0, 6, 0.0011, 147.95, 0.9896, 1.281, -0.0223, 39.99, 20251006 10:40:41
20251006105644, HOOD, 102, 20251017, P, 100, 134, 0.0011, 147.95, -0.0107, 0.8967, -0.0276, 0.11, 20251006 10:40:41
20251006105644, HOOD, 103, 20251017, C, 0, 18, 0.0012, 147.95, 0.9887, 1.1482, -0.0242, 37.1, 20251006 10:40:41
20251006105644, HOOD, 103, 20251017, P, 0, 165, 0.0012, 147.95, -0.0116, 0.987, -0.0294, 0.09, 20251006 10:40:41
20251006105644, HOOD, 104, 20251017, C, 0, 1, 0.0013, 147.95, 0.9877, 1.2236, -0.0262, 35.55, 20251006 10:40:41
20251006105644, HOOD, 104, 20251017, P, 2, 386, 0.0013, 147.95, -0.0126, 0.93, -0.0313, 0.12, 20251006 10:40:41
20251006105644, HOOD, 105, 20251017, C, 30, 22089, 0.0015, 147.95, 0.9866, 0.8899, -0.0284, 43.25, 20251006 10:40:41
20251006105644, HOOD, 105, 20251017, P, 95, 7330, 0.0015, 147.95, -0.0137, 0.9136, -0.0334, 0.14, 20251006 10:40:41
20251006105644, HOOD, 106, 20251017, C, 0, 8, 0.0016, 147.95, 0.9854, 1.2089, -0.0307, 41.75, 20251006 10:40:41
20251006105644, HOOD, 106, 20251017, P, 0, 518, 0.0016, 147.95, -0.0149, 0.9327, -0.0356, 0.25, 20251006 10:40:41
20251006105644, HOOD, 107, 20251017, C, 0, 21, 0.0017, 147.95, 0.984, 1.0121, -0.0332, 42.5, 20251006 10:40:41
20251006105644, HOOD, 107, 20251017, P, 2, 151, 0.0017, 147.95, -0.0163, 0.9479, -0.038, 0.23, 20251006 10:40:41
20251006105644, HOOD, 108, 20251017, C, 0, 39, 0.0019, 147.95, 0.9826, 0.7829, -0.0359, 41.53, 20251006 10:40:41
20251006105644, HOOD, 108, 20251017, P, 1, 228, 0.0019, 147.95, -0.0177, 0.8779, -0.0406, 0.13, 20251006 10:40:41
20251006105644, HOOD, 109, 20251017, C, 0, 88, 0.002, 147.95, 0.981, 1.0155, -0.0387, 40.69, 20251006 10:40:41
20251006105644, HOOD, 109, 20251017, P, 0, 229, 0.0021, 147.95, -0.0194, 0.9326, -0.0433, 0.17, 20251006 10:40:41
20251006105644, HOOD, 110, 20251017, C, 16, 2689, 0.0022, 147.95, 0.9792, 0.8491, -0.0418, 37.54, 20251006 10:40:41
20251006105644, HOOD, 110, 20251017, P, 230, 6608, 0.0022, 147.95, -0.0211, 0.8705, -0.0462, 0.18, 20251006 10:40:41
20251006105644, HOOD, 111, 20251017, C, 0, 24, 0.0024, 147.95, 0.9773, 1.0679, -0.045, 38.72, 20251006 10:40:41
20251006105644, HOOD, 111, 20251017, P, 8, 91, 0.0024, 147.95, -0.0231, 0.8513, -0.0494, 0.23, 20251006 10:40:41
20251006105644, HOOD, 112, 20251017, C, 62, 39, 0.0027, 147.95, 0.9751, 1.0668, -0.0486, 37.17, 20251006 10:40:41
20251006105644, HOOD, 112, 20251017, P, 5, 504, 0.0027, 147.95, -0.0252, 0.8649, -0.0528, 0.21, 20251006 10:40:41
20251006105644, HOOD, 113, 20251017, C, 4, 66, 0.0029, 147.95, 0.9728, 1.0472, -0.0523, 36.2, 20251006 10:40:41
20251006105644, HOOD, 113, 20251017, P, 0, 863, 0.0029, 147.95, -0.0276, 0.8385, -0.0565, 0.24, 20251006 10:40:41
20251006105644, HOOD, 114, 20251017, C, 0, 38, 0.0032, 147.95, 0.9702, 1.0353, -0.0563, 36.06, 20251006 10:40:41
20251006105644, HOOD, 114, 20251017, P, 1, 208, 0.0032, 147.95, -0.0301, 0.8212, -0.0604, 0.33, 20251006 10:40:41
20251006105644, HOOD, 115, 20251017, C, 81, 6872, 0.0035, 147.95, 0.9674, 0.8377, -0.0606, 33.4, 20251006 10:40:41
20251006105644, HOOD, 115, 20251017, P, 91, 4747, 0.0035, 147.95, -0.033, 0.8197, -0.0645, 0.29, 20251006 10:40:41
20251006105644, HOOD, 116, 20251017, C, 3, 27, 0.0038, 147.95, 0.9642, 0.8361, -0.0651, 32.52, 20251006 10:40:41
20251006105644, HOOD, 116, 20251017, P, 4, 245, 0.0038, 147.95, -0.0361, 0.8229, -0.069, 0.36, 20251006 10:40:41
20251006105644, HOOD, 117, 20251017, C, 2, 61, 0.0041, 147.95, 0.9608, 0.9211, -0.07, 30.66, 20251006 10:40:41
20251006105644, HOOD, 117, 20251017, P, 106, 462, 0.0041, 147.95, -0.0396, 0.8011, -0.0738, 0.34, 20251006 10:40:41
20251006105644, HOOD, 118, 20251017, C, 6, 117, 0.0045, 147.95, 0.957, 0.5624, -0.0752, 29.72, 20251006 10:40:41
20251006105644, HOOD, 118, 20251017, P, 7, 1397, 0.0045, 147.95, -0.0433, 0.8004, -0.0789, 0.4, 20251006 10:40:41
20251006105644, HOOD, 119, 20251017, C, 0, 57, 0.0049, 147.95, 0.9529, 0.9314, -0.0807, 30.79, 20251006 10:40:41
20251006105644, HOOD, 119, 20251017, P, 17, 206, 0.0049, 147.95, -0.0475, 0.7761, -0.0843, 0.4, 20251006 10:40:41
20251006105644, HOOD, 120, 20251017, C, 18, 7403, 0.0053, 147.95, 0.9483, 0.7662, -0.0866, 28.05, 20251006 10:40:41
20251006105644, HOOD, 120, 20251017, P, 356, 6768, 0.0053, 147.95, -0.0521, 0.7724, -0.0901, 0.47, 20251006 10:40:41
20251006105644, HOOD, 121, 20251017, C, 0, 254, 0.0058, 147.95, 0.9433, 0.7836, -0.0928, 22.04, 20251006 10:40:41
20251006105644, HOOD, 121, 20251017, P, 27, 326, 0.0058, 147.95, -0.0571, 0.76, -0.0962, 0.67, 20251006 10:40:41
20251006105644, HOOD, 122, 20251017, C, 6, 421, 0.0063, 147.95, 0.9378, 0.7418, -0.0994, 26.97, 20251006 10:40:41
20251006105644, HOOD, 122, 20251017, P, 21, 574, 0.0063, 147.95, -0.0626, 0.7514, -0.1028, 0.54, 20251006 10:40:41
20251006105644, HOOD, 123, 20251017, C, 3, 206, 0.0068, 147.95, 0.9318, 0.7542, -0.1064, 25.93, 20251006 10:40:41
20251006105644, HOOD, 123, 20251017, P, 21, 353, 0.0068, 147.95, -0.0687, 0.7445, -0.1096, 0.71, 20251006 10:40:41
20251006105644, HOOD, 124, 20251017, C, 0, 200, 0.0074, 147.95, 0.9252, 0.7617, -0.1138, 25.81, 20251006 10:40:41
20251006105644, HOOD, 124, 20251017, P, 1, 492, 0.0074, 147.95, -0.0753, 0.7372, -0.1169, 0.71, 20251006 10:40:41
20251006105644, HOOD, 125, 20251017, C, 44, 7227, 0.008, 147.95, 0.9179, 0.7286, -0.1215, 23.25, 20251006 10:40:41
20251006105644, HOOD, 125, 20251017, P, 258, 5632, 0.008, 147.95, -0.0826, 0.7296, -0.1246, 0.76, 20251006 10:40:41
20251006105644, HOOD, 126, 20251017, C, 1, 326, 0.0086, 147.95, 0.9101, 0.738, -0.1296, 27.45, 20251006 10:40:41
20251006105644, HOOD, 126, 20251017, P, 11, 1370, 0.0087, 147.95, -0.0905, 0.7229, -0.1326, 0.94, 20251006 10:40:41
20251006105644, HOOD, 127, 20251017, C, 1, 456, 0.0093, 147.95, 0.9015, 0.7273, -0.1381, 24.81, 20251006 10:40:41
20251006105644, HOOD, 127, 20251017, P, 60, 639, 0.0094, 147.95, -0.0991, 0.7145, -0.141, 0.96, 20251006 10:40:41
20251006105644, HOOD, 128, 20251017, C, 5, 1086, 0.0101, 147.95, 0.8921, 0.7305, -0.1469, 21.15, 20251006 10:40:41
20251006105644, HOOD, 128, 20251017, P, 51, 447, 0.0101, 147.95, -0.1085, 0.7076, -0.1498, 1.01, 20251006 10:40:41
20251006105644, HOOD, 129, 20251017, C, 5, 198, 0.0108, 147.95, 0.882, 0.7167, -0.156, 19.5, 20251006 10:40:41
20251006105644, HOOD, 129, 20251017, P, 33, 441, 0.0109, 147.95, -0.1187, 0.7021, -0.1588, 1.12, 20251006 10:40:41
20251006105644, HOOD, 130, 20251017, C, 53, 5407, 0.0116, 147.95, 0.871, 0.6973, -0.1654, 18.73, 20251006 10:40:41
20251006105644, HOOD, 130, 20251017, P, 3648, 10475, 0.0117, 147.95, -0.1297, 0.6947, -0.1681, 1.2, 20251006 10:40:41
20251006105644, HOOD, 131, 20251017, C, 1, 233, 0.0124, 147.95, 0.8592, 0.7032, -0.175, 17.91, 20251006 10:40:41
20251006105644, HOOD, 131, 20251017, P, 32, 549, 0.0125, 147.95, -0.1416, 0.688, -0.1776, 1.43, 20251006 10:40:41
20251006105644, HOOD, 132, 20251017, C, 58, 420, 0.0133, 147.95, 0.8464, 0.7058, -0.1847, 17.4, 20251006 10:40:41
20251006105644, HOOD, 132, 20251017, P, 49, 954, 0.0133, 147.95, -0.1544, 0.6837, -0.1873, 1.57, 20251006 10:40:41
20251006105644, HOOD, 133, 20251017, C, 8, 167, 0.0142, 147.95, 0.8328, 0.6714, -0.1946, 16.45, 20251006 10:40:41
20251006105644, HOOD, 133, 20251017, P, 64, 329, 0.0142, 147.95, -0.1681, 0.6782, -0.1971, 1.76, 20251006 10:40:41
20251006105644, HOOD, 134, 20251017, C, 17, 250, 0.015, 147.95, 0.8182, 0.6596, -0.2045, 15.8, 20251006 10:40:41
20251006105644, HOOD, 134, 20251017, P, 56, 563, 0.0151, 147.95, -0.1828, 0.6713, -0.207, 1.88, 20251006 10:40:41
20251006105644, HOOD, 135, 20251017, C, 34, 8498, 0.0159, 147.95, 0.8026, 0.6744, -0.2143, 15.29, 20251006 10:40:41
20251006105644, HOOD, 135, 20251017, P, 165, 4911, 0.016, 147.95, -0.1984, 0.6688, -0.2168, 2.2, 20251006 10:40:41
20251006105644, HOOD, 136, 20251017, C, 17, 604, 0.0168, 147.95, 0.7861, 0.6817, -0.224, 14.07, 20251006 10:40:41
20251006105644, HOOD, 136, 20251017, P, 792, 782, 0.0169, 147.95, -0.215, 0.6628, -0.2264, 2.2, 20251006 10:40:41
20251006105644, HOOD, 137, 20251017, C, 41, 370, 0.0177, 147.95, 0.7687, 0.6481, -0.2335, 17.35, 20251006 10:40:41
20251006105644, HOOD, 137, 20251017, P, 46, 326, 0.0178, 147.95, -0.2325, 0.6585, -0.2359, 2.63, 20251006 10:40:41
20251006105644, HOOD, 138, 20251017, C, 17, 297, 0.0186, 147.95, 0.7503, 0.6664, -0.2426, 13.05, 20251006 10:40:41
20251006105644, HOOD, 138, 20251017, P, 214, 2157, 0.0186, 147.95, -0.251, 0.654, -0.245, 2.6, 20251006 10:40:41
20251006105644, HOOD, 139, 20251017, C, 5, 709, 0.0194, 147.95, 0.731, 0.6516, -0.2514, 11.75, 20251006 10:40:41
20251006105644, HOOD, 139, 20251017, P, 144, 408, 0.0195, 147.95, -0.2703, 0.6508, -0.2537, 2.99, 20251006 10:40:41
20251006105644, HOOD, 140, 20251017, C, 311, 10840, 0.0202, 147.95, 0.7109, 0.6494, -0.2596, 11.35, 20251006 10:40:41
20251006105644, HOOD, 140, 20251017, P, 4373, 3249, 0.0203, 147.95, -0.2906, 0.6441, -0.2618, 3.25, 20251006 10:40:41
20251006105644, HOOD, 141, 20251017, C, 36, 1604, 0.0209, 147.95, 0.69, 0.6449, -0.2672, 10.35, 20251006 10:40:41
20251006105644, HOOD, 141, 20251017, P, 96, 548, 0.021, 147.95, -0.3116, 0.6425, -0.2694, 3.8, 20251006 10:40:41
20251006105644, HOOD, 142, 20251017, C, 49, 559, 0.0216, 147.95, 0.6684, 0.6409, -0.2741, 10.02, 20251006 10:40:41
20251006105644, HOOD, 142, 20251017, P, 229, 646, 0.0217, 147.95, -0.3334, 0.6413, -0.2762, 4.08, 20251006 10:40:41
20251006105644, HOOD, 143, 20251017, C, 30, 373, 0.0223, 147.95, 0.6461, 0.6372, -0.2802, 9.41, 20251006 10:40:41
20251006105644, HOOD, 143, 20251017, P, 118, 362, 0.0224, 147.95, -0.3558, 0.6375, -0.2822, 4.55, 20251006 10:40:41
20251006105644, HOOD, 144, 20251017, C, 23, 470, 0.0228, 147.95, 0.6232, 0.6388, -0.2854, 8.55, 20251006 10:40:41
20251006105644, HOOD, 144, 20251017, P, 491, 470, 0.0229, 147.95, -0.3788, 0.6366, -0.2874, 4.75, 20251006 10:40:41
20251006105644, HOOD, 145, 20251017, C, 211, 2005, 0.0233, 147.95, 0.5999, 0.6355, -0.2897, 8.3, 20251006 10:40:41
20251006105644, HOOD, 145, 20251017, P, 990, 947, 0.0234, 147.95, -0.4022, 0.6334, -0.2917, 5, 20251006 10:40:41
20251006105644, HOOD, 146, 20251017, C, 96, 687, 0.0237, 147.95, 0.5762, 0.6349, -0.293, 7.65, 20251006 10:40:41
20251006105644, HOOD, 146, 20251017, P, 93, 570, 0.0238, 147.95, -0.4261, 0.6302, -0.2949, 5.81, 20251006 10:40:41
20251006105644, HOOD, 147, 20251017, C, 366, 1222, 0.024, 147.95, 0.5522, 0.6318, -0.2953, 7.2, 20251006 10:40:41
20251006105644, HOOD, 147, 20251017, P, 330, 299, 0.0241, 147.95, -0.4502, 0.6296, -0.2971, 5.9, 20251006 10:40:41
20251006105644, HOOD, 148, 20251017, C, 479, 601, 0.0242, 147.95, 0.5281, 0.6289, -0.2966, 6.6, 20251006 10:40:41
20251006105644, HOOD, 148, 20251017, P, 457, 760, 0.0243, 147.95, -0.4744, 0.6315, -0.2983, 6.5, 20251006 10:40:41
20251006105644, HOOD, 149, 20251017, C, 258, 786, 0.0243, 147.95, 0.504, 0.6309, -0.2968, 6.2, 20251006 10:40:41
20251006105644, HOOD, 149, 20251017, P, 204, 598, 0.0244, 147.95, -0.4987, 0.6285, -0.2984, 6.92, 20251006 10:40:41
20251006105644, HOOD, 150, 20251017, C, 1456, 8292, 0.0243, 147.95, 0.4799, 0.6282, -0.296, 5.7, 20251006 10:40:41
20251006105644, HOOD, 150, 20251017, P, 309, 598, 0.0244, 147.95, -0.5229, 0.6305, -0.2975, 7.8, 20251006 10:40:41
20251006105644, HOOD, 152.5, 20251017, C, 366, 1634, 0.0239, 147.95, 0.4209, 0.627, -0.2896, 4.7, 20251006 10:40:41
20251006105644, HOOD, 152.5, 20251017, P, 76, 29, 0.024, 147.95, -0.5822, 0.6266, -0.2909, 9.65, 20251006 10:40:41
20251006105644, HOOD, 155, 20251017, C, 970, 4317, 0.0229, 147.95, 0.3648, 0.6319, -0.2778, 3.8, 20251006 10:40:41
20251006105644, HOOD, 155, 20251017, P, 98, 207, 0.0231, 147.95, -0.6387, 0.644, -0.2788, 11, 20251006 10:40:41
20251006105644, HOOD, 157.5, 20251017, C, 141, 468, 0.0215, 147.95, 0.3128, 0.6313, -0.2616, 3.54, 20251006 10:40:41
20251006105644, HOOD, 157.5, 20251017, P, 0, 33, 0.0217, 147.95, -0.691, 0.6327, -0.2623, 12.55, 20251006 10:40:41
20251006105644, HOOD, 160, 20251017, C, 437, 5161, 0.0198, 147.95, 0.2659, 0.6355, -0.2423, 2.52, 20251006 10:40:41
20251006105644, HOOD, 160, 20251017, P, 63, 220, 0.02, 147.95, -0.7384, 0.6499, -0.2429, 14.85, 20251006 10:40:41
20251006105644, HOOD, 162.5, 20251017, C, 45, 558, 0.018, 147.95, 0.2244, 0.639, -0.2214, 2.14, 20251006 10:40:41
20251006105644, HOOD, 162.5, 20251017, P, 0, 31, 0.0182, 147.95, -0.7802, 0.6339, -0.2219, 16.21, 20251006 10:40:41
20251006105644, HOOD, 165, 20251017, C, 302, 2079, 0.016, 147.95, 0.1883, 0.645, -0.2, 1.59, 20251006 10:40:41
20251006105644, HOOD, 165, 20251017, P, 17, 73, 0.0162, 147.95, -0.8166, 0.6622, -0.2004, 19.65, 20251006 10:40:41
20251006105644, HOOD, 167.5, 20251017, C, 24, 0, 0.0142, 147.95, 0.1576, 0.6517, -0.1791, 1.45, 20251006 10:40:41
20251006105644, HOOD, 167.5, 20251017, P, 16, 0, 0.0144, 147.95, -0.8478, 0.6437, -0.1796, 21.3, 20251006 10:40:41
20251006105644, HOOD, 170, 20251017, C, 357, 6289, 0.0124, 147.95, 0.1316, 0.6604, -0.1592, 1, 20251006 10:40:41
20251006105644, HOOD, 170, 20251017, P, 4, 53, 0.0126, 147.95, -0.8741, 0.6814, -0.1598, 23.05, 20251006 10:40:41
20251006105644, HOOD, 172.5, 20251017, C, 5, 0, 0.0108, 147.95, 0.11, 0.6679, -0.141, 0.99, 20251006 10:40:41
20251006105644, HOOD, 172.5, 20251017, P, 0, 0, 0.011, 147.95, -0.8961, 0.6537, -0.1417, 0, 20251006 10:40:41
20251006105644, HOOD, 175, 20251017, C, 188, 2105, 0.0093, 147.95, 0.092, 0.678, -0.1245, 0.72, 20251006 10:40:41
20251006105644, HOOD, 175, 20251017, P, 0, 3, 0.0096, 147.95, -0.9144, 0.6922, -0.125, 27.05, 20251006 10:40:41
20251006105644, HOOD, 180, 20251017, C, 37, 908, 0.007, 147.95, 0.065, 0.6974, -0.097, 0.49, 20251006 10:40:41
20251006105644, HOOD, 180, 20251017, P, 0, 3, 0.0072, 147.95, -0.942, 0.8074, -0.0973, 38, 20251006 10:40:41
20251006105644, HOOD, 185, 20251017, C, 26, 149, 0.0052, 147.95, 0.0468, 0.7175, -0.0759, 0.32, 20251006 10:40:41
20251006105644, HOOD, 185, 20251017, P, 0, 16, 0.0055, 147.95, -0.9609, 0.8358, -0.0761, 43, 20251006 10:40:41
20251006105644, HOOD, 190, 20251017, C, 114, 1841, 0.0039, 147.95, 0.0344, 0.7373, -0.0602, 0.23, 20251006 10:40:41
20251006105644, HOOD, 190, 20251017, P, 0, 23, 0.0042, 147.95, -0.9739, 0.7586, -0.0596, 51.95, 20251006 10:40:41
20251006105644, HOOD, 195, 20251017, C, 38, 42, 0.003, 147.95, 0.0258, 0.7619, -0.0484, 0.2, 20251006 10:40:41
20251006105644, HOOD, 195, 20251017, P, 0, 2, 0.0032, 147.95, -0.9827, 0.9307, -0.0469, 49.55, 20251006 10:40:41
20251006105644, HOOD, 200, 20251017, C, 206, 933, 0.0023, 147.95, 0.0198, 0.7922, -0.0395, 0.14, 20251006 10:40:41
20251006105644, HOOD, 200, 20251017, P, 10, 38, 0.0024, 147.95, -0.9888, 0.9874, -0.0377, 52.59, 20251006 10:40:41
20251006105644, HOOD, 205, 20251017, C, 2, 0, 0.0018, 147.95, 0.0156, 0.7742, -0.0328, 0.31, 20251006 10:40:41
20251006105644, HOOD, 205, 20251017, P, 0, 0, 0.0017, 147.95, -0.9927, 0.9764, -0.0311, 0, 20251006 10:40:41
20251006105644, HOOD, 210, 20251017, C, 0, 0, 0.0014, 147.95, 0.0124, 0.8074, -0.0276, 0, 20251006 10:40:41
20251006105644, HOOD, 210, 20251017, P, 0, 0, 0.0012, 147.95, -0.9954, 1.0638, -0.0267, 0, 20251006 10:40:41
20251006105644, HOOD, 215, 20251017, C, 1, 0, 0.0012, 147.95, 0.0101, 0.8452, -0.0235, 0.03, 20251006 10:40:41
20251006105644, HOOD, 215, 20251017, P, 0, 0, 0.0008, 147.95, -0.9971, 0.9822, -0.0238, 0, 20251006 10:40:41
20251006105644, HOOD, 220, 20251017, C, 0, 0, 0.001, 147.95, 0.0084, 0.8801, -0.0203, 0, 20251006 10:40:41
20251006105644, HOOD, 220, 20251017, P, 0, 0, 0.0006, 147.95, -0.9981, 1.2418, -0.0223, 0, 20251006 10:40:41
20251006105644, HOOD, 225, 20251017, C, 20, 0, 0.0008, 147.95, 0.007, 0.8994, -0.0177, 0.07, 20251006 10:40:41
20251006105644, HOOD, 225, 20251017, P, 0, 0, 0.0004, 147.95, -0.9989, 1.1624, -0.0211, 0, 20251006 10:40:41
20251006105644, HOOD, 55, 20251024, C, 0, 15, 0.0001, 147.95, 0.9991, 2.0602, 0, 69, 20251006 10:40:41
20251006105644, HOOD, 55, 20251024, P, 0, 11, 0.0001, 147.95, -0.001, 1.7332, -0.0041, 0.03, 20251006 10:40:41
20251006105644, HOOD, 60, 20251024, C, 1, 10, 0.0001, 147.95, 0.9987, 1.6028, 0, 87.55, 20251006 10:40:41
20251006105644, HOOD, 60, 20251024, P, 0, 7, 0.0001, 147.95, -0.0014, 1.5891, -0.0052, 0.08, 20251006 10:40:41
20251006105644, HOOD, 65, 20251024, C, 0, 8, 0.0001, 147.95, 0.9982, 1.7373, 0, 66.53, 20251006 10:40:41
20251006105644, HOOD, 65, 20251024, P, 0, 16, 0.0001, 147.95, -0.0019, 1.4709, -0.0067, 0.03, 20251006 10:40:41
20251006105644, HOOD, 70, 20251024, C, 0, 3, 0.0002, 147.95, 0.9975, 1.6308, 0, 54.75, 20251006 10:40:41
20251006105644, HOOD, 70, 20251024, P, 0, 29, 0.0002, 147.95, -0.0026, 1.3471, -0.0084, 0.04, 20251006 10:40:41
20251006105644, HOOD, 75, 20251024, C, 0, 6, 0.0003, 147.95, 0.9965, 0, -0.0003, 64.72, 20251006 10:40:41
20251006105644, HOOD, 75, 20251024, P, 0, 264, 0.0003, 147.95, -0.0036, 1.2925, -0.0107, 0.04, 20251006 10:40:41
20251006105644, HOOD, 80, 20251024, C, 0, 14, 0.0004, 147.95, 0.9951, 1.3238, -0.0038, 60.1, 20251006 10:40:41
20251006105644, HOOD, 80, 20251024, P, 0, 348, 0.0004, 147.95, -0.005, 1.1005, -0.0135, 0.04, 20251006 10:40:41
20251006105644, HOOD, 85, 20251024, C, 0, 10, 0.0005, 147.95, 0.9932, 1.2558, -0.0081, 54.9, 20251006 10:40:41
20251006105644, HOOD, 85, 20251024, P, 0, 357, 0.0006, 147.95, -0.0069, 1.0658, -0.017, 0.08, 20251006 10:40:41
20251006105644, HOOD, 86, 20251024, C, 0, 3, 0.0006, 147.95, 0.9928, 1.2956, -0.009, 28.8, 20251006 10:40:41
20251006105644, HOOD, 86, 20251024, P, 0, 51, 0.0006, 147.95, -0.0074, 1.0931, -0.0178, 0.13, 20251006 10:40:41
20251006105644, HOOD, 87, 20251024, C, 0, 12, 0.0006, 147.95, 0.9923, 1.1873, -0.01, 55.63, 20251006 10:40:41
20251006105644, HOOD, 87, 20251024, P, 0, 55, 0.0006, 147.95, -0.0078, 1.0398, -0.0187, 0.06, 20251006 10:40:41
20251006105644, HOOD, 88, 20251024, C, 0, 1, 0.0007, 147.95, 0.9918, 1.23, -0.0111, 37.19, 20251006 10:40:41
20251006105644, HOOD, 88, 20251024, P, 0, 78, 0.0007, 147.95, -0.0084, 1.0513, -0.0196, 0.1, 20251006 10:40:41
20251006105644, HOOD, 89, 20251024, C, 0, 1, 0.0007, 147.95, 0.9912, 1.2474, -0.0121, 34.88, 20251006 10:40:41
20251006105644, HOOD, 89, 20251024, P, 0, 69, 0.0007, 147.95, -0.0089, 1.0126, -0.0205, 0.14, 20251006 10:40:41
20251006105644, HOOD, 90, 20251024, C, 0, 32, 0.0008, 147.95, 0.9906, 1.1949, -0.0133, 58.7, 20251006 10:40:41
20251006105644, HOOD, 90, 20251024, P, 1, 588, 0.0008, 147.95, -0.0095, 0.9428, -0.0215, 0.12, 20251006 10:40:41
20251006105644, HOOD, 91, 20251024, C, 0, 2, 0.0008, 147.95, 0.99, 1.2101, -0.0144, 53.85, 20251006 10:40:41
20251006105644, HOOD, 91, 20251024, P, 0, 22, 0.0008, 147.95, -0.0102, 0.9788, -0.0226, 0.12, 20251006 10:40:41
20251006105644, HOOD, 92, 20251024, C, 0, 9, 0.0009, 147.95, 0.9893, 1.0491, -0.0157, 47.83, 20251006 10:40:41
20251006105644, HOOD, 92, 20251024, P, 0, 79, 0.0009, 147.95, -0.0109, 0.9648, -0.0237, 0.11, 20251006 10:40:41
20251006105644, HOOD, 93, 20251024, C, 0, 15, 0.001, 147.95, 0.9885, 1.1223, -0.017, 40.48, 20251006 10:40:41
20251006105644, HOOD, 93, 20251024, P, 0, 168, 0.001, 147.95, -0.0116, 0.9507, -0.0248, 0.14, 20251006 10:40:41
20251006105644, HOOD, 94, 20251024, C, 0, 7, 0.001, 147.95, 0.9877, 1.112, -0.0183, 29.5, 20251006 10:40:41
20251006105644, HOOD, 94, 20251024, P, 0, 42, 0.001, 147.95, -0.0124, 0.9364, -0.026, 0.23, 20251006 10:40:41
20251006105644, HOOD, 95, 20251024, C, 0, 45, 0.0011, 147.95, 0.9868, 1.1129, -0.0197, 53.33, 20251006 10:40:41
20251006105644, HOOD, 95, 20251024, P, 6, 413, 0.0011, 147.95, -0.0133, 0.922, -0.0273, 0.12, 20251006 10:40:41
20251006105644, HOOD, 96, 20251024, C, 0, 41, 0.0012, 147.95, 0.9859, 1.0774, -0.0212, 52.95, 20251006 10:40:41
20251006105644, HOOD, 96, 20251024, P, 10, 141, 0.0012, 147.95, -0.0142, 0.9075, -0.0287, 0.15, 20251006 10:40:41
20251006105644, HOOD, 97, 20251024, C, 0, 5, 0.0012, 147.95, 0.9849, 1.0418, -0.0228, 45.47, 20251006 10:40:41
20251006105644, HOOD, 97, 20251024, P, 0, 147, 0.0013, 147.95, -0.0152, 0.8928, -0.0301, 0.16, 20251006 10:40:41
20251006105644, HOOD, 98, 20251024, C, 0, 34, 0.0014, 147.95, 0.9838, 1.031, -0.0244, 25, 20251006 10:40:41
20251006105644, HOOD, 98, 20251024, P, 3, 190, 0.0014, 147.95, -0.0163, 0.8908, -0.0316, 0.16, 20251006 10:40:41
20251006105644, HOOD, 99, 20251024, C, 10, 40, 0.0014, 147.95, 0.9827, 1.008, -0.0261, 49.35, 20251006 10:40:41
20251006105644, HOOD, 99, 20251024, P, 10, 141, 0.0014, 147.95, -0.0175, 0.898, -0.0332, 0.15, 20251006 10:40:41
20251006105644, HOOD, 100, 20251024, C, 0, 571, 0.0016, 147.95, 0.9814, 0.9209, -0.0279, 35.8, 20251006 10:40:41
20251006105644, HOOD, 100, 20251024, P, 24, 1833, 0.0016, 147.95, -0.0187, 0.8676, -0.0348, 0.21, 20251006 10:40:41
20251006105644, HOOD, 101, 20251024, C, 0, 25, 0.0017, 147.95, 0.9801, 0.9265, -0.0298, 44.74, 20251006 10:40:41
20251006105644, HOOD, 101, 20251024, P, 4, 89, 0.0017, 147.95, -0.0201, 0.8624, -0.0366, 0.19, 20251006 10:40:41
20251006105644, HOOD, 102, 20251024, C, 0, 12, 0.0018, 147.95, 0.9786, 0.9728, -0.0318, 31.5, 20251006 10:40:41
20251006105644, HOOD, 102, 20251024, P, 0, 146, 0.0018, 147.95, -0.0215, 0.859, -0.0384, 0.24, 20251006 10:40:41
20251006105644, HOOD, 103, 20251024, C, 0, 29, 0.0019, 147.95, 0.9771, 0.9297, -0.0339, 37.34, 20251006 10:40:41
20251006105644, HOOD, 103, 20251024, P, 1, 203, 0.0019, 147.95, -0.0231, 0.8068, -0.0404, 0.23, 20251006 10:40:41
20251006105644, HOOD, 104, 20251024, C, 1, 10, 0.0021, 147.95, 0.9754, 0.8742, -0.0361, 43.75, 20251006 10:40:41
20251006105644, HOOD, 104, 20251024, P, 25, 68, 0.0021, 147.95, -0.0248, 0.8558, -0.0424, 0.29, 20251006 10:40:41
20251006105644, HOOD, 105, 20251024, C, 4, 233, 0.0022, 147.95, 0.9736, 0.8753, -0.0384, 44.67, 20251006 10:40:41
20251006105644, HOOD, 105, 20251024, P, 76, 954, 0.0022, 147.95, -0.0266, 0.8434, -0.0446, 0.3, 20251006 10:40:41
20251006105644, HOOD, 106, 20251024, C, 0, 15, 0.0024, 147.95, 0.9716, 0.9027, -0.0408, 37.6, 20251006 10:40:41
20251006105644, HOOD, 106, 20251024, P, 4, 218, 0.0024, 147.95, -0.0286, 0.8329, -0.0469, 0.34, 20251006 10:40:41
20251006105644, HOOD, 107, 20251024, C, 0, 27, 0.0026, 147.95, 0.9695, 0.8894, -0.0434, 42.38, 20251006 10:40:41
20251006105644, HOOD, 107, 20251024, P, 1, 156, 0.0026, 147.95, -0.0307, 0.8198, -0.0493, 0.34, 20251006 10:40:41
20251006105644, HOOD, 108, 20251024, C, 0, 35, 0.0027, 147.95, 0.9672, 0.8999, -0.0461, 41.25, 20251006 10:40:41
20251006105644, HOOD, 108, 20251024, P, 42, 191, 0.0028, 147.95, -0.0331, 0.8104, -0.0519, 0.36, 20251006 10:40:41
20251006105644, HOOD, 109, 20251024, C, 0, 98, 0.0029, 147.95, 0.9647, 0.8006, -0.0489, 40.3, 20251006 10:40:41
20251006105644, HOOD, 109, 20251024, P, 1, 205, 0.003, 147.95, -0.0356, 0.7905, -0.0546, 0.45, 20251006 10:40:41
20251006105644, HOOD, 110, 20251024, C, 0, 106, 0.0032, 147.95, 0.962, 0.8479, -0.0519, 39.6, 20251006 10:40:41
20251006105644, HOOD, 110, 20251024, P, 142, 1083, 0.0032, 147.95, -0.0383, 0.7972, -0.0575, 0.42, 20251006 10:40:41
20251006105644, HOOD, 111, 20251024, C, 0, 80, 0.0034, 147.95, 0.959, 0.8754, -0.0551, 39.52, 20251006 10:40:41
20251006105644, HOOD, 111, 20251024, P, 5, 132, 0.0034, 147.95, -0.0412, 0.7753, -0.0605, 0.48, 20251006 10:40:41
20251006105644, HOOD, 112, 20251024, C, 0, 196, 0.0036, 147.95, 0.9559, 0.7813, -0.0584, 38.43, 20251006 10:40:41
20251006105644, HOOD, 112, 20251024, P, 1, 378, 0.0036, 147.95, -0.0444, 0.7804, -0.0637, 0.49, 20251006 10:40:41
20251006105644, HOOD, 113, 20251024, C, 7, 39, 0.0039, 147.95, 0.9524, 0.8431, -0.0618, 36.11, 20251006 10:40:41
20251006105644, HOOD, 113, 20251024, P, 3, 310, 0.0039, 147.95, -0.0478, 0.7738, -0.067, 0.63, 20251006 10:40:41
20251006105644, HOOD, 114, 20251024, C, 5, 197, 0.0042, 147.95, 0.9487, 0.7756, -0.0655, 34.79, 20251006 10:40:41
20251006105644, HOOD, 114, 20251024, P, 6, 679, 0.0042, 147.95, -0.0516, 0.7591, -0.0706, 0.58, 20251006 10:40:41
20251006105644, HOOD, 115, 20251024, C, 6, 515, 0.0045, 147.95, 0.9447, 0.8272, -0.0694, 33.86, 20251006 10:40:41
20251006105644, HOOD, 115, 20251024, P, 344, 1079, 0.0045, 147.95, -0.0556, 0.751, -0.0743, 0.63, 20251006 10:40:41
20251006105644, HOOD, 116, 20251024, C, 0, 58, 0.0048, 147.95, 0.9403, 0.7878, -0.0734, 33.95, 20251006 10:40:41
20251006105644, HOOD, 116, 20251024, P, 5, 709, 0.0048, 147.95, -0.06, 0.7435, -0.0782, 0.78, 20251006 10:40:41
20251006105644, HOOD, 117, 20251024, C, 0, 157, 0.0052, 147.95, 0.9356, 0.782, -0.0776, 33.1, 20251006 10:40:41
20251006105644, HOOD, 117, 20251024, P, 1, 302, 0.0052, 147.95, -0.0647, 0.7362, -0.0823, 0.58, 20251006 10:40:41
20251006105644, HOOD, 118, 20251024, C, 0, 119, 0.0055, 147.95, 0.9306, 0.738, -0.082, 32.07, 20251006 10:40:41
20251006105644, HOOD, 118, 20251024, P, 3, 388, 0.0055, 147.95, -0.0698, 0.7291, -0.0866, 0.87, 20251006 10:40:41
20251006105644, HOOD, 119, 20251024, C, 0, 39, 0.0059, 147.95, 0.9251, 0.7374, -0.0867, 30.55, 20251006 10:40:41
20251006105644, HOOD, 119, 20251024, P, 13, 172, 0.0059, 147.95, -0.0753, 0.7211, -0.0911, 1.09, 20251006 10:40:41
20251006105644, HOOD, 120, 20251024, C, 1, 1255, 0.0063, 147.95, 0.9192, 0.7252, -0.0915, 28.8, 20251006 10:40:41
20251006105644, HOOD, 120, 20251024, P, 55, 1227, 0.0063, 147.95, -0.0812, 0.7163, -0.0958, 0.93, 20251006 10:40:41
20251006105644, HOOD, 121, 20251024, C, 4, 74, 0.0067, 147.95, 0.9128, 0.7221, -0.0965, 27.55, 20251006 10:40:41
20251006105644, HOOD, 121, 20251024, P, 3, 145, 0.0068, 147.95, -0.0876, 0.7093, -0.1007, 1, 20251006 10:40:41
20251006105644, HOOD, 122, 20251024, C, 0, 483, 0.0072, 147.95, 0.906, 0.704, -0.1016, 28.37, 20251006 10:40:41
20251006105644, HOOD, 122, 20251024, P, 5, 256, 0.0072, 147.95, -0.0944, 0.704, -0.1057, 1.09, 20251006 10:40:41
20251006105644, HOOD, 123, 20251024, C, 0, 142, 0.0077, 147.95, 0.8987, 0.7116, -0.107, 28.08, 20251006 10:40:41
20251006105644, HOOD, 123, 20251024, P, 5, 644, 0.0077, 147.95, -0.1018, 0.6975, -0.111, 1.25, 20251006 10:40:41
20251006105644, HOOD, 124, 20251024, C, 2, 363, 0.0081, 147.95, 0.8908, 0.6885, -0.1125, 24.85, 20251006 10:40:41
20251006105644, HOOD, 124, 20251024, P, 41, 174, 0.0082, 147.95, -0.1097, 0.6924, -0.1164, 1.35, 20251006 10:40:41
20251006105644, HOOD, 125, 20251024, C, 6, 1701, 0.0087, 147.95, 0.8824, 0.689, -0.1182, 25.5, 20251006 10:40:41
20251006105644, HOOD, 125, 20251024, P, 179, 1003, 0.0087, 147.95, -0.1181, 0.6869, -0.122, 1.46, 20251006 10:40:41
20251006105644, HOOD, 126, 20251024, C, 3, 273, 0.0092, 147.95, 0.8735, 0.6914, -0.124, 23.47, 20251006 10:40:41
20251006105644, HOOD, 126, 20251024, P, 11, 178, 0.0092, 147.95, -0.1271, 0.6802, -0.1276, 1.62, 20251006 10:40:41
20251006105644, HOOD, 127, 20251024, C, 0, 312, 0.0097, 147.95, 0.8639, 0.6814, -0.1299, 21.11, 20251006 10:40:41
20251006105644, HOOD, 127, 20251024, P, 18, 307, 0.0098, 147.95, -0.1367, 0.6765, -0.1335, 1.65, 20251006 10:40:41
20251006105644, HOOD, 128, 20251024, C, 2, 210, 0.0103, 147.95, 0.8538, 0.6572, -0.1359, 25.86, 20251006 10:40:41
20251006105644, HOOD, 128, 20251024, P, 21, 167, 0.0103, 147.95, -0.1469, 0.6722, -0.1394, 1.87, 20251006 10:40:41
20251006105644, HOOD, 129, 20251024, C, 0, 237, 0.0108, 147.95, 0.843, 0.643, -0.142, 22.1, 20251006 10:40:41
20251006105644, HOOD, 129, 20251024, P, 46, 260, 0.0109, 147.95, -0.1577, 0.6678, -0.1453, 2.25, 20251006 10:40:41
20251006105644, HOOD, 130, 20251024, C, 11, 1808, 0.0114, 147.95, 0.8316, 0.6621, -0.1481, 20.15, 20251006 10:40:41
20251006105644, HOOD, 130, 20251024, P, 84, 556, 0.0115, 147.95, -0.1692, 0.6627, -0.1513, 2.2, 20251006 10:40:41
20251006105644, HOOD, 131, 20251024, C, 2, 106, 0.012, 147.95, 0.8196, 0.6339, -0.1542, 20.1, 20251006 10:40:41
20251006105644, HOOD, 131, 20251024, P, 610, 189, 0.0121, 147.95, -0.1813, 0.6586, -0.1573, 2.5, 20251006 10:40:41
20251006105644, HOOD, 132, 20251024, C, 9, 243, 0.0126, 147.95, 0.8069, 0.6428, -0.1603, 18.79, 20251006 10:40:41
20251006105644, HOOD, 132, 20251024, P, 17, 167, 0.0127, 147.95, -0.194, 0.6549, -0.1633, 2.55, 20251006 10:40:41
20251006105644, HOOD, 133, 20251024, C, 9, 79, 0.0132, 147.95, 0.7936, 0.6305, -0.1663, 19.45, 20251006 10:40:41
20251006105644, HOOD, 133, 20251024, P, 19, 54, 0.0133, 147.95, -0.2073, 0.6509, -0.1692, 2.9, 20251006 10:40:41
20251006105644, HOOD, 134, 20251024, C, 1, 168, 0.0138, 147.95, 0.7797, 0.656, -0.1722, 18.33, 20251006 10:40:41
20251006105644, HOOD, 134, 20251024, P, 8, 120, 0.0138, 147.95, -0.2213, 0.647, -0.1751, 3.1, 20251006 10:40:41
20251006105644, HOOD, 135, 20251024, C, 16, 876, 0.0144, 147.95, 0.7651, 0.6556, -0.178, 15.84, 20251006 10:40:41
20251006105644, HOOD, 135, 20251024, P, 64, 331, 0.0144, 147.95, -0.236, 0.6422, -0.1807, 3.2, 20251006 10:40:41
20251006105644, HOOD, 136, 20251024, C, 8, 53, 0.0149, 147.95, 0.75, 0.6275, -0.1836, 15.94, 20251006 10:40:41
20251006105644, HOOD, 136, 20251024, P, 10, 158, 0.015, 147.95, -0.2512, 0.6432, -0.1862, 3.4, 20251006 10:40:41
20251006105644, HOOD, 137, 20251024, C, 4, 73, 0.0155, 147.95, 0.7343, 0.6412, -0.189, 15.36, 20251006 10:40:41
20251006105644, HOOD, 137, 20251024, P, 27, 159, 0.0156, 147.95, -0.2669, 0.638, -0.1916, 4.25, 20251006 10:40:41
20251006105644, HOOD, 138, 20251024, C, 7, 138, 0.016, 147.95, 0.718, 0.6411, -0.1942, 14.02, 20251006 10:40:41
20251006105644, HOOD, 138, 20251024, P, 29, 234, 0.0161, 147.95, -0.2833, 0.6359, -0.1966, 4.05, 20251006 10:40:41
20251006105644, HOOD, 139, 20251024, C, 8, 91, 0.0165, 147.95, 0.7012, 0.6373, -0.199, 17.47, 20251006 10:40:41
20251006105644, HOOD, 139, 20251024, P, 64, 89, 0.0166, 147.95, -0.3002, 0.6323, -0.2014, 4.25, 20251006 10:40:41
20251006105644, HOOD, 140, 20251024, C, 322, 1070, 0.017, 147.95, 0.684, 0.632, -0.2036, 12.58, 20251006 10:40:41
20251006105644, HOOD, 140, 20251024, P, 106, 501, 0.0171, 147.95, -0.3175, 0.6316, -0.2058, 4.75, 20251006 10:40:41
20251006105644, HOOD, 141, 20251024, C, 6, 180, 0.0174, 147.95, 0.6663, 0.6297, -0.2077, 12.35, 20251006 10:40:41
20251006105644, HOOD, 141, 20251024, P, 3, 50, 0.0175, 147.95, -0.3353, 0.6293, -0.2099, 5.1, 20251006 10:40:41
20251006105644, HOOD, 142, 20251024, C, 14, 266, 0.0178, 147.95, 0.6482, 0.6278, -0.2115, 11.63, 20251006 10:40:41
20251006105644, HOOD, 142, 20251024, P, 59, 1207, 0.0179, 147.95, -0.3535, 0.6254, -0.2135, 5.7, 20251006 10:40:41
20251006105644, HOOD, 143, 20251024, C, 20, 117, 0.0182, 147.95, 0.6298, 0.6245, -0.2148, 11.25, 20251006 10:40:41
20251006105644, HOOD, 143, 20251024, P, 3, 194, 0.0183, 147.95, -0.372, 0.6242, -0.2168, 6.05, 20251006 10:40:41
20251006105644, HOOD, 144, 20251024, C, 6, 74, 0.0185, 147.95, 0.6111, 0.6237, -0.2178, 10.9, 20251006 10:40:41
20251006105644, HOOD, 144, 20251024, P, 34, 164, 0.0186, 147.95, -0.3908, 0.6235, -0.2196, 6.5, 20251006 10:40:41
20251006105644, HOOD, 145, 20251024, C, 70, 653, 0.0188, 147.95, 0.5921, 0.6214, -0.2202, 9.66, 20251006 10:40:41
20251006105644, HOOD, 145, 20251024, P, 335, 399, 0.0189, 147.95, -0.4099, 0.6193, -0.222, 7, 20251006 10:40:41
20251006105644, HOOD, 146, 20251024, C, 68, 217, 0.019, 147.95, 0.573, 0.6215, -0.2222, 9.45, 20251006 10:40:41
20251006105644, HOOD, 146, 20251024, P, 25, 28, 0.0191, 147.95, -0.4291, 0.6175, -0.2238, 7.28, 20251006 10:40:41
20251006105644, HOOD, 147, 20251024, C, 47, 107, 0.0192, 147.95, 0.5538, 0.6201, -0.2237, 8.65, 20251006 10:40:41
20251006105644, HOOD, 147, 20251024, P, 88, 33, 0.0193, 147.95, -0.4485, 0.618, -0.2252, 7.65, 20251006 10:40:41
20251006105644, HOOD, 148, 20251024, C, 146, 220, 0.0193, 147.95, 0.5345, 0.6192, -0.2246, 8.35, 20251006 10:40:41
20251006105644, HOOD, 148, 20251024, P, 93, 104, 0.0194, 147.95, -0.4679, 0.6172, -0.2262, 7.9, 20251006 10:40:41
20251006105644, HOOD, 149, 20251024, C, 102, 230, 0.0194, 147.95, 0.5152, 0.6186, -0.2252, 7.98, 20251006 10:40:41
20251006105644, HOOD, 149, 20251024, P, 37, 209, 0.0195, 147.95, -0.4873, 0.6165, -0.2265, 8.6, 20251006 10:40:41
20251006105644, HOOD, 150, 20251024, C, 190, 1559, 0.0194, 147.95, 0.496, 0.6166, -0.2251, 7.3, 20251006 10:40:41
20251006105644, HOOD, 150, 20251024, P, 26, 101, 0.0196, 147.95, -0.5066, 0.6145, -0.2264, 9.05, 20251006 10:40:41
20251006105644, HOOD, 152.5, 20251024, C, 53, 363, 0.0193, 147.95, 0.4487, 0.6178, -0.2231, 6.45, 20251006 10:40:41
20251006105644, HOOD, 152.5, 20251024, P, 6, 9, 0.0194, 147.95, -0.5543, 0.6136, -0.2241, 11.3, 20251006 10:40:41
20251006105644, HOOD, 155, 20251024, C, 77, 1504, 0.0188, 147.95, 0.4029, 0.6179, -0.2182, 5.4, 20251006 10:40:41
20251006105644, HOOD, 155, 20251024, P, 41, 2, 0.019, 147.95, -0.6004, 0.6116, -0.2191, 12.6, 20251006 10:40:41
20251006105644, HOOD, 157.5, 20251024, C, 57, 4637, 0.0182, 147.95, 0.3595, 0.6153, -0.2109, 4.6, 20251006 10:40:41
20251006105644, HOOD, 157.5, 20251024, P, 0, 3, 0.0183, 147.95, -0.6443, 0.6146, -0.2115, 15.4, 20251006 10:40:41
20251006105644, HOOD, 160, 20251024, C, 142, 5172, 0.0173, 147.95, 0.3188, 0.6189, -0.2017, 3.7, 20251006 10:40:41
20251006105644, HOOD, 160, 20251024, P, 1, 28, 0.0175, 147.95, -0.6854, 0.6157, -0.202, 15.85, 20251006 10:40:41
20251006105644, HOOD, 162.5, 20251024, C, 17, 123, 0.0163, 147.95, 0.2812, 0.6212, -0.1909, 3.3, 20251006 10:40:41
20251006105644, HOOD, 162.5, 20251024, P, 8, 35, 0.0165, 147.95, -0.7233, 0.6197, -0.1911, 18, 20251006 10:40:41
20251006105644, HOOD, 165, 20251024, C, 36, 1144, 0.0152, 147.95, 0.247, 0.6254, -0.1792, 2.75, 20251006 10:40:41
20251006105644, HOOD, 165, 20251024, P, 0, 6, 0.0154, 147.95, -0.7579, 0.6133, -0.179, 19.28, 20251006 10:40:41
20251006105644, HOOD, 167.5, 20251024, C, 18, 0, 0.014, 147.95, 0.2162, 0.63, -0.1669, 2.4, 20251006 10:40:41
20251006105644, HOOD, 167.5, 20251024, P, 0, 0, 0.0142, 147.95, -0.7891, 0.6324, -0.1666, 0, 20251006 10:40:41
20251006105644, HOOD, 170, 20251024, C, 298, 1415, 0.0128, 147.95, 0.1887, 0.6351, -0.1544, 1.9, 20251006 10:40:41
20251006105644, HOOD, 170, 20251024, P, 1, 42, 0.013, 147.95, -0.817, 0.6235, -0.1538, 20.2, 20251006 10:40:41
20251006105644, HOOD, 172.5, 20251024, C, 2, 0, 0.0116, 147.95, 0.1644, 0.6404, -0.1422, 2.18, 20251006 10:40:41
20251006105644, HOOD, 172.5, 20251024, P, 0, 0, 0.0119, 147.95, -0.8418, 0.634, -0.1414, 0, 20251006 10:40:41
20251006105644, HOOD, 175, 20251024, C, 17, 949, 0.0105, 147.95, 0.143, 0.6471, -0.1303, 1.43, 20251006 10:40:41
20251006105644, HOOD, 175, 20251024, P, 0, 11, 0.0108, 147.95, -0.8634, 0.6317, -0.1293, 26.94, 20251006 10:40:41
20251006105644, HOOD, 180, 20251024, C, 29, 372, 0.0085, 147.95, 0.1082, 0.6603, -0.1084, 1.05, 20251006 10:40:41
20251006105644, HOOD, 180, 20251024, P, 0, 8, 0.0088, 147.95, -0.899, 0.6276, -0.1072, 40, 20251006 10:40:41
20251006105644, HOOD, 185, 20251024, C, 9, 107, 0.0068, 147.95, 0.0822, 0.6694, -0.0897, 0.79, 20251006 10:40:41
20251006105644, HOOD, 185, 20251024, P, 0, 0, 0.0071, 147.95, -0.9258, 0.6283, -0.0884, 0, 20251006 10:40:41
20251006105644, HOOD, 190, 20251024, C, 6, 220, 0.0054, 147.95, 0.063, 0.688, -0.0742, 0.7, 20251006 10:40:41
20251006105644, HOOD, 190, 20251024, P, 0, 7, 0.0057, 147.95, -0.9459, 0.6861, -0.0728, 43.2, 20251006 10:40:41
20251006105644, HOOD, 195, 20251024, C, 6, 23, 0.0043, 147.95, 0.0489, 0.6948, -0.0617, 0.4, 20251006 10:40:41
20251006105644, HOOD, 195, 20251024, P, 0, 0, 0.0047, 147.95, -0.9606, 0, -0.0598, 0, 20251006 10:40:41
20251006105644, HOOD, 200, 20251024, C, 45, 77, 0.0035, 147.95, 0.0384, 0.7173, -0.0518, 0.33, 20251006 10:40:41
20251006105644, HOOD, 200, 20251024, P, 0, 1, 0.0039, 147.95, -0.9719, 0, -0.0499, 58.31, 20251006 10:40:41
20251006105644, HOOD, 205, 20251024, C, 0, 0, 0.0028, 147.95, 0.0307, 0.742, -0.0438, 0, 20251006 10:40:41
20251006105644, HOOD, 205, 20251024, P, 0, 0, 0.0031, 147.95, -0.98, 0, -0.0409, 0, 20251006 10:40:41
20251006105644, HOOD, 210, 20251024, C, 1, 0, 0.0023, 147.95, 0.0249, 0.7651, -0.0375, 0.2, 20251006 10:40:41
20251006105644, HOOD, 210, 20251024, P, 0, 0, 0.0025, 147.95, -0.9862, 0, -0.0359, 0, 20251006 10:40:41
20251006105644, HOOD, 215, 20251024, C, 4, 0, 0.0019, 147.95, 0.0205, 0.7594, -0.0325, 0.15, 20251006 10:40:41
20251006105644, HOOD, 215, 20251024, P, 1, 0, 0.002, 147.95, -0.9906, 0.8427, -0.0294, 67.55, 20251006 10:40:41
20251006105644, HOOD, 220, 20251024, C, 4, 0, 0.0016, 147.95, 0.0172, 0.771, -0.0284, 0.16, 20251006 10:40:41
20251006105644, HOOD, 220, 20251024, P, 0, 0, 0.0014, 147.95, -0.9936, 0, -0.0276, 0, 20251006 10:40:41
20251006105644, HOOD, 225, 20251024, C, 1, 0, 0.0014, 147.95, 0.0145, 0.7668, -0.0251, 0.1, 20251006 10:40:41
20251006105644, HOOD, 225, 20251024, P, 0, 0, 0.001, 147.95, -0.9959, 0, -0.0261, 0, 20251006 10:40:41
20251006105644, HOOD, 60, 20251031, C, 0, 8, 0.0001, 147.95, 0.9977, 1.6678, 0, 64.5, 20251006 10:40:41
20251006105644, HOOD, 60, 20251031, P, 0, 23, 0.0001, 147.95, -0.0024, 1.4973, -0.0069, 0.07, 20251006 10:40:41
20251006105644, HOOD, 65, 20251031, C, 0, 3, 0.0002, 147.95, 0.9968, 1.1994, 0, 59.2, 20251006 10:40:41
20251006105644, HOOD, 65, 20251031, P, 0, 16, 0.0002, 147.95, -0.0033, 1.3805, -0.0087, 0.04, 20251006 10:40:41
20251006105644, HOOD, 70, 20251031, C, 0, 6, 0.0003, 147.95, 0.9957, 0, 0, 52.09, 20251006 10:40:41
20251006105644, HOOD, 70, 20251031, P, 0, 42, 0.0003, 147.95, -0.0044, 1.1854, -0.0108, 0.11, 20251006 10:40:41
20251006105644, HOOD, 75, 20251031, C, 5, 17, 0.0004, 147.95, 0.9941, 0, -0.0022, 73.28, 20251006 10:40:41
20251006105644, HOOD, 75, 20251031, P, 0, 63, 0.0004, 147.95, -0.006, 1.0923, -0.0134, 0.08, 20251006 10:40:41
20251006105644, HOOD, 80, 20251031, C, 0, 9, 0.0006, 147.95, 0.992, 0, -0.0062, 59.94, 20251006 10:40:41
20251006105644, HOOD, 80, 20251031, P, 0, 189, 0.0006, 147.95, -0.0081, 1.0239, -0.0167, 0.06, 20251006 10:40:41
20251006105644, HOOD, 85, 20251031, C, 0, 10, 0.0008, 147.95, 0.9891, 0, -0.011, 42.75, 20251006 10:40:41
20251006105644, HOOD, 85, 20251031, P, 9, 445, 0.0008, 147.95, -0.011, 0.9868, -0.0207, 0.17, 20251006 10:40:41
20251006105644, HOOD, 90, 20251031, C, 0, 5, 0.001, 147.95, 0.9852, 0, -0.0168, 58.91, 20251006 10:40:41
20251006105644, HOOD, 90, 20251031, P, 20, 551, 0.001, 147.95, -0.015, 0.9388, -0.0258, 0.22, 20251006 10:40:41
20251006105644, HOOD, 95, 20251031, C, 0, 27, 0.0014, 147.95, 0.9796, 0, -0.0239, 47.4, 20251006 10:40:41
20251006105644, HOOD, 95, 20251031, P, 137, 656, 0.0014, 147.95, -0.0205, 0.8768, -0.0322, 0.3, 20251006 10:40:41
20251006105644, HOOD, 100, 20251031, C, 0, 130, 0.002, 147.95, 0.9718, 0.9118, -0.0328, 50.22, 20251006 10:40:41
20251006105644, HOOD, 100, 20251031, P, 114, 1333, 0.002, 147.95, -0.0284, 0.8593, -0.0403, 0.39, 20251006 10:40:41
20251006105644, HOOD, 104, 20251031, C, 0, 36, 0.0026, 147.95, 0.9632, 0.8852, -0.0415, 33.93, 20251006 10:40:41
20251006105644, HOOD, 104, 20251031, P, 68, 383, 0.0026, 147.95, -0.037, 0.7946, -0.0485, 0.5, 20251006 10:40:41
20251006105644, HOOD, 105, 20251031, C, 1, 226, 0.0027, 147.95, 0.9607, 0.8587, -0.044, 43.9, 20251006 10:40:41
20251006105644, HOOD, 105, 20251031, P, 7, 574, 0.0028, 147.95, -0.0395, 0.797, -0.0508, 0.55, 20251006 10:40:41
20251006105644, HOOD, 106, 20251031, C, 0, 225, 0.0029, 147.95, 0.958, 0.8129, -0.0465, 43.18, 20251006 10:40:41
20251006105644, HOOD, 106, 20251031, P, 2, 208, 0.0029, 147.95, -0.0423, 0.786, -0.0532, 0.61, 20251006 10:40:41
20251006105644, HOOD, 107, 20251031, C, 0, 29, 0.0031, 147.95, 0.955, 0.78, -0.0492, 43.61, 20251006 10:40:41
20251006105644, HOOD, 107, 20251031, P, 2, 121, 0.0031, 147.95, -0.0452, 0.7924, -0.0557, 0.65, 20251006 10:40:41
20251006105644, HOOD, 108, 20251031, C, 0, 15, 0.0033, 147.95, 0.9519, 0.833, -0.052, 35.14, 20251006 10:40:41
20251006105644, HOOD, 108, 20251031, P, 1, 221, 0.0033, 147.95, -0.0484, 0.7699, -0.0584, 0.65, 20251006 10:40:41
20251006105644, HOOD, 109, 20251031, C, 0, 6, 0.0035, 147.95, 0.9485, 0.8074, -0.0549, 35.7, 20251006 10:40:41
20251006105644, HOOD, 109, 20251031, P, 0, 361, 0.0036, 147.95, -0.0518, 0.7652, -0.0612, 0.72, 20251006 10:40:41
20251006105644, HOOD, 110, 20251031, C, 1, 434, 0.0038, 147.95, 0.9449, 0.782, -0.0579, 38.98, 20251006 10:40:41
20251006105644, HOOD, 110, 20251031, P, 86, 577, 0.0038, 147.95, -0.0554, 0.7562, -0.064, 0.74, 20251006 10:40:41
20251006105644, HOOD, 111, 20251031, C, 0, 61, 0.004, 147.95, 0.941, 0.8172, -0.0611, 30.5, 20251006 10:40:41
20251006105644, HOOD, 111, 20251031, P, 2, 121, 0.004, 147.95, -0.0593, 0.749, -0.067, 0.8, 20251006 10:40:41
20251006105644, HOOD, 112, 20251031, C, 0, 45, 0.0042, 147.95, 0.9369, 0.8014, -0.0643, 21.07, 20251006 10:40:41
20251006105644, HOOD, 112, 20251031, P, 13, 151, 0.0043, 147.95, -0.0634, 0.7401, -0.0702, 0.86, 20251006 10:40:41
20251006105644, HOOD, 113, 20251031, C, 0, 12, 0.0045, 147.95, 0.9325, 0.7674, -0.0677, 29.3, 20251006 10:40:41
20251006105644, HOOD, 113, 20251031, P, 1, 245, 0.0045, 147.95, -0.0678, 0.7387, -0.0734, 0.96, 20251006 10:40:41
20251006105644, HOOD, 114, 20251031, C, 0, 156, 0.0048, 147.95, 0.9278, 0.7607, -0.0713, 36.1, 20251006 10:40:41
20251006105644, HOOD, 114, 20251031, P, 6, 192, 0.0048, 147.95, -0.0726, 0.7331, -0.0768, 1.01, 20251006 10:40:41
20251006105644, HOOD, 115, 20251031, C, 0, 273, 0.0051, 147.95, 0.9228, 0.7318, -0.0749, 35.01, 20251006 10:40:41
20251006105644, HOOD, 115, 20251031, P, 40, 742, 0.0051, 147.95, -0.0776, 0.7277, -0.0804, 1.05, 20251006 10:40:41
20251006105644, HOOD, 116, 20251031, C, 0, 102, 0.0054, 147.95, 0.9174, 0.7415, -0.0787, 34.19, 20251006 10:40:41
20251006105644, HOOD, 116, 20251031, P, 8, 133, 0.0054, 147.95, -0.083, 0.7223, -0.084, 1.12, 20251006 10:40:41
20251006105644, HOOD, 117, 20251031, C, 1, 132, 0.0057, 147.95, 0.9117, 0.7331, -0.0825, 32.42, 20251006 10:40:41
20251006105644, HOOD, 117, 20251031, P, 15, 82, 0.0057, 147.95, -0.0887, 0.7265, -0.0877, 1.3, 20251006 10:40:41
20251006105644, HOOD, 118, 20251031, C, 2, 74, 0.006, 147.95, 0.9057, 0.7316, -0.0865, 31.77, 20251006 10:40:41
20251006105644, HOOD, 118, 20251031, P, 5, 264, 0.0061, 147.95, -0.0948, 0.7168, -0.0916, 1.39, 20251006 10:40:41
20251006105644, HOOD, 119, 20251031, C, 0, 50, 0.0064, 147.95, 0.8992, 0.7183, -0.0906, 27.92, 20251006 10:40:41
20251006105644, HOOD, 119, 20251031, P, 25, 122, 0.0064, 147.95, -0.1013, 0.7072, -0.0955, 1.45, 20251006 10:40:41
20251006105644, HOOD, 120, 20251031, C, 4, 408, 0.0067, 147.95, 0.8925, 0.7012, -0.0948, 29.7, 20251006 10:40:41
20251006105644, HOOD, 120, 20251031, P, 151, 3004, 0.0068, 147.95, -0.1081, 0.7076, -0.0996, 1.61, 20251006 10:40:41
20251006105644, HOOD, 121, 20251031, C, 0, 101, 0.0071, 147.95, 0.8853, 0.6942, -0.099, 23.45, 20251006 10:40:41
20251006105644, HOOD, 121, 20251031, P, 11, 124, 0.0072, 147.95, -0.1153, 0.7028, -0.1037, 1.78, 20251006 10:40:41
20251006105644, HOOD, 122, 20251031, C, 30, 325, 0.0075, 147.95, 0.8777, 0.6993, -0.1034, 27.99, 20251006 10:40:41
20251006105644, HOOD, 122, 20251031, P, 12, 1091, 0.0075, 147.95, -0.1229, 0.6939, -0.1079, 1.86, 20251006 10:40:41
20251006105644, HOOD, 123, 20251031, C, 10, 160, 0.0079, 147.95, 0.8696, 0.6994, -0.1078, 27.6, 20251006 10:40:41
20251006105644, HOOD, 123, 20251031, P, 8, 1164, 0.0079, 147.95, -0.131, 0.7007, -0.1122, 1.9, 20251006 10:40:41
20251006105644, HOOD, 124, 20251031, C, 2, 157, 0.0083, 147.95, 0.8612, 0.6839, -0.1122, 26.5, 20251006 10:40:41
20251006105644, HOOD, 124, 20251031, P, 1, 128, 0.0083, 147.95, -0.1395, 0.6866, -0.1165, 1.82, 20251006 10:40:41
20251006105644, HOOD, 125, 20251031, C, 2, 478, 0.0087, 147.95, 0.8523, 0.6794, -0.1167, 25.34, 20251006 10:40:41
20251006105644, HOOD, 125, 20251031, P, 298, 1507, 0.0087, 147.95, -0.1484, 0.6862, -0.1209, 2.2, 20251006 10:40:41
20251006105644, HOOD, 126, 20251031, C, 1, 308, 0.0091, 147.95, 0.843, 0.6686, -0.1212, 26.06, 20251006 10:40:41
20251006105644, HOOD, 126, 20251031, P, 31, 136, 0.0091, 147.95, -0.1578, 0.6867, -0.1253, 2.4, 20251006 10:40:41
20251006105644, HOOD, 127, 20251031, C, 2, 168, 0.0095, 147.95, 0.8332, 0.6678, -0.1258, 24.75, 20251006 10:40:41
20251006105644, HOOD, 127, 20251031, P, 59, 664, 0.0096, 147.95, -0.1676, 0.6731, -0.1297, 2.63, 20251006 10:40:41
20251006105644, HOOD, 128, 20251031, C, 1, 393, 0.0099, 147.95, 0.823, 0.6682, -0.1303, 22.68, 20251006 10:40:41
20251006105644, HOOD, 128, 20251031, P, 30, 268, 0.01, 147.95, -0.1779, 0.6685, -0.1341, 2.81, 20251006 10:40:41
20251006105644, HOOD, 129, 20251031, C, 4, 138, 0.0104, 147.95, 0.8124, 0.6673, -0.1348, 22.2, 20251006 10:40:41
20251006105644, HOOD, 129, 20251031, P, 3, 200, 0.0104, 147.95, -0.1886, 0.6592, -0.1385, 3.06, 20251006 10:40:41
20251006105644, HOOD, 130, 20251031, C, 53, 702, 0.0108, 147.95, 0.8013, 0.6629, -0.1393, 21.75, 20251006 10:40:41
20251006105644, HOOD, 130, 20251031, P, 329, 730, 0.0108, 147.95, -0.1998, 0.66, -0.1428, 3.3, 20251006 10:40:41
20251006105644, HOOD, 131, 20251031, C, 12, 222, 0.0112, 147.95, 0.7897, 0.6576, -0.1436, 20.65, 20251006 10:40:41
20251006105644, HOOD, 131, 20251031, P, 2, 520, 0.0113, 147.95, -0.2114, 0.6617, -0.1471, 3.25, 20251006 10:40:41
20251006105644, HOOD, 132, 20251031, C, 2, 320, 0.0116, 147.95, 0.7777, 0.6514, -0.1479, 20.75, 20251006 10:40:41
20251006105644, HOOD, 132, 20251031, P, 18, 287, 0.0117, 147.95, -0.2234, 0.6534, -0.1513, 3.69, 20251006 10:40:41
20251006105644, HOOD, 133, 20251031, C, 1, 106, 0.012, 147.95, 0.7653, 0.6547, -0.1522, 22.35, 20251006 10:40:41
20251006105644, HOOD, 133, 20251031, P, 13, 336, 0.0121, 147.95, -0.2359, 0.6505, -0.1554, 3.8, 20251006 10:40:41
20251006105644, HOOD, 134, 20251031, C, 0, 141, 0.0124, 147.95, 0.7525, 0.6506, -0.1562, 17.03, 20251006 10:40:41
20251006105644, HOOD, 134, 20251031, P, 20, 184, 0.0125, 147.95, -0.2488, 0.6508, -0.1594, 4.06, 20251006 10:40:41
20251006105644, HOOD, 135, 20251031, C, 59, 518, 0.0128, 147.95, 0.7393, 0.6456, -0.1602, 17.8, 20251006 10:40:41
20251006105644, HOOD, 135, 20251031, P, 78, 2562, 0.0129, 147.95, -0.2621, 0.6459, -0.1632, 4.42, 20251006 10:40:41
20251006105644, HOOD, 136, 20251031, C, 13, 100, 0.0132, 147.95, 0.7256, 0.6454, -0.164, 16.8, 20251006 10:40:41
20251006105644, HOOD, 136, 20251031, P, 9, 290, 0.0133, 147.95, -0.2758, 0.644, -0.1669, 4.6, 20251006 10:40:41
20251006105644, HOOD, 137, 20251031, C, 2, 106, 0.0136, 147.95, 0.7116, 0.6421, -0.1676, 16.7, 20251006 10:40:41
20251006105644, HOOD, 137, 20251031, P, 21, 195, 0.0137, 147.95, -0.29, 0.6464, -0.1704, 5.2, 20251006 10:40:41
20251006105644, HOOD, 138, 20251031, C, 9, 105, 0.0139, 147.95, 0.6973, 0.6397, -0.171, 16.33, 20251006 10:40:41
20251006105644, HOOD, 138, 20251031, P, 14, 168, 0.014, 147.95, -0.3044, 0.6403, -0.1737, 5.52, 20251006 10:40:41
20251006105644, HOOD, 139, 20251031, C, 12, 206, 0.0143, 147.95, 0.6826, 0.638, -0.1742, 14.72, 20251006 10:40:41
20251006105644, HOOD, 139, 20251031, P, 13, 68, 0.0144, 147.95, -0.3191, 0.637, -0.1768, 5.92, 20251006 10:40:41
20251006105644, HOOD, 140, 20251031, C, 75, 1774, 0.0146, 147.95, 0.6677, 0.6352, -0.1772, 14.1, 20251006 10:40:41
20251006105644, HOOD, 140, 20251031, P, 167, 416, 0.0147, 147.95, -0.3342, 0.6361, -0.1796, 6.2, 20251006 10:40:41
20251006105644, HOOD, 141, 20251031, C, 50, 188, 0.0149, 147.95, 0.6525, 0.6349, -0.1799, 13.5, 20251006 10:40:41
20251006105644, HOOD, 141, 20251031, P, 5, 344, 0.015, 147.95, -0.3495, 0.6324, -0.1822, 6.75, 20251006 10:40:41
20251006105644, HOOD, 142, 20251031, C, 17, 415, 0.0152, 147.95, 0.637, 0.6283, -0.1824, 13.39, 20251006 10:40:41
20251006105644, HOOD, 142, 20251031, P, 3, 179, 0.0153, 147.95, -0.3651, 0.6327, -0.1846, 7.4, 20251006 10:40:41
20251006105644, HOOD, 143, 20251031, C, 6, 120, 0.0154, 147.95, 0.6213, 0.6309, -0.1846, 12.56, 20251006 10:40:41
20251006105644, HOOD, 143, 20251031, P, 35, 333, 0.0155, 147.95, -0.3809, 0.6303, -0.1867, 7.4, 20251006 10:40:41
20251006105644, HOOD, 144, 20251031, C, 20, 150, 0.0156, 147.95, 0.6054, 0.629, -0.1865, 12.25, 20251006 10:40:41
20251006105644, HOOD, 144, 20251031, P, 1, 161, 0.0157, 147.95, -0.3969, 0.6285, -0.1885, 8.05, 20251006 10:40:41
20251006105644, HOOD, 145, 20251031, C, 86, 759, 0.0158, 147.95, 0.5895, 0.631, -0.1882, 11.6, 20251006 10:40:41
20251006105644, HOOD, 145, 20251031, P, 67, 253, 0.0159, 147.95, -0.413, 0.6256, -0.1901, 8.15, 20251006 10:40:41
20251006105644, HOOD, 146, 20251031, C, 17, 84, 0.016, 147.95, 0.5734, 0.6254, -0.1895, 10.84, 20251006 10:40:41
20251006105644, HOOD, 146, 20251031, P, 26, 197, 0.0161, 147.95, -0.4292, 0.6331, -0.1913, 8.6, 20251006 10:40:41
20251006105644, HOOD, 147, 20251031, C, 96, 168, 0.0161, 147.95, 0.5572, 0.6252, -0.1906, 10.07, 20251006 10:40:41
20251006105644, HOOD, 147, 20251031, P, 13, 62, 0.0162, 147.95, -0.4455, 0.6232, -0.1922, 9, 20251006 10:40:41
20251006105644, HOOD, 148, 20251031, C, 79, 198, 0.0162, 147.95, 0.541, 0.624, -0.1913, 9.95, 20251006 10:40:41
20251006105644, HOOD, 148, 20251031, P, 27, 75, 0.0164, 147.95, -0.4618, 0.6221, -0.1929, 9.75, 20251006 10:40:41
20251006105644, HOOD, 149, 20251031, C, 72, 185, 0.0163, 147.95, 0.5248, 0.6218, -0.1918, 9.11, 20251006 10:40:41
20251006105644, HOOD, 149, 20251031, P, 15, 110, 0.0164, 147.95, -0.4782, 0.6231, -0.1932, 10.4, 20251006 10:40:41
20251006105644, HOOD, 150, 20251031, C, 339, 2723, 0.0164, 147.95, 0.5086, 0.6217, -0.1919, 8.9, 20251006 10:40:41
20251006105644, HOOD, 150, 20251031, P, 49, 264, 0.0165, 147.95, -0.4945, 0.6213, -0.1933, 10.85, 20251006 10:40:41
20251006105644, HOOD, 152.5, 20251031, C, 53, 216, 0.0163, 147.95, 0.4685, 0.622, -0.191, 7.91, 20251006 10:40:41
20251006105644, HOOD, 152.5, 20251031, P, 2, 2, 0.0165, 147.95, -0.5349, 0.62, -0.1921, 12.5, 20251006 10:40:41
20251006105644, HOOD, 155, 20251031, C, 140, 663, 0.0162, 147.95, 0.4294, 0.6207, -0.1884, 6.77, 20251006 10:40:41
20251006105644, HOOD, 155, 20251031, P, 1, 5, 0.0163, 147.95, -0.5745, 0.6202, -0.1892, 13.24, 20251006 10:40:41
20251006105644, HOOD, 157.5, 20251031, C, 50, 396, 0.0158, 147.95, 0.3916, 0.6217, -0.1842, 5.77, 20251006 10:40:41
20251006105644, HOOD, 157.5, 20251031, P, 4, 5, 0.016, 147.95, -0.6127, 0.6262, -0.1848, 15.9, 20251006 10:40:41
20251006105644, HOOD, 160, 20251031, C, 207, 3747, 0.0153, 147.95, 0.3555, 0.6201, -0.1787, 5.11, 20251006 10:40:41
20251006105644, HOOD, 160, 20251031, P, 0, 4, 0.0155, 147.95, -0.6491, 0.621, -0.1789, 16.5, 20251006 10:40:41
20251006105644, HOOD, 162.5, 20251031, C, 40, 166, 0.0147, 147.95, 0.3215, 0.6233, -0.172, 4.6, 20251006 10:40:41
20251006105644, HOOD, 162.5, 20251031, P, 0, 50, 0.0149, 147.95, -0.6836, 0.6204, -0.1721, 23.45, 20251006 10:40:41
20251006105644, HOOD, 165, 20251031, C, 189, 1602, 0.014, 147.95, 0.2897, 0.6248, -0.1645, 3.87, 20251006 10:40:41
20251006105644, HOOD, 165, 20251031, P, 3, 4, 0.0142, 147.95, -0.7157, 0.6289, -0.1642, 21.4, 20251006 10:40:41
20251006105644, HOOD, 170, 20251031, C, 115, 983, 0.0124, 147.95, 0.2332, 0.6299, -0.1477, 2.91, 20251006 10:40:41
20251006105644, HOOD, 170, 20251031, P, 0, 47, 0.0126, 147.95, -0.7731, 0.625, -0.147, 23.5, 20251006 10:40:41
20251006105644, HOOD, 175, 20251031, C, 86, 2354, 0.0108, 147.95, 0.1862, 0.6379, -0.1302, 2.31, 20251006 10:40:41
20251006105644, HOOD, 175, 20251031, P, 0, 2, 0.011, 147.95, -0.8209, 0.6334, -0.1289, 28.7, 20251006 10:40:41
20251006105644, HOOD, 180, 20251031, C, 66, 191, 0.0092, 147.95, 0.148, 0.641, -0.1132, 1.7, 20251006 10:40:41
20251006105644, HOOD, 180, 20251031, P, 20, 31, 0.0094, 147.95, -0.8599, 0.6626, -0.1114, 33.85, 20251006 10:40:41
20251006105644, HOOD, 185, 20251031, C, 3, 79, 0.0077, 147.95, 0.1177, 0.656, -0.0976, 1.46, 20251006 10:40:41
20251006105644, HOOD, 185, 20251031, P, 0, 0, 0.008, 147.95, -0.8911, 0.6678, -0.0953, 0, 20251006 10:40:41
20251006105644, HOOD, 190, 20251031, C, 14, 245, 0.0064, 147.95, 0.0938, 0.667, -0.0838, 1.05, 20251006 10:40:41
20251006105644, HOOD, 190, 20251031, P, 0, 5, 0.0067, 147.95, -0.9158, 0.6443, -0.0812, 50.05, 20251006 10:40:41
20251006105644, HOOD, 195, 20251031, C, 12, 138, 0.0054, 147.95, 0.0752, 0.6776, -0.0718, 0.88, 20251006 10:40:41
20251006105644, HOOD, 195, 20251031, P, 0, 0, 0.0057, 147.95, -0.9352, 0.6579, -0.0691, 0, 20251006 10:40:41
20251006105644, HOOD, 200, 20251031, C, 134, 585, 0.0045, 147.95, 0.0607, 0.6987, -0.0618, 0.64, 20251006 10:40:41
20251006105644, HOOD, 200, 20251031, P, 0, 0, 0.0048, 147.95, -0.9504, 0, -0.059, 0, 20251006 10:40:41
20251006105644, HOOD, 205, 20251031, C, 5, 0, 0.0037, 147.95, 0.0495, 0.6966, -0.0534, 0.53, 20251006 10:40:41
20251006105644, HOOD, 205, 20251031, P, 0, 0, 0.0041, 147.95, -0.9623, 0.6601, -0.0499, 0, 20251006 10:40:41
20251006105644, HOOD, 210, 20251031, C, 0, 0, 0.0031, 147.95, 0.0408, 0.7234, -0.0464, 0, 20251006 10:40:41
20251006105644, HOOD, 210, 20251031, P, 0, 0, 0.0035, 147.95, -0.9718, 0, -0.0422, 0, 20251006 10:40:41
20251006105644, HOOD, 215, 20251031, C, 2, 0, 0.0026, 147.95, 0.0341, 0.723, -0.0407, 0.35, 20251006 10:40:41
20251006105644, HOOD, 215, 20251031, P, 0, 0, 0.003, 147.95, -0.979, 0.8133, -0.0347, 0, 20251006 10:40:41
20251006105644, HOOD, 220, 20251031, C, 0, 0, 0.0022, 147.95, 0.0287, 0.77, -0.036, 0, 20251006 10:40:41
20251006105644, HOOD, 220, 20251031, P, 0, 0, 0.0025, 147.95, -0.9851, 0.8454, -0.0315, 0, 20251006 10:40:41
20251006105644, HOOD, 225, 20251031, C, 45, 0, 0.0019, 147.95, 0.0245, 0.7488, -0.032, 0.27, 20251006 10:40:41
20251006105644, HOOD, 225, 20251031, P, 0, 0, 0.0021, 147.95, -0.9893, 0.8582, -0.0259, 0, 20251006 10:40:41
