20251001095345, PFE, 15, 20251003, C, 2, 8, 0.0002, 25.7419, 0.9996, 0, 0, 10.95, 20251001 09:37:09
20251001095345, PFE, 15, 20251003, P, 0, 50, 0.0002, 25.7419, -0.0002, 2.795, -0.0002, 0.01, 20251001 09:37:09
20251001095345, PFE, 16, 20251003, C, 0, 2, 0.0003, 25.7419, 0.9995, 0, 0, 9.27, 20251001 09:37:09
20251001095345, PFE, 16, 20251003, P, 0, 0, 0.0003, 25.7419, -0.0004, 2.4886, -0.0003, 0, 20251001 09:37:09
20251001095345, PFE, 17, 20251003, C, 0, 2, 0.0005, 25.7419, 0.9993, 0, 0, 8.34, 20251001 09:37:09
20251001095345, PFE, 17, 20251003, P, 0, 0, 0.0005, 25.7419, -0.0005, 2.1992, -0.0004, 0, 20251001 09:37:09
20251001095345, PFE, 18, 20251003, C, 0, 2, 0.0009, 25.7419, 0.9991, 0, 0, 5.68, 20251001 09:37:09
20251001095345, PFE, 18, 20251003, P, 0, 10, 0.0009, 25.7419, -0.0008, 1.9243, -0.0006, 0.02, 20251001 09:37:09
20251001095345, PFE, 19, 20251003, C, 0, 5, 0.0015, 25.7419, 0.9986, 0, 0, 6.07, 20251001 09:37:09
20251001095345, PFE, 19, 20251003, P, 0, 50, 0.0015, 25.7419, -0.0012, 1.6619, -0.0008, 0.02, 20251001 09:37:09
20251001095345, PFE, 19.5, 20251003, C, 0, 36, 0.002, 25.7419, 0.9983, 0, -0.0002, 5.5, 20251001 09:37:09
20251001095345, PFE, 19.5, 20251003, P, 0, 52, 0.002, 25.7419, -0.0015, 1.4114, -0.001, 0.01, 20251001 09:37:09
20251001095345, PFE, 20, 20251003, C, 0, 193, 0.0027, 25.7419, 0.9979, 1.8018, -0.0005, 5.5, 20251001 09:37:09
20251001095345, PFE, 20, 20251003, P, 0, 285, 0.0027, 25.7419, -0.002, 1.2951, -0.0012, 0.01, 20251001 09:37:09
20251001095345, PFE, 20.5, 20251003, C, 0, 2, 0.0037, 25.7419, 0.9973, 0, -0.0009, 4.58, 20251001 09:37:09
20251001095345, PFE, 20.5, 20251003, P, 0, 30, 0.0037, 25.7419, -0.0026, 1.1809, -0.0015, 0.03, 20251001 09:37:09
20251001095345, PFE, 21, 20251003, C, 5, 5, 0.0052, 25.7419, 0.9965, 0, -0.0013, 4.82, 20251001 09:37:09
20251001095345, PFE, 21, 20251003, P, 0, 196, 0.0052, 25.7419, -0.0034, 1.0686, -0.0019, 0.01, 20251001 09:37:09
20251001095345, PFE, 21.5, 20251003, C, 0, 9, 0.0074, 25.7419, 0.9953, 0, -0.0019, 3.9, 20251001 09:37:09
20251001095345, PFE, 21.5, 20251003, P, 0, 347, 0.0074, 25.7419, -0.0046, 0.9581, -0.0024, 0.01, 20251001 09:37:09
20251001095345, PFE, 22, 20251003, C, 0, 48, 0.0107, 25.7419, 0.9935, 0, -0.0027, 3.51, 20251001 09:37:09
20251001095345, PFE, 22, 20251003, P, 0, 958, 0.0108, 25.7419, -0.0063, 0.849, -0.0032, 0.01, 20251001 09:37:09
20251001095345, PFE, 22.5, 20251003, C, 0, 89, 0.0162, 25.7419, 0.9909, 0, -0.0037, 2.99, 20251001 09:37:09
20251001095345, PFE, 22.5, 20251003, P, 1, 1896, 0.0162, 25.7419, -0.009, 0.741, -0.0041, 0.01, 20251001 09:37:09
20251001095345, PFE, 23, 20251003, C, 4, 584, 0.0254, 25.7419, 0.9867, 0.5778, -0.0052, 2.67, 20251001 09:37:09
20251001095345, PFE, 23, 20251003, P, 1, 2580, 0.0255, 25.7419, -0.0132, 0.6339, -0.0056, 0.01, 20251001 09:37:09
20251001095345, PFE, 23.5, 20251003, C, 35, 1232, 0.0421, 25.7419, 0.9795, 0, -0.0075, 2.1, 20251001 09:37:09
20251001095345, PFE, 23.5, 20251003, P, 4, 10515, 0.0422, 25.7419, -0.0204, 0.5274, -0.0078, 0.01, 20251001 09:37:09
20251001095345, PFE, 24, 20251003, C, 90, 17102, 0.0752, 25.7419, 0.9656, 0.5405, -0.0114, 1.75, 20251001 09:37:09
20251001095345, PFE, 24, 20251003, P, 193, 39406, 0.0754, 25.7419, -0.0344, 0.5028, -0.0116, 0.01, 20251001 09:37:09
20251001095345, PFE, 24.5, 20251003, C, 1314, 13307, 0.1502, 25.7419, 0.9322, 0.4934, -0.0198, 1.28, 20251001 09:37:09
20251001095345, PFE, 24.5, 20251003, P, 193, 4872, 0.1503, 25.7419, -0.0676, 0.4229, -0.02, 0.02, 20251001 09:37:09
20251001095345, PFE, 25, 20251003, C, 3275, 34252, 0.3118, 25.7419, 0.8397, 0.3828, -0.0402, 0.84, 20251001 09:37:09
20251001095345, PFE, 25, 20251003, P, 263, 7214, 0.3126, 25.7419, -0.1604, 0.38, -0.0403, 0.06, 20251001 09:37:09
20251001095345, PFE, 25.5, 20251003, C, 3648, 21650, 0.4965, 25.7419, 0.6375, 0.3657, -0.0688, 0.43, 20251001 09:37:09
20251001095345, PFE, 25.5, 20251003, P, 177, 1139, 0.4993, 25.7419, -0.3635, 0.3704, -0.0692, 0.19, 20251001 09:37:09
20251001095345, PFE, 26, 20251003, C, 4635, 20584, 0.4798, 25.7419, 0.3856, 0.402, -0.0744, 0.21, 20251001 09:37:09
20251001095345, PFE, 26, 20251003, P, 431, 245, 0.4836, 25.7419, -0.6169, 0.3736, -0.0751, 0.45, 20251001 09:37:09
20251001095345, PFE, 26.5, 20251003, C, 5112, 4147, 0.3207, 25.7419, 0.2162, 0.4559, -0.0597, 0.11, 20251001 09:37:09
20251001095345, PFE, 26.5, 20251003, P, 2, 14, 0.323, 25.7419, -0.7872, 0.4998, -0.0602, 0.77, 20251001 09:37:09
20251001095345, PFE, 27, 20251003, C, 1224, 4572, 0.2011, 25.7419, 0.1364, 0.537, -0.0481, 0.08, 20251001 09:37:09
20251001095345, PFE, 27, 20251003, P, 0, 3, 0.2023, 25.7419, -0.8669, 0.5926, -0.0481, 1.74, 20251001 09:37:09
20251001095345, PFE, 27.5, 20251003, C, 278, 2396, 0.1349, 25.7419, 0.0979, 0.6059, -0.0415, 0.05, 20251001 09:37:09
20251001095345, PFE, 27.5, 20251003, P, 0, 2, 0.1356, 25.7419, -0.9051, 0.7021, -0.0412, 2.2, 20251001 09:37:09
20251001095345, PFE, 28, 20251003, C, 75, 1220, 0.0967, 25.7419, 0.0754, 0.6711, -0.0369, 0.04, 20251001 09:37:09
20251001095345, PFE, 28, 20251003, P, 0, 24, 0.0971, 25.7419, -0.9273, 0.5101, -0.0364, 2.67, 20251001 09:37:09
20251001095345, PFE, 28.5, 20251003, C, 32, 256, 0.0723, 25.7419, 0.0599, 0.8018, -0.0327, 0.03, 20251001 09:37:09
20251001095345, PFE, 28.5, 20251003, P, 0, 0, 0.0726, 25.7419, -0.9425, 0.801, -0.0321, 0, 20251001 09:37:09
20251001095345, PFE, 29, 20251003, C, 33, 431, 0.0555, 25.7419, 0.0482, 0.9078, -0.0286, 0.02, 20251001 09:37:09
20251001095345, PFE, 29, 20251003, P, 0, 0, 0.0557, 25.7419, -0.9542, 1.1205, -0.028, 5.08, 20251001 09:37:09
20251001095345, PFE, 29.5, 20251003, C, 86, 1174, 0.0432, 25.7419, 0.0387, 0.9569, -0.0245, 0.01, 20251001 09:37:09
20251001095345, PFE, 29.5, 20251003, P, 0, 0, 0.0432, 25.7419, -0.9635, 0, -0.0238, 0, 20251001 09:37:09
20251001095345, PFE, 30, 20251003, C, 76, 959, 0.0336, 25.7419, 0.0306, 0.9826, -0.0204, 0.02, 20251001 09:37:09
20251001095345, PFE, 30, 20251003, P, 0, 0, 0.0335, 25.7419, -0.9715, 0, -0.0197, 0, 20251001 09:37:09
20251001095345, PFE, 30.5, 20251003, C, 2, 106, 0.0258, 25.7419, 0.0235, 1.0701, -0.0161, 0.01, 20251001 09:37:09
20251001095345, PFE, 30.5, 20251003, P, 0, 0, 0.0256, 25.7419, -0.9784, 1.9598, -0.0156, 6.05, 20251001 09:37:09
20251001095345, PFE, 31, 20251003, C, 14, 124, 0.0192, 25.7419, 0.0172, 1.1067, -0.0118, 0.01, 20251001 09:37:09
20251001095345, PFE, 31, 20251003, P, 0, 0, 0.0189, 25.7419, -0.9847, 2.5544, -0.0116, 0, 20251001 09:37:09
20251001095345, PFE, 32, 20251003, C, 0, 12, 0.0088, 25.7419, 0.0072, 1.1018, -0.0047, 0.01, 20251001 09:37:09
20251001095345, PFE, 32, 20251003, P, 0, 0, 0.0082, 25.7419, -0.9943, 2.2586, -0.0053, 0, 20251001 09:37:09
20251001095345, PFE, 33, 20251003, C, 0, 14, 0.0042, 25.7419, 0.0032, 1.2373, -0.002, 0.01, 20251001 09:37:09
20251001095345, PFE, 33, 20251003, P, 0, 0, 0.0035, 25.7419, -0.9979, 2.1274, -0.0033, 0, 20251001 09:37:09
20251001095345, PFE, 34, 20251003, C, 0, 11, 0.0028, 25.7419, 0.0023, 1.367, -0.0015, 0.01, 20251001 09:37:09
20251001095345, PFE, 34, 20251003, P, 0, 0, 0.0022, 25.7419, -0.9986, 2.6152, -0.003, 0, 20251001 09:37:09
20251001095345, PFE, 35, 20251003, C, 0, 25, 0.0021, 25.7419, 0.0018, 1.4913, -0.0012, 0.01, 20251001 09:37:09
20251001095345, PFE, 35, 20251003, P, 0, 1, 0.0016, 25.7419, -0.999, 3.0024, -0.0028, 10.5, 20251001 09:37:09
20251001095345, PFE, 15, 20251010, C, 0, 3, 0.0015, 25.7419, 0.9977, 0, -0.0004, 9.1, 20251001 09:37:09
20251001095345, PFE, 15, 20251010, P, 0, 0, 0.0015, 25.7419, -0.0025, 1.3895, -0.0017, 0, 20251001 09:37:09
20251001095345, PFE, 16, 20251010, C, 0, 0, 0.0021, 25.7419, 0.997, 0, -0.0008, 0, 20251001 09:37:09
20251001095345, PFE, 16, 20251010, P, 0, 0, 0.0021, 25.7419, -0.0032, 1.2375, -0.002, 0, 20251001 09:37:09
20251001095345, PFE, 17, 20251010, C, 0, 1, 0.0029, 25.7419, 0.996, 0, -0.0012, 8.16, 20251001 09:37:09
20251001095345, PFE, 17, 20251010, P, 0, 2, 0.0029, 25.7419, -0.0042, 1.0939, -0.0023, 0.02, 20251001 09:37:09
20251001095345, PFE, 18, 20251010, C, 0, 0, 0.0042, 25.7419, 0.9946, 0, -0.0018, 0, 20251001 09:37:09
20251001095345, PFE, 18, 20251010, P, 0, 3, 0.0042, 25.7419, -0.0056, 1.0493, -0.0027, 0.04, 20251001 09:37:09
20251001095345, PFE, 19, 20251010, C, 0, 5, 0.0063, 25.7419, 0.9925, 0.94, -0.0024, 6.2, 20251001 09:37:09
20251001095345, PFE, 19, 20251010, P, 0, 10, 0.0063, 25.7419, -0.0077, 0.8273, -0.0032, 0.01, 20251001 09:37:09
20251001095345, PFE, 19.5, 20251010, C, 0, 0, 0.0078, 25.7419, 0.9911, 0.8664, -0.0027, 0, 20251001 09:37:09
20251001095345, PFE, 19.5, 20251010, P, 0, 108, 0.0078, 25.7419, -0.0091, 0.7643, -0.0035, 0.01, 20251001 09:37:09
20251001095345, PFE, 20, 20251010, C, 2, 8, 0.0097, 25.7419, 0.9894, 0, -0.0032, 5.7, 20251001 09:37:09
20251001095345, PFE, 20, 20251010, P, 0, 36, 0.0098, 25.7419, -0.0108, 0.7024, -0.0039, 0.01, 20251001 09:37:09
20251001095345, PFE, 20.5, 20251010, C, 0, 3, 0.0123, 25.7419, 0.9871, 0.724, -0.0036, 4.4, 20251001 09:37:09
20251001095345, PFE, 20.5, 20251010, P, 0, 2, 0.0124, 25.7419, -0.0131, 0.7334, -0.0043, 0.01, 20251001 09:37:09
20251001095345, PFE, 21, 20251010, C, 0, 21, 0.0158, 25.7419, 0.9842, 0.655, -0.0042, 4.15, 20251001 09:37:09
20251001095345, PFE, 21, 20251010, P, 0, 11, 0.0159, 25.7419, -0.016, 0.6669, -0.0048, 0.02, 20251001 09:37:09
20251001095345, PFE, 21.5, 20251010, C, 0, 2, 0.0207, 25.7419, 0.9803, 0.5874, -0.0048, 3.95, 20251001 09:37:09
20251001095345, PFE, 21.5, 20251010, P, 0, 43, 0.0207, 25.7419, -0.0199, 0.5796, -0.0054, 0.01, 20251001 09:37:09
20251001095345, PFE, 22, 20251010, C, 0, 17, 0.0275, 25.7419, 0.975, 0, -0.0056, 3.65, 20251001 09:37:09
20251001095345, PFE, 22, 20251010, P, 0, 104, 0.0276, 25.7419, -0.0253, 0.5165, -0.0061, 0.02, 20251001 09:37:09
20251001095345, PFE, 22.5, 20251010, C, 0, 46, 0.0376, 25.7419, 0.9675, 0.4553, -0.0066, 2.65, 20251001 09:37:09
20251001095345, PFE, 22.5, 20251010, P, 4, 143, 0.0377, 25.7419, -0.0328, 0.4718, -0.007, 0.02, 20251001 09:37:09
20251001095345, PFE, 23, 20251010, C, 1, 164, 0.0528, 25.7419, 0.9563, 0, -0.0078, 2.82, 20251001 09:37:09
20251001095345, PFE, 23, 20251010, P, 32, 1934, 0.053, 25.7419, -0.044, 0.4221, -0.0082, 0.03, 20251001 09:37:09
20251001095345, PFE, 23.5, 20251010, C, 4, 241, 0.0767, 25.7419, 0.9389, 0.488, -0.0094, 2.3, 20251001 09:37:09
20251001095345, PFE, 23.5, 20251010, P, 0, 2706, 0.0772, 25.7419, -0.0616, 0.3786, -0.0098, 0.05, 20251001 09:37:09
20251001095345, PFE, 24, 20251010, C, 42, 4289, 0.1159, 25.7419, 0.9094, 0.3545, -0.0117, 1.76, 20251001 09:37:09
20251001095345, PFE, 24, 20251010, P, 185, 5187, 0.1168, 25.7419, -0.0914, 0.342, -0.012, 0.05, 20251001 09:37:09
20251001095345, PFE, 24.5, 20251010, C, 91, 3649, 0.1794, 25.7419, 0.8545, 0.316, -0.0153, 1.41, 20251001 09:37:09
20251001095345, PFE, 24.5, 20251010, P, 23, 1413, 0.181, 25.7419, -0.1468, 0.3073, -0.0156, 0.1, 20251001 09:37:09
20251001095345, PFE, 25, 20251010, C, 709, 9097, 0.2632, 25.7419, 0.7536, 0.2977, -0.0204, 0.96, 20251001 09:37:09
20251001095345, PFE, 25, 20251010, P, 165, 6465, 0.266, 25.7419, -0.2488, 0.2912, -0.0207, 0.17, 20251001 09:37:09
20251001095345, PFE, 25.5, 20251010, C, 1761, 5290, 0.327, 25.7419, 0.6045, 0.2849, -0.0249, 0.63, 20251001 09:37:09
20251001095345, PFE, 25.5, 20251010, P, 89, 1995, 0.3309, 25.7419, -0.3998, 0.279, -0.0252, 0.35, 20251001 09:37:09
20251001095345, PFE, 26, 20251010, C, 2079, 8922, 0.3305, 25.7419, 0.4381, 0.2917, -0.0258, 0.38, 20251001 09:37:09
20251001095345, PFE, 26, 20251010, P, 19, 649, 0.3347, 25.7419, -0.5682, 0.2848, -0.0262, 0.49, 20251001 09:37:09
20251001095345, PFE, 26.5, 20251010, C, 222, 3409, 0.2765, 25.7419, 0.2949, 0.3068, -0.0234, 0.24, 20251001 09:37:09
20251001095345, PFE, 26.5, 20251010, P, 0, 478, 0.2802, 25.7419, -0.7128, 0.2636, -0.0236, 1.22, 20251001 09:37:09
20251001095345, PFE, 27, 20251010, C, 460, 1713, 0.2053, 25.7419, 0.2, 0.3251, -0.0205, 0.15, 20251001 09:37:09
20251001095345, PFE, 27, 20251010, P, 1, 11, 0.209, 25.7419, -0.8084, 0.3588, -0.0206, 1.2, 20251001 09:37:09
20251001095345, PFE, 27.5, 20251010, C, 129, 353, 0.1492, 25.7419, 0.1409, 0.3542, -0.0177, 0.1, 20251001 09:37:09
20251001095345, PFE, 27.5, 20251010, P, 0, 5, 0.1532, 25.7419, -0.8678, 0.6635, -0.0179, 2.81, 20251001 09:37:09
20251001095345, PFE, 28, 20251010, C, 73, 546, 0.1094, 25.7419, 0.1024, 0.3945, -0.0151, 0.08, 20251001 09:37:09
20251001095345, PFE, 28, 20251010, P, 0, 1, 0.1138, 25.7419, -0.9067, 0.4808, -0.0155, 3.65, 20251001 09:37:09
20251001095345, PFE, 28.5, 20251010, C, 52, 28, 0.0819, 25.7419, 0.0774, 0.4394, -0.0131, 0.06, 20251001 09:37:09
20251001095345, PFE, 28.5, 20251010, P, 0, 1, 0.0865, 25.7419, -0.932, 0.3946, -0.0136, 3.49, 20251001 09:37:09
20251001095345, PFE, 29, 20251010, C, 0, 226, 0.0632, 25.7419, 0.0613, 0.4578, -0.0117, 0.03, 20251001 09:37:09
20251001095345, PFE, 29, 20251010, P, 0, 3, 0.0677, 25.7419, -0.9481, 0.4469, -0.0122, 5.35, 20251001 09:37:09
20251001095345, PFE, 29.5, 20251010, C, 0, 35, 0.0502, 25.7419, 0.0502, 0.5093, -0.0106, 0.04, 20251001 09:37:09
20251001095345, PFE, 29.5, 20251010, P, 0, 0, 0.0539, 25.7419, -0.9593, 0, -0.0111, 0, 20251001 09:37:09
20251001095345, PFE, 30, 20251010, C, 555, 835, 0.0406, 25.7419, 0.0418, 0.5705, -0.0097, 0.05, 20251001 09:37:09
20251001095345, PFE, 30, 20251010, P, 0, 10, 0.0439, 25.7419, -0.9675, 0, -0.0101, 4.54, 20251001 09:37:09
20251001095345, PFE, 31, 20251010, C, 7, 5, 0.0277, 25.7419, 0.0302, 0.6394, -0.0081, 0.02, 20251001 09:37:09
20251001095345, PFE, 31, 20251010, P, 9, 0, 0.0296, 25.7419, -0.9789, 0, -0.0084, 5.35, 20251001 09:37:09
20251001095345, PFE, 32, 20251010, C, 0, 3, 0.0201, 25.7419, 0.0231, 0.7107, -0.0071, 0.04, 20251001 09:37:09
20251001095345, PFE, 32, 20251010, P, 0, 0, 0.0209, 25.7419, -0.9856, 0.9474, -0.0072, 0, 20251001 09:37:09
20251001095345, PFE, 33, 20251010, C, 0, 1, 0.0153, 25.7419, 0.0186, 0.7734, -0.0064, 0.02, 20251001 09:37:09
20251001095345, PFE, 33, 20251010, P, 0, 0, 0.0154, 25.7419, -0.9894, 1.6428, -0.0063, 0, 20251001 09:37:09
20251001095345, PFE, 34, 20251010, C, 0, 2, 0.012, 25.7419, 0.0154, 0.8272, -0.0058, 0.02, 20251001 09:37:09
20251001095345, PFE, 34, 20251010, P, 0, 0, 0.0114, 25.7419, -0.9921, 1.3244, -0.0057, 0, 20251001 09:37:09
20251001095345, PFE, 35, 20251010, C, 84, 7, 0.0097, 25.7419, 0.013, 0.7975, -0.0053, 0.01, 20251001 09:37:09
20251001095345, PFE, 35, 20251010, P, 0, 0, 0.0087, 25.7419, -0.994, 0, -0.0053, 0, 20251001 09:37:09
20251001095345, PFE, 12, 20251017, C, 0, 8, 0.0005, 25.7419, 0.9993, 0, 0, 12.6, 20251001 09:37:09
20251001095345, PFE, 12, 20251017, P, 0, 66, 0.0005, 25.7419, -0.0009, 1.4448, -0.0005, 0.01, 20251001 09:37:09
20251001095345, PFE, 13, 20251017, C, 0, 3, 0.0006, 25.7419, 0.999, 1.4311, 0, 11.1, 20251001 09:37:09
20251001095345, PFE, 13, 20251017, P, 0, 1913, 0.0006, 25.7419, -0.0012, 1.2104, -0.0006, 0.01, 20251001 09:37:09
20251001095345, PFE, 14, 20251017, C, 0, 14, 0.0009, 25.7419, 0.9986, 0, 0, 10.66, 20251001 09:37:09
20251001095345, PFE, 14, 20251017, P, 0, 508, 0.0009, 25.7419, -0.0016, 1.0879, -0.0007, 0.01, 20251001 09:37:09
20251001095345, PFE, 15, 20251017, C, 0, 48, 0.0013, 25.7419, 0.9981, 0, 0, 9.14, 20251001 09:37:09
20251001095345, PFE, 15, 20251017, P, 0, 25, 0.0013, 25.7419, -0.0021, 1.0507, -0.0009, 0.01, 20251001 09:37:09
20251001095345, PFE, 16, 20251017, C, 0, 5, 0.0019, 25.7419, 0.9973, 0.9824, 0, 7.61, 20251001 09:37:09
20251001095345, PFE, 16, 20251017, P, 0, 100, 0.0019, 25.7419, -0.0028, 0.9359, -0.0011, 0.13, 20251001 09:37:09
20251001095345, PFE, 17, 20251017, C, 0, 94, 0.0028, 25.7419, 0.9963, 0, -0.0002, 6.75, 20251001 09:37:09
20251001095345, PFE, 17, 20251017, P, 0, 3, 0.0028, 25.7419, -0.0039, 0.8275, -0.0013, 0.06, 20251001 09:37:09
20251001095345, PFE, 18, 20251017, C, 0, 101, 0.0041, 25.7419, 0.9948, 0.7278, -0.0006, 7, 20251001 09:37:09
20251001095345, PFE, 18, 20251017, P, 0, 133, 0.0041, 25.7419, -0.0054, 0.6685, -0.0016, 0.01, 20251001 09:37:09
20251001095345, PFE, 19, 20251017, C, 0, 169, 0.0063, 25.7419, 0.9925, 0.6105, -0.0011, 6.1, 20251001 09:37:09
20251001095345, PFE, 19, 20251017, P, 0, 64, 0.0063, 25.7419, -0.0077, 0.6262, -0.002, 0.02, 20251001 09:37:09
20251001095345, PFE, 19.5, 20251017, C, 0, 218, 0.0079, 25.7419, 0.9909, 0.5538, -0.0014, 5.6, 20251001 09:37:09
20251001095345, PFE, 19.5, 20251017, P, 0, 0, 0.008, 25.7419, -0.0093, 0.6365, -0.0022, 0, 20251001 09:37:09
20251001095345, PFE, 20, 20251017, C, 0, 151, 0.01, 25.7419, 0.9889, 0.4983, -0.0018, 5.55, 20251001 09:37:09
20251001095345, PFE, 20, 20251017, P, 0, 2587, 0.01, 25.7419, -0.0113, 0.5319, -0.0025, 0.01, 20251001 09:37:09
20251001095345, PFE, 20.5, 20251017, C, 0, 23, 0.0128, 25.7419, 0.9863, 0.4437, -0.0021, 3.9, 20251001 09:37:09
20251001095345, PFE, 20.5, 20251017, P, 0, 0, 0.0128, 25.7419, -0.0139, 0.5555, -0.0028, 0, 20251001 09:37:09
20251001095345, PFE, 21, 20251017, C, 12, 138, 0.0166, 25.7419, 0.9829, 0.3897, -0.0025, 4.9, 20251001 09:37:09
20251001095345, PFE, 21, 20251017, P, 0, 889, 0.0167, 25.7419, -0.0174, 0.5052, -0.0031, 0.01, 20251001 09:37:09
20251001095345, PFE, 21.5, 20251017, C, 0, 10, 0.0218, 25.7419, 0.9783, 0.4636, -0.003, 3.78, 20251001 09:37:09
20251001095345, PFE, 21.5, 20251017, P, 0, 64, 0.022, 25.7419, -0.022, 0.4702, -0.0036, 0.04, 20251001 09:37:09
20251001095345, PFE, 22, 20251017, C, 2, 232, 0.0294, 25.7419, 0.9718, 0.411, -0.0037, 3.9, 20251001 09:37:09
20251001095345, PFE, 22, 20251017, P, 1, 6229, 0.0296, 25.7419, -0.0285, 0.432, -0.0042, 0.03, 20251001 09:37:09
20251001095345, PFE, 22.5, 20251017, C, 0, 18, 0.0404, 25.7419, 0.9625, 0, -0.0044, 2.6, 20251001 09:37:09
20251001095345, PFE, 22.5, 20251017, P, 0, 196, 0.0407, 25.7419, -0.038, 0.3445, -0.0049, 0.03, 20251001 09:37:09
20251001095345, PFE, 23, 20251017, C, 21, 4416, 0.057, 25.7419, 0.9482, 0.3554, -0.0055, 3.15, 20251001 09:37:09
20251001095345, PFE, 23, 20251017, P, 33, 10847, 0.0575, 25.7419, -0.0524, 0.3396, -0.0059, 0.03, 20251001 09:37:09
20251001095345, PFE, 23.5, 20251017, C, 1, 604, 0.0826, 25.7419, 0.9252, 0.1893, -0.0069, 2.68, 20251001 09:37:09
20251001095345, PFE, 23.5, 20251017, P, 13, 2782, 0.0833, 25.7419, -0.0756, 0.3161, -0.0073, 0.05, 20251001 09:37:09
20251001095345, PFE, 24, 20251017, C, 75, 11265, 0.1213, 25.7419, 0.8863, 0.294, -0.009, 1.91, 20251001 09:37:09
20251001095345, PFE, 24, 20251017, P, 99, 23090, 0.1225, 25.7419, -0.1149, 0.2914, -0.0093, 0.1, 20251001 09:37:09
20251001095345, PFE, 24.5, 20251017, C, 68, 4410, 0.1742, 25.7419, 0.8214, 0.2876, -0.0118, 1.3, 20251001 09:37:09
20251001095345, PFE, 24.5, 20251017, P, 25, 1280, 0.1762, 25.7419, -0.1807, 0.2756, -0.0121, 0.15, 20251001 09:37:09
20251001095345, PFE, 25, 20251017, C, 880, 41299, 0.231, 25.7419, 0.7228, 0.2719, -0.0149, 1.1, 20251001 09:37:09
20251001095345, PFE, 25, 20251017, P, 37, 20666, 0.2339, 25.7419, -0.2805, 0.2706, -0.0152, 0.29, 20251001 09:37:09
20251001095345, PFE, 25.5, 20251017, C, 402, 7964, 0.2694, 25.7419, 0.5957, 0.2707, -0.0172, 0.78, 20251001 09:37:09
20251001095345, PFE, 25.5, 20251017, P, 207, 2043, 0.2734, 25.7419, -0.4095, 0.2644, -0.0175, 0.47, 20251001 09:37:09
20251001095345, PFE, 26, 20251017, C, 1464, 41143, 0.2721, 25.7419, 0.4593, 0.2714, -0.0179, 0.51, 20251001 09:37:09
20251001095345, PFE, 26, 20251017, P, 52, 1723, 0.2771, 25.7419, -0.548, 0.2526, -0.0182, 0.69, 20251001 09:37:09
20251001095345, PFE, 26.5, 20251017, C, 96, 2416, 0.242, 25.7419, 0.3368, 0.2771, -0.017, 0.27, 20251001 09:37:09
20251001095345, PFE, 26.5, 20251017, P, 0, 14, 0.2476, 25.7419, -0.6727, 0.3008, -0.0173, 1.55, 20251001 09:37:09
20251001095345, PFE, 27, 20251017, C, 431, 43191, 0.1967, 25.7419, 0.2417, 0.2894, -0.0152, 0.2, 20251001 09:37:09
20251001095345, PFE, 27, 20251017, P, 0, 1424, 0.202, 25.7419, -0.7695, 0.4773, -0.0154, 1.65, 20251001 09:37:09
20251001095345, PFE, 27.5, 20251017, C, 65, 304, 0.1527, 25.7419, 0.1751, 0.3077, -0.0132, 0.14, 20251001 09:37:09
20251001095345, PFE, 27.5, 20251017, P, 0, 0, 0.1579, 25.7419, -0.8374, 0.2606, -0.0134, 0, 20251001 09:37:09
20251001095345, PFE, 28, 20251017, C, 2305, 7632, 0.1172, 25.7419, 0.1306, 0.3244, -0.0116, 0.12, 20251001 09:37:09
20251001095345, PFE, 28, 20251017, P, 0, 410, 0.1225, 25.7419, -0.8826, 0.3254, -0.0117, 2.49, 20251001 09:37:09
20251001095345, PFE, 28.5, 20251017, C, 5, 31, 0.0909, 25.7419, 0.1009, 0.3523, -0.0102, 0.09, 20251001 09:37:09
20251001095345, PFE, 28.5, 20251017, P, 0, 2, 0.0964, 25.7419, -0.9128, 0.3937, -0.0105, 3.85, 20251001 09:37:09
20251001095345, PFE, 29, 20251017, C, 49, 1980, 0.0717, 25.7419, 0.0804, 0.3656, -0.0092, 0.08, 20251001 09:37:09
20251001095345, PFE, 29, 20251017, P, 0, 4, 0.0775, 25.7419, -0.9337, 0.3556, -0.0096, 3.5, 20251001 09:37:09
20251001095345, PFE, 29.5, 20251017, C, 0, 4, 0.0575, 25.7419, 0.0656, 0.3738, -0.0083, 0.05, 20251001 09:37:09
20251001095345, PFE, 29.5, 20251017, P, 0, 0, 0.0633, 25.7419, -0.9487, 0.3949, -0.0088, 5.4, 20251001 09:37:09
20251001095345, PFE, 30, 20251017, C, 324, 5285, 0.0469, 25.7419, 0.0545, 0.445, -0.0076, 0.05, 20251001 09:37:09
20251001095345, PFE, 30, 20251017, P, 0, 4, 0.0528, 25.7419, -0.96, 0, -0.0081, 5.21, 20251001 09:37:09
20251001095345, PFE, 31, 20251017, C, 5, 591, 0.0324, 25.7419, 0.0392, 0.4809, -0.0064, 0.03, 20251001 09:37:09
20251001095345, PFE, 31, 20251017, P, 0, 0, 0.0368, 25.7419, -0.9755, 0.5054, -0.0069, 6.41, 20251001 09:37:09
20251001095345, PFE, 32, 20251017, C, 0, 255, 0.0234, 25.7419, 0.0293, 0.5471, -0.0054, 0.04, 20251001 09:37:09
20251001095345, PFE, 32, 20251017, P, 0, 1, 0.0253, 25.7419, -0.9851, 0, -0.0056, 7.3, 20251001 09:37:09
20251001095345, PFE, 33, 20251017, C, 0, 143, 0.0174, 25.7419, 0.0226, 0.5662, -0.0047, 0.02, 20251001 09:37:09
20251001095345, PFE, 33, 20251017, P, 0, 0, 0.0168, 25.7419, -0.9911, 0, -0.0049, 8.5, 20251001 09:37:09
20251001095345, PFE, 34, 20251017, C, 0, 19, 0.0134, 25.7419, 0.0179, 0.5511, -0.004, 0.01, 20251001 09:37:09
20251001095345, PFE, 34, 20251017, P, 0, 1, 0.0108, 25.7419, -0.9946, 0, -0.0042, 10.1, 20251001 09:37:09
20251001095345, PFE, 35, 20251017, C, 1, 241, 0.0105, 25.7419, 0.0144, 0.6007, -0.0036, 0.01, 20251001 09:37:09
20251001095345, PFE, 35, 20251017, P, 0, 2, 0.0069, 25.7419, -0.997, 0, -0.0036, 10.65, 20251001 09:37:09
20251001095345, PFE, 15, 20251024, C, 0, 31, 0.0024, 25.7419, 0.9958, 0, -0.0002, 9.6, 20251001 09:37:09
20251001095345, PFE, 15, 20251024, P, 0, 12, 0.0024, 25.7419, -0.0045, 0.8802, -0.0014, 0.03, 20251001 09:37:09
20251001095345, PFE, 16, 20251024, C, 0, 0, 0.0033, 25.7419, 0.9945, 1.1023, -0.0006, 0, 20251001 09:37:09
20251001095345, PFE, 16, 20251024, P, 0, 0, 0.0033, 25.7419, -0.0059, 0.7842, -0.0017, 0, 20251001 09:37:09
20251001095345, PFE, 17, 20251024, C, 0, 0, 0.0046, 25.7419, 0.9927, 0, -0.0009, 0, 20251001 09:37:09
20251001095345, PFE, 17, 20251024, P, 0, 0, 0.0046, 25.7419, -0.0077, 0.6935, -0.0019, 0, 20251001 09:37:09
20251001095345, PFE, 18, 20251024, C, 0, 0, 0.0065, 25.7419, 0.9902, 0, -0.0014, 0, 20251001 09:37:09
20251001095345, PFE, 18, 20251024, P, 0, 0, 0.0065, 25.7419, -0.0102, 0.6074, -0.0022, 0, 20251001 09:37:09
20251001095345, PFE, 19, 20251024, C, 0, 0, 0.0094, 25.7419, 0.9868, 0.5399, -0.0018, 0, 20251001 09:37:09
20251001095345, PFE, 19, 20251024, P, 0, 0, 0.0094, 25.7419, -0.0136, 0.5252, -0.0026, 0, 20251001 09:37:09
20251001095345, PFE, 19.5, 20251024, C, 0, 0, 0.0114, 25.7419, 0.9845, 0, -0.0021, 0, 20251001 09:37:09
20251001095345, PFE, 19.5, 20251024, P, 0, 16, 0.0114, 25.7419, -0.0159, 0.746, -0.0028, 0.03, 20251001 09:37:09
20251001095345, PFE, 20, 20251024, C, 0, 16, 0.0139, 25.7419, 0.9818, 0.5359, -0.0023, 4.31, 20251001 09:37:09
20251001095345, PFE, 20, 20251024, P, 0, 1, 0.014, 25.7419, -0.0187, 0.5089, -0.003, 0.06, 20251001 09:37:09
20251001095345, PFE, 20.5, 20251024, C, 0, 56, 0.0172, 25.7419, 0.9784, 0, -0.0026, 4.8, 20251001 09:37:09
20251001095345, PFE, 20.5, 20251024, P, 0, 16, 0.0173, 25.7419, -0.0221, 0.5444, -0.0032, 0.05, 20251001 09:37:09
20251001095345, PFE, 21, 20251024, C, 0, 104, 0.0215, 25.7419, 0.9741, 0.4406, -0.003, 4.4, 20251001 09:37:09
20251001095345, PFE, 21, 20251024, P, 0, 13, 0.0216, 25.7419, -0.0264, 0.4373, -0.0035, 0.03, 20251001 09:37:09
20251001095345, PFE, 21.5, 20251024, C, 0, 4, 0.0272, 25.7419, 0.9686, 0.302, -0.0033, 3, 20251001 09:37:09
20251001095345, PFE, 21.5, 20251024, P, 0, 62, 0.0274, 25.7419, -0.032, 0.406, -0.0038, 0.04, 20251001 09:37:09
20251001095345, PFE, 22, 20251024, C, 0, 113, 0.0351, 25.7419, 0.9611, 0.3945, -0.0038, 3.7, 20251001 09:37:09
20251001095345, PFE, 22, 20251024, P, 0, 142, 0.0354, 25.7419, -0.0396, 0.3724, -0.0042, 0.04, 20251001 09:37:09
20251001095345, PFE, 22.5, 20251024, C, 0, 5, 0.0465, 25.7419, 0.9502, 0, -0.0044, 3.15, 20251001 09:37:09
20251001095345, PFE, 22.5, 20251024, P, 0, 726, 0.0469, 25.7419, -0.0505, 0.3515, -0.0048, 0.04, 20251001 09:37:09
20251001095345, PFE, 23, 20251024, C, 0, 106, 0.0633, 25.7419, 0.9333, 0.2612, -0.0052, 2.31, 20251001 09:37:09
20251001095345, PFE, 23, 20251024, P, 23, 848, 0.0639, 25.7419, -0.0676, 0.3063, -0.0056, 0.02, 20251001 09:37:09
20251001095345, PFE, 23.5, 20251024, C, 2, 158, 0.0883, 25.7419, 0.9057, 0.2341, -0.0065, 2.3, 20251001 09:37:09
20251001095345, PFE, 23.5, 20251024, P, 1, 1120, 0.0892, 25.7419, -0.0956, 0.2912, -0.0068, 0.07, 20251001 09:37:09
20251001095345, PFE, 24, 20251024, C, 3, 844, 0.1229, 25.7419, 0.861, 0.2779, -0.0083, 1.9, 20251001 09:37:09
20251001095345, PFE, 24, 20251024, P, 20, 796, 0.1244, 25.7419, -0.1409, 0.2791, -0.0086, 0.14, 20251001 09:37:09
20251001095345, PFE, 24.5, 20251024, C, 10, 856, 0.1644, 25.7419, 0.7936, 0.2681, -0.0104, 1.4, 20251001 09:37:09
20251001095345, PFE, 24.5, 20251024, P, 0, 194, 0.1667, 25.7419, -0.2093, 0.264, -0.0107, 0.28, 20251001 09:37:09
20251001095345, PFE, 25, 20251024, C, 43, 3423, 0.2041, 25.7419, 0.7018, 0.2576, -0.0126, 1.17, 20251001 09:37:09
20251001095345, PFE, 25, 20251024, P, 32, 601, 0.2074, 25.7419, -0.3025, 0.2585, -0.0129, 0.29, 20251001 09:37:09
20251001095345, PFE, 25.5, 20251024, C, 206, 3676, 0.2302, 25.7419, 0.5916, 0.26, -0.0141, 0.85, 20251001 09:37:09
20251001095345, PFE, 25.5, 20251024, P, 12, 62, 0.2348, 25.7419, -0.4148, 0.2428, -0.0144, 0.59, 20251001 09:37:09
20251001095345, PFE, 26, 20251024, C, 165, 9185, 0.2345, 25.7419, 0.4748, 0.263, -0.0146, 0.59, 20251001 09:37:09
20251001095345, PFE, 26, 20251024, P, 22, 27, 0.2402, 25.7419, -0.534, 0.2587, -0.0149, 0.64, 20251001 09:37:09
20251001095345, PFE, 26.5, 20251024, C, 772, 694, 0.2172, 25.7419, 0.3658, 0.2653, -0.014, 0.43, 20251001 09:37:09
20251001095345, PFE, 26.5, 20251024, P, 0, 400, 0.2239, 25.7419, -0.6458, 0.5397, -0.0144, 2.86, 20251001 09:37:09
20251001095345, PFE, 27, 20251024, C, 99, 834, 0.1864, 25.7419, 0.2747, 0.2723, -0.0128, 0.31, 20251001 09:37:09
20251001095345, PFE, 27, 20251024, P, 0, 0, 0.1936, 25.7419, -0.7396, 0.2729, -0.0131, 3.29, 20251001 09:37:09
20251001095345, PFE, 27.5, 20251024, C, 7, 265, 0.1522, 25.7419, 0.2049, 0.2832, -0.0113, 0.21, 20251001 09:37:09
20251001095345, PFE, 27.5, 20251024, P, 0, 0, 0.1592, 25.7419, -0.8116, 0.4499, -0.0116, 2.83, 20251001 09:37:09
20251001095345, PFE, 28, 20251024, C, 126, 117, 0.1212, 25.7419, 0.1542, 0.2936, -0.0098, 0.15, 20251001 09:37:09
20251001095345, PFE, 28, 20251024, P, 0, 0, 0.1282, 25.7419, -0.8639, 0.3436, -0.0101, 0, 20251001 09:37:09
20251001095345, PFE, 28.5, 20251024, C, 0, 12, 0.0959, 25.7419, 0.1181, 0.3133, -0.0086, 0.11, 20251001 09:37:09
20251001095345, PFE, 28.5, 20251024, P, 0, 1, 0.1035, 25.7419, -0.9014, 0.3588, -0.0088, 4.77, 20251001 09:37:09
20251001095345, PFE, 29, 20251024, C, 0, 95, 0.0761, 25.7419, 0.0922, 0.3343, -0.0075, 0.07, 20251001 09:37:09
20251001095345, PFE, 29, 20251024, P, 0, 0, 0.085, 25.7419, -0.9286, 0.3115, -0.0079, 4.21, 20251001 09:37:09
20251001095345, PFE, 29.5, 20251024, C, 0, 0, 0.0609, 25.7419, 0.0734, 0.3845, -0.0066, 0, 20251001 09:37:09
20251001095345, PFE, 29.5, 20251024, P, 0, 0, 0.0704, 25.7419, -0.9481, 0.4274, -0.0073, 0, 20251001 09:37:09
20251001095345, PFE, 30, 20251024, C, 0, 514, 0.0493, 25.7419, 0.0594, 0.3567, -0.0058, 0.05, 20251001 09:37:09
20251001095345, PFE, 30, 20251024, P, 0, 0, 0.0579, 25.7419, -0.9635, 0, -0.0066, 0, 20251001 09:37:09
20251001095345, PFE, 31, 20251024, C, 0, 54, 0.0334, 25.7419, 0.0408, 0.4248, -0.0047, 0.04, 20251001 09:37:09
20251001095345, PFE, 31, 20251024, P, 0, 0, 0.0361, 25.7419, -0.9823, 0.4409, -0.0054, 0, 20251001 09:37:09
20251001095345, PFE, 32, 20251024, C, 0, 0, 0.0235, 25.7419, 0.0293, 0.5962, -0.0038, 0, 20251001 09:37:09
20251001095345, PFE, 32, 20251024, P, 0, 0, 0.0204, 25.7419, -0.9923, 0, -0.0041, 0, 20251001 09:37:09
20251001095345, PFE, 33, 20251024, C, 0, 0, 0.0172, 25.7419, 0.022, 0.5185, -0.0032, 0, 20251001 09:37:09
20251001095345, PFE, 33, 20251024, P, 0, 0, 0.0096, 25.7419, -0.9965, 0, -0.0036, 0, 20251001 09:37:09
20251001095345, PFE, 35, 20251024, C, 1, 5, 0.01, 25.7419, 0.0134, 0.5268, -0.0023, 0.01, 20251001 09:37:09
20251001095345, PFE, 35, 20251024, P, 0, 0, 0.0017, 25.7419, -0.9995, 0, -0.0032, 0, 20251001 09:37:09
20251001095345, PFE, 15, 20251031, C, 0, 2, 0.0025, 25.7419, 0.9955, 1.0576, 0, 9.96, 20251001 09:37:09
20251001095345, PFE, 15, 20251031, P, 0, 0, 0.0025, 25.7419, -0.0048, 0.7729, -0.0012, 0, 20251001 09:37:09
20251001095345, PFE, 16, 20251031, C, 0, 0, 0.0034, 25.7419, 0.9942, 0, -0.0001, 0, 20251001 09:37:09
20251001095345, PFE, 16, 20251031, P, 0, 0, 0.0034, 25.7419, -0.0062, 0.7754, -0.0014, 0, 20251001 09:37:09
20251001095345, PFE, 17, 20251031, C, 0, 0, 0.0047, 25.7419, 0.9924, 0, -0.0004, 0, 20251001 09:37:09
20251001095345, PFE, 17, 20251031, P, 0, 0, 0.0047, 25.7419, -0.008, 0.6875, -0.0016, 0, 20251001 09:37:09
20251001095345, PFE, 18, 20251031, C, 0, 0, 0.0066, 25.7419, 0.99, 0, -0.0008, 0, 20251001 09:37:09
20251001095345, PFE, 18, 20251031, P, 0, 0, 0.0066, 25.7419, -0.0104, 0.5337, -0.0018, 0, 20251001 09:37:09
20251001095345, PFE, 19, 20251031, C, 0, 0, 0.0094, 25.7419, 0.9866, 1.1996, -0.0012, 0, 20251001 09:37:09
20251001095345, PFE, 19, 20251031, P, 0, 0, 0.0095, 25.7419, -0.0138, 0.5391, -0.002, 0, 20251001 09:37:09
20251001095345, PFE, 19.5, 20251031, C, 0, 0, 0.0114, 25.7419, 0.9844, 0, -0.0014, 0, 20251001 09:37:09
20251001095345, PFE, 19.5, 20251031, P, 0, 0, 0.0115, 25.7419, -0.016, 0.5123, -0.0022, 0, 20251001 09:37:09
20251001095345, PFE, 20, 20251031, C, 0, 28, 0.0139, 25.7419, 0.9817, 0, -0.0016, 4.95, 20251001 09:37:09
20251001095345, PFE, 20, 20251031, P, 0, 113, 0.014, 25.7419, -0.0188, 0.4726, -0.0024, 0.02, 20251001 09:37:09
20251001095345, PFE, 20.5, 20251031, C, 0, 12, 0.0171, 25.7419, 0.9783, 0, -0.0018, 4.14, 20251001 09:37:09
20251001095345, PFE, 20.5, 20251031, P, 0, 1, 0.0173, 25.7419, -0.0222, 0.4439, -0.0026, 0.09, 20251001 09:37:09
20251001095345, PFE, 21, 20251031, C, 0, 10, 0.0214, 25.7419, 0.9739, 0.3348, -0.0021, 3.85, 20251001 09:37:09
20251001095345, PFE, 21, 20251031, P, 0, 79, 0.0216, 25.7419, -0.0266, 0.3848, -0.0028, 0.07, 20251001 09:37:09
20251001095345, PFE, 21.5, 20251031, C, 0, 1, 0.0274, 25.7419, 0.968, 0, -0.0025, 4.1, 20251001 09:37:09
20251001095345, PFE, 21.5, 20251031, P, 0, 92, 0.0276, 25.7419, -0.0327, 0.3821, -0.0031, 0.04, 20251001 09:37:09
20251001095345, PFE, 22, 20251031, C, 0, 20, 0.0357, 25.7419, 0.9593, 0.3169, -0.003, 3.5, 20251001 09:37:09
20251001095345, PFE, 22, 20251031, P, 0, 189, 0.0361, 25.7419, -0.0414, 0.3495, -0.0035, 0.06, 20251001 09:37:09
20251001095345, PFE, 22.5, 20251031, C, 0, 87, 0.0479, 25.7419, 0.9462, 0.214, -0.0036, 2.84, 20251001 09:37:09
20251001095345, PFE, 22.5, 20251031, P, 0, 214, 0.0484, 25.7419, -0.0547, 0.2824, -0.0041, 0.07, 20251001 09:37:09
20251001095345, PFE, 23, 20251031, C, 10, 213, 0.0655, 25.7419, 0.9258, 0.2195, -0.0045, 3.25, 20251001 09:37:09
20251001095345, PFE, 23, 20251031, P, 12, 720, 0.0663, 25.7419, -0.0753, 0.2856, -0.0049, 0.07, 20251001 09:37:09
20251001095345, PFE, 23.5, 20251031, C, 2, 143, 0.09, 25.7419, 0.8943, 0, -0.0057, 2.75, 20251001 09:37:09
20251001095345, PFE, 23.5, 20251031, P, 0, 1016, 0.0913, 25.7419, -0.1074, 0.2724, -0.0061, 0.14, 20251001 09:37:09
20251001095345, PFE, 24, 20251031, C, 11, 2401, 0.1215, 25.7419, 0.8469, 0.2623, -0.0073, 2, 20251001 09:37:09
20251001095345, PFE, 24, 20251031, P, 59, 5489, 0.1235, 25.7419, -0.1557, 0.261, -0.0076, 0.17, 20251001 09:37:09
20251001095345, PFE, 24.5, 20251031, C, 35, 2951, 0.157, 25.7419, 0.7799, 0.2457, -0.009, 1.6, 20251001 09:37:09
20251001095345, PFE, 24.5, 20251031, P, 1, 351, 0.1599, 25.7419, -0.2238, 0.2543, -0.0093, 0.25, 20251001 09:37:09
20251001095345, PFE, 25, 20251031, C, 94, 5850, 0.1897, 25.7419, 0.6931, 0.2792, -0.0106, 1.22, 20251001 09:37:09
20251001095345, PFE, 25, 20251031, P, 17, 349, 0.1936, 25.7419, -0.3125, 0.2501, -0.0109, 0.38, 20251001 09:37:09
20251001095345, PFE, 25.5, 20251031, C, 45, 2320, 0.2111, 25.7419, 0.5913, 0.2529, -0.0117, 0.9, 20251001 09:37:09
20251001095345, PFE, 25.5, 20251031, P, 5, 176, 0.2162, 25.7419, -0.4165, 0.2398, -0.012, 0.48, 20251001 09:37:09
20251001095345, PFE, 26, 20251031, C, 169, 2775, 0.2155, 25.7419, 0.4842, 0.2574, -0.0121, 0.62, 20251001 09:37:09
20251001095345, PFE, 26, 20251031, P, 11, 64, 0.2217, 25.7419, -0.5263, 0.2606, -0.0124, 0.86, 20251001 09:37:09
20251001095345, PFE, 26.5, 20251031, C, 31, 1124, 0.2032, 25.7419, 0.3827, 0.2545, -0.0118, 0.42, 20251001 09:37:09
20251001095345, PFE, 26.5, 20251031, P, 0, 12, 0.2106, 25.7419, -0.631, 0.4955, -0.0121, 1.36, 20251001 09:37:09
20251001095345, PFE, 27, 20251031, C, 115, 1334, 0.1794, 25.7419, 0.2947, 0.2601, -0.0109, 0.35, 20251001 09:37:09
20251001095345, PFE, 27, 20251031, P, 0, 124, 0.1877, 25.7419, -0.7221, 0.2802, -0.0112, 1.8, 20251001 09:37:09
20251001095345, PFE, 27.5, 20251031, C, 115, 576, 0.1508, 25.7419, 0.224, 0.2601, -0.0097, 0.23, 20251001 09:37:09
20251001095345, PFE, 27.5, 20251031, P, 0, 0, 0.1594, 25.7419, -0.7957, 0.2855, -0.0101, 0, 20251001 09:37:09
20251001095345, PFE, 28, 20251031, C, 80, 672, 0.123, 25.7419, 0.1704, 0.275, -0.0085, 0.22, 20251001 09:37:09
20251001095345, PFE, 28, 20251031, P, 0, 0, 0.1314, 25.7419, -0.8517, 0.315, -0.0088, 0, 20251001 09:37:09
20251001095345, PFE, 28.5, 20251031, C, 0, 168, 0.0989, 25.7419, 0.1313, 0.3136, -0.0074, 0.13, 20251001 09:37:09
20251001095345, PFE, 28.5, 20251031, P, 0, 0, 0.1078, 25.7419, -0.8928, 0.5392, -0.0077, 0, 20251001 09:37:09
20251001095345, PFE, 29, 20251031, C, 6, 551, 0.0795, 25.7419, 0.103, 0.2596, -0.0065, 0.1, 20251001 09:37:09
20251001095345, PFE, 29, 20251031, P, 0, 0, 0.0885, 25.7419, -0.9225, 0.6115, -0.0068, 0, 20251001 09:37:09
20251001095345, PFE, 29.5, 20251031, C, 5, 0, 0.0643, 25.7419, 0.0824, 0.3046, -0.0058, 0.1, 20251001 09:37:09
20251001095345, PFE, 29.5, 20251031, P, 0, 0, 0.076, 25.7419, -0.9446, 0.7163, -0.0063, 0, 20251001 09:37:09
20251001095345, PFE, 30, 20251031, C, 4, 18, 0.0525, 25.7419, 0.0673, 0.3532, -0.0052, 0.06, 20251001 09:37:09
20251001095345, PFE, 30, 20251031, P, 0, 0, 0.063, 25.7419, -0.9605, 0.4825, -0.0056, 0, 20251001 09:37:09
20251001095345, PFE, 31, 20251031, C, 0, 0, 0.0363, 25.7419, 0.0472, 0.371, -0.0042, 0, 20251001 09:37:09
20251001095345, PFE, 31, 20251031, P, 0, 0, 0.0415, 25.7419, -0.9814, 0.5174, -0.0049, 0, 20251001 09:37:09
20251001095345, PFE, 32, 20251031, C, 0, 0, 0.0262, 25.7419, 0.0349, 0.4216, -0.0036, 0, 20251001 09:37:09
20251001095345, PFE, 32, 20251031, P, 0, 0, 0.0222, 25.7419, -0.9915, 0.7451, -0.0042, 0, 20251001 09:37:09
20251001095345, PFE, 33, 20251031, C, 10, 18, 0.0196, 25.7419, 0.0269, 0.4347, -0.0031, 0.07, 20251001 09:37:09
20251001095345, PFE, 33, 20251031, P, 0, 0, 0.0107, 25.7419, -0.9966, 0.7976, -0.0037, 0, 20251001 09:37:09
20251001095345, PFE, 35, 20251031, C, 0, 198, 0.0119, 25.7419, 0.0173, 0.4608, -0.0024, 0.02, 20251001 09:37:09
20251001095345, PFE, 35, 20251031, P, 0, 0, 0.0014, 25.7419, -0.9995, 0.5952, -0.0035, 0, 20251001 09:37:09
