20251111131743, AVGO, 185, 20251114, C, 0, 6, 0, 357.065, 0.9998, 2.7303, 0, 167.2, 20251111 13:02:24
20251111131743, AVGO, 185, 20251114, P, 0, 17, 0, 357.065, -0.0002, 2.1244, -0.0034, 0.02, 20251111 13:02:24
20251111131743, AVGO, 190, 20251114, C, 2, 2, 0, 357.065, 0.9998, 2.6178, 0, 165.75, 20251111 13:02:24
20251111131743, AVGO, 190, 20251114, P, 0, 186, 0, 357.065, -0.0002, 2.3887, -0.0039, 0.09, 20251111 13:02:24
20251111131743, AVGO, 195, 20251114, C, 2, 1, 0, 357.065, 0.9997, 2.5084, 0, 160.76, 20251111 13:02:24
20251111131743, AVGO, 195, 20251114, P, 0, 21, 0, 357.065, -0.0003, 2.2965, -0.0045, 0.01, 20251111 13:02:24
20251111131743, AVGO, 200, 20251114, C, 0, 0, 0, 357.065, 0.9996, 2.4017, 0, 143.08, 20251111 13:02:24
20251111131743, AVGO, 200, 20251114, P, 0, 56, 0, 357.065, -0.0004, 1.8843, -0.0051, 0.01, 20251111 13:02:24
20251111131743, AVGO, 205, 20251114, C, 0, 1, 0, 357.065, 0.9996, 2.2977, 0, 133.61, 20251111 13:02:24
20251111131743, AVGO, 205, 20251114, P, 0, 16, 0, 357.065, -0.0004, 1.8081, -0.0058, 0.01, 20251111 13:02:24
20251111131743, AVGO, 210, 20251114, C, 0, 1, 0, 357.065, 0.9995, 0, 0, 153.76, 20251111 13:02:24
20251111131743, AVGO, 210, 20251114, P, 0, 45, 0, 357.065, -0.0005, 2.0329, -0.0065, 0.01, 20251111 13:02:24
20251111131743, AVGO, 215, 20251114, C, 1, 6, 0, 357.065, 0.9995, 2.0973, 0, 144.04, 20251111 13:02:24
20251111131743, AVGO, 215, 20251114, P, 0, 731, 0, 357.065, -0.0005, 1.8898, -0.0073, 0.01, 20251111 13:02:24
20251111131743, AVGO, 220, 20251114, C, 3, 2, 0, 357.065, 0.9994, 0, 0, 136.35, 20251111 13:02:24
20251111131743, AVGO, 220, 20251114, P, 0, 58, 0, 357.065, -0.0006, 1.7745, -0.0082, 0.06, 20251111 13:02:24
20251111131743, AVGO, 225, 20251114, C, 2, 1, 0, 357.065, 0.9993, 1.6737, 0, 131.36, 20251111 13:02:24
20251111131743, AVGO, 225, 20251114, P, 0, 37, 0, 357.065, -0.0007, 1.7317, -0.0091, 0.02, 20251111 13:02:24
20251111131743, AVGO, 230, 20251114, C, 0, 2, 0, 357.065, 0.9992, 0, 0, 115.7, 20251111 13:02:24
20251111131743, AVGO, 230, 20251114, P, 0, 308, 0, 357.065, -0.0008, 1.655, -0.0101, 0.01, 20251111 13:02:24
20251111131743, AVGO, 235, 20251114, C, 0, 0, 0.0001, 357.065, 0.9991, 0, 0, 0, 20251111 13:02:24
20251111131743, AVGO, 235, 20251114, P, 0, 26, 0.0001, 357.065, -0.0009, 1.5798, -0.0111, 0.1, 20251111 13:02:24
20251111131743, AVGO, 240, 20251114, C, 0, 7, 0.0001, 357.065, 0.999, 0, 0, 122.65, 20251111 13:02:24
20251111131743, AVGO, 240, 20251114, P, 0, 3212, 0.0001, 357.065, -0.001, 1.5061, -0.0122, 0.05, 20251111 13:02:24
20251111131743, AVGO, 245, 20251114, C, 0, 2, 0.0001, 357.065, 0.9988, 0, 0, 100.92, 20251111 13:02:24
20251111131743, AVGO, 245, 20251114, P, 0, 138, 0.0001, 357.065, -0.0012, 1.3699, -0.0134, 0.03, 20251111 13:02:24
20251111131743, AVGO, 250, 20251114, C, 0, 7, 0.0001, 357.065, 0.9987, 0, -0.0015, 105.51, 20251111 13:02:24
20251111131743, AVGO, 250, 20251114, P, 0, 1689, 0.0001, 357.065, -0.0013, 1.3016, -0.0146, 0.02, 20251111 13:02:24
20251111131743, AVGO, 255, 20251114, C, 0, 5, 0.0001, 357.065, 0.9985, 0, -0.0034, 83.24, 20251111 13:02:24
20251111131743, AVGO, 255, 20251114, P, 0, 298, 0.0001, 357.065, -0.0015, 1.3695, -0.0159, 0.01, 20251111 13:02:24
20251111131743, AVGO, 260, 20251114, C, 0, 2, 0.0001, 357.065, 0.9983, 0, -0.0054, 95.52, 20251111 13:02:24
20251111131743, AVGO, 260, 20251114, P, 4, 713, 0.0001, 357.065, -0.0017, 1.224, -0.0173, 0.03, 20251111 13:02:24
20251111131743, AVGO, 265, 20251114, C, 0, 2, 0.0002, 357.065, 0.998, 0, -0.0076, 91.7, 20251111 13:02:24
20251111131743, AVGO, 265, 20251114, P, 21, 949, 0.0002, 357.065, -0.002, 1.2262, -0.0189, 0.04, 20251111 13:02:24
20251111131743, AVGO, 270, 20251114, C, 0, 13, 0.0002, 357.065, 0.9978, 0, -0.0099, 86.71, 20251111 13:02:24
20251111131743, AVGO, 270, 20251114, P, 0, 301, 0.0002, 357.065, -0.0022, 1.1094, -0.0206, 0.08, 20251111 13:02:24
20251111131743, AVGO, 275, 20251114, C, 0, 4, 0.0002, 357.065, 0.9974, 0, -0.0126, 88, 20251111 13:02:24
20251111131743, AVGO, 275, 20251114, P, 1, 586, 0.0002, 357.065, -0.0026, 0.9767, -0.0227, 0.01, 20251111 13:02:24
20251111131743, AVGO, 280, 20251114, C, 0, 10, 0.0003, 357.065, 0.997, 0, -0.0158, 77.7, 20251111 13:02:24
20251111131743, AVGO, 280, 20251114, P, 2, 508, 0.0003, 357.065, -0.003, 0.8826, -0.0253, 0.01, 20251111 13:02:24
20251111131743, AVGO, 285, 20251114, C, 0, 20, 0.0004, 357.065, 0.9964, 0, -0.0199, 87.11, 20251111 13:02:24
20251111131743, AVGO, 285, 20251114, P, 1, 1325, 0.0004, 357.065, -0.0036, 0.94, -0.0288, 0.05, 20251111 13:02:24
20251111131743, AVGO, 290, 20251114, C, 0, 71, 0.0004, 357.065, 0.9956, 0, -0.0253, 68.63, 20251111 13:02:24
20251111131743, AVGO, 290, 20251114, P, 106, 1043, 0.0004, 357.065, -0.0044, 0.8621, -0.0336, 0.04, 20251111 13:02:24
20251111131743, AVGO, 295, 20251114, C, 0, 12, 0.0006, 357.065, 0.9944, 0, -0.033, 60.59, 20251111 13:02:24
20251111131743, AVGO, 295, 20251114, P, 7, 819, 0.0006, 357.065, -0.0056, 0.8096, -0.0406, 0.04, 20251111 13:02:24
20251111131743, AVGO, 297.5, 20251114, C, 0, 1, 0.0007, 357.065, 0.9937, 0, -0.038, 58.1, 20251111 13:02:24
20251111131743, AVGO, 297.5, 20251114, P, 1, 69, 0.0007, 357.065, -0.0063, 0.7971, -0.0453, 0.09, 20251111 13:02:24
20251111131743, AVGO, 300, 20251114, C, 51, 79, 0.0008, 357.065, 0.9927, 0, -0.044, 52, 20251111 13:02:24
20251111131743, AVGO, 300, 20251114, P, 115, 2584, 0.0008, 357.065, -0.0073, 0.7644, -0.051, 0.05, 20251111 13:02:24
20251111131743, AVGO, 302.5, 20251114, C, 0, 13, 0.0009, 357.065, 0.9915, 0, -0.0514, 53.4, 20251111 13:02:24
20251111131743, AVGO, 302.5, 20251114, P, 0, 41, 0.0009, 357.065, -0.0085, 0.7748, -0.0581, 0.09, 20251111 13:02:24
20251111131743, AVGO, 305, 20251114, C, 0, 33, 0.0011, 357.065, 0.99, 0, -0.0603, 53.52, 20251111 13:02:24
20251111131743, AVGO, 305, 20251114, P, 73, 648, 0.0011, 357.065, -0.01, 0.7285, -0.0667, 0.06, 20251111 13:02:24
20251111131743, AVGO, 307.5, 20251114, C, 0, 0, 0.0013, 357.065, 0.9882, 0.7823, -0.0711, 0, 20251111 13:02:24
20251111131743, AVGO, 307.5, 20251114, P, 1, 216, 0.0013, 357.065, -0.0118, 0.7376, -0.0772, 0.11, 20251111 13:02:24
20251111131743, AVGO, 310, 20251114, C, 0, 200, 0.0015, 357.065, 0.986, 0, -0.0841, 49.64, 20251111 13:02:24
20251111131743, AVGO, 310, 20251114, P, 319, 1239, 0.0015, 357.065, -0.014, 0.7071, -0.09, 0.1, 20251111 13:02:24
20251111131743, AVGO, 312.5, 20251114, C, 0, 0, 0.0018, 357.065, 0.9832, 0, -0.0998, 0, 20251111 13:02:24
20251111131743, AVGO, 312.5, 20251114, P, 10, 126, 0.0018, 357.065, -0.0168, 0.6841, -0.1053, 0.07, 20251111 13:02:24
20251111131743, AVGO, 315, 20251114, C, 0, 36, 0.0022, 357.065, 0.9798, 0, -0.1185, 41.25, 20251111 13:02:24
20251111131743, AVGO, 315, 20251114, P, 60, 1161, 0.0022, 357.065, -0.0202, 0.6845, -0.1237, 0.15, 20251111 13:02:24
20251111131743, AVGO, 317.5, 20251114, C, 0, 64, 0.0026, 357.065, 0.9757, 0, -0.1406, 42.22, 20251111 13:02:24
20251111131743, AVGO, 317.5, 20251114, P, 100, 321, 0.0026, 357.065, -0.0243, 0.6587, -0.1456, 0.19, 20251111 13:02:24
20251111131743, AVGO, 320, 20251114, C, 2, 123, 0.0032, 357.065, 0.9706, 0, -0.1667, 35.6, 20251111 13:02:24
20251111131743, AVGO, 320, 20251114, P, 529, 2233, 0.0032, 357.065, -0.0294, 0.6428, -0.1714, 0.25, 20251111 13:02:24
20251111131743, AVGO, 322.5, 20251114, C, 0, 6, 0.0038, 357.065, 0.9644, 0.4841, -0.1971, 35.5, 20251111 13:02:24
20251111131743, AVGO, 322.5, 20251114, P, 324, 137, 0.0038, 357.065, -0.0356, 0.636, -0.2015, 0.31, 20251111 13:02:24
20251111131743, AVGO, 325, 20251114, C, 13, 324, 0.0046, 357.065, 0.9568, 0.6884, -0.2325, 25.8, 20251111 13:02:24
20251111131743, AVGO, 325, 20251114, P, 648, 1166, 0.0046, 357.065, -0.0432, 0.6066, -0.2366, 0.38, 20251111 13:02:24
20251111131743, AVGO, 327.5, 20251114, C, 0, 4, 0.0055, 357.065, 0.9475, 0.5566, -0.2735, 30.53, 20251111 13:02:24
20251111131743, AVGO, 327.5, 20251114, P, 253, 466, 0.0055, 357.065, -0.0525, 0.5832, -0.2773, 0.43, 20251111 13:02:24
20251111131743, AVGO, 330, 20251114, C, 18, 216, 0.0066, 357.065, 0.9361, 0.6161, -0.3208, 26.64, 20251111 13:02:24
20251111131743, AVGO, 330, 20251114, P, 835, 2461, 0.0066, 357.065, -0.0639, 0.5706, -0.3244, 0.53, 20251111 13:02:24
20251111131743, AVGO, 332.5, 20251114, C, 2, 22, 0.0079, 357.065, 0.9221, 0.5708, -0.3753, 23, 20251111 13:02:24
20251111131743, AVGO, 332.5, 20251114, P, 4604, 777, 0.0079, 357.065, -0.078, 0.549, -0.3787, 0.63, 20251111 13:02:24
20251111131743, AVGO, 335, 20251114, C, 16, 502, 0.0094, 357.065, 0.9048, 0.5566, -0.438, 21, 20251111 13:02:24
20251111131743, AVGO, 335, 20251114, P, 4719, 2036, 0.0094, 357.065, -0.0953, 0.5355, -0.4414, 0.78, 20251111 13:02:24
20251111131743, AVGO, 337.5, 20251114, C, 2, 152, 0.0112, 357.065, 0.8834, 0.5362, -0.5095, 18.45, 20251111 13:02:24
20251111131743, AVGO, 337.5, 20251114, P, 328, 1100, 0.0112, 357.065, -0.1168, 0.5211, -0.5128, 0.98, 20251111 13:02:24
20251111131743, AVGO, 340, 20251114, C, 25, 1440, 0.0132, 357.065, 0.857, 0.5141, -0.5896, 16.75, 20251111 13:02:24
20251111131743, AVGO, 340, 20251114, P, 746, 2038, 0.0133, 357.065, -0.1432, 0.5084, -0.593, 1.26, 20251111 13:02:24
20251111131743, AVGO, 342.5, 20251114, C, 28, 259, 0.0155, 357.065, 0.8249, 0.5216, -0.677, 12.8, 20251111 13:02:24
20251111131743, AVGO, 342.5, 20251114, P, 280, 1079, 0.0156, 357.065, -0.1755, 0.4959, -0.6806, 1.56, 20251111 13:02:24
20251111131743, AVGO, 345, 20251114, C, 63, 1885, 0.0179, 357.065, 0.7863, 0.5041, -0.7681, 12.32, 20251111 13:02:24
20251111131743, AVGO, 345, 20251114, P, 546, 1608, 0.018, 357.065, -0.2142, 0.4885, -0.7722, 2.06, 20251111 13:02:24
20251111131743, AVGO, 347.5, 20251114, C, 80, 724, 0.0202, 357.065, 0.7411, 0.4953, -0.8576, 12, 20251111 13:02:24
20251111131743, AVGO, 347.5, 20251114, P, 636, 1014, 0.0204, 357.065, -0.2597, 0.4775, -0.8624, 2.55, 20251111 13:02:24
20251111131743, AVGO, 350, 20251114, C, 801, 1519, 0.0224, 357.065, 0.6894, 0.4854, -0.9381, 10.54, 20251111 13:02:24
20251111131743, AVGO, 350, 20251114, P, 825, 1497, 0.0226, 357.065, -0.3117, 0.475, -0.9438, 3.2, 20251111 13:02:24
20251111131743, AVGO, 352.5, 20251114, C, 259, 457, 0.0243, 357.065, 0.6318, 0.4834, -1.0017, 8.2, 20251111 13:02:24
20251111131743, AVGO, 352.5, 20251114, P, 634, 496, 0.0244, 357.065, -0.3696, 0.4635, -1.0083, 4.04, 20251111 13:02:24
20251111131743, AVGO, 355, 20251114, C, 1597, 1564, 0.0256, 357.065, 0.5698, 0.4701, -1.0408, 7.53, 20251111 13:02:24
20251111131743, AVGO, 355, 20251114, P, 484, 6059, 0.0258, 357.065, -0.432, 0.4623, -1.0482, 5, 20251111 13:02:24
20251111131743, AVGO, 357.5, 20251114, C, 868, 1449, 0.0263, 357.065, 0.505, 0.4624, -1.0497, 6.04, 20251111 13:02:24
20251111131743, AVGO, 357.5, 20251114, P, 176, 567, 0.0265, 357.065, -0.4973, 0.445, -1.0579, 6.08, 20251111 13:02:24
20251111131743, AVGO, 360, 20251114, C, 3318, 2953, 0.0262, 357.065, 0.4394, 0.4558, -1.026, 4.85, 20251111 13:02:24
20251111131743, AVGO, 360, 20251114, P, 751, 910, 0.0264, 357.065, -0.5634, 0.4512, -1.0346, 7.4, 20251111 13:02:24
20251111131743, AVGO, 362.5, 20251114, C, 688, 1391, 0.0253, 357.065, 0.3751, 0.452, -0.971, 3.85, 20251111 13:02:24
20251111131743, AVGO, 362.5, 20251114, P, 74, 261, 0.0256, 357.065, -0.6283, 0.4427, -0.9795, 10.1, 20251111 13:02:24
20251111131743, AVGO, 365, 20251114, C, 1878, 2546, 0.0238, 357.065, 0.3139, 0.4497, -0.8894, 2.97, 20251111 13:02:24
20251111131743, AVGO, 365, 20251114, P, 8, 697, 0.024, 357.065, -0.6901, 0.4391, -0.8971, 11.83, 20251111 13:02:24
20251111131743, AVGO, 367.5, 20251114, C, 426, 735, 0.0218, 357.065, 0.2574, 0.4496, -0.7886, 2.35, 20251111 13:02:24
20251111131743, AVGO, 367.5, 20251114, P, 4, 141, 0.0219, 357.065, -0.747, 0.4278, -0.7949, 14.59, 20251111 13:02:24
20251111131743, AVGO, 370, 20251114, C, 2156, 3208, 0.0193, 357.065, 0.2069, 0.4481, -0.677, 1.73, 20251111 13:02:24
20251111131743, AVGO, 370, 20251114, P, 34, 468, 0.0195, 357.065, -0.798, 0.4265, -0.6815, 19.03, 20251111 13:02:24
20251111131743, AVGO, 372.5, 20251114, C, 730, 3152, 0.0167, 357.065, 0.1629, 0.4458, -0.5632, 1.25, 20251111 13:02:24
20251111131743, AVGO, 372.5, 20251114, P, 3, 102, 0.0168, 357.065, -0.8423, 0.4325, -0.5658, 20.56, 20251111 13:02:24
20251111131743, AVGO, 375, 20251114, C, 837, 2354, 0.014, 357.065, 0.1258, 0.447, -0.4546, 0.92, 20251111 13:02:24
20251111131743, AVGO, 375, 20251114, P, 11, 289, 0.0141, 357.065, -0.8797, 0.4453, -0.455, 22.73, 20251111 13:02:24
20251111131743, AVGO, 377.5, 20251114, C, 483, 2254, 0.0115, 357.065, 0.0953, 0.4434, -0.3566, 0.68, 20251111 13:02:24
20251111131743, AVGO, 377.5, 20251114, P, 3, 53, 0.0116, 357.065, -0.9104, 0.4581, -0.3548, 25.4, 20251111 13:02:24
20251111131743, AVGO, 380, 20251114, C, 875, 3371, 0.0092, 357.065, 0.0709, 0.4468, -0.2724, 0.46, 20251111 13:02:24
20251111131743, AVGO, 380, 20251114, P, 0, 272, 0.0093, 357.065, -0.935, 0.4329, -0.2686, 22.3, 20251111 13:02:24
20251111131743, AVGO, 382.5, 20251114, C, 371, 935, 0.0072, 357.065, 0.0519, 0.439, -0.2032, 0.33, 20251111 13:02:24
20251111131743, AVGO, 382.5, 20251114, P, 0, 16, 0.0073, 357.065, -0.9543, 0.4934, -0.1983, 24.9, 20251111 13:02:24
20251111131743, AVGO, 385, 20251114, C, 369, 1628, 0.0055, 357.065, 0.0375, 0.4433, -0.1487, 0.21, 20251111 13:02:24
20251111131743, AVGO, 385, 20251114, P, 0, 102, 0.0056, 357.065, -0.9689, 0.541, -0.1437, 26.9, 20251111 13:02:24
20251111131743, AVGO, 387.5, 20251114, C, 116, 715, 0.0042, 357.065, 0.0268, 0.4435, -0.1072, 0.14, 20251111 13:02:24
20251111131743, AVGO, 387.5, 20251114, P, 0, 6, 0.0042, 357.065, -0.9797, 0.5209, -0.1051, 28.59, 20251111 13:02:24
20251111131743, AVGO, 390, 20251114, C, 290, 2539, 0.0031, 357.065, 0.0192, 0.4389, -0.0768, 0.09, 20251111 13:02:24
20251111131743, AVGO, 390, 20251114, P, 2, 49, 0.003, 357.065, -0.9871, 0.5445, -0.0798, 36.15, 20251111 13:02:24
20251111131743, AVGO, 392.5, 20251114, C, 60, 309, 0.0023, 357.065, 0.0137, 0.4289, -0.0552, 0.05, 20251111 13:02:24
20251111131743, AVGO, 392.5, 20251114, P, 0, 10, 0.002, 357.065, -0.9921, 0.6022, -0.064, 49.8, 20251111 13:02:24
20251111131743, AVGO, 395, 20251114, C, 62, 803, 0.0017, 357.065, 0.01, 0.4541, -0.0402, 0.07, 20251111 13:02:24
20251111131743, AVGO, 395, 20251114, P, 0, 21, 0.0014, 357.065, -0.9953, 0.6722, -0.0544, 33.34, 20251111 13:02:24
20251111131743, AVGO, 397.5, 20251114, C, 10, 1399, 0.0013, 357.065, 0.0074, 0.4909, -0.0301, 0.04, 20251111 13:02:24
20251111131743, AVGO, 397.5, 20251114, P, 0, 1, 0.0009, 357.065, -0.997, 0.6161, -0.0499, 25.55, 20251111 13:02:24
20251111131743, AVGO, 400, 20251114, C, 429, 3985, 0.001, 357.065, 0.0057, 0.489, -0.0234, 0.03, 20251111 13:02:24
20251111131743, AVGO, 400, 20251114, P, 0, 57, 0.0006, 357.065, -0.9982, 0.6969, -0.0471, 43.71, 20251111 13:02:24
20251111131743, AVGO, 402.5, 20251114, C, 0, 340, 0.0008, 357.065, 0.0046, 0.5278, -0.0191, 0.04, 20251111 13:02:24
20251111131743, AVGO, 402.5, 20251114, P, 0, 0, 0.0004, 357.065, -0.9987, 0.7535, -0.046, 0, 20251111 13:02:24
20251111131743, AVGO, 405, 20251114, C, 26, 1250, 0.0007, 357.065, 0.0038, 0.4724, -0.0163, 0.02, 20251111 13:02:24
20251111131743, AVGO, 405, 20251114, P, 0, 0, 0.0003, 357.065, -0.9991, 0.7844, -0.0452, 32.7, 20251111 13:02:24
20251111131743, AVGO, 407.5, 20251114, C, 2, 50, 0.0006, 357.065, 0.0033, 0.6221, -0.0145, 0.02, 20251111 13:02:24
20251111131743, AVGO, 407.5, 20251114, P, 0, 0, 0.0002, 357.065, -0.9993, 0.7023, -0.0447, 35, 20251111 13:02:24
20251111131743, AVGO, 410, 20251114, C, 5, 1077, 0.0005, 357.065, 0.003, 0.5338, -0.0133, 0.02, 20251111 13:02:24
20251111131743, AVGO, 410, 20251114, P, 0, 1, 0.0002, 357.065, -0.9994, 0.8173, -0.0445, 51.55, 20251111 13:02:24
20251111131743, AVGO, 412.5, 20251114, C, 20, 200, 0.0005, 357.065, 0.0027, 0.5346, -0.0125, 0.01, 20251111 13:02:24
20251111131743, AVGO, 412.5, 20251114, P, 4, 0, 0.0002, 357.065, -0.9995, 0.6473, -0.0444, 60.94, 20251111 13:02:24
20251111131743, AVGO, 415, 20251114, C, 137, 558, 0.0004, 357.065, 0.0025, 0.5549, -0.012, 0.01, 20251111 13:02:24
20251111131743, AVGO, 415, 20251114, P, 0, 1, 0.0001, 357.065, -0.9996, 0.8854, -0.0443, 49.7, 20251111 13:02:24
20251111131743, AVGO, 417.5, 20251114, C, 1, 47, 0.0004, 357.065, 0.0024, 0.575, -0.0115, 0.01, 20251111 13:02:24
20251111131743, AVGO, 417.5, 20251114, P, 0, 0, 0.0001, 357.065, -0.9996, 0.9141, -0.0443, 0, 20251111 13:02:24
20251111131743, AVGO, 420, 20251114, C, 27, 1232, 0.0004, 357.065, 0.0022, 0.5613, -0.0112, 0.01, 20251111 13:02:24
20251111131743, AVGO, 420, 20251114, P, 0, 0, 0.0001, 357.065, -0.9996, 0.8526, -0.0442, 46.4, 20251111 13:02:24
20251111131743, AVGO, 422.5, 20251114, C, 0, 106, 0.0003, 357.065, 0.0021, 0.6376, -0.0109, 0.01, 20251111 13:02:24
20251111131743, AVGO, 422.5, 20251114, P, 0, 0, 0.0001, 357.065, -0.9996, 0.9358, -0.0442, 72.35, 20251111 13:02:24
20251111131743, AVGO, 425, 20251114, C, 0, 298, 0.0003, 357.065, 0.002, 0.6343, -0.0106, 0.01, 20251111 13:02:24
20251111131743, AVGO, 425, 20251114, P, 0, 0, 0.0001, 357.065, -0.9997, 0.9982, -0.0442, 88.29, 20251111 13:02:24
20251111131743, AVGO, 427.5, 20251114, C, 0, 7, 0.0003, 357.065, 0.0019, 0.7364, -0.0104, 0.02, 20251111 13:02:24
20251111131743, AVGO, 427.5, 20251114, P, 0, 0, 0.0001, 357.065, -0.9997, 0.962, -0.0441, 0, 20251111 13:02:24
20251111131743, AVGO, 430, 20251114, C, 0, 134, 0.0003, 357.065, 0.0018, 0.6729, -0.0102, 0.01, 20251111 13:02:24
20251111131743, AVGO, 430, 20251114, P, 0, 0, 0.0001, 357.065, -0.9997, 0, -0.0441, 63.18, 20251111 13:02:24
20251111131743, AVGO, 432.5, 20251114, C, 2, 106, 0.0002, 357.065, 0.0018, 0.692, -0.0099, 0.02, 20251111 13:02:24
20251111131743, AVGO, 432.5, 20251114, P, 0, 0, 0.0001, 357.065, -0.9997, 1.0283, -0.0441, 0, 20251111 13:02:24
20251111131743, AVGO, 435, 20251114, C, 0, 151, 0.0002, 357.065, 0.0017, 0.7729, -0.0097, 0.03, 20251111 13:02:24
20251111131743, AVGO, 435, 20251114, P, 0, 0, 0.0001, 357.065, -0.9997, 1.0232, -0.044, 0, 20251111 13:02:24
20251111131743, AVGO, 437.5, 20251114, C, 1, 57, 0.0002, 357.065, 0.0016, 0.793, -0.0095, 0.05, 20251111 13:02:24
20251111131743, AVGO, 437.5, 20251114, P, 0, 0, 0.0001, 357.065, -0.9998, 1.0937, -0.044, 0, 20251111 13:02:24
20251111131743, AVGO, 440, 20251114, C, 0, 821, 0.0002, 357.065, 0.0016, 0.8129, -0.0093, 0.03, 20251111 13:02:24
20251111131743, AVGO, 440, 20251114, P, 0, 0, 0.0001, 357.065, -0.9998, 1.1589, -0.044, 0, 20251111 13:02:24
20251111131743, AVGO, 442.5, 20251114, C, 0, 31, 0.0002, 357.065, 0.0015, 0.8327, -0.0091, 0.01, 20251111 13:02:24
20251111131743, AVGO, 442.5, 20251114, P, 0, 0, 0.0001, 357.065, -0.9998, 1.1584, -0.044, 0, 20251111 13:02:24
20251111131743, AVGO, 445, 20251114, C, 0, 108, 0.0002, 357.065, 0.0014, 0.7426, -0.0089, 0.01, 20251111 13:02:24
20251111131743, AVGO, 445, 20251114, P, 0, 0, 0, 357.065, -0.9998, 1.1387, -0.0439, 0, 20251111 13:02:24
20251111131743, AVGO, 447.5, 20251114, C, 0, 2, 0.0002, 357.065, 0.0014, 0.8317, -0.0087, 1.61, 20251111 13:02:24
20251111131743, AVGO, 447.5, 20251114, P, 0, 0, 0, 357.065, -0.9998, 1.1941, -0.0439, 0, 20251111 13:02:24
20251111131743, AVGO, 450, 20251114, C, 0, 131, 0.0002, 357.065, 0.0013, 0.891, -0.0085, 0.01, 20251111 13:02:24
20251111131743, AVGO, 450, 20251114, P, 0, 0, 0, 357.065, -0.9998, 0.9774, -0.0439, 94.5, 20251111 13:02:24
20251111131743, AVGO, 455, 20251114, C, 1, 146, 0.0001, 357.065, 0.0012, 1.0324, -0.0081, 0.05, 20251111 13:02:24
20251111131743, AVGO, 455, 20251114, P, 0, 0, 0, 357.065, -0.9998, 1.2964, -0.0438, 74.86, 20251111 13:02:24
20251111131743, AVGO, 460, 20251114, C, 0, 227, 0.0001, 357.065, 0.0011, 0.8448, -0.0078, 0.01, 20251111 13:02:24
20251111131743, AVGO, 460, 20251114, P, 0, 0, 0, 357.065, -0.9999, 1.192, -0.0438, 0, 20251111 13:02:24
20251111131743, AVGO, 465, 20251114, C, 0, 164, 0.0001, 357.065, 0.001, 1.0035, -0.0074, 0.01, 20251111 13:02:24
20251111131743, AVGO, 465, 20251114, P, 0, 0, 0, 357.065, -0.9999, 1.3453, -0.0437, 0, 20251111 13:02:24
20251111131743, AVGO, 470, 20251114, C, 0, 135, 0.0001, 357.065, 0.001, 1.04, -0.0071, 0.01, 20251111 13:02:24
20251111131743, AVGO, 470, 20251114, P, 0, 0, 0, 357.065, -0.9999, 1.244, -0.0437, 0, 20251111 13:02:24
20251111131743, AVGO, 475, 20251114, C, 0, 55, 0.0001, 357.065, 0.0009, 1.0758, -0.0068, 0.01, 20251111 13:02:24
20251111131743, AVGO, 475, 20251114, P, 0, 0, 0, 357.065, -0.9999, 1.4361, -0.0437, 137.1, 20251111 13:02:24
20251111131743, AVGO, 480, 20251114, C, 0, 49, 0.0001, 357.065, 0.0008, 1.0892, -0.0065, 0.01, 20251111 13:02:24
20251111131743, AVGO, 480, 20251114, P, 0, 0, 0, 357.065, -0.9999, 1.4804, -0.0437, 0, 20251111 13:02:24
20251111131743, AVGO, 485, 20251114, C, 0, 151, 0.0001, 357.065, 0.0008, 1.1235, -0.0062, 0.01, 20251111 13:02:24
20251111131743, AVGO, 485, 20251114, P, 0, 0, 0, 357.065, -0.9999, 1.5241, -0.0437, 0, 20251111 13:02:24
20251111131743, AVGO, 490, 20251114, C, 0, 220, 0.0001, 357.065, 0.0007, 1.1574, -0.0059, 0.01, 20251111 13:02:24
20251111131743, AVGO, 490, 20251114, P, 0, 0, 0, 357.065, -0.9999, 1.5671, -0.0436, 135.85, 20251111 13:02:24
20251111131743, AVGO, 495, 20251114, C, 0, 31, 0.0001, 357.065, 0.0007, 1.162, -0.0057, 0.01, 20251111 13:02:24
20251111131743, AVGO, 495, 20251114, P, 0, 0, 0, 357.065, -0.9999, 1.6094, -0.0436, 0, 20251111 13:02:24
20251111131743, AVGO, 500, 20251114, C, 0, 336, 0.0001, 357.065, 0.0006, 1.1943, -0.0054, 0.01, 20251111 13:02:24
20251111131743, AVGO, 500, 20251114, P, 0, 0, 0, 357.065, -0.9999, 1.6512, -0.0436, 0, 20251111 13:02:24
20251111131743, AVGO, 505, 20251114, C, 0, 2, 0.0001, 357.065, 0.0006, 1.2262, -0.0052, 0.41, 20251111 13:02:24
20251111131743, AVGO, 505, 20251114, P, 0, 0, 0, 357.065, -1, 1.6924, -0.0436, 0, 20251111 13:02:24
20251111131743, AVGO, 510, 20251114, C, 0, 3, 0, 357.065, 0.0006, 1.3544, -0.005, 0.21, 20251111 13:02:24
20251111131743, AVGO, 510, 20251114, P, 0, 0, 0, 357.065, -1, 1.7331, -0.0436, 0, 20251111 13:02:24
20251111131743, AVGO, 515, 20251114, C, 0, 14, 0, 357.065, 0.0005, 1.2889, -0.0047, 0.01, 20251111 13:02:24
20251111131743, AVGO, 515, 20251114, P, 0, 0, 0, 357.065, -1, 1.7732, -0.0436, 0, 20251111 13:02:24
20251111131743, AVGO, 520, 20251114, C, 36, 9, 0, 357.065, 0.0005, 1.3196, -0.0045, 0.06, 20251111 13:02:24
20251111131743, AVGO, 520, 20251114, P, 0, 0, 0, 357.065, -1, 1.8128, -0.0436, 0, 20251111 13:02:24
20251111131743, AVGO, 525, 20251114, C, 37, 13, 0, 357.065, 0.0005, 1.2422, -0.0043, 0.01, 20251111 13:02:24
20251111131743, AVGO, 525, 20251114, P, 0, 0, 0, 357.065, -1, 1.8035, -0.0435, 0, 20251111 13:02:24
20251111131743, AVGO, 125, 20251121, C, 0, 92, 0, 357.065, 1, 0, 0, 222, 20251111 13:02:24
20251111131743, AVGO, 125, 20251121, P, 0, 504, 0, 357.065, 0, 2.0106, -0.0003, 0.02, 20251111 13:02:24
20251111131743, AVGO, 130, 20251121, C, 0, 17, 0, 357.065, 1, 0, 0, 215.65, 20251111 13:02:24
20251111131743, AVGO, 130, 20251121, P, 0, 115, 0, 357.065, 0, 2.1277, -0.0004, 0.03, 20251111 13:02:24
20251111131743, AVGO, 135, 20251121, C, 0, 65, 0, 357.065, 1, 0, 0, 220.7, 20251111 13:02:24
20251111131743, AVGO, 135, 20251121, P, 0, 54, 0, 357.065, 0, 2.0518, -0.0006, 0.13, 20251111 13:02:24
20251111131743, AVGO, 140, 20251121, C, 0, 24, 0, 357.065, 1, 0, 0, 205.39, 20251111 13:02:24
20251111131743, AVGO, 140, 20251121, P, 0, 82, 0, 357.065, -0.0001, 1.6617, -0.0007, 0.01, 20251111 13:02:24
20251111131743, AVGO, 145, 20251121, C, 0, 28, 0, 357.065, 1, 0, 0, 200, 20251111 13:02:24
20251111131743, AVGO, 145, 20251121, P, 0, 202, 0, 357.065, -0.0001, 1.9608, -0.001, 0.01, 20251111 13:02:24
20251111131743, AVGO, 150, 20251121, C, 0, 152, 0, 357.065, 1, 0, 0, 190.25, 20251111 13:02:24
20251111131743, AVGO, 150, 20251121, P, 0, 86, 0, 357.065, -0.0001, 1.891, -0.0012, 0.01, 20251111 13:02:24
20251111131743, AVGO, 155, 20251121, C, 0, 13, 0, 357.065, 0.9999, 0, 0, 184.31, 20251111 13:02:24
20251111131743, AVGO, 155, 20251121, P, 0, 407, 0, 357.065, -0.0001, 1.7551, -0.0016, 0.01, 20251111 13:02:24
20251111131743, AVGO, 160, 20251121, C, 0, 50, 0, 357.065, 0.9999, 0, 0, 202.64, 20251111 13:02:24
20251111131743, AVGO, 160, 20251121, P, 0, 199, 0, 357.065, -0.0002, 1.5076, -0.002, 0.01, 20251111 13:02:24
20251111131743, AVGO, 165, 20251121, C, 0, 40, 0, 357.065, 0.9998, 0, 0, 200.7, 20251111 13:02:24
20251111131743, AVGO, 165, 20251121, P, 0, 254, 0, 357.065, -0.0002, 1.611, -0.0025, 0.02, 20251111 13:02:24
20251111131743, AVGO, 170, 20251121, C, 0, 46, 0, 357.065, 0.9998, 0, 0, 170, 20251111 13:02:24
20251111131743, AVGO, 170, 20251121, P, 0, 168, 0, 357.065, -0.0003, 1.531, -0.003, 0.02, 20251111 13:02:24
20251111131743, AVGO, 175, 20251121, C, 0, 14, 0, 357.065, 0.9997, 0, 0, 172.02, 20251111 13:02:24
20251111131743, AVGO, 175, 20251121, P, 0, 839, 0, 357.065, -0.0004, 1.56, -0.0037, 0.05, 20251111 13:02:24
20251111131743, AVGO, 180, 20251121, C, 0, 19, 0, 357.065, 0.9996, 0, 0, 182.66, 20251111 13:02:24
20251111131743, AVGO, 180, 20251121, P, 0, 900, 0, 357.065, -0.0004, 1.5152, -0.0044, 0.09, 20251111 13:02:24
20251111131743, AVGO, 185, 20251121, C, 0, 22, 0, 357.065, 0.9996, 0, 0, 155, 20251111 13:02:24
20251111131743, AVGO, 185, 20251121, P, 0, 65, 0, 357.065, -0.0005, 1.4328, -0.0052, 0.03, 20251111 13:02:24
20251111131743, AVGO, 190, 20251121, C, 0, 46, 0, 357.065, 0.9994, 0, 0, 150.18, 20251111 13:02:24
20251111131743, AVGO, 190, 20251121, P, 0, 857, 0, 357.065, -0.0006, 1.3145, -0.0062, 0.02, 20251111 13:02:24
20251111131743, AVGO, 195, 20251121, C, 3, 38, 0, 357.065, 0.9993, 0, 0, 164.3, 20251111 13:02:24
20251111131743, AVGO, 195, 20251121, P, 0, 1644, 0, 357.065, -0.0008, 1.3498, -0.0072, 0.04, 20251111 13:02:24
20251111131743, AVGO, 200, 20251121, C, 0, 281, 0, 357.065, 0.9991, 0, 0, 143.15, 20251111 13:02:24
20251111131743, AVGO, 200, 20251121, P, 1, 2204, 0, 357.065, -0.0009, 1.1947, -0.0084, 0.03, 20251111 13:02:24
20251111131743, AVGO, 210, 20251121, C, 20, 147, 0.0001, 357.065, 0.9988, 0, 0, 147.67, 20251111 13:02:24
20251111131743, AVGO, 210, 20251121, P, 1, 1765, 0.0001, 357.065, -0.0013, 1.1493, -0.0111, 0.04, 20251111 13:02:24
20251111131743, AVGO, 220, 20251121, C, 0, 292, 0.0001, 357.065, 0.9982, 0, 0, 128.88, 20251111 13:02:24
20251111131743, AVGO, 220, 20251121, P, 0, 2291, 0.0001, 357.065, -0.0018, 1.0896, -0.0144, 0.04, 20251111 13:02:24
20251111131743, AVGO, 230, 20251121, C, 0, 185, 0.0001, 357.065, 0.9975, 0, -0.0022, 128.24, 20251111 13:02:24
20251111131743, AVGO, 230, 20251121, P, 0, 2725, 0.0001, 357.065, -0.0025, 0.9775, -0.0184, 0.05, 20251111 13:02:24
20251111131743, AVGO, 240, 20251121, C, 0, 380, 0.0002, 357.065, 0.9966, 0, -0.0085, 119.86, 20251111 13:02:24
20251111131743, AVGO, 240, 20251121, P, 153, 3269, 0.0002, 357.065, -0.0035, 0.9324, -0.0234, 0.09, 20251111 13:02:24
20251111131743, AVGO, 250, 20251121, C, 7, 789, 0.0003, 357.065, 0.9952, 0, -0.0161, 106.48, 20251111 13:02:24
20251111131743, AVGO, 250, 20251121, P, 2, 3857, 0.0003, 357.065, -0.0048, 0.8516, -0.0298, 0.06, 20251111 13:02:24
20251111131743, AVGO, 255, 20251121, C, 0, 2, 0.0003, 357.065, 0.9944, 0, -0.0207, 91.37, 20251111 13:02:24
20251111131743, AVGO, 255, 20251121, P, 1, 78, 0.0003, 357.065, -0.0057, 0.8256, -0.0338, 0.06, 20251111 13:02:24
20251111131743, AVGO, 260, 20251121, C, 0, 730, 0.0004, 357.065, 0.9933, 0, -0.026, 98.42, 20251111 13:02:24
20251111131743, AVGO, 260, 20251121, P, 28, 3459, 0.0004, 357.065, -0.0068, 0.7972, -0.0384, 0.1, 20251111 13:02:24
20251111131743, AVGO, 265, 20251121, C, 0, 1, 0.0005, 357.065, 0.9919, 0, -0.0321, 91.99, 20251111 13:02:24
20251111131743, AVGO, 265, 20251121, P, 10, 104, 0.0005, 357.065, -0.0082, 0.7586, -0.044, 0.1, 20251111 13:02:24
20251111131743, AVGO, 270, 20251121, C, 3, 884, 0.0006, 357.065, 0.9902, 0, -0.0394, 87.13, 20251111 13:02:24
20251111131743, AVGO, 270, 20251121, P, 29, 2535, 0.0006, 357.065, -0.0099, 0.7382, -0.0507, 0.15, 20251111 13:02:24
20251111131743, AVGO, 275, 20251121, C, 0, 4, 0.0007, 357.065, 0.988, 0, -0.0482, 84.47, 20251111 13:02:24
20251111131743, AVGO, 275, 20251121, P, 3, 381, 0.0007, 357.065, -0.0121, 0.7106, -0.0588, 0.17, 20251111 13:02:24
20251111131743, AVGO, 280, 20251121, C, 3, 847, 0.0009, 357.065, 0.9852, 0, -0.0587, 75.89, 20251111 13:02:24
20251111131743, AVGO, 280, 20251121, P, 45, 3169, 0.0009, 357.065, -0.0149, 0.6972, -0.0687, 0.23, 20251111 13:02:24
20251111131743, AVGO, 285, 20251121, C, 0, 3, 0.0011, 357.065, 0.9816, 0, -0.0713, 61.75, 20251111 13:02:24
20251111131743, AVGO, 285, 20251121, P, 90, 350, 0.0011, 357.065, -0.0185, 0.6634, -0.0808, 0.25, 20251111 13:02:24
20251111131743, AVGO, 290, 20251121, C, 5, 1756, 0.0014, 357.065, 0.977, 0, -0.0865, 64.97, 20251111 13:02:24
20251111131743, AVGO, 290, 20251121, P, 84, 4008, 0.0014, 357.065, -0.0232, 0.659, -0.0954, 0.36, 20251111 13:02:24
20251111131743, AVGO, 295, 20251121, C, 0, 11, 0.0018, 357.065, 0.971, 0.4439, -0.1048, 61.54, 20251111 13:02:24
20251111131743, AVGO, 295, 20251121, P, 122, 361, 0.0018, 357.065, -0.0291, 0.6292, -0.1131, 0.43, 20251111 13:02:24
20251111131743, AVGO, 300, 20251121, C, 10, 3437, 0.0022, 357.065, 0.9634, 0.5759, -0.1264, 58.17, 20251111 13:02:24
20251111131743, AVGO, 300, 20251121, P, 811, 8631, 0.0022, 357.065, -0.0369, 0.6044, -0.1343, 0.53, 20251111 13:02:24
20251111131743, AVGO, 305, 20251121, C, 2, 76, 0.0028, 357.065, 0.9535, 0, -0.152, 48.65, 20251111 13:02:24
20251111131743, AVGO, 305, 20251121, P, 243, 746, 0.0028, 357.065, -0.0468, 0.5913, -0.1593, 0.79, 20251111 13:02:24
20251111131743, AVGO, 310, 20251121, C, 11, 2184, 0.0035, 357.065, 0.9408, 0.526, -0.1819, 44.85, 20251111 13:02:24
20251111131743, AVGO, 310, 20251121, P, 160, 5388, 0.0035, 357.065, -0.0595, 0.5672, -0.1887, 0.87, 20251111 13:02:24
20251111131743, AVGO, 315, 20251121, C, 1, 40, 0.0043, 357.065, 0.9245, 0.521, -0.2163, 41.73, 20251111 13:02:24
20251111131743, AVGO, 315, 20251121, P, 237, 845, 0.0044, 357.065, -0.0759, 0.5488, -0.2228, 1.26, 20251111 13:02:24
20251111131743, AVGO, 320, 20251121, C, 48, 3218, 0.0054, 357.065, 0.9037, 0.504, -0.2556, 38.58, 20251111 13:02:24
20251111131743, AVGO, 320, 20251121, P, 1573, 11437, 0.0054, 357.065, -0.0969, 0.5308, -0.2617, 1.46, 20251111 13:02:24
20251111131743, AVGO, 322.5, 20251121, C, 40, 9, 0.006, 357.065, 0.8912, 0.5163, -0.2771, 35.65, 20251111 13:02:24
20251111131743, AVGO, 322.5, 20251121, P, 22, 224, 0.006, 357.065, -0.1094, 0.525, -0.283, 1.69, 20251111 13:02:24
20251111131743, AVGO, 325, 20251121, C, 2, 4122, 0.0066, 357.065, 0.8772, 0.5054, -0.2996, 31.61, 20251111 13:02:24
20251111131743, AVGO, 325, 20251121, P, 158, 5107, 0.0066, 357.065, -0.1235, 0.5153, -0.3053, 1.93, 20251111 13:02:24
20251111131743, AVGO, 327.5, 20251121, C, 0, 72, 0.0073, 357.065, 0.8615, 0.5212, -0.323, 33.63, 20251111 13:02:24
20251111131743, AVGO, 327.5, 20251121, P, 19, 408, 0.0073, 357.065, -0.1393, 0.5084, -0.3286, 2.79, 20251111 13:02:24
20251111131743, AVGO, 330, 20251121, C, 62, 2716, 0.008, 357.065, 0.8439, 0.4905, -0.3472, 30.17, 20251111 13:02:24
20251111131743, AVGO, 330, 20251121, P, 374, 7050, 0.008, 357.065, -0.157, 0.5013, -0.3527, 2.5, 20251111 13:02:24
20251111131743, AVGO, 332.5, 20251121, C, 7, 24, 0.0087, 357.065, 0.8244, 0.485, -0.3718, 26.95, 20251111 13:02:24
20251111131743, AVGO, 332.5, 20251121, P, 30, 527, 0.0088, 357.065, -0.1765, 0.4986, -0.377, 3.1, 20251111 13:02:24
20251111131743, AVGO, 335, 20251121, C, 3, 352, 0.0095, 357.065, 0.8028, 0.4734, -0.3966, 23.92, 20251111 13:02:24
20251111131743, AVGO, 335, 20251121, P, 108, 887, 0.0096, 357.065, -0.1984, 0.4892, -0.4018, 3.4, 20251111 13:02:24
20251111131743, AVGO, 337.5, 20251121, C, 5, 246, 0.0103, 357.065, 0.779, 0.4695, -0.421, 22.05, 20251111 13:02:24
20251111131743, AVGO, 337.5, 20251121, P, 92, 228, 0.0104, 357.065, -0.2224, 0.4857, -0.4262, 4.08, 20251111 13:02:24
20251111131743, AVGO, 340, 20251121, C, 23, 2864, 0.0111, 357.065, 0.7532, 0.465, -0.4446, 22.05, 20251111 13:02:24
20251111131743, AVGO, 340, 20251121, P, 158, 6528, 0.0111, 357.065, -0.2484, 0.4788, -0.4496, 4.4, 20251111 13:02:24
20251111131743, AVGO, 342.5, 20251121, C, 7, 357, 0.0118, 357.065, 0.7252, 0.4722, -0.4668, 20.56, 20251111 13:02:24
20251111131743, AVGO, 342.5, 20251121, P, 39, 763, 0.0119, 357.065, -0.2766, 0.4751, -0.4717, 5, 20251111 13:02:24
20251111131743, AVGO, 345, 20251121, C, 52, 570, 0.0125, 357.065, 0.6952, 0.4652, -0.4869, 17.59, 20251111 13:02:24
20251111131743, AVGO, 345, 20251121, P, 188, 955, 0.0126, 357.065, -0.3068, 0.4692, -0.4918, 6.09, 20251111 13:02:24
20251111131743, AVGO, 347.5, 20251121, C, 6, 210, 0.0132, 357.065, 0.6634, 0.4618, -0.5046, 15.3, 20251111 13:02:24
20251111131743, AVGO, 347.5, 20251121, P, 256, 206, 0.0133, 357.065, -0.3389, 0.4656, -0.5092, 6.83, 20251111 13:02:24
20251111131743, AVGO, 350, 20251121, C, 261, 8107, 0.0137, 357.065, 0.6298, 0.4593, -0.519, 14.85, 20251111 13:02:24
20251111131743, AVGO, 350, 20251121, P, 403, 6951, 0.0138, 357.065, -0.3723, 0.4566, -0.5235, 7.35, 20251111 13:02:24
20251111131743, AVGO, 352.5, 20251121, C, 175, 205, 0.0142, 357.065, 0.595, 0.4541, -0.5298, 13.3, 20251111 13:02:24
20251111131743, AVGO, 352.5, 20251121, P, 193, 289, 0.0143, 357.065, -0.4078, 0.4585, -0.5341, 8.85, 20251111 13:02:24
20251111131743, AVGO, 355, 20251121, C, 260, 764, 0.0145, 357.065, 0.5591, 0.4538, -0.5365, 12.25, 20251111 13:02:24
20251111131743, AVGO, 355, 20251121, P, 229, 1270, 0.0146, 357.065, -0.4436, 0.4563, -0.5407, 9.53, 20251111 13:02:24
20251111131743, AVGO, 357.5, 20251121, C, 68, 417, 0.0148, 357.065, 0.5224, 0.4495, -0.5389, 10.4, 20251111 13:02:24
20251111131743, AVGO, 357.5, 20251121, P, 122, 569, 0.0149, 357.065, -0.4805, 0.454, -0.5428, 12.3, 20251111 13:02:24
20251111131743, AVGO, 360, 20251121, C, 1073, 10414, 0.0148, 357.065, 0.4855, 0.4477, -0.5367, 9.65, 20251111 13:02:24
20251111131743, AVGO, 360, 20251121, P, 160, 3978, 0.015, 357.065, -0.5177, 0.4542, -0.5405, 12.4, 20251111 13:02:24
20251111131743, AVGO, 362.5, 20251121, C, 66, 863, 0.0148, 357.065, 0.4486, 0.4463, -0.5302, 8.02, 20251111 13:02:24
20251111131743, AVGO, 362.5, 20251121, P, 7, 166, 0.0149, 357.065, -0.5549, 0.4493, -0.5336, 13.82, 20251111 13:02:24
20251111131743, AVGO, 365, 20251121, C, 147, 1597, 0.0146, 357.065, 0.4118, 0.4446, -0.519, 7.45, 20251111 13:02:24
20251111131743, AVGO, 365, 20251121, P, 9, 692, 0.0147, 357.065, -0.5916, 0.4492, -0.5224, 16.6, 20251111 13:02:24
20251111131743, AVGO, 367.5, 20251121, C, 51, 505, 0.0143, 357.065, 0.3762, 0.4429, -0.504, 6.5, 20251111 13:02:24
20251111131743, AVGO, 367.5, 20251121, P, 2, 89, 0.0144, 357.065, -0.6275, 0.4484, -0.507, 16.6, 20251111 13:02:24
20251111131743, AVGO, 370, 20251121, C, 476, 3800, 0.0138, 357.065, 0.3418, 0.4429, -0.4854, 5.78, 20251111 13:02:24
20251111131743, AVGO, 370, 20251121, P, 5, 715, 0.014, 357.065, -0.6622, 0.4438, -0.488, 21.45, 20251111 13:02:24
20251111131743, AVGO, 372.5, 20251121, C, 25, 408, 0.0133, 357.065, 0.3088, 0.4414, -0.4636, 4.35, 20251111 13:02:24
20251111131743, AVGO, 372.5, 20251121, P, 9, 117, 0.0134, 357.065, -0.6955, 0.4467, -0.466, 23.19, 20251111 13:02:24
20251111131743, AVGO, 375, 20251121, C, 554, 2039, 0.0127, 357.065, 0.2776, 0.4397, -0.4394, 4.1, 20251111 13:02:24
20251111131743, AVGO, 375, 20251121, P, 5, 217, 0.0128, 357.065, -0.727, 0.44, -0.4414, 25.05, 20251111 13:02:24
20251111131743, AVGO, 377.5, 20251121, C, 29, 481, 0.012, 357.065, 0.2482, 0.4393, -0.4132, 3.47, 20251111 13:02:24
20251111131743, AVGO, 377.5, 20251121, P, 1, 101, 0.0121, 357.065, -0.7567, 0.4564, -0.415, 24.55, 20251111 13:02:24
20251111131743, AVGO, 380, 20251121, C, 292, 6948, 0.0112, 357.065, 0.2209, 0.4407, -0.3858, 3.12, 20251111 13:02:24
20251111131743, AVGO, 380, 20251121, P, 3, 537, 0.0114, 357.065, -0.7844, 0.4514, -0.3874, 25.53, 20251111 13:02:24
20251111131743, AVGO, 382.5, 20251121, C, 37, 182, 0.0104, 357.065, 0.1956, 0.44, -0.3577, 2.5, 20251111 13:02:24
20251111131743, AVGO, 382.5, 20251121, P, 0, 71, 0.0106, 357.065, -0.81, 0.457, -0.3594, 28.42, 20251111 13:02:24
20251111131743, AVGO, 385, 20251121, C, 76, 1263, 0.0096, 357.065, 0.1725, 0.4421, -0.3295, 2.35, 20251111 13:02:24
20251111131743, AVGO, 385, 20251121, P, 0, 39, 0.0098, 357.065, -0.8335, 0.4398, -0.3313, 31.69, 20251111 13:02:24
20251111131743, AVGO, 387.5, 20251121, C, 27, 119, 0.0088, 357.065, 0.1515, 0.4418, -0.3016, 1.83, 20251111 13:02:24
20251111131743, AVGO, 387.5, 20251121, P, 22, 6, 0.009, 357.065, -0.8549, 0.4681, -0.3038, 33.35, 20251111 13:02:24
20251111131743, AVGO, 390, 20251121, C, 237, 5915, 0.0081, 357.065, 0.1326, 0.4473, -0.2745, 1.72, 20251111 13:02:24
20251111131743, AVGO, 390, 20251121, P, 1, 171, 0.0083, 357.065, -0.8742, 0.4568, -0.2772, 33.3, 20251111 13:02:24
20251111131743, AVGO, 392.5, 20251121, C, 4, 247, 0.0073, 357.065, 0.1156, 0.445, -0.2486, 1.22, 20251111 13:02:24
20251111131743, AVGO, 392.5, 20251121, P, 0, 32, 0.0075, 357.065, -0.8916, 0.4654, -0.2516, 47.45, 20251111 13:02:24
20251111131743, AVGO, 395, 20251121, C, 29, 797, 0.0066, 357.065, 0.1006, 0.4467, -0.224, 1.23, 20251111 13:02:24
20251111131743, AVGO, 395, 20251121, P, 0, 39, 0.0068, 357.065, -0.9072, 0.4693, -0.2277, 31.74, 20251111 13:02:24
20251111131743, AVGO, 397.5, 20251121, C, 20, 161, 0.0059, 357.065, 0.0874, 0.4439, -0.2014, 0.97, 20251111 13:02:24
20251111131743, AVGO, 397.5, 20251121, P, 0, 22, 0.0061, 357.065, -0.9209, 0.4808, -0.2051, 28.36, 20251111 13:02:24
20251111131743, AVGO, 400, 20251121, C, 821, 10159, 0.0053, 357.065, 0.0755, 0.4495, -0.1799, 0.88, 20251111 13:02:24
20251111131743, AVGO, 400, 20251121, P, 1, 200, 0.0055, 357.065, -0.9331, 0.4802, -0.1839, 47.3, 20251111 13:02:24
20251111131743, AVGO, 402.5, 20251121, C, 44, 225, 0.0047, 357.065, 0.0653, 0.4532, -0.1604, 0.67, 20251111 13:02:24
20251111131743, AVGO, 402.5, 20251121, P, 0, 3, 0.005, 357.065, -0.9438, 0.5295, -0.165, 34.6, 20251111 13:02:24
20251111131743, AVGO, 405, 20251121, C, 27, 487, 0.0042, 357.065, 0.0564, 0.4523, -0.1427, 0.6, 20251111 13:02:24
20251111131743, AVGO, 405, 20251121, P, 0, 3, 0.0045, 357.065, -0.9532, 0.5103, -0.1468, 31.6, 20251111 13:02:24
20251111131743, AVGO, 407.5, 20251121, C, 0, 65, 0.0037, 357.065, 0.0487, 0.4578, -0.1268, 0.82, 20251111 13:02:24
20251111131743, AVGO, 407.5, 20251121, P, 0, 2, 0.004, 357.065, -0.9614, 0.4949, -0.1304, 53, 20251111 13:02:24
20251111131743, AVGO, 410, 20251121, C, 28, 2164, 0.0033, 357.065, 0.0421, 0.4624, -0.1126, 0.44, 20251111 13:02:24
20251111131743, AVGO, 410, 20251121, P, 0, 71, 0.0036, 357.065, -0.9684, 0.5415, -0.115, 54.5, 20251111 13:02:24
20251111131743, AVGO, 412.5, 20251121, C, 1, 87, 0.0029, 357.065, 0.0364, 0.4671, -0.0999, 0.61, 20251111 13:02:24
20251111131743, AVGO, 412.5, 20251121, P, 0, 0, 0.0032, 357.065, -0.9747, 0.5385, -0.1028, 0, 20251111 13:02:24
20251111131743, AVGO, 415, 20251121, C, 74, 636, 0.0025, 357.065, 0.0315, 0.4664, -0.0888, 0.3, 20251111 13:02:24
20251111131743, AVGO, 415, 20251121, P, 0, 3, 0.0028, 357.065, -0.98, 0.5437, -0.0893, 48.54, 20251111 13:02:24
20251111131743, AVGO, 417.5, 20251121, C, 2, 32, 0.0022, 357.065, 0.0274, 0.4781, -0.079, 0.35, 20251111 13:02:24
20251111131743, AVGO, 417.5, 20251121, P, 0, 0, 0.0024, 357.065, -0.9842, 0.6029, -0.0795, 0, 20251111 13:02:24
20251111131743, AVGO, 420, 20251121, C, 107, 5264, 0.002, 357.065, 0.0239, 0.4723, -0.0705, 0.23, 20251111 13:02:24
20251111131743, AVGO, 420, 20251121, P, 0, 145, 0.002, 357.065, -0.9879, 0.5988, -0.0733, 62.98, 20251111 13:02:24
20251111131743, AVGO, 422.5, 20251121, C, 0, 31, 0.0018, 357.065, 0.0209, 0.4805, -0.0631, 0.29, 20251111 13:02:24
20251111131743, AVGO, 422.5, 20251121, P, 0, 0, 0.0017, 357.065, -0.9909, 0.6238, -0.0648, 0, 20251111 13:02:24
20251111131743, AVGO, 425, 20251121, C, 107, 10503, 0.0016, 357.065, 0.0183, 0.4803, -0.0567, 0.18, 20251111 13:02:24
20251111131743, AVGO, 425, 20251121, P, 0, 86, 0.0014, 357.065, -0.9931, 0.6485, -0.0585, 49.15, 20251111 13:02:24
20251111131743, AVGO, 427.5, 20251121, C, 0, 12, 0.0014, 357.065, 0.0162, 0.5054, -0.0512, 0.53, 20251111 13:02:24
20251111131743, AVGO, 427.5, 20251121, P, 0, 0, 0.0011, 357.065, -0.9948, 0.6656, -0.0568, 0, 20251111 13:02:24
20251111131743, AVGO, 430, 20251121, C, 176, 1661, 0.0012, 357.065, 0.0144, 0.4853, -0.0464, 0.13, 20251111 13:02:24
20251111131743, AVGO, 430, 20251121, P, 0, 28, 0.0009, 357.065, -0.9962, 0.701, -0.0544, 82.63, 20251111 13:02:24
20251111131743, AVGO, 432.5, 20251121, C, 0, 56, 0.0011, 357.065, 0.0129, 0.5173, -0.0424, 0.21, 20251111 13:02:24
20251111131743, AVGO, 432.5, 20251121, P, 0, 0, 0.0007, 357.065, -0.9972, 0.6741, -0.0516, 0, 20251111 13:02:24
20251111131743, AVGO, 435, 20251121, C, 0, 2930, 0.001, 357.065, 0.0116, 0.5003, -0.0389, 0.18, 20251111 13:02:24
20251111131743, AVGO, 435, 20251121, P, 0, 0, 0.0005, 357.065, -0.998, 0.6856, -0.0495, 57.5, 20251111 13:02:24
20251111131743, AVGO, 437.5, 20251121, C, 0, 37, 0.0009, 357.065, 0.0105, 0.5296, -0.0359, 0.22, 20251111 13:02:24
20251111131743, AVGO, 437.5, 20251121, P, 0, 0, 0.0004, 357.065, -0.9985, 0.7362, -0.0491, 0, 20251111 13:02:24
20251111131743, AVGO, 440, 20251121, C, 3, 1954, 0.0008, 357.065, 0.0096, 0.5255, -0.0334, 0.1, 20251111 13:02:24
20251111131743, AVGO, 440, 20251121, P, 0, 0, 0.0003, 357.065, -0.9988, 0.7267, -0.0489, 86.1, 20251111 13:02:24
20251111131743, AVGO, 442.5, 20251121, C, 0, 12, 0.0008, 357.065, 0.0088, 0.5498, -0.0312, 0.17, 20251111 13:02:24
20251111131743, AVGO, 442.5, 20251121, P, 0, 0, 0.0002, 357.065, -0.9991, 0.6891, -0.0486, 0, 20251111 13:02:24
20251111131743, AVGO, 445, 20251121, C, 1, 132, 0.0007, 357.065, 0.0081, 0.5366, -0.0294, 0.08, 20251111 13:02:24
20251111131743, AVGO, 445, 20251121, P, 0, 0, 0.0002, 357.065, -0.9993, 0.7628, -0.0483, 0, 20251111 13:02:24
20251111131743, AVGO, 447.5, 20251121, C, 1, 20, 0.0006, 357.065, 0.0075, 0.5113, -0.0278, 0.06, 20251111 13:02:24
20251111131743, AVGO, 447.5, 20251121, P, 0, 0, 0.0001, 357.065, -0.9995, 0.7783, -0.048, 0, 20251111 13:02:24
20251111131743, AVGO, 450, 20251121, C, 19, 3625, 0.0006, 357.065, 0.007, 0.5436, -0.0264, 0.08, 20251111 13:02:24
20251111131743, AVGO, 450, 20251121, P, 0, 0, 0.0001, 357.065, -0.9996, 0.719, -0.0478, 114.05, 20251111 13:02:24
20251111131743, AVGO, 452.5, 20251121, C, 1, 26, 0.0006, 357.065, 0.0066, 0.59, -0.0252, 0.09, 20251111 13:02:24
20251111131743, AVGO, 452.5, 20251121, P, 0, 0, 0.0001, 357.065, -0.9997, 0.7605, -0.0476, 72.27, 20251111 13:02:24
20251111131743, AVGO, 455, 20251121, C, 0, 24, 0.0005, 357.065, 0.0062, 0.5712, -0.0242, 0.16, 20251111 13:02:24
20251111131743, AVGO, 455, 20251121, P, 0, 0, 0.0001, 357.065, -0.9998, 0.8381, -0.0475, 0, 20251111 13:02:24
20251111131743, AVGO, 460, 20251121, C, 8, 1951, 0.0004, 357.065, 0.0055, 0.5729, -0.0224, 0.04, 20251111 13:02:24
20251111131743, AVGO, 460, 20251121, P, 0, 0, 0, 357.065, -0.9998, 0.8728, -0.0475, 103.55, 20251111 13:02:24
20251111131743, AVGO, 465, 20251121, C, 3, 21, 0.0004, 357.065, 0.005, 0.5882, -0.021, 0.06, 20251111 13:02:24
20251111131743, AVGO, 465, 20251121, P, 0, 0, 0, 357.065, -0.9999, 0.888, -0.0475, 0, 20251111 13:02:24
20251111131743, AVGO, 470, 20251121, C, 9, 810, 0.0004, 357.065, 0.0046, 0.5758, -0.0198, 0.01, 20251111 13:02:24
20251111131743, AVGO, 470, 20251121, P, 0, 0, 0, 357.065, -0.9999, 0.8594, -0.0475, 114.5, 20251111 13:02:24
20251111131743, AVGO, 475, 20251121, C, 0, 56, 0.0003, 357.065, 0.0042, 0.623, -0.0188, 0.04, 20251111 13:02:24
20251111131743, AVGO, 475, 20251121, P, 0, 0, 0, 357.065, -0.9999, 0.8999, -0.0475, 98.22, 20251111 13:02:24
20251111131743, AVGO, 480, 20251121, C, 2, 288, 0.0003, 357.065, 0.0039, 0.6259, -0.0179, 0.03, 20251111 13:02:24
20251111131743, AVGO, 480, 20251121, P, 0, 0, 0, 357.065, -1, 0.9836, -0.0475, 125.1, 20251111 13:02:24
20251111131743, AVGO, 485, 20251121, C, 0, 12, 0.0003, 357.065, 0.0036, 0.6456, -0.0171, 0.07, 20251111 13:02:24
20251111131743, AVGO, 485, 20251121, P, 0, 0, 0, 357.065, -1, 0.9665, -0.0475, 0, 20251111 13:02:24
20251111131743, AVGO, 490, 20251121, C, 0, 2506, 0.0002, 357.065, 0.0034, 0.6651, -0.0163, 0.01, 20251111 13:02:24
20251111131743, AVGO, 490, 20251121, P, 0, 0, 0, 357.065, -1, 1.0438, -0.0475, 123.6, 20251111 13:02:24
20251111131743, AVGO, 495, 20251121, C, 1, 59, 0.0002, 357.065, 0.0031, 0.6842, -0.0156, 0.06, 20251111 13:02:24
20251111131743, AVGO, 495, 20251121, P, 0, 0, 0, 357.065, -1, 1.0546, -0.0475, 118.19, 20251111 13:02:24
20251111131743, AVGO, 500, 20251121, C, 40, 921, 0.0002, 357.065, 0.0029, 0.7307, -0.015, 0.01, 20251111 13:02:24
20251111131743, AVGO, 500, 20251121, P, 0, 0, 0, 357.065, -1, 1.0919, -0.0475, 155, 20251111 13:02:24
20251111131743, AVGO, 505, 20251121, C, 0, 0, 0.0002, 357.065, 0.0027, 0.7218, -0.0143, 0, 20251111 13:02:24
20251111131743, AVGO, 505, 20251121, P, 0, 0, 0, 357.065, -1, 1.0953, -0.0475, 0, 20251111 13:02:24
20251111131743, AVGO, 510, 20251121, C, 11, 735, 0.0002, 357.065, 0.0026, 0.7403, -0.0137, 0.01, 20251111 13:02:24
20251111131743, AVGO, 510, 20251121, P, 0, 0, 0, 357.065, -1, 1.1493, -0.0475, 143.58, 20251111 13:02:24
20251111131743, AVGO, 515, 20251121, C, 1, 2, 0.0002, 357.065, 0.0024, 0.7585, -0.0131, 0.06, 20251111 13:02:24
20251111131743, AVGO, 515, 20251121, P, 0, 0, 0, 357.065, -1, 1.1578, -0.0475, 0, 20251111 13:02:24
20251111131743, AVGO, 520, 20251121, C, 133, 3777, 0.0001, 357.065, 0.0022, 0.673, -0.0125, 0.01, 20251111 13:02:24
20251111131743, AVGO, 520, 20251121, P, 0, 0, 0, 357.065, -1, 1.0976, -0.0475, 170.2, 20251111 13:02:24
20251111131743, AVGO, 525, 20251121, C, 1, 4, 0.0001, 357.065, 0.0021, 0.7815, -0.012, 0.05, 20251111 13:02:24
20251111131743, AVGO, 525, 20251121, P, 0, 0, 0, 357.065, -1, 1.2013, -0.0475, 0, 20251111 13:02:24
20251111131743, AVGO, 530, 20251121, C, 86, 2038, 0.0001, 357.065, 0.002, 0.7837, -0.0115, 0.01, 20251111 13:02:24
20251111131743, AVGO, 530, 20251121, P, 0, 0, 0, 357.065, -1, 1.2255, -0.0475, 195.73, 20251111 13:02:24
20251111131743, AVGO, 185, 20251128, C, 0, 6, 0, 357.065, 0.9993, 0, 0, 153.7, 20251111 13:02:24
20251111131743, AVGO, 185, 20251128, P, 0, 15, 0, 357.065, -0.0008, 1.1076, -0.0052, 0.06, 20251111 13:02:24
20251111131743, AVGO, 190, 20251128, C, 0, 11, 0, 357.065, 0.9991, 0, 0, 172.94, 20251111 13:02:24
20251111131743, AVGO, 190, 20251128, P, 0, 11, 0, 357.065, -0.001, 1.0757, -0.0062, 0.17, 20251111 13:02:24
20251111131743, AVGO, 195, 20251128, C, 0, 0, 0, 357.065, 0.9989, 0, 0, 0, 20251111 13:02:24
20251111131743, AVGO, 195, 20251128, P, 0, 0, 0, 357.065, -0.0012, 1.0436, -0.0074, 0, 20251111 13:02:24
20251111131743, AVGO, 200, 20251128, C, 0, 6, 0.0001, 357.065, 0.9986, 0, 0, 143.24, 20251111 13:02:24
20251111131743, AVGO, 200, 20251128, P, 0, 65, 0.0001, 357.065, -0.0015, 1.0113, -0.0087, 0.08, 20251111 13:02:24
20251111131743, AVGO, 205, 20251128, C, 0, 6, 0.0001, 357.065, 0.9983, 0, 0, 151.05, 20251111 13:02:24
20251111131743, AVGO, 205, 20251128, P, 0, 3, 0.0001, 357.065, -0.0018, 0.9714, -0.0102, 0.37, 20251111 13:02:24
20251111131743, AVGO, 210, 20251128, C, 0, 7, 0.0001, 357.065, 0.998, 0, 0, 138.6, 20251111 13:02:24
20251111131743, AVGO, 210, 20251128, P, 0, 30, 0.0001, 357.065, -0.0022, 0.9397, -0.0119, 0.37, 20251111 13:02:24
20251111131743, AVGO, 215, 20251128, C, 0, 1, 0.0001, 357.065, 0.9975, 0, 0, 140.2, 20251111 13:02:24
20251111131743, AVGO, 215, 20251128, P, 1, 15, 0.0001, 357.065, -0.0026, 0.908, -0.0138, 0.03, 20251111 13:02:24
20251111131743, AVGO, 220, 20251128, C, 0, 3, 0.0001, 357.065, 0.997, 0, -0.0004, 121.96, 20251111 13:02:24
20251111131743, AVGO, 220, 20251128, P, 0, 104, 0.0001, 357.065, -0.0031, 0.8821, -0.016, 0.12, 20251111 13:02:24
20251111131743, AVGO, 225, 20251128, C, 0, 0, 0.0002, 357.065, 0.9964, 0, -0.0033, 0, 20251111 13:02:24
20251111131743, AVGO, 225, 20251128, P, 0, 5, 0.0002, 357.065, -0.0037, 0.85, -0.0184, 0.13, 20251111 13:02:24
20251111131743, AVGO, 230, 20251128, C, 0, 5, 0.0002, 357.065, 0.9957, 0, -0.0066, 115.9, 20251111 13:02:24
20251111131743, AVGO, 230, 20251128, P, 0, 513, 0.0002, 357.065, -0.0044, 0.8229, -0.0211, 0.17, 20251111 13:02:24
20251111131743, AVGO, 235, 20251128, C, 0, 1, 0.0002, 357.065, 0.9949, 0, -0.0102, 109.31, 20251111 13:02:24
20251111131743, AVGO, 235, 20251128, P, 0, 40, 0.0002, 357.065, -0.0053, 0.7907, -0.0241, 0.25, 20251111 13:02:24
20251111131743, AVGO, 240, 20251128, C, 0, 2, 0.0003, 357.065, 0.9939, 0, -0.0141, 138.8, 20251111 13:02:24
20251111131743, AVGO, 240, 20251128, P, 0, 31, 0.0003, 357.065, -0.0063, 0.7548, -0.0275, 0.22, 20251111 13:02:24
20251111131743, AVGO, 245, 20251128, C, 0, 0, 0.0004, 357.065, 0.9927, 0, -0.0185, 0, 20251111 13:02:24
20251111131743, AVGO, 245, 20251128, P, 0, 75, 0.0004, 357.065, -0.0074, 0.7345, -0.0313, 0.36, 20251111 13:02:24
20251111131743, AVGO, 250, 20251128, C, 0, 1, 0.0004, 357.065, 0.9913, 0, -0.0234, 111.9, 20251111 13:02:24
20251111131743, AVGO, 250, 20251128, P, 9, 49, 0.0004, 357.065, -0.0088, 0.7058, -0.0357, 0.15, 20251111 13:02:24
20251111131743, AVGO, 255, 20251128, C, 0, 2, 0.0005, 357.065, 0.9896, 0, -0.0288, 84.31, 20251111 13:02:24
20251111131743, AVGO, 255, 20251128, P, 0, 24, 0.0005, 357.065, -0.0105, 0.7007, -0.0406, 0.28, 20251111 13:02:24
20251111131743, AVGO, 260, 20251128, C, 0, 12, 0.0006, 357.065, 0.9876, 0, -0.0349, 82.03, 20251111 13:02:24
20251111131743, AVGO, 260, 20251128, P, 0, 39, 0.0006, 357.065, -0.0125, 0.6804, -0.0461, 0.27, 20251111 13:02:24
20251111131743, AVGO, 265, 20251128, C, 0, 1, 0.0007, 357.065, 0.9852, 0.6379, -0.0419, 93.7, 20251111 13:02:24
20251111131743, AVGO, 265, 20251128, P, 25, 63, 0.0007, 357.065, -0.015, 0.665, -0.0526, 0.26, 20251111 13:02:24
20251111131743, AVGO, 270, 20251128, C, 0, 6, 0.0009, 357.065, 0.9822, 0, -0.0498, 102.7, 20251111 13:02:24
20251111131743, AVGO, 270, 20251128, P, 30, 120, 0.0009, 357.065, -0.0179, 0.6531, -0.0599, 0.35, 20251111 13:02:24
20251111131743, AVGO, 275, 20251128, C, 0, 1, 0.0011, 357.065, 0.9786, 0, -0.0588, 67.05, 20251111 13:02:24
20251111131743, AVGO, 275, 20251128, P, 8, 128, 0.0011, 357.065, -0.0216, 0.6329, -0.0684, 0.37, 20251111 13:02:24
20251111131743, AVGO, 280, 20251128, C, 0, 1, 0.0013, 357.065, 0.9741, 0.4137, -0.0693, 61.8, 20251111 13:02:24
20251111131743, AVGO, 280, 20251128, P, 7, 166, 0.0013, 357.065, -0.0261, 0.6185, -0.0783, 0.56, 20251111 13:02:24
20251111131743, AVGO, 285, 20251128, C, 0, 1, 0.0016, 357.065, 0.9686, 0.46, -0.0812, 76.43, 20251111 13:02:24
20251111131743, AVGO, 285, 20251128, P, 15, 110, 0.0016, 357.065, -0.0316, 0.5807, -0.0898, 0.62, 20251111 13:02:24
20251111131743, AVGO, 290, 20251128, C, 0, 4, 0.0019, 357.065, 0.9618, 0.5002, -0.095, 70.27, 20251111 13:02:24
20251111131743, AVGO, 290, 20251128, P, 31, 414, 0.0019, 357.065, -0.0384, 0.5774, -0.1031, 0.71, 20251111 13:02:24
20251111131743, AVGO, 295, 20251128, C, 0, 5, 0.0023, 357.065, 0.9533, 0.4943, -0.1109, 65.05, 20251111 13:02:24
20251111131743, AVGO, 295, 20251128, P, 6, 181, 0.0023, 357.065, -0.0469, 0.5579, -0.1184, 0.98, 20251111 13:02:24
20251111131743, AVGO, 297.5, 20251128, C, 0, 0, 0.0025, 357.065, 0.9483, 0.4553, -0.1196, 0, 20251111 13:02:24
20251111131743, AVGO, 297.5, 20251128, P, 0, 1, 0.0025, 357.065, -0.052, 0.5451, -0.127, 1.24, 20251111 13:02:24
20251111131743, AVGO, 300, 20251128, C, 0, 21, 0.0028, 357.065, 0.9428, 0.522, -0.129, 48.6, 20251111 13:02:24
20251111131743, AVGO, 300, 20251128, P, 36, 764, 0.0028, 357.065, -0.0575, 0.5409, -0.1361, 1.05, 20251111 13:02:24
20251111131743, AVGO, 302.5, 20251128, C, 0, 0, 0.003, 357.065, 0.9366, 0.4577, -0.139, 0, 20251111 13:02:24
20251111131743, AVGO, 302.5, 20251128, P, 1, 1, 0.003, 357.065, -0.0637, 0.5361, -0.1459, 1.4, 20251111 13:02:24
20251111131743, AVGO, 305, 20251128, C, 0, 4, 0.0033, 357.065, 0.9298, 0.4981, -0.1496, 53.39, 20251111 13:02:24
20251111131743, AVGO, 305, 20251128, P, 11, 295, 0.0033, 357.065, -0.0706, 0.5248, -0.1563, 1.36, 20251111 13:02:24
20251111131743, AVGO, 307.5, 20251128, C, 0, 0, 0.0036, 357.065, 0.9222, 0.5139, -0.1609, 0, 20251111 13:02:24
20251111131743, AVGO, 307.5, 20251128, P, 1, 10, 0.0036, 357.065, -0.0782, 0.5172, -0.1673, 1.64, 20251111 13:02:24
20251111131743, AVGO, 310, 20251128, C, 0, 90, 0.004, 357.065, 0.9137, 0.4967, -0.1728, 48.89, 20251111 13:02:24
20251111131743, AVGO, 310, 20251128, P, 98, 518, 0.004, 357.065, -0.0867, 0.5101, -0.179, 1.67, 20251111 13:02:24
20251111131743, AVGO, 312.5, 20251128, C, 0, 0, 0.0044, 357.065, 0.9043, 0.5013, -0.1853, 0, 20251111 13:02:24
20251111131743, AVGO, 312.5, 20251128, P, 6, 8, 0.0044, 357.065, -0.0961, 0.5038, -0.1913, 2.5, 20251111 13:02:24
20251111131743, AVGO, 315, 20251128, C, 1, 21, 0.0048, 357.065, 0.894, 0.4864, -0.1984, 43.5, 20251111 13:02:24
20251111131743, AVGO, 315, 20251128, P, 33, 344, 0.0048, 357.065, -0.1066, 0.4953, -0.2042, 2.1, 20251111 13:02:24
20251111131743, AVGO, 317.5, 20251128, C, 4, 0, 0.0052, 357.065, 0.8825, 0.488, -0.2121, 44.35, 20251111 13:02:24
20251111131743, AVGO, 317.5, 20251128, P, 21, 4, 0.0052, 357.065, -0.118, 0.4908, -0.2177, 2.34, 20251111 13:02:24
20251111131743, AVGO, 320, 20251128, C, 0, 255, 0.0056, 357.065, 0.8699, 0.476, -0.2262, 41.43, 20251111 13:02:24
20251111131743, AVGO, 320, 20251128, P, 119, 624, 0.0057, 357.065, -0.1307, 0.4836, -0.2317, 2.71, 20251111 13:02:24
20251111131743, AVGO, 322.5, 20251128, C, 0, 0, 0.0061, 357.065, 0.8561, 0.454, -0.2408, 0, 20251111 13:02:24
20251111131743, AVGO, 322.5, 20251128, P, 0, 3, 0.0061, 357.065, -0.1446, 0.4812, -0.2461, 2.92, 20251111 13:02:24
20251111131743, AVGO, 325, 20251128, C, 3, 43, 0.0066, 357.065, 0.841, 0.463, -0.2556, 33.89, 20251111 13:02:24
20251111131743, AVGO, 325, 20251128, P, 45, 759, 0.0066, 357.065, -0.1598, 0.4737, -0.2607, 3.22, 20251111 13:02:24
20251111131743, AVGO, 327.5, 20251128, C, 0, 3, 0.0071, 357.065, 0.8246, 0.4644, -0.2706, 33.73, 20251111 13:02:24
20251111131743, AVGO, 327.5, 20251128, P, 1, 14, 0.0071, 357.065, -0.1763, 0.4681, -0.2756, 4.17, 20251111 13:02:24
20251111131743, AVGO, 330, 20251128, C, 0, 398, 0.0076, 357.065, 0.8068, 0.463, -0.2856, 34.5, 20251111 13:02:24
20251111131743, AVGO, 330, 20251128, P, 43, 408, 0.0077, 357.065, -0.1942, 0.4631, -0.2904, 4.15, 20251111 13:02:24
20251111131743, AVGO, 332.5, 20251128, C, 0, 3, 0.0081, 357.065, 0.7876, 0.4502, -0.3004, 29.77, 20251111 13:02:24
20251111131743, AVGO, 332.5, 20251128, P, 0, 1, 0.0082, 357.065, -0.2135, 0.4596, -0.3051, 5.26, 20251111 13:02:24
20251111131743, AVGO, 335, 20251128, C, 0, 160, 0.0087, 357.065, 0.7669, 0.4459, -0.3148, 29.95, 20251111 13:02:24
20251111131743, AVGO, 335, 20251128, P, 19, 232, 0.0087, 357.065, -0.2344, 0.458, -0.3194, 5.27, 20251111 13:02:24
20251111131743, AVGO, 337.5, 20251128, C, 0, 0, 0.0092, 357.065, 0.7449, 0.4416, -0.3287, 0, 20251111 13:02:24
20251111131743, AVGO, 337.5, 20251128, P, 7, 3, 0.0092, 357.065, -0.2565, 0.4553, -0.3331, 6.06, 20251111 13:02:24
20251111131743, AVGO, 340, 20251128, C, 36, 1137, 0.0097, 357.065, 0.7215, 0.4487, -0.3417, 24.47, 20251111 13:02:24
20251111131743, AVGO, 340, 20251128, P, 28, 547, 0.0097, 357.065, -0.2801, 0.4474, -0.346, 6.45, 20251111 13:02:24
20251111131743, AVGO, 342.5, 20251128, C, 0, 0, 0.0101, 357.065, 0.6968, 0.4388, -0.3536, 0, 20251111 13:02:24
20251111131743, AVGO, 342.5, 20251128, P, 3, 28, 0.0102, 357.065, -0.305, 0.4431, -0.3579, 8.85, 20251111 13:02:24
20251111131743, AVGO, 345, 20251128, C, 7, 432, 0.0106, 357.065, 0.6709, 0.4325, -0.3643, 19, 20251111 13:02:24
20251111131743, AVGO, 345, 20251128, P, 7, 407, 0.0106, 357.065, -0.331, 0.4413, -0.3685, 8.77, 20251111 13:02:24
20251111131743, AVGO, 347.5, 20251128, C, 3, 16, 0.011, 357.065, 0.6439, 0.4363, -0.3734, 16, 20251111 13:02:24
20251111131743, AVGO, 347.5, 20251128, P, 3, 6, 0.0111, 357.065, -0.3585, 0.4418, -0.3776, 10.82, 20251111 13:02:24
20251111131743, AVGO, 350, 20251128, C, 77, 669, 0.0113, 357.065, 0.616, 0.4365, -0.3809, 16.5, 20251111 13:02:24
20251111131743, AVGO, 350, 20251128, P, 39, 501, 0.0114, 357.065, -0.3864, 0.4355, -0.3849, 9.8, 20251111 13:02:24
20251111131743, AVGO, 352.5, 20251128, C, 3, 4, 0.0116, 357.065, 0.5875, 0.4289, -0.3866, 15.9, 20251111 13:02:24
20251111131743, AVGO, 352.5, 20251128, P, 4, 5, 0.0117, 357.065, -0.4154, 0.4358, -0.3905, 12.76, 20251111 13:02:24
20251111131743, AVGO, 355, 20251128, C, 58, 1325, 0.0118, 357.065, 0.5582, 0.4285, -0.3902, 14.2, 20251111 13:02:24
20251111131743, AVGO, 355, 20251128, P, 8, 381, 0.0119, 357.065, -0.445, 0.4303, -0.3941, 12.29, 20251111 13:02:24
20251111131743, AVGO, 357.5, 20251128, C, 23, 25, 0.012, 357.065, 0.5285, 0.4273, -0.3918, 13.4, 20251111 13:02:24
20251111131743, AVGO, 357.5, 20251128, P, 2, 1, 0.0121, 357.065, -0.475, 0.4331, -0.3956, 15, 20251111 13:02:24
20251111131743, AVGO, 360, 20251128, C, 93, 1499, 0.012, 357.065, 0.4983, 0.4256, -0.3913, 12.28, 20251111 13:02:24
20251111131743, AVGO, 360, 20251128, P, 137, 363, 0.0122, 357.065, -0.5052, 0.4285, -0.395, 14.9, 20251111 13:02:24
20251111131743, AVGO, 362.5, 20251128, C, 21, 81, 0.012, 357.065, 0.4683, 0.4244, -0.3886, 10.36, 20251111 13:02:24
20251111131743, AVGO, 362.5, 20251128, P, 0, 0, 0.0122, 357.065, -0.5355, 0.4337, -0.3923, 0, 20251111 13:02:24
20251111131743, AVGO, 365, 20251128, C, 99, 454, 0.012, 357.065, 0.4386, 0.4224, -0.384, 7.75, 20251111 13:02:24
20251111131743, AVGO, 365, 20251128, P, 6, 224, 0.0121, 357.065, -0.5659, 0.4254, -0.3875, 18.88, 20251111 13:02:24
20251111131743, AVGO, 367.5, 20251128, C, 3, 9, 0.0118, 357.065, 0.4096, 0.4235, -0.3774, 8.05, 20251111 13:02:24
20251111131743, AVGO, 367.5, 20251128, P, 4, 0, 0.012, 357.065, -0.5955, 0.4308, -0.3807, 22.23, 20251111 13:02:24
20251111131743, AVGO, 370, 20251128, C, 106, 556, 0.0116, 357.065, 0.3809, 0.42, -0.3689, 8.18, 20251111 13:02:24
20251111131743, AVGO, 370, 20251128, P, 3, 123, 0.0118, 357.065, -0.6246, 0.4246, -0.3721, 21.47, 20251111 13:02:24
20251111131743, AVGO, 372.5, 20251128, C, 5, 5, 0.0114, 357.065, 0.353, 0.4183, -0.3587, 6.48, 20251111 13:02:24
20251111131743, AVGO, 372.5, 20251128, P, 0, 1, 0.0115, 357.065, -0.6528, 0.4298, -0.3618, 21.7, 20251111 13:02:24
20251111131743, AVGO, 375, 20251128, C, 49, 681, 0.011, 357.065, 0.3261, 0.4177, -0.347, 6.14, 20251111 13:02:24
20251111131743, AVGO, 375, 20251128, P, 1, 72, 0.0112, 357.065, -0.6802, 0.4257, -0.3501, 24.05, 20251111 13:02:24
20251111131743, AVGO, 377.5, 20251128, C, 13, 10, 0.0106, 357.065, 0.3002, 0.4176, -0.3341, 5.62, 20251111 13:02:24
20251111131743, AVGO, 377.5, 20251128, P, 0, 0, 0.0108, 357.065, -0.7064, 0.4254, -0.337, 0, 20251111 13:02:24
20251111131743, AVGO, 380, 20251128, C, 96, 575, 0.0102, 357.065, 0.2755, 0.419, -0.3201, 5.22, 20251111 13:02:24
20251111131743, AVGO, 380, 20251128, P, 0, 46, 0.0104, 357.065, -0.7315, 0.4188, -0.3229, 27.72, 20251111 13:02:24
20251111131743, AVGO, 382.5, 20251128, C, 3, 3, 0.0098, 357.065, 0.2521, 0.4151, -0.3054, 4.4, 20251111 13:02:24
20251111131743, AVGO, 382.5, 20251128, P, 0, 0, 0.01, 357.065, -0.7553, 0.4319, -0.3079, 0, 20251111 13:02:24
20251111131743, AVGO, 385, 20251128, C, 23, 842, 0.0093, 357.065, 0.23, 0.4182, -0.2901, 3.6, 20251111 13:02:24
20251111131743, AVGO, 385, 20251128, P, 0, 6, 0.0095, 357.065, -0.7778, 0.4191, -0.2924, 32.23, 20251111 13:02:24
20251111131743, AVGO, 387.5, 20251128, C, 0, 59, 0.0088, 357.065, 0.2094, 0.4205, -0.2744, 4.22, 20251111 13:02:24
20251111131743, AVGO, 387.5, 20251128, P, 0, 0, 0.009, 357.065, -0.7989, 0.4335, -0.2765, 0, 20251111 13:02:24
20251111131743, AVGO, 390, 20251128, C, 87, 623, 0.0083, 357.065, 0.1901, 0.4172, -0.2586, 3.18, 20251111 13:02:24
20251111131743, AVGO, 390, 20251128, P, 0, 3, 0.0085, 357.065, -0.8186, 0.429, -0.2606, 46.24, 20251111 13:02:24
20251111131743, AVGO, 392.5, 20251128, C, 1, 0, 0.0078, 357.065, 0.1722, 0.4258, -0.2428, 3.5, 20251111 13:02:24
20251111131743, AVGO, 392.5, 20251128, P, 0, 0, 0.008, 357.065, -0.8369, 0.4203, -0.2448, 0, 20251111 13:02:24
20251111131743, AVGO, 395, 20251128, C, 65, 1949, 0.0073, 357.065, 0.1557, 0.4217, -0.2273, 2.5, 20251111 13:02:24
20251111131743, AVGO, 395, 20251128, P, 0, 11, 0.0075, 357.065, -0.8538, 0.4334, -0.2291, 36.35, 20251111 13:02:24
20251111131743, AVGO, 397.5, 20251128, C, 0, 2, 0.0068, 357.065, 0.1405, 0.4239, -0.2121, 2.44, 20251111 13:02:24
20251111131743, AVGO, 397.5, 20251128, P, 0, 0, 0.007, 357.065, -0.8694, 0.4443, -0.2142, 0, 20251111 13:02:24
20251111131743, AVGO, 400, 20251128, C, 61, 1489, 0.0063, 357.065, 0.1266, 0.4255, -0.1974, 1.75, 20251111 13:02:24
20251111131743, AVGO, 400, 20251128, P, 0, 4, 0.0065, 357.065, -0.8837, 0.4452, -0.1995, 37.61, 20251111 13:02:24
20251111131743, AVGO, 402.5, 20251128, C, 1, 2, 0.0058, 357.065, 0.114, 0.43, -0.1833, 1.62, 20251111 13:02:24
20251111131743, AVGO, 402.5, 20251128, P, 0, 0, 0.0061, 357.065, -0.8968, 0.4492, -0.1857, 0, 20251111 13:02:24
20251111131743, AVGO, 405, 20251128, C, 4, 192, 0.0054, 357.065, 0.1025, 0.4273, -0.1698, 1.35, 20251111 13:02:24
20251111131743, AVGO, 405, 20251128, P, 0, 6, 0.0056, 357.065, -0.9088, 0.4515, -0.1727, 37.75, 20251111 13:02:24
20251111131743, AVGO, 407.5, 20251128, C, 0, 0, 0.0049, 357.065, 0.0921, 0.4281, -0.1571, 0, 20251111 13:02:24
20251111131743, AVGO, 407.5, 20251128, P, 0, 0, 0.0052, 357.065, -0.9197, 0.4481, -0.1603, 0, 20251111 13:02:24
20251111131743, AVGO, 410, 20251128, C, 15, 752, 0.0045, 357.065, 0.0827, 0.4317, -0.1451, 1.18, 20251111 13:02:24
20251111131743, AVGO, 410, 20251128, P, 0, 0, 0.0048, 357.065, -0.9295, 0.4484, -0.1487, 0, 20251111 13:02:24
20251111131743, AVGO, 412.5, 20251128, C, 0, 3, 0.0042, 357.065, 0.0742, 0.4294, -0.1337, 1.52, 20251111 13:02:24
20251111131743, AVGO, 412.5, 20251128, P, 0, 0, 0.0044, 357.065, -0.9384, 0.4929, -0.1376, 0, 20251111 13:02:24
20251111131743, AVGO, 415, 20251128, C, 94, 889, 0.0038, 357.065, 0.0667, 0.4392, -0.1234, 0.95, 20251111 13:02:24
20251111131743, AVGO, 415, 20251128, P, 0, 1, 0.0041, 357.065, -0.9466, 0.487, -0.1274, 69.15, 20251111 13:02:24
20251111131743, AVGO, 417.5, 20251128, C, 0, 1, 0.0035, 357.065, 0.0599, 0.4352, -0.1136, 1.14, 20251111 13:02:24
20251111131743, AVGO, 417.5, 20251128, P, 0, 0, 0.0038, 357.065, -0.9539, 0.4899, -0.1186, 0, 20251111 13:02:24
20251111131743, AVGO, 420, 20251128, C, 0, 225, 0.0032, 357.065, 0.0538, 0.4438, -0.1046, 1, 20251111 13:02:24
20251111131743, AVGO, 420, 20251128, P, 0, 30, 0.0035, 357.065, -0.9604, 0.509, -0.109, 64.26, 20251111 13:02:24
20251111131743, AVGO, 422.5, 20251128, C, 0, 40, 0.0029, 357.065, 0.0484, 0.4401, -0.0964, 0.8, 20251111 13:02:24
20251111131743, AVGO, 422.5, 20251128, P, 0, 0, 0.0033, 357.065, -0.9664, 0.5078, -0.1012, 0, 20251111 13:02:24
20251111131743, AVGO, 425, 20251128, C, 3, 294, 0.0027, 357.065, 0.0436, 0.442, -0.0888, 0.62, 20251111 13:02:24
20251111131743, AVGO, 425, 20251128, P, 0, 6, 0.003, 357.065, -0.9718, 0.5269, -0.0938, 68.34, 20251111 13:02:24
20251111131743, AVGO, 427.5, 20251128, C, 0, 0, 0.0024, 357.065, 0.0393, 0.4456, -0.0818, 0, 20251111 13:02:24
20251111131743, AVGO, 427.5, 20251128, P, 0, 0, 0.0028, 357.065, -0.9765, 0.4979, -0.0852, 0, 20251111 13:02:24
20251111131743, AVGO, 430, 20251128, C, 35, 235, 0.0022, 357.065, 0.0354, 0.4454, -0.0755, 0.41, 20251111 13:02:24
20251111131743, AVGO, 430, 20251128, P, 0, 5, 0.0025, 357.065, -0.9805, 0.5178, -0.077, 75, 20251111 13:02:24
20251111131743, AVGO, 432.5, 20251128, C, 0, 2, 0.002, 357.065, 0.032, 0.4523, -0.0697, 0.54, 20251111 13:02:24
20251111131743, AVGO, 432.5, 20251128, P, 0, 0, 0.0022, 357.065, -0.9842, 0.5407, -0.0738, 0, 20251111 13:02:24
20251111131743, AVGO, 435, 20251128, C, 0, 52, 0.0018, 357.065, 0.029, 0.4546, -0.0645, 0.51, 20251111 13:02:24
20251111131743, AVGO, 435, 20251128, P, 0, 0, 0.0019, 357.065, -0.9874, 0.4881, -0.0676, 0, 20251111 13:02:24
20251111131743, AVGO, 437.5, 20251128, C, 1, 0, 0.0017, 357.065, 0.0264, 0.4602, -0.0597, 0.44, 20251111 13:02:24
20251111131743, AVGO, 437.5, 20251128, P, 0, 0, 0.0017, 357.065, -0.9899, 0.5594, -0.0611, 0, 20251111 13:02:24
20251111131743, AVGO, 440, 20251128, C, 0, 202, 0.0016, 357.065, 0.024, 0.4604, -0.0554, 0.42, 20251111 13:02:24
20251111131743, AVGO, 440, 20251128, P, 0, 0, 0.0014, 357.065, -0.9921, 0.5525, -0.0553, 75, 20251111 13:02:24
20251111131743, AVGO, 442.5, 20251128, C, 0, 0, 0.0014, 357.065, 0.0219, 0.4684, -0.0515, 0, 20251111 13:02:24
20251111131743, AVGO, 442.5, 20251128, P, 0, 0, 0.0012, 357.065, -0.994, 0.5947, -0.0511, 0, 20251111 13:02:24
20251111131743, AVGO, 445, 20251128, C, 1, 112, 0.0013, 357.065, 0.02, 0.4707, -0.048, 0.33, 20251111 13:02:24
20251111131743, AVGO, 445, 20251128, P, 0, 0, 0.001, 357.065, -0.9953, 0.5928, -0.051, 0, 20251111 13:02:24
20251111131743, AVGO, 447.5, 20251128, C, 3, 0, 0.0012, 357.065, 0.0183, 0.4582, -0.0448, 0.21, 20251111 13:02:24
20251111131743, AVGO, 447.5, 20251128, P, 0, 0, 0.0008, 357.065, -0.9964, 0.6009, -0.0485, 0, 20251111 13:02:24
20251111131743, AVGO, 450, 20251128, C, 3, 185, 0.0011, 357.065, 0.0168, 0.4768, -0.0419, 0.18, 20251111 13:02:24
20251111131743, AVGO, 450, 20251128, P, 0, 0, 0.0006, 357.065, -0.9972, 0.6087, -0.0465, 83.78, 20251111 13:02:24
20251111131743, AVGO, 455, 20251128, C, 1, 135, 0.001, 357.065, 0.0144, 0.4833, -0.037, 0.13, 20251111 13:02:24
20251111131743, AVGO, 455, 20251128, P, 0, 0, 0.0004, 357.065, -0.9986, 0.6481, -0.0432, 0, 20251111 13:02:24
20251111131743, AVGO, 460, 20251128, C, 59, 147, 0.0008, 357.065, 0.0124, 0.4814, -0.033, 0.12, 20251111 13:02:24
20251111131743, AVGO, 460, 20251128, P, 0, 0, 0.0002, 357.065, -0.9993, 0.679, -0.0424, 93.5, 20251111 13:02:24
20251111131743, AVGO, 465, 20251128, C, 0, 129, 0.0007, 357.065, 0.0108, 0.502, -0.0296, 0.16, 20251111 13:02:24
20251111131743, AVGO, 465, 20251128, P, 0, 0, 0.0001, 357.065, -0.9996, 0.6864, -0.0424, 0, 20251111 13:02:24
20251111131743, AVGO, 470, 20251128, C, 0, 25, 0.0006, 357.065, 0.0095, 0.5114, -0.0269, 0.1, 20251111 13:02:24
20251111131743, AVGO, 470, 20251128, P, 0, 0, 0.0001, 357.065, -0.9998, 0.6954, -0.0424, 0, 20251111 13:02:24
20251111131743, AVGO, 475, 20251128, C, 0, 33, 0.0006, 357.065, 0.0084, 0.5256, -0.0246, 0.1, 20251111 13:02:24
20251111131743, AVGO, 475, 20251128, P, 0, 0, 0, 357.065, -0.9999, 0.7218, -0.0424, 0, 20251111 13:02:24
20251111131743, AVGO, 480, 20251128, C, 10, 152, 0.0005, 357.065, 0.0075, 0.5358, -0.0227, 0.09, 20251111 13:02:24
20251111131743, AVGO, 480, 20251128, P, 0, 0, 0, 357.065, -1, 0.7386, -0.0424, 115.12, 20251111 13:02:24
20251111131743, AVGO, 485, 20251128, C, 0, 7, 0.0004, 357.065, 0.0068, 0.5487, -0.021, 0.16, 20251111 13:02:24
20251111131743, AVGO, 485, 20251128, P, 0, 0, 0, 357.065, -1, 0.7547, -0.0424, 0, 20251111 13:02:24
20251111131743, AVGO, 490, 20251128, C, 0, 179, 0.0004, 357.065, 0.0062, 0.561, -0.0196, 0.16, 20251111 13:02:24
20251111131743, AVGO, 490, 20251128, P, 0, 0, 0, 357.065, -1, 0.7702, -0.0424, 0, 20251111 13:02:24
20251111131743, AVGO, 495, 20251128, C, 7, 19, 0.0004, 357.065, 0.0056, 0.5953, -0.0183, 0.03, 20251111 13:02:24
20251111131743, AVGO, 495, 20251128, P, 0, 0, 0, 357.065, -1, 0.8337, -0.0424, 0, 20251111 13:02:24
20251111131743, AVGO, 500, 20251128, C, 0, 112, 0.0003, 357.065, 0.0051, 0.5926, -0.0172, 0.1, 20251111 13:02:24
20251111131743, AVGO, 500, 20251128, P, 0, 0, 0, 357.065, -1, 0.8544, -0.0424, 135.11, 20251111 13:02:24
20251111131743, AVGO, 505, 20251128, C, 0, 11, 0.0003, 357.065, 0.0047, 0.6462, -0.0162, 0.13, 20251111 13:02:24
20251111131743, AVGO, 505, 20251128, P, 0, 0, 0, 357.065, -1, 0.8749, -0.0424, 0, 20251111 13:02:24
20251111131743, AVGO, 510, 20251128, C, 10, 20, 0.0003, 357.065, 0.0044, 0.6592, -0.0152, 0.13, 20251111 13:02:24
20251111131743, AVGO, 510, 20251128, P, 0, 0, 0, 357.065, -1, 0.8951, -0.0424, 0, 20251111 13:02:24
20251111131743, AVGO, 515, 20251128, C, 0, 18, 0.0002, 357.065, 0.004, 0.6292, -0.0144, 0.97, 20251111 13:02:24
20251111131743, AVGO, 515, 20251128, P, 0, 0, 0, 357.065, -1, 0.915, -0.0424, 0, 20251111 13:02:24
20251111131743, AVGO, 520, 20251128, C, 0, 34, 0.0002, 357.065, 0.0037, 0.6439, -0.0136, 0.1, 20251111 13:02:24
20251111131743, AVGO, 520, 20251128, P, 0, 0, 0, 357.065, -1, 0.9346, -0.0424, 153.26, 20251111 13:02:24
20251111131743, AVGO, 525, 20251128, C, 0, 100, 0.0002, 357.065, 0.0034, 0.6584, -0.0128, 0.02, 20251111 13:02:24
20251111131743, AVGO, 525, 20251128, P, 0, 0, 0, 357.065, -1, 0.954, -0.0424, 165.98, 20251111 13:02:24
20251111131743, AVGO, 185, 20251205, C, 0, 21, 0.0001, 357.065, 0.9976, 0, 0, 181.85, 20251111 13:02:24
20251111131743, AVGO, 185, 20251205, P, 0, 5, 0.0001, 357.065, -0.0025, 0.9759, -0.0126, 0.16, 20251111 13:02:24
20251111131743, AVGO, 190, 20251205, C, 0, 0, 0.0001, 357.065, 0.9974, 0, 0, 0, 20251111 13:02:24
20251111131743, AVGO, 190, 20251205, P, 0, 0, 0.0001, 357.065, -0.0028, 0.9452, -0.0135, 0, 20251111 13:02:24
20251111131743, AVGO, 195, 20251205, C, 0, 0, 0.0001, 357.065, 0.997, 0, 0, 0, 20251111 13:02:24
20251111131743, AVGO, 195, 20251205, P, 0, 0, 0.0001, 357.065, -0.0031, 0.9148, -0.0146, 0, 20251111 13:02:24
20251111131743, AVGO, 200, 20251205, C, 0, 35, 0.0001, 357.065, 0.9966, 0, 0, 174.6, 20251111 13:02:24
20251111131743, AVGO, 200, 20251205, P, 0, 2, 0.0001, 357.065, -0.0035, 0.8897, -0.0159, 0.15, 20251111 13:02:24
20251111131743, AVGO, 205, 20251205, C, 0, 0, 0.0001, 357.065, 0.9961, 0, -0.0011, 0, 20251111 13:02:24
20251111131743, AVGO, 205, 20251205, P, 0, 0, 0.0001, 357.065, -0.004, 0.864, -0.0174, 0, 20251111 13:02:24
20251111131743, AVGO, 210, 20251205, C, 0, 0, 0.0002, 357.065, 0.9956, 0, -0.0034, 0, 20251111 13:02:24
20251111131743, AVGO, 210, 20251205, P, 0, 15, 0.0002, 357.065, -0.0046, 0.8379, -0.0191, 0.15, 20251111 13:02:24
20251111131743, AVGO, 215, 20251205, C, 0, 0, 0.0002, 357.065, 0.9949, 0, -0.0059, 0, 20251111 13:02:24
20251111131743, AVGO, 215, 20251205, P, 0, 0, 0.0002, 357.065, -0.0052, 0.804, -0.0211, 0, 20251111 13:02:24
20251111131743, AVGO, 220, 20251205, C, 0, 0, 0.0002, 357.065, 0.9941, 0, -0.0087, 0, 20251111 13:02:24
20251111131743, AVGO, 220, 20251205, P, 0, 20, 0.0002, 357.065, -0.006, 0.7318, -0.0234, 0.3, 20251111 13:02:24
20251111131743, AVGO, 225, 20251205, C, 0, 0, 0.0003, 357.065, 0.9932, 0, -0.0118, 0, 20251111 13:02:24
20251111131743, AVGO, 225, 20251205, P, 0, 3, 0.0003, 357.065, -0.007, 0.7551, -0.026, 0.28, 20251111 13:02:24
20251111131743, AVGO, 230, 20251205, C, 0, 10, 0.0003, 357.065, 0.9921, 0.6347, -0.0153, 145, 20251111 13:02:24
20251111131743, AVGO, 230, 20251205, P, 0, 5, 0.0003, 357.065, -0.0081, 0.7423, -0.029, 0.25, 20251111 13:02:24
20251111131743, AVGO, 235, 20251205, C, 0, 0, 0.0004, 357.065, 0.9908, 0, -0.0191, 0, 20251111 13:02:24
20251111131743, AVGO, 235, 20251205, P, 0, 13, 0.0004, 357.065, -0.0094, 0.7217, -0.0323, 0.41, 20251111 13:02:24
20251111131743, AVGO, 240, 20251205, C, 0, 13, 0.0004, 357.065, 0.9892, 0, -0.0234, 119.01, 20251111 13:02:24
20251111131743, AVGO, 240, 20251205, P, 0, 8, 0.0004, 357.065, -0.0109, 0.7039, -0.0361, 0.37, 20251111 13:02:24
20251111131743, AVGO, 245, 20251205, C, 0, 14, 0.0005, 357.065, 0.9874, 0.6157, -0.0282, 129.97, 20251111 13:02:24
20251111131743, AVGO, 245, 20251205, P, 0, 37, 0.0005, 357.065, -0.0127, 0.6877, -0.0403, 0.33, 20251111 13:02:24
20251111131743, AVGO, 250, 20251205, C, 0, 2, 0.0006, 357.065, 0.9852, 0.6266, -0.0335, 117.03, 20251111 13:02:24
20251111131743, AVGO, 250, 20251205, P, 8, 20, 0.0006, 357.065, -0.0149, 0.6707, -0.0451, 0.32, 20251111 13:02:24
20251111131743, AVGO, 255, 20251205, C, 0, 5, 0.0007, 357.065, 0.9827, 0.617, -0.0394, 120.83, 20251111 13:02:24
20251111131743, AVGO, 255, 20251205, P, 8, 12, 0.0007, 357.065, -0.0175, 0.6617, -0.0506, 0.38, 20251111 13:02:24
20251111131743, AVGO, 260, 20251205, C, 0, 0, 0.0008, 357.065, 0.9797, 0, -0.046, 0, 20251111 13:02:24
20251111131743, AVGO, 260, 20251205, P, 0, 191, 0.0008, 357.065, -0.0205, 0.64, -0.0566, 0.99, 20251111 13:02:24
20251111131743, AVGO, 265, 20251205, C, 0, 1, 0.001, 357.065, 0.9761, 0.4324, -0.0534, 111.29, 20251111 13:02:24
20251111131743, AVGO, 265, 20251205, P, 3, 15, 0.001, 357.065, -0.0241, 0.6295, -0.0635, 0.56, 20251111 13:02:24
20251111131743, AVGO, 270, 20251205, C, 1, 8, 0.0012, 357.065, 0.9718, 0.5103, -0.0616, 82.25, 20251111 13:02:24
20251111131743, AVGO, 270, 20251205, P, 0, 192, 0.0012, 357.065, -0.0284, 0.5978, -0.0712, 0.61, 20251111 13:02:24
20251111131743, AVGO, 275, 20251205, C, 0, 1, 0.0014, 357.065, 0.9666, 0.543, -0.0708, 94.6, 20251111 13:02:24
20251111131743, AVGO, 275, 20251205, P, 1, 81, 0.0014, 357.065, -0.0336, 0.5852, -0.08, 0.72, 20251111 13:02:24
20251111131743, AVGO, 280, 20251205, C, 0, 2, 0.0016, 357.065, 0.9604, 0.4645, -0.0812, 64.9, 20251111 13:02:24
20251111131743, AVGO, 280, 20251205, P, 1, 80, 0.0016, 357.065, -0.0398, 0.5685, -0.0899, 1, 20251111 13:02:24
20251111131743, AVGO, 285, 20251205, C, 0, 2, 0.0019, 357.065, 0.953, 0.4745, -0.0927, 72.63, 20251111 13:02:24
20251111131743, AVGO, 285, 20251205, P, 5, 60, 0.0019, 357.065, -0.0473, 0.5546, -0.101, 1.02, 20251111 13:02:24
20251111131743, AVGO, 290, 20251205, C, 0, 7, 0.0023, 357.065, 0.9441, 0.4889, -0.1057, 67.45, 20251111 13:02:24
20251111131743, AVGO, 290, 20251205, P, 21, 302, 0.0023, 357.065, -0.0563, 0.5443, -0.1135, 1.28, 20251111 13:02:24
20251111131743, AVGO, 295, 20251205, C, 0, 16, 0.0027, 357.065, 0.9333, 0.4998, -0.1202, 67.5, 20251111 13:02:24
20251111131743, AVGO, 295, 20251205, P, 3, 153, 0.0027, 357.065, -0.0671, 0.5317, -0.1276, 1.65, 20251111 13:02:24
20251111131743, AVGO, 300, 20251205, C, 0, 28, 0.0031, 357.065, 0.9204, 0.4917, -0.1363, 61.05, 20251111 13:02:24
20251111131743, AVGO, 300, 20251205, P, 145, 345, 0.0031, 357.065, -0.0801, 0.5124, -0.1433, 1.91, 20251111 13:02:24
20251111131743, AVGO, 305, 20251205, C, 0, 1, 0.0036, 357.065, 0.9049, 0.4839, -0.1541, 65.19, 20251111 13:02:24
20251111131743, AVGO, 305, 20251205, P, 153, 152, 0.0037, 357.065, -0.0957, 0.5059, -0.1606, 2.26, 20251111 13:02:24
20251111131743, AVGO, 310, 20251205, C, 1, 4, 0.0042, 357.065, 0.8864, 0.4843, -0.1733, 48.89, 20251111 13:02:24
20251111131743, AVGO, 310, 20251205, P, 15, 537, 0.0043, 357.065, -0.1143, 0.4932, -0.1795, 2.75, 20251111 13:02:24
20251111131743, AVGO, 315, 20251205, C, 5, 10, 0.0049, 357.065, 0.8646, 0.4763, -0.1939, 44.54, 20251111 13:02:24
20251111131743, AVGO, 315, 20251205, P, 27, 305, 0.0049, 357.065, -0.1362, 0.4845, -0.1997, 3.35, 20251111 13:02:24
20251111131743, AVGO, 320, 20251205, C, 10, 161, 0.0056, 357.065, 0.8391, 0.4677, -0.2154, 39.21, 20251111 13:02:24
20251111131743, AVGO, 320, 20251205, P, 39, 624, 0.0056, 357.065, -0.1619, 0.4755, -0.2208, 3.9, 20251111 13:02:24
20251111131743, AVGO, 325, 20251205, C, 7, 39, 0.0063, 357.065, 0.8097, 0.464, -0.2372, 36.34, 20251111 13:02:24
20251111131743, AVGO, 325, 20251205, P, 25, 750, 0.0064, 357.065, -0.1915, 0.4664, -0.2424, 4.85, 20251111 13:02:24
20251111131743, AVGO, 330, 20251205, C, 0, 22, 0.007, 357.065, 0.7763, 0.4541, -0.2586, 35.82, 20251111 13:02:24
20251111131743, AVGO, 330, 20251205, P, 19, 908, 0.0071, 357.065, -0.2251, 0.4603, -0.2635, 6.17, 20251111 13:02:24
20251111131743, AVGO, 335, 20251205, C, 1, 75, 0.0078, 357.065, 0.739, 0.4531, -0.2788, 28.32, 20251111 13:02:24
20251111131743, AVGO, 335, 20251205, P, 21, 263, 0.0078, 357.065, -0.2628, 0.4548, -0.2834, 7.55, 20251111 13:02:24
20251111131743, AVGO, 340, 20251205, C, 5, 291, 0.0084, 357.065, 0.698, 0.4438, -0.2968, 25, 20251111 13:02:24
20251111131743, AVGO, 340, 20251205, P, 11, 279, 0.0085, 357.065, -0.3041, 0.4495, -0.3011, 8.5, 20251111 13:02:24
20251111131743, AVGO, 345, 20251205, C, 24, 731, 0.009, 357.065, 0.6538, 0.4399, -0.3116, 21.87, 20251111 13:02:24
20251111131743, AVGO, 345, 20251205, P, 31, 251, 0.0091, 357.065, -0.3487, 0.4447, -0.3158, 10.4, 20251111 13:02:24
20251111131743, AVGO, 350, 20251205, C, 70, 769, 0.0095, 357.065, 0.607, 0.4414, -0.3226, 19.5, 20251111 13:02:24
20251111131743, AVGO, 350, 20251205, P, 58, 643, 0.0096, 357.065, -0.396, 0.4403, -0.3265, 12.7, 20251111 13:02:24
20251111131743, AVGO, 355, 20251205, C, 49, 197, 0.0098, 357.065, 0.5584, 0.436, -0.329, 16.46, 20251111 13:02:24
20251111131743, AVGO, 355, 20251205, P, 68, 201, 0.0099, 357.065, -0.4451, 0.4377, -0.3327, 14.6, 20251111 13:02:24
20251111131743, AVGO, 360, 20251205, C, 167, 279, 0.01, 357.065, 0.5089, 0.4336, -0.3306, 14.9, 20251111 13:02:24
20251111131743, AVGO, 360, 20251205, P, 7, 156, 0.0101, 357.065, -0.4951, 0.4386, -0.3342, 17.7, 20251111 13:02:24
20251111131743, AVGO, 365, 20251205, C, 107, 406, 0.01, 357.065, 0.4594, 0.4313, -0.3273, 12.7, 20251111 13:02:24
20251111131743, AVGO, 365, 20251205, P, 0, 75, 0.0101, 357.065, -0.5453, 0.4279, -0.3307, 20.98, 20251111 13:02:24
20251111131743, AVGO, 370, 20251205, C, 35, 733, 0.0098, 357.065, 0.4108, 0.4299, -0.3192, 10.3, 20251111 13:02:24
20251111131743, AVGO, 370, 20251205, P, 1, 81, 0.01, 357.065, -0.5946, 0.4339, -0.3226, 24.52, 20251111 13:02:24
20251111131743, AVGO, 375, 20251205, C, 40, 340, 0.0095, 357.065, 0.364, 0.4269, -0.307, 8.34, 20251111 13:02:24
20251111131743, AVGO, 375, 20251205, P, 7, 17, 0.0097, 357.065, -0.6421, 0.4299, -0.3103, 27.48, 20251111 13:02:24
20251111131743, AVGO, 380, 20251205, C, 17, 881, 0.0091, 357.065, 0.3197, 0.4269, -0.2913, 7.2, 20251111 13:02:24
20251111131743, AVGO, 380, 20251205, P, 1, 41, 0.0092, 357.065, -0.6873, 0.425, -0.2945, 32.45, 20251111 13:02:24
20251111131743, AVGO, 385, 20251205, C, 17, 165, 0.0085, 357.065, 0.2785, 0.422, -0.2729, 6.3, 20251111 13:02:24
20251111131743, AVGO, 385, 20251205, P, 0, 7, 0.0087, 357.065, -0.7293, 0.4323, -0.276, 34.32, 20251111 13:02:24
20251111131743, AVGO, 390, 20251205, C, 23, 454, 0.0079, 357.065, 0.2408, 0.4266, -0.2527, 4.86, 20251111 13:02:24
20251111131743, AVGO, 390, 20251205, P, 0, 9, 0.0081, 357.065, -0.7678, 0.4281, -0.2557, 45.65, 20251111 13:02:24
20251111131743, AVGO, 395, 20251205, C, 14, 562, 0.0072, 357.065, 0.2068, 0.4266, -0.2315, 4.15, 20251111 13:02:24
20251111131743, AVGO, 395, 20251205, P, 0, 10, 0.0074, 357.065, -0.8027, 0.433, -0.2343, 38.8, 20251111 13:02:24
20251111131743, AVGO, 400, 20251205, C, 51, 476, 0.0065, 357.065, 0.1767, 0.4276, -0.2101, 3.38, 20251111 13:02:24
20251111131743, AVGO, 400, 20251205, P, 0, 1, 0.0068, 357.065, -0.8337, 0.4323, -0.2126, 40.95, 20251111 13:02:24
20251111131743, AVGO, 405, 20251205, C, 182, 336, 0.0059, 357.065, 0.1502, 0.4287, -0.1891, 2.84, 20251111 13:02:24
20251111131743, AVGO, 405, 20251205, P, 0, 0, 0.0061, 357.065, -0.8612, 0.436, -0.1914, 0, 20251111 13:02:24
20251111131743, AVGO, 410, 20251205, C, 30, 307, 0.0052, 357.065, 0.1272, 0.432, -0.169, 2.19, 20251111 13:02:24
20251111131743, AVGO, 410, 20251205, P, 0, 5, 0.0055, 357.065, -0.885, 0.4339, -0.171, 55.21, 20251111 13:02:24
20251111131743, AVGO, 415, 20251205, C, 145, 322, 0.0046, 357.065, 0.1074, 0.4362, -0.1502, 1.87, 20251111 13:02:24
20251111131743, AVGO, 415, 20251205, P, 0, 2, 0.0049, 357.065, -0.9058, 0.4441, -0.1528, 42.51, 20251111 13:02:24
20251111131743, AVGO, 420, 20251205, C, 142, 212, 0.004, 357.065, 0.0906, 0.4403, -0.1328, 1.58, 20251111 13:02:24
20251111131743, AVGO, 420, 20251205, P, 0, 0, 0.0043, 357.065, -0.9236, 0.4489, -0.1356, 0, 20251111 13:02:24
20251111131743, AVGO, 425, 20251205, C, 8, 791, 0.0035, 357.065, 0.0763, 0.448, -0.117, 1.32, 20251111 13:02:24
20251111131743, AVGO, 425, 20251205, P, 0, 3, 0.0038, 357.065, -0.9391, 0.4734, -0.1212, 69.31, 20251111 13:02:24
20251111131743, AVGO, 430, 20251205, C, 9, 24, 0.0031, 357.065, 0.0642, 0.4452, -0.1028, 1.05, 20251111 13:02:24
20251111131743, AVGO, 430, 20251205, P, 0, 1, 0.0034, 357.065, -0.9522, 0.4874, -0.1075, 64.6, 20251111 13:02:24
20251111131743, AVGO, 435, 20251205, C, 1, 129, 0.0026, 357.065, 0.054, 0.4572, -0.0902, 0.89, 20251111 13:02:24
20251111131743, AVGO, 435, 20251205, P, 0, 0, 0.0031, 357.065, -0.9636, 0.4945, -0.0959, 0, 20251111 13:02:24
20251111131743, AVGO, 440, 20251205, C, 2, 91, 0.0023, 357.065, 0.0456, 0.4532, -0.079, 0.6, 20251111 13:02:24
20251111131743, AVGO, 440, 20251205, P, 0, 0, 0.0027, 357.065, -0.973, 0.5285, -0.0859, 0, 20251111 13:02:24
20251111131743, AVGO, 445, 20251205, C, 20, 21, 0.002, 357.065, 0.0385, 0.458, -0.0692, 0.56, 20251111 13:02:24
20251111131743, AVGO, 445, 20251205, P, 0, 0, 0.0023, 357.065, -0.9812, 0.528, -0.0745, 0, 20251111 13:02:24
20251111131743, AVGO, 450, 20251205, C, 0, 144, 0.0017, 357.065, 0.0326, 0.4658, -0.0606, 0.7, 20251111 13:02:24
20251111131743, AVGO, 450, 20251205, P, 0, 0, 0.0019, 357.065, -0.9874, 0.5284, -0.0599, 0, 20251111 13:02:24
20251111131743, AVGO, 455, 20251205, C, 0, 33, 0.0015, 357.065, 0.0276, 0.4618, -0.0532, 0.5, 20251111 13:02:24
20251111131743, AVGO, 455, 20251205, P, 0, 0, 0.0013, 357.065, -0.9922, 0.5116, -0.0564, 0, 20251111 13:02:24
20251111131743, AVGO, 460, 20251205, C, 0, 110, 0.0013, 357.065, 0.0235, 0.4685, -0.0467, 0.44, 20251111 13:02:24
20251111131743, AVGO, 460, 20251205, P, 0, 0, 0.0009, 357.065, -0.9953, 0.5684, -0.0469, 0, 20251111 13:02:24
20251111131743, AVGO, 465, 20251205, C, 0, 66, 0.0011, 357.065, 0.0201, 0.4755, -0.0412, 0.7, 20251111 13:02:24
20251111131743, AVGO, 465, 20251205, P, 0, 0, 0.0006, 357.065, -0.9978, 0.604, -0.0393, 0, 20251111 13:02:24
20251111131743, AVGO, 470, 20251205, C, 5, 27, 0.001, 357.065, 0.0173, 0.4709, -0.0364, 0.21, 20251111 13:02:24
20251111131743, AVGO, 470, 20251205, P, 0, 0, 0.0003, 357.065, -0.9988, 0.5778, -0.0393, 0, 20251111 13:02:24
20251111131743, AVGO, 475, 20251205, C, 5, 27, 0.0008, 357.065, 0.0149, 0.4702, -0.0323, 0.18, 20251111 13:02:24
20251111131743, AVGO, 475, 20251205, P, 0, 0, 0.0001, 357.065, -0.9994, 0.6052, -0.0393, 0, 20251111 13:02:24
20251111131743, AVGO, 480, 20251205, C, 56, 44, 0.0007, 357.065, 0.0129, 0.4733, -0.0287, 0.14, 20251111 13:02:24
20251111131743, AVGO, 480, 20251205, P, 0, 0, 0, 357.065, -0.9999, 0.6403, -0.0393, 0, 20251111 13:02:24
20251111131743, AVGO, 485, 20251205, C, 0, 4, 0.0006, 357.065, 0.0112, 0.52, -0.0257, 0.25, 20251111 13:02:24
20251111131743, AVGO, 485, 20251205, P, 0, 0, 0, 357.065, -1, 0.6544, -0.0393, 0, 20251111 13:02:24
20251111131743, AVGO, 490, 20251205, C, 0, 14, 0.0006, 357.065, 0.0098, 0.5125, -0.023, 0.41, 20251111 13:02:24
20251111131743, AVGO, 490, 20251205, P, 0, 0, 0, 357.065, -1, 0.6805, -0.0393, 0, 20251111 13:02:24
20251111131743, AVGO, 495, 20251205, C, 0, 26, 0.0005, 357.065, 0.0086, 0.5139, -0.0207, 0.34, 20251111 13:02:24
20251111131743, AVGO, 495, 20251205, P, 0, 0, 0, 357.065, -1, 0.6982, -0.0393, 0, 20251111 13:02:24
20251111131743, AVGO, 500, 20251205, C, 0, 67, 0.0004, 357.065, 0.0076, 0.4999, -0.0187, 0.18, 20251111 13:02:24
20251111131743, AVGO, 500, 20251205, P, 0, 0, 0, 357.065, -1, 0.7275, -0.0393, 0, 20251111 13:02:24
20251111131743, AVGO, 505, 20251205, C, 0, 1, 0.0004, 357.065, 0.0068, 0.5311, -0.017, 0.63, 20251111 13:02:24
20251111131743, AVGO, 505, 20251205, P, 0, 0, 0, 357.065, -1, 0.7555, -0.0393, 0, 20251111 13:02:24
20251111131743, AVGO, 510, 20251205, C, 0, 41, 0.0004, 357.065, 0.006, 0.5416, -0.0155, 0.3, 20251111 13:02:24
20251111131743, AVGO, 510, 20251205, P, 0, 0, 0, 357.065, -1, 0.7457, -0.0393, 0, 20251111 13:02:24
20251111131743, AVGO, 515, 20251205, C, 0, 11, 0.0003, 357.065, 0.0054, 0.5516, -0.0141, 0.18, 20251111 13:02:24
20251111131743, AVGO, 515, 20251205, P, 0, 0, 0, 357.065, -1, 0.7578, -0.0393, 0, 20251111 13:02:24
