20251111131738, NVDA, 50, 20251114, C, 22, 5, 0, 193.495, 1, 5.1434, 0, 140.81, 20251111 13:02:24
20251111131738, NVDA, 50, 20251114, P, 2, 45, 0, 193.495, 0, 4.4486, -0.0001, 0.01, 20251111 13:02:24
20251111131738, NVDA, 55, 20251114, C, 12, 7, 0, 193.495, 1, 3.7581, 0, 137.89, 20251111 13:02:24
20251111131738, NVDA, 55, 20251114, P, 19, 522, 0, 193.495, 0, 4.1423, -0.0002, 0.01, 20251111 13:02:24
20251111131738, NVDA, 60, 20251114, C, 11, 11, 0, 193.495, 1, 5.0639, 0, 131.01, 20251111 13:02:24
20251111131738, NVDA, 60, 20251114, P, 0, 59, 0, 193.495, 0, 3.8633, -0.0002, 0.01, 20251111 13:02:24
20251111131738, NVDA, 65, 20251114, C, 12, 16, 0, 193.495, 1, 4.3544, 0, 127.93, 20251111 13:02:24
20251111131738, NVDA, 65, 20251114, P, 0, 33, 0, 193.495, 0, 3.6069, -0.0002, 0.01, 20251111 13:02:24
20251111131738, NVDA, 70, 20251114, C, 13, 35, 0, 193.495, 1, 0, 0, 122.92, 20251111 13:02:24
20251111131738, NVDA, 70, 20251114, P, 0, 203, 0, 193.495, 0, 3.3699, -0.0003, 0.01, 20251111 13:02:24
20251111131738, NVDA, 75, 20251114, C, 23, 88, 0, 193.495, 1, 0, 0, 118.48, 20251111 13:02:24
20251111131738, NVDA, 75, 20251114, P, 0, 140, 0, 193.495, 0, 3.1493, -0.0004, 0.01, 20251111 13:02:24
20251111131738, NVDA, 80, 20251114, C, 12, 28, 0, 193.495, 1, 0, 0, 112.57, 20251111 13:02:24
20251111131738, NVDA, 80, 20251114, P, 0, 235, 0, 193.495, 0, 2.9431, -0.0004, 0.01, 20251111 13:02:24
20251111131738, NVDA, 85, 20251114, C, 24, 14, 0, 193.495, 1, 0, 0, 107.62, 20251111 13:02:24
20251111131738, NVDA, 85, 20251114, P, 0, 699, 0, 193.495, -0.0001, 2.7493, -0.0005, 0.01, 20251111 13:02:24
20251111131738, NVDA, 90, 20251114, C, 29, 379, 0, 193.495, 1, 0, 0, 102.92, 20251111 13:02:24
20251111131738, NVDA, 90, 20251114, P, 5, 8748, 0, 193.495, -0.0001, 2.5666, -0.0007, 0.01, 20251111 13:02:24
20251111131738, NVDA, 95, 20251114, C, 13, 12, 0, 193.495, 1, 0, 0, 97.81, 20251111 13:02:24
20251111131738, NVDA, 95, 20251114, P, 0, 18606, 0, 193.495, -0.0001, 2.3936, -0.0008, 0.01, 20251111 13:02:24
20251111131738, NVDA, 100, 20251114, C, 31, 122, 0, 193.495, 1, 0, 0, 93.4, 20251111 13:02:24
20251111131738, NVDA, 100, 20251114, P, 0, 15325, 0, 193.495, -0.0001, 2.2293, -0.001, 0.01, 20251111 13:02:24
20251111131738, NVDA, 105, 20251114, C, 9, 68, 0, 193.495, 1, 2.334, 0, 89.14, 20251111 13:02:24
20251111131738, NVDA, 105, 20251114, P, 0, 9336, 0, 193.495, -0.0002, 2.0728, -0.0013, 0.01, 20251111 13:02:24
20251111131738, NVDA, 110, 20251114, C, 3, 2116, 0, 193.495, 0.9999, 0, 0, 82.98, 20251111 13:02:24
20251111131738, NVDA, 110, 20251114, P, 0, 12794, 0, 193.495, -0.0002, 1.9234, -0.0016, 0.01, 20251111 13:02:24
20251111131738, NVDA, 115, 20251114, C, 4, 74, 0, 193.495, 0.9998, 0, 0, 77.41, 20251111 13:02:24
20251111131738, NVDA, 115, 20251114, P, 1, 4730, 0, 193.495, -0.0003, 1.7803, -0.002, 0.01, 20251111 13:02:24
20251111131738, NVDA, 120, 20251114, C, 6, 752, 0, 193.495, 0.9997, 2.81, 0, 72.79, 20251111 13:02:24
20251111131738, NVDA, 120, 20251114, P, 1, 8660, 0, 193.495, -0.0004, 1.6429, -0.0025, 0.01, 20251111 13:02:24
20251111131738, NVDA, 125, 20251114, C, 3, 107, 0.0001, 193.495, 0.9996, 2.4186, 0, 68.2, 20251111 13:02:24
20251111131738, NVDA, 125, 20251114, P, 2, 6757, 0.0001, 193.495, -0.0005, 1.5108, -0.0033, 0.01, 20251111 13:02:24
20251111131738, NVDA, 130, 20251114, C, 20, 4295, 0.0001, 193.495, 0.9994, 1.9845, 0, 62.97, 20251111 13:02:24
20251111131738, NVDA, 130, 20251114, P, 5, 8113, 0.0001, 193.495, -0.0007, 1.3835, -0.0042, 0.01, 20251111 13:02:24
20251111131738, NVDA, 135, 20251114, C, 9, 65, 0.0001, 193.495, 0.9992, 1.8517, 0, 57.78, 20251111 13:02:24
20251111131738, NVDA, 135, 20251114, P, 58, 3994, 0.0001, 193.495, -0.001, 1.2606, -0.0056, 0.01, 20251111 13:02:24
20251111131738, NVDA, 140, 20251114, C, 4, 3151, 0.0002, 193.495, 0.9988, 1.6822, -0.0008, 53.3, 20251111 13:02:24
20251111131738, NVDA, 140, 20251114, P, 570, 16978, 0.0002, 193.495, -0.0014, 1.1415, -0.0074, 0.01, 20251111 13:02:24
20251111131738, NVDA, 145, 20251114, C, 24, 146, 0.0003, 193.495, 0.9982, 1.3982, -0.004, 47.92, 20251111 13:02:24
20251111131738, NVDA, 145, 20251114, P, 36, 16598, 0.0003, 193.495, -0.002, 1.1322, -0.0099, 0.01, 20251111 13:02:24
20251111131738, NVDA, 150, 20251114, C, 89, 2617, 0.0005, 193.495, 0.9973, 1.0269, -0.0081, 43.75, 20251111 13:02:24
20251111131738, NVDA, 150, 20251114, P, 454, 13739, 0.0005, 193.495, -0.0029, 1.01, -0.0135, 0.02, 20251111 13:02:24
20251111131738, NVDA, 155, 20251114, C, 27, 270, 0.0008, 193.495, 0.9959, 0.8887, -0.0139, 37.95, 20251111 13:02:24
20251111131738, NVDA, 155, 20251114, P, 477, 8255, 0.0008, 193.495, -0.0042, 0.94, -0.0186, 0.02, 20251111 13:02:24
20251111131738, NVDA, 160, 20251114, C, 155, 3340, 0.0012, 193.495, 0.9936, 0.855, -0.0221, 33.05, 20251111 13:02:24
20251111131738, NVDA, 160, 20251114, P, 834, 17707, 0.0012, 193.495, -0.0065, 0.8506, -0.0262, 0.04, 20251111 13:02:24
20251111131738, NVDA, 162.5, 20251114, C, 13, 70, 0.0015, 193.495, 0.992, 0, -0.0276, 30.8, 20251111 13:02:24
20251111131738, NVDA, 162.5, 20251114, P, 742, 8162, 0.0015, 193.495, -0.0081, 0.7886, -0.0314, 0.03, 20251111 13:02:24
20251111131738, NVDA, 165, 20251114, C, 342, 913, 0.002, 193.495, 0.9899, 0.7767, -0.0343, 28.05, 20251111 13:02:24
20251111131738, NVDA, 165, 20251114, P, 1758, 16246, 0.002, 193.495, -0.0102, 0.7505, -0.0378, 0.05, 20251111 13:02:24
20251111131738, NVDA, 167.5, 20251114, C, 12, 174, 0.0026, 193.495, 0.987, 0.7099, -0.0428, 25.5, 20251111 13:02:24
20251111131738, NVDA, 167.5, 20251114, P, 909, 7361, 0.0026, 193.495, -0.0131, 0.7065, -0.046, 0.06, 20251111 13:02:24
20251111131738, NVDA, 170, 20251114, C, 478, 4397, 0.0035, 193.495, 0.983, 0.6437, -0.054, 23.7, 20251111 13:02:24
20251111131738, NVDA, 170, 20251114, P, 3826, 26902, 0.0035, 193.495, -0.0172, 0.6721, -0.0569, 0.07, 20251111 13:02:24
20251111131738, NVDA, 172.5, 20251114, C, 249, 661, 0.0048, 193.495, 0.9771, 0.6383, -0.0695, 21.15, 20251111 13:02:24
20251111131738, NVDA, 172.5, 20251114, P, 2648, 8194, 0.0048, 193.495, -0.0231, 0.6292, -0.0721, 0.1, 20251111 13:02:24
20251111131738, NVDA, 175, 20251114, C, 610, 9415, 0.0067, 193.495, 0.968, 0.6096, -0.0921, 18.65, 20251111 13:02:24
20251111131738, NVDA, 175, 20251114, P, 7125, 29792, 0.0067, 193.495, -0.0321, 0.5965, -0.0945, 0.14, 20251111 13:02:24
20251111131738, NVDA, 177.5, 20251114, C, 134, 1182, 0.0096, 193.495, 0.9537, 0.5678, -0.1261, 16.2, 20251111 13:02:24
20251111131738, NVDA, 177.5, 20251114, P, 4715, 10189, 0.0096, 193.495, -0.0465, 0.5644, -0.1282, 0.19, 20251111 13:02:24
20251111131738, NVDA, 180, 20251114, C, 1882, 10344, 0.0138, 193.495, 0.9307, 0.5387, -0.1767, 13.97, 20251111 13:02:24
20251111131738, NVDA, 180, 20251114, P, 21461, 30052, 0.0138, 193.495, -0.0695, 0.5368, -0.1786, 0.29, 20251111 13:02:24
20251111131738, NVDA, 182.5, 20251114, C, 1808, 5287, 0.0196, 193.495, 0.8949, 0.517, -0.2478, 11.62, 20251111 13:02:24
20251111131738, NVDA, 182.5, 20251114, P, 22401, 12585, 0.0196, 193.495, -0.1054, 0.5175, -0.2497, 0.47, 20251111 13:02:24
20251111131738, NVDA, 185, 20251114, C, 3074, 32571, 0.0269, 193.495, 0.8416, 0.4971, -0.3384, 9.44, 20251111 13:02:24
20251111131738, NVDA, 185, 20251114, P, 67922, 37957, 0.027, 193.495, -0.159, 0.4989, -0.3406, 0.75, 20251111 13:02:24
20251111131738, NVDA, 187.5, 20251114, C, 3775, 13265, 0.0349, 193.495, 0.7675, 0.4842, -0.4378, 7.4, 20251111 13:02:24
20251111131738, NVDA, 187.5, 20251114, P, 33047, 13217, 0.0351, 193.495, -0.2334, 0.4837, -0.4406, 1.2, 20251111 13:02:24
20251111131738, NVDA, 190, 20251114, C, 35447, 42035, 0.0422, 193.495, 0.6725, 0.4746, -0.5249, 5.54, 20251111 13:02:24
20251111131738, NVDA, 190, 20251114, P, 111071, 29320, 0.0425, 193.495, -0.3291, 0.4748, -0.5288, 1.86, 20251111 13:02:24
20251111131738, NVDA, 192.5, 20251114, C, 46871, 9837, 0.0468, 193.495, 0.5611, 0.4676, -0.5745, 3.95, 20251111 13:02:24
20251111131738, NVDA, 192.5, 20251114, P, 64586, 16587, 0.0472, 193.495, -0.4414, 0.4674, -0.5796, 2.81, 20251111 13:02:24
20251111131738, NVDA, 195, 20251114, C, 129615, 105723, 0.0474, 193.495, 0.4428, 0.4629, -0.5687, 2.7, 20251111 13:02:24
20251111131738, NVDA, 195, 20251114, P, 45847, 23529, 0.0478, 193.495, -0.5607, 0.4611, -0.5743, 4.07, 20251111 13:02:24
20251111131738, NVDA, 197.5, 20251114, C, 40884, 25731, 0.0436, 193.495, 0.3296, 0.4608, -0.5084, 1.75, 20251111 13:02:24
20251111131738, NVDA, 197.5, 20251114, P, 11759, 8817, 0.044, 193.495, -0.675, 0.459, -0.5135, 5.68, 20251111 13:02:24
20251111131738, NVDA, 200, 20251114, C, 112447, 54263, 0.0367, 193.495, 0.2319, 0.4608, -0.4126, 1.09, 20251111 13:02:24
20251111131738, NVDA, 200, 20251114, P, 6826, 24494, 0.037, 193.495, -0.7737, 0.4584, -0.4161, 7.45, 20251111 13:02:24
20251111131738, NVDA, 202.5, 20251114, C, 25838, 66755, 0.0285, 193.495, 0.1553, 0.4644, -0.3079, 0.65, 20251111 13:02:24
20251111131738, NVDA, 202.5, 20251114, P, 2189, 9765, 0.0287, 193.495, -0.8508, 0.4656, -0.3094, 9.45, 20251111 13:02:24
20251111131738, NVDA, 205, 20251114, C, 36014, 90071, 0.0207, 193.495, 0.1003, 0.4699, -0.2151, 0.4, 20251111 13:02:24
20251111131738, NVDA, 205, 20251114, P, 1217, 6567, 0.0209, 193.495, -0.9063, 0.4737, -0.2141, 11.7, 20251111 13:02:24
20251111131738, NVDA, 207.5, 20251114, C, 13581, 26187, 0.0144, 193.495, 0.0633, 0.4828, -0.1439, 0.24, 20251111 13:02:24
20251111131738, NVDA, 207.5, 20251114, P, 198, 2287, 0.0146, 193.495, -0.9436, 0.4824, -0.141, 14, 20251111 13:02:24
20251111131738, NVDA, 210, 20251114, C, 27369, 63152, 0.0097, 193.495, 0.0399, 0.4908, -0.0947, 0.14, 20251111 13:02:24
20251111131738, NVDA, 210, 20251114, P, 401, 4880, 0.0099, 193.495, -0.9672, 0.4992, -0.0917, 17.42, 20251111 13:02:24
20251111131738, NVDA, 212.5, 20251114, C, 18479, 13893, 0.0065, 193.495, 0.0256, 0.5074, -0.063, 0.09, 20251111 13:02:24
20251111131738, NVDA, 212.5, 20251114, P, 30, 628, 0.0064, 193.495, -0.9814, 0.4638, -0.0625, 20.66, 20251111 13:02:24
20251111131738, NVDA, 215, 20251114, C, 11710, 36394, 0.0045, 193.495, 0.0171, 0.5254, -0.0433, 0.07, 20251111 13:02:24
20251111131738, NVDA, 215, 20251114, P, 283, 2552, 0.0041, 193.495, -0.9894, 0.5123, -0.0466, 21.42, 20251111 13:02:24
20251111131738, NVDA, 217.5, 20251114, C, 9417, 20906, 0.0031, 193.495, 0.012, 0.5412, -0.0313, 0.04, 20251111 13:02:24
20251111131738, NVDA, 217.5, 20251114, P, 8, 153, 0.0026, 193.495, -0.9937, 0, -0.0389, 24, 20251111 13:02:24
20251111131738, NVDA, 220, 20251114, C, 4031, 33879, 0.0023, 193.495, 0.0088, 0.5637, -0.0238, 0.02, 20251111 13:02:24
20251111131738, NVDA, 220, 20251114, P, 14, 328, 0.0017, 193.495, -0.9961, 0, -0.0347, 27.25, 20251111 13:02:24
20251111131738, NVDA, 222.5, 20251114, C, 867, 5633, 0.0017, 193.495, 0.0068, 0.5739, -0.019, 0.02, 20251111 13:02:24
20251111131738, NVDA, 222.5, 20251114, P, 22, 123, 0.0012, 193.495, -0.9974, 0.8982, -0.0325, 30.21, 20251111 13:02:24
20251111131738, NVDA, 225, 20251114, C, 1055, 12065, 0.0014, 193.495, 0.0054, 0.6147, -0.0156, 0.01, 20251111 13:02:24
20251111131738, NVDA, 225, 20251114, P, 6, 31, 0.0008, 193.495, -0.9983, 0, -0.0311, 31.55, 20251111 13:02:24
20251111131738, NVDA, 227.5, 20251114, C, 628, 5082, 0.0011, 193.495, 0.0044, 0.5901, -0.0133, 0.01, 20251111 13:02:24
20251111131738, NVDA, 227.5, 20251114, P, 0, 3, 0.0006, 193.495, -0.9987, 0, -0.0305, 28.55, 20251111 13:02:24
20251111131738, NVDA, 230, 20251114, C, 774, 17426, 0.0009, 193.495, 0.0037, 0.6263, -0.0115, 0.01, 20251111 13:02:24
20251111131738, NVDA, 230, 20251114, P, 2, 12, 0.0004, 193.495, -0.999, 0, -0.03, 37.3, 20251111 13:02:24
20251111131738, NVDA, 232.5, 20251114, C, 347, 3015, 0.0007, 193.495, 0.0032, 0.6618, -0.0102, 0.01, 20251111 13:02:24
20251111131738, NVDA, 232.5, 20251114, P, 0, 4, 0.0003, 193.495, -0.9993, 0, -0.0297, 46.6, 20251111 13:02:24
20251111131738, NVDA, 235, 20251114, C, 798, 9298, 0.0006, 193.495, 0.0028, 0.6968, -0.0091, 0.01, 20251111 13:02:24
20251111131738, NVDA, 235, 20251114, P, 0, 26, 0.0002, 193.495, -0.9994, 0, -0.0294, 35.56, 20251111 13:02:24
20251111131738, NVDA, 237.5, 20251114, C, 48, 2560, 0.0005, 193.495, 0.0024, 0.7312, -0.0083, 0.01, 20251111 13:02:24
20251111131738, NVDA, 237.5, 20251114, P, 0, 0, 0.0002, 193.495, -0.9995, 0, -0.0293, 32.75, 20251111 13:02:24
20251111131738, NVDA, 240, 20251114, C, 39, 5649, 0.0005, 193.495, 0.0022, 0.7652, -0.0076, 0.01, 20251111 13:02:24
20251111131738, NVDA, 240, 20251114, P, 0, 0, 0.0002, 193.495, -0.9996, 0, -0.0292, 53.2, 20251111 13:02:24
20251111131738, NVDA, 242.5, 20251114, C, 0, 1135, 0.0004, 193.495, 0.0019, 0.7986, -0.007, 0.01, 20251111 13:02:24
20251111131738, NVDA, 242.5, 20251114, P, 0, 0, 0.0001, 193.495, -0.9997, 0, -0.0291, 37.8, 20251111 13:02:24
20251111131738, NVDA, 245, 20251114, C, 37, 12396, 0.0004, 193.495, 0.0018, 0.8316, -0.0066, 0.01, 20251111 13:02:24
20251111131738, NVDA, 245, 20251114, P, 0, 0, 0.0001, 193.495, -0.9997, 0, -0.029, 40.45, 20251111 13:02:24
20251111131738, NVDA, 247.5, 20251114, C, 0, 2816, 0.0003, 193.495, 0.0016, 0.8641, -0.0062, 0.01, 20251111 13:02:24
20251111131738, NVDA, 247.5, 20251114, P, 0, 0, 0.0001, 193.495, -0.9998, 0, -0.029, 0, 20251111 13:02:24
20251111131738, NVDA, 250, 20251114, C, 98, 11502, 0.0003, 193.495, 0.0015, 0.8962, -0.0058, 0.01, 20251111 13:02:24
20251111131738, NVDA, 250, 20251114, P, 0, 0, 0.0001, 193.495, -0.9998, 0, -0.0289, 46.7, 20251111 13:02:24
20251111131738, NVDA, 252.5, 20251114, C, 21, 2725, 0.0003, 193.495, 0.0014, 0.9278, -0.0056, 0.01, 20251111 13:02:24
20251111131738, NVDA, 252.5, 20251114, P, 0, 0, 0.0001, 193.495, -0.9998, 0, -0.0289, 0, 20251111 13:02:24
20251111131738, NVDA, 255, 20251114, C, 6, 4411, 0.0002, 193.495, 0.0013, 0.9591, -0.0053, 0.01, 20251111 13:02:24
20251111131738, NVDA, 255, 20251114, P, 0, 0, 0.0001, 193.495, -0.9998, 0, -0.0288, 45.55, 20251111 13:02:24
20251111131738, NVDA, 257.5, 20251114, C, 2, 1198, 0.0002, 193.495, 0.0012, 0.9899, -0.0051, 0.01, 20251111 13:02:24
20251111131738, NVDA, 257.5, 20251114, P, 0, 0, 0, 193.495, -0.9999, 0, -0.0288, 0, 20251111 13:02:24
20251111131738, NVDA, 260, 20251114, C, 1, 3411, 0.0002, 193.495, 0.0011, 1.0203, -0.0049, 0.01, 20251111 13:02:24
20251111131738, NVDA, 260, 20251114, P, 0, 0, 0, 193.495, -0.9999, 0, -0.0288, 64.61, 20251111 13:02:24
20251111131738, NVDA, 262.5, 20251114, C, 0, 514, 0.0002, 193.495, 0.0011, 1.0504, -0.0047, 0.01, 20251111 13:02:24
20251111131738, NVDA, 262.5, 20251114, P, 0, 0, 0, 193.495, -0.9999, 0, -0.0288, 0, 20251111 13:02:24
20251111131738, NVDA, 265, 20251114, C, 1, 2974, 0.0002, 193.495, 0.001, 1.0801, -0.0045, 0.01, 20251111 13:02:24
20251111131738, NVDA, 265, 20251114, P, 0, 0, 0, 193.495, -0.9999, 0, -0.0288, 53.9, 20251111 13:02:24
20251111131738, NVDA, 267.5, 20251114, C, 0, 816, 0.0002, 193.495, 0.001, 1.1094, -0.0044, 0.01, 20251111 13:02:24
20251111131738, NVDA, 267.5, 20251114, P, 0, 0, 0, 193.495, -0.9999, 0, -0.0288, 77.78, 20251111 13:02:24
20251111131738, NVDA, 270, 20251114, C, 1, 2518, 0.0001, 193.495, 0.0009, 1.1384, -0.0042, 0.01, 20251111 13:02:24
20251111131738, NVDA, 270, 20251114, P, 0, 0, 0, 193.495, -0.9999, 0, -0.0288, 0, 20251111 13:02:24
20251111131738, NVDA, 272.5, 20251114, C, 0, 173, 0.0001, 193.495, 0.0009, 1.1671, -0.0041, 0.01, 20251111 13:02:24
20251111131738, NVDA, 272.5, 20251114, P, 0, 0, 0, 193.495, -0.9999, 0, -0.0288, 0, 20251111 13:02:24
20251111131738, NVDA, 275, 20251114, C, 0, 3242, 0.0001, 193.495, 0.0008, 1.1954, -0.004, 0.01, 20251111 13:02:24
20251111131738, NVDA, 275, 20251114, P, 0, 0, 0, 193.495, -0.9999, 0, -0.0288, 65, 20251111 13:02:24
20251111131738, NVDA, 280, 20251114, C, 0, 2598, 0.0001, 193.495, 0.0007, 1.2511, -0.0037, 0.01, 20251111 13:02:24
20251111131738, NVDA, 280, 20251114, P, 0, 0, 0, 193.495, -0.9999, 0, -0.0287, 69.55, 20251111 13:02:24
20251111131738, NVDA, 285, 20251114, C, 0, 2057, 0.0001, 193.495, 0.0007, 1.3055, -0.0035, 0.01, 20251111 13:02:24
20251111131738, NVDA, 285, 20251114, P, 0, 0, 0, 193.495, -0.9999, 0, -0.0287, 0, 20251111 13:02:24
20251111131738, NVDA, 290, 20251114, C, 0, 2562, 0.0001, 193.495, 0.0006, 1.3588, -0.0033, 0.01, 20251111 13:02:24
20251111131738, NVDA, 290, 20251114, P, 0, 0, 0, 193.495, -1, 0, -0.0287, 0, 20251111 13:02:24
20251111131738, NVDA, 295, 20251114, C, 0, 1271, 0.0001, 193.495, 0.0006, 1.411, -0.0031, 0.01, 20251111 13:02:24
20251111131738, NVDA, 295, 20251114, P, 0, 0, 0, 193.495, -1, 0, -0.0287, 0, 20251111 13:02:24
20251111131738, NVDA, 300, 20251114, C, 0, 3896, 0.0001, 193.495, 0.0005, 1.4621, -0.0029, 0.01, 20251111 13:02:24
20251111131738, NVDA, 300, 20251114, P, 0, 0, 0, 193.495, -1, 0, -0.0287, 90.3, 20251111 13:02:24
20251111131738, NVDA, 305, 20251114, C, 0, 1953, 0.0001, 193.495, 0.0005, 1.5122, -0.0027, 0.01, 20251111 13:02:24
20251111131738, NVDA, 305, 20251114, P, 0, 0, 0, 193.495, -1, 0, -0.0287, 0, 20251111 13:02:24
20251111131738, NVDA, 310, 20251114, C, 0, 1484, 0.0001, 193.495, 0.0004, 1.5614, -0.0026, 0.01, 20251111 13:02:24
20251111131738, NVDA, 310, 20251114, P, 0, 0, 0, 193.495, -1, 0, -0.0287, 0, 20251111 13:02:24
20251111131738, NVDA, 320, 20251114, C, 1, 2415, 0, 193.495, 0.0004, 1.6568, -0.0022, 0.01, 20251111 13:02:24
20251111131738, NVDA, 320, 20251114, P, 0, 0, 0, 193.495, -1, 0, -0.0287, 0, 20251111 13:02:24
20251111131738, NVDA, 330, 20251114, C, 0, 874, 0, 193.495, 0.0003, 1.7487, -0.0018, 0.01, 20251111 13:02:24
20251111131738, NVDA, 330, 20251114, P, 0, 0, 0, 193.495, -1, 0, -0.0286, 0, 20251111 13:02:24
20251111131738, NVDA, 340, 20251114, C, 0, 393, 0, 193.495, 0.0002, 1.8374, -0.0015, 0.01, 20251111 13:02:24
20251111131738, NVDA, 340, 20251114, P, 0, 0, 0, 193.495, -1, 0, -0.0286, 0, 20251111 13:02:24
20251111131738, NVDA, 350, 20251114, C, 0, 843, 0, 193.495, 0.0002, 1.9231, -0.0012, 0.01, 20251111 13:02:24
20251111131738, NVDA, 350, 20251114, P, 0, 0, 0, 193.495, -1, 0, -0.0286, 0, 20251111 13:02:24
20251111131738, NVDA, 360, 20251114, C, 0, 1793, 0, 193.495, 0.0001, 2.006, -0.0008, 0.01, 20251111 13:02:24
20251111131738, NVDA, 360, 20251114, P, 0, 0, 0, 193.495, -1, 0, -0.0286, 177.85, 20251111 13:02:24
20251111131738, NVDA, 370, 20251114, C, 0, 1307, 0, 193.495, 0.0001, 2.0862, -0.0005, 0.01, 20251111 13:02:24
20251111131738, NVDA, 370, 20251114, P, 0, 0, 0, 193.495, -1, 0, -0.0286, 0, 20251111 13:02:24
20251111131738, NVDA, 380, 20251114, C, 0, 7, 0, 193.495, 0, 2.164, -0.0003, 0.01, 20251111 13:02:24
20251111131738, NVDA, 380, 20251114, P, 0, 0, 0, 193.495, -1, 0, -0.0286, 0, 20251111 13:02:24
20251111131738, NVDA, 390, 20251114, C, 0, 138, 0, 193.495, 0, 2.2395, -0.0001, 0.01, 20251111 13:02:24
20251111131738, NVDA, 390, 20251114, P, 0, 0, 0, 193.495, -1, 0, -0.0286, 0, 20251111 13:02:24
20251111131738, NVDA, 400, 20251114, C, 1, 27, 0, 193.495, 0, 2.3128, -0.0001, 0.01, 20251111 13:02:24
20251111131738, NVDA, 400, 20251114, P, 0, 0, 0, 193.495, -1, 0, -0.0286, 198.06, 20251111 13:02:24
20251111131738, NVDA, 410, 20251114, C, 0, 10, 0, 193.495, 0, 2.3841, 0, 0.01, 20251111 13:02:24
20251111131738, NVDA, 410, 20251114, P, 0, 0, 0, 193.495, -1, 0, -0.0286, 0, 20251111 13:02:24
20251111131738, NVDA, 420, 20251114, C, 2, 35, 0, 193.495, 0, 2.4534, 0, 0.01, 20251111 13:02:24
20251111131738, NVDA, 420, 20251114, P, 0, 0, 0, 193.495, -1, 0, -0.0286, 218.04, 20251111 13:02:24
20251111131738, NVDA, 5, 20251121, C, 1, 866, 0, 193.495, 1, 0, 0, 188.12, 20251111 13:02:24
20251111131738, NVDA, 5, 20251121, P, 0, 523, 0, 193.495, 0, 6.832, -0.0003, 0.01, 20251111 13:02:24
20251111131738, NVDA, 10, 20251121, C, 0, 51, 0, 193.495, 1, 6.0586, 0, 170.64, 20251111 13:02:24
20251111131738, NVDA, 10, 20251121, P, 0, 543, 0, 193.495, 0, 5.4603, -0.0004, 0.01, 20251111 13:02:24
20251111131738, NVDA, 15, 20251121, C, 1, 30, 0, 193.495, 1, 4.9648, 0, 177.39, 20251111 13:02:24
20251111131738, NVDA, 15, 20251121, P, 0, 247, 0, 193.495, 0, 4.686, -0.0005, 0.01, 20251111 13:02:24
20251111131738, NVDA, 20, 20251121, C, 0, 59, 0, 193.495, 1, 4.0168, 0, 178.24, 20251111 13:02:24
20251111131738, NVDA, 20, 20251121, P, 0, 425, 0, 193.495, 0, 4.1473, -0.0006, 0.01, 20251111 13:02:24
20251111131738, NVDA, 25, 20251121, C, 0, 338, 0, 193.495, 1, 5.9657, 0, 178.67, 20251111 13:02:24
20251111131738, NVDA, 25, 20251121, P, 0, 91, 0, 193.495, 0, 3.7349, -0.0006, 0.01, 20251111 13:02:24
20251111131738, NVDA, 30, 20251121, C, 0, 74, 0, 193.495, 1, 4.0332, 0, 171.58, 20251111 13:02:24
20251111131738, NVDA, 30, 20251121, P, 0, 1698, 0, 193.495, -0.0001, 3.4011, -0.0008, 0.01, 20251111 13:02:24
20251111131738, NVDA, 35, 20251121, C, 0, 324, 0, 193.495, 1, 3.6263, 0, 150.5, 20251111 13:02:24
20251111131738, NVDA, 35, 20251121, P, 0, 7596, 0, 193.495, -0.0001, 3.1209, -0.0011, 0.01, 20251111 13:02:24
20251111131738, NVDA, 40, 20251121, C, 0, 37, 0, 193.495, 1, 3.2641, 0, 150.38, 20251111 13:02:24
20251111131738, NVDA, 40, 20251121, P, 0, 4919, 0, 193.495, -0.0001, 2.8794, -0.0014, 0.01, 20251111 13:02:24
20251111131738, NVDA, 45, 20251121, C, 1, 62, 0, 193.495, 1, 2.927, 0, 149.67, 20251111 13:02:24
20251111131738, NVDA, 45, 20251121, P, 0, 6835, 0, 193.495, -0.0002, 2.6674, -0.0019, 0.01, 20251111 13:02:24
20251111131738, NVDA, 50, 20251121, C, 0, 178, 0, 193.495, 1, 3.0692, 0, 157.11, 20251111 13:02:24
20251111131738, NVDA, 50, 20251121, P, 0, 3808, 0, 193.495, -0.0002, 2.4784, -0.0024, 0.01, 20251111 13:02:24
20251111131738, NVDA, 55, 20251121, C, 0, 84, 0, 193.495, 1, 2.6455, 0, 144.9, 20251111 13:02:24
20251111131738, NVDA, 55, 20251121, P, 0, 3868, 0, 193.495, -0.0003, 2.3079, -0.0029, 0.01, 20251111 13:02:24
20251111131738, NVDA, 60, 20251121, C, 0, 3790, 0, 193.495, 0.9999, 2.5918, 0, 139.46, 20251111 13:02:24
20251111131738, NVDA, 60, 20251121, P, 0, 7324, 0, 193.495, -0.0004, 2.1525, -0.0035, 0.01, 20251111 13:02:24
20251111131738, NVDA, 65, 20251121, C, 1, 128, 0, 193.495, 0.9998, 0, 0, 128.93, 20251111 13:02:24
20251111131738, NVDA, 65, 20251121, P, 0, 8071, 0, 193.495, -0.0004, 2.0098, -0.0041, 0.01, 20251111 13:02:24
20251111131738, NVDA, 70, 20251121, C, 0, 646, 0, 193.495, 0.9997, 0, 0, 124.4, 20251111 13:02:24
20251111131738, NVDA, 70, 20251121, P, 0, 8612, 0, 193.495, -0.0006, 1.8778, -0.0047, 0.01, 20251111 13:02:24
20251111131738, NVDA, 75, 20251121, C, 3, 327, 0, 193.495, 0.9996, 1.9817, 0, 118.63, 20251111 13:02:24
20251111131738, NVDA, 75, 20251121, P, 2, 2976, 0, 193.495, -0.0007, 1.7551, -0.0053, 0.01, 20251111 13:02:24
20251111131738, NVDA, 80, 20251121, C, 3, 4846, 0, 193.495, 0.9995, 0, 0, 113.29, 20251111 13:02:24
20251111131738, NVDA, 80, 20251121, P, 81, 14739, 0, 193.495, -0.0008, 1.6402, -0.006, 0.01, 20251111 13:02:24
20251111131738, NVDA, 85, 20251121, C, 0, 1130, 0.0001, 193.495, 0.9993, 0, 0, 95, 20251111 13:02:24
20251111131738, NVDA, 85, 20251121, P, 85, 8481, 0.0001, 193.495, -0.001, 1.674, -0.0067, 0.02, 20251111 13:02:24
20251111131738, NVDA, 90, 20251121, C, 1, 1169, 0.0001, 193.495, 0.9991, 0, 0, 102.1, 20251111 13:02:24
20251111131738, NVDA, 90, 20251121, P, 6, 22053, 0.0001, 193.495, -0.0011, 1.5636, -0.0075, 0.01, 20251111 13:02:24
20251111131738, NVDA, 95, 20251121, C, 1, 2203, 0.0001, 193.495, 0.9989, 1.8496, 0, 100.55, 20251111 13:02:24
20251111131738, NVDA, 95, 20251121, P, 32, 16430, 0.0001, 193.495, -0.0014, 1.4592, -0.0084, 0.02, 20251111 13:02:24
20251111131738, NVDA, 100, 20251121, C, 1, 3934, 0.0001, 193.495, 0.9987, 1.7533, 0, 94.75, 20251111 13:02:24
20251111131738, NVDA, 100, 20251121, P, 96, 26192, 0.0001, 193.495, -0.0016, 1.36, -0.0093, 0.02, 20251111 13:02:24
20251111131738, NVDA, 105, 20251121, C, 2, 6886, 0.0001, 193.495, 0.9984, 1.6579, 0, 89.5, 20251111 13:02:24
20251111131738, NVDA, 105, 20251121, P, 91, 21507, 0.0001, 193.495, -0.0019, 1.3266, -0.0104, 0.02, 20251111 13:02:24
20251111131738, NVDA, 110, 20251121, C, 9, 3525, 0.0002, 193.495, 0.998, 0, -0.001, 82.67, 20251111 13:02:24
20251111131738, NVDA, 110, 20251121, P, 8, 19513, 0.0002, 193.495, -0.0023, 1.2324, -0.0116, 0.03, 20251111 13:02:24
20251111131738, NVDA, 115, 20251121, C, 795, 3350, 0.0002, 193.495, 0.9975, 0, -0.0031, 77.56, 20251111 13:02:24
20251111131738, NVDA, 115, 20251121, P, 11, 30528, 0.0002, 193.495, -0.0028, 1.1814, -0.0131, 0.03, 20251111 13:02:24
20251111131738, NVDA, 120, 20251121, C, 812, 6175, 0.0003, 193.495, 0.9969, 1.4572, -0.0056, 72.93, 20251111 13:02:24
20251111131738, NVDA, 120, 20251121, P, 41, 28287, 0.0003, 193.495, -0.0034, 1.0922, -0.0149, 0.04, 20251111 13:02:24
20251111131738, NVDA, 125, 20251121, C, 16, 3975, 0.0004, 193.495, 0.996, 1.3427, -0.0085, 67.11, 20251111 13:02:24
20251111131738, NVDA, 125, 20251121, P, 845, 35348, 0.0004, 193.495, -0.0042, 1.0339, -0.0172, 0.04, 20251111 13:02:24
20251111131738, NVDA, 130, 20251121, C, 35, 8058, 0.0005, 193.495, 0.9949, 1.0315, -0.0121, 62.94, 20251111 13:02:24
20251111131738, NVDA, 130, 20251121, P, 109, 31009, 0.0005, 193.495, -0.0054, 0.9708, -0.0202, 0.05, 20251111 13:02:24
20251111131738, NVDA, 135, 20251121, C, 37, 7473, 0.0007, 193.495, 0.9933, 0.9929, -0.0167, 57.95, 20251111 13:02:24
20251111131738, NVDA, 135, 20251121, P, 301, 23492, 0.0007, 193.495, -0.007, 0.905, -0.0242, 0.06, 20251111 13:02:24
20251111131738, NVDA, 140, 20251121, C, 299, 11525, 0.0009, 193.495, 0.9909, 0.92, -0.023, 53.13, 20251111 13:02:24
20251111131738, NVDA, 140, 20251121, P, 1517, 31578, 0.0009, 193.495, -0.0094, 0.8507, -0.0299, 0.09, 20251111 13:02:24
20251111131738, NVDA, 145, 20251121, C, 50, 11696, 0.0013, 193.495, 0.9873, 0.9105, -0.0319, 49.03, 20251111 13:02:24
20251111131738, NVDA, 145, 20251121, P, 167, 23500, 0.0013, 193.495, -0.013, 0.8097, -0.0381, 0.12, 20251111 13:02:24
20251111131738, NVDA, 150, 20251121, C, 108, 20343, 0.0019, 193.495, 0.9814, 0.8148, -0.0449, 43.95, 20251111 13:02:24
20251111131738, NVDA, 150, 20251121, P, 2718, 29013, 0.0019, 193.495, -0.0189, 0.7635, -0.0505, 0.18, 20251111 13:02:24
20251111131738, NVDA, 155, 20251121, C, 160, 9582, 0.0028, 193.495, 0.9719, 0.7217, -0.064, 38.95, 20251111 13:02:24
20251111131738, NVDA, 155, 20251121, P, 481, 25127, 0.0028, 193.495, -0.0284, 0.722, -0.0691, 0.26, 20251111 13:02:24
20251111131738, NVDA, 157.5, 20251121, C, 0, 104, 0.0034, 193.495, 0.9652, 0.7281, -0.0767, 38.95, 20251111 13:02:24
20251111131738, NVDA, 157.5, 20251121, P, 95, 3364, 0.0034, 193.495, -0.0352, 0.7083, -0.0815, 0.33, 20251111 13:02:24
20251111131738, NVDA, 160, 20251121, C, 404, 11750, 0.0041, 193.495, 0.9566, 0.6896, -0.0919, 34.25, 20251111 13:02:24
20251111131738, NVDA, 160, 20251121, P, 1965, 48708, 0.0041, 193.495, -0.0438, 0.6921, -0.0964, 0.41, 20251111 13:02:24
20251111131738, NVDA, 162.5, 20251121, C, 8, 185, 0.005, 193.495, 0.9458, 0.6943, -0.1098, 30.9, 20251111 13:02:24
20251111131738, NVDA, 162.5, 20251121, P, 736, 2003, 0.005, 193.495, -0.0546, 0.6793, -0.1141, 0.51, 20251111 13:02:24
20251111131738, NVDA, 165, 20251121, C, 296, 49163, 0.006, 193.495, 0.9324, 0.6699, -0.1305, 29.35, 20251111 13:02:24
20251111131738, NVDA, 165, 20251121, P, 6637, 46390, 0.0061, 193.495, -0.0681, 0.6696, -0.1346, 0.66, 20251111 13:02:24
20251111131738, NVDA, 167.5, 20251121, C, 43, 565, 0.0072, 193.495, 0.9159, 0.6572, -0.1541, 26.1, 20251111 13:02:24
20251111131738, NVDA, 167.5, 20251121, P, 1331, 3595, 0.0073, 193.495, -0.0847, 0.6596, -0.158, 0.86, 20251111 13:02:24
20251111131738, NVDA, 170, 20251121, C, 462, 49315, 0.0086, 193.495, 0.8959, 0.6508, -0.1803, 24.9, 20251111 13:02:24
20251111131738, NVDA, 170, 20251121, P, 4580, 47113, 0.0086, 193.495, -0.1047, 0.649, -0.184, 1.08, 20251111 13:02:24
20251111131738, NVDA, 172.5, 20251121, C, 135, 1615, 0.0101, 193.495, 0.8721, 0.6433, -0.2086, 22.75, 20251111 13:02:24
20251111131738, NVDA, 172.5, 20251121, P, 1266, 4188, 0.0101, 193.495, -0.1286, 0.6429, -0.2122, 1.48, 20251111 13:02:24
20251111131738, NVDA, 175, 20251121, C, 711, 23988, 0.0116, 193.495, 0.8442, 0.6339, -0.2384, 20.6, 20251111 13:02:24
20251111131738, NVDA, 175, 20251121, P, 5024, 45948, 0.0117, 193.495, -0.1566, 0.6365, -0.2418, 1.73, 20251111 13:02:24
20251111131738, NVDA, 177.5, 20251121, C, 169, 1782, 0.0132, 193.495, 0.8121, 0.6309, -0.2686, 18.55, 20251111 13:02:24
20251111131738, NVDA, 177.5, 20251121, P, 1694, 6248, 0.0133, 193.495, -0.1889, 0.6305, -0.2719, 2.21, 20251111 13:02:24
20251111131738, NVDA, 180, 20251121, C, 4445, 130549, 0.0148, 193.495, 0.7759, 0.6235, -0.2981, 16.45, 20251111 13:02:24
20251111131738, NVDA, 180, 20251121, P, 8866, 61585, 0.0149, 193.495, -0.2253, 0.6249, -0.3013, 2.73, 20251111 13:02:24
20251111131738, NVDA, 182.5, 20251121, C, 310, 4210, 0.0163, 193.495, 0.7357, 0.6192, -0.3256, 14.75, 20251111 13:02:24
20251111131738, NVDA, 182.5, 20251121, P, 3700, 5594, 0.0164, 193.495, -0.2657, 0.6215, -0.3287, 3.4, 20251111 13:02:24
20251111131738, NVDA, 185, 20251121, C, 2375, 40468, 0.0176, 193.495, 0.6921, 0.6164, -0.3498, 13, 20251111 13:02:24
20251111131738, NVDA, 185, 20251121, P, 4411, 41672, 0.0177, 193.495, -0.3095, 0.6186, -0.3528, 4.17, 20251111 13:02:24
20251111131738, NVDA, 187.5, 20251121, C, 484, 5166, 0.0187, 193.495, 0.6456, 0.6143, -0.3696, 11.4, 20251111 13:02:24
20251111131738, NVDA, 187.5, 20251121, P, 2158, 11226, 0.0188, 193.495, -0.3563, 0.6143, -0.3724, 4.98, 20251111 13:02:24
20251111131738, NVDA, 190, 20251121, C, 12271, 55922, 0.0196, 193.495, 0.5969, 0.6105, -0.384, 9.82, 20251111 13:02:24
20251111131738, NVDA, 190, 20251121, P, 23893, 19600, 0.0197, 193.495, -0.4052, 0.6104, -0.3866, 6, 20251111 13:02:24
20251111131738, NVDA, 192.5, 20251121, C, 7727, 6704, 0.0201, 193.495, 0.547, 0.6087, -0.3922, 8.5, 20251111 13:02:24
20251111131738, NVDA, 192.5, 20251121, P, 4796, 8204, 0.0202, 193.495, -0.4555, 0.6085, -0.3946, 7.2, 20251111 13:02:24
20251111131738, NVDA, 195, 20251121, C, 19996, 40550, 0.0203, 193.495, 0.4966, 0.6087, -0.3939, 7.25, 20251111 13:02:24
20251111131738, NVDA, 195, 20251121, P, 6305, 19033, 0.0204, 193.495, -0.5062, 0.6063, -0.3962, 8.4, 20251111 13:02:24
20251111131738, NVDA, 197.5, 20251121, C, 3987, 6381, 0.0201, 193.495, 0.4467, 0.6068, -0.3893, 6.23, 20251111 13:02:24
20251111131738, NVDA, 197.5, 20251121, P, 816, 3417, 0.0203, 193.495, -0.5564, 0.6061, -0.3912, 9.85, 20251111 13:02:24
20251111131738, NVDA, 200, 20251121, C, 27924, 93106, 0.0197, 193.495, 0.3981, 0.6052, -0.3786, 5.2, 20251111 13:02:24
20251111131738, NVDA, 200, 20251121, P, 1483, 26134, 0.0198, 193.495, -0.6052, 0.6041, -0.3802, 11.43, 20251111 13:02:24
20251111131738, NVDA, 202.5, 20251121, C, 3848, 12776, 0.0189, 193.495, 0.3516, 0.6043, -0.3626, 4.37, 20251111 13:02:24
20251111131738, NVDA, 202.5, 20251121, P, 104, 2076, 0.0191, 193.495, -0.6521, 0.6048, -0.3639, 13.55, 20251111 13:02:24
20251111131738, NVDA, 205, 20251121, C, 45919, 66608, 0.018, 193.495, 0.3076, 0.6047, -0.3422, 3.65, 20251111 13:02:24
20251111131738, NVDA, 205, 20251121, P, 202, 5784, 0.0181, 193.495, -0.6964, 0.6026, -0.343, 14.69, 20251111 13:02:24
20251111131738, NVDA, 207.5, 20251121, C, 2741, 28809, 0.0168, 193.495, 0.2668, 0.6043, -0.3184, 3, 20251111 13:02:24
20251111131738, NVDA, 207.5, 20251121, P, 40, 1343, 0.0169, 193.495, -0.7374, 0.6024, -0.3189, 17.4, 20251111 13:02:24
20251111131738, NVDA, 210, 20251121, C, 12036, 76808, 0.0155, 193.495, 0.2295, 0.6047, -0.2924, 2.46, 20251111 13:02:24
20251111131738, NVDA, 210, 20251121, P, 383, 9993, 0.0156, 193.495, -0.7751, 0.6029, -0.2927, 18.52, 20251111 13:02:24
20251111131738, NVDA, 212.5, 20251121, C, 2610, 9230, 0.0141, 193.495, 0.1959, 0.6049, -0.2652, 2.01, 20251111 13:02:24
20251111131738, NVDA, 212.5, 20251121, P, 38, 10071, 0.0142, 193.495, -0.809, 0.6026, -0.2653, 21.65, 20251111 13:02:24
20251111131738, NVDA, 215, 20251121, C, 2883, 21697, 0.0127, 193.495, 0.166, 0.606, -0.2378, 1.64, 20251111 13:02:24
20251111131738, NVDA, 215, 20251121, P, 13, 1782, 0.0129, 193.495, -0.8393, 0.5992, -0.238, 23.48, 20251111 13:02:24
20251111131738, NVDA, 217.5, 20251121, C, 837, 2317, 0.0113, 193.495, 0.1398, 0.6068, -0.2112, 1.35, 20251111 13:02:24
20251111131738, NVDA, 217.5, 20251121, P, 7, 122, 0.0115, 193.495, -0.8659, 0.6036, -0.2115, 25, 20251111 13:02:24
20251111131738, NVDA, 220, 20251121, C, 7081, 60180, 0.01, 193.495, 0.1171, 0.6093, -0.1859, 1.06, 20251111 13:02:24
20251111131738, NVDA, 220, 20251121, P, 31, 1360, 0.0102, 193.495, -0.8889, 0.5997, -0.1866, 27.3, 20251111 13:02:24
20251111131738, NVDA, 222.5, 20251121, C, 543, 2146, 0.0087, 193.495, 0.0978, 0.612, -0.1625, 0.89, 20251111 13:02:24
20251111131738, NVDA, 222.5, 20251121, P, 10, 89, 0.0089, 193.495, -0.9087, 0.5999, -0.1634, 30.32, 20251111 13:02:24
20251111131738, NVDA, 225, 20251121, C, 2180, 17736, 0.0076, 193.495, 0.0814, 0.6142, -0.1413, 0.69, 20251111 13:02:24
20251111131738, NVDA, 225, 20251121, P, 4, 802, 0.0078, 193.495, -0.9255, 0.5833, -0.1427, 32, 20251111 13:02:24
20251111131738, NVDA, 227.5, 20251121, C, 491, 1483, 0.0065, 193.495, 0.0677, 0.6185, -0.1225, 0.56, 20251111 13:02:24
20251111131738, NVDA, 227.5, 20251121, P, 12, 100, 0.0068, 193.495, -0.9397, 0.6161, -0.1239, 34.92, 20251111 13:02:24
20251111131738, NVDA, 230, 20251121, C, 8069, 34358, 0.0056, 193.495, 0.0564, 0.6245, -0.106, 0.46, 20251111 13:02:24
20251111131738, NVDA, 230, 20251121, P, 24, 1107, 0.0059, 193.495, -0.9514, 0.5691, -0.1075, 37.31, 20251111 13:02:24
20251111131738, NVDA, 232.5, 20251121, C, 2180, 6289, 0.0048, 193.495, 0.047, 0.6279, -0.0917, 0.38, 20251111 13:02:24
20251111131738, NVDA, 232.5, 20251121, P, 1, 85, 0.0051, 193.495, -0.9613, 0.5979, -0.0929, 40.42, 20251111 13:02:24
20251111131738, NVDA, 235, 20251121, C, 646, 2630, 0.0041, 193.495, 0.0394, 0.6361, -0.0796, 0.31, 20251111 13:02:24
20251111131738, NVDA, 235, 20251121, P, 0, 199, 0.0045, 193.495, -0.9693, 0, -0.0798, 36.15, 20251111 13:02:24
20251111131738, NVDA, 237.5, 20251121, C, 143, 876, 0.0035, 193.495, 0.0332, 0.644, -0.0692, 0.26, 20251111 13:02:24
20251111131738, NVDA, 237.5, 20251121, P, 0, 38, 0.0039, 193.495, -0.9761, 0.6238, -0.0696, 41.43, 20251111 13:02:24
20251111131738, NVDA, 240, 20251121, C, 9351, 28092, 0.0031, 193.495, 0.0281, 0.6502, -0.0605, 0.22, 20251111 13:02:24
20251111131738, NVDA, 240, 20251121, P, 1, 327, 0.0034, 193.495, -0.9815, 0.6502, -0.0596, 47.8, 20251111 13:02:24
20251111131738, NVDA, 242.5, 20251121, C, 78, 1073, 0.0026, 193.495, 0.0239, 0.6573, -0.0532, 0.19, 20251111 13:02:24
20251111131738, NVDA, 242.5, 20251121, P, 0, 16, 0.0028, 193.495, -0.9857, 0, -0.0514, 59.49, 20251111 13:02:24
20251111131738, NVDA, 245, 20251121, C, 147, 1425, 0.0023, 193.495, 0.0205, 0.6669, -0.047, 0.15, 20251111 13:02:24
20251111131738, NVDA, 245, 20251121, P, 0, 76, 0.0024, 193.495, -0.9893, 0, -0.047, 56.58, 20251111 13:02:24
20251111131738, NVDA, 247.5, 20251121, C, 226, 2680, 0.002, 193.495, 0.0177, 0.6808, -0.0417, 0.13, 20251111 13:02:24
20251111131738, NVDA, 247.5, 20251121, P, 0, 0, 0.0019, 193.495, -0.992, 0, -0.041, 58.7, 20251111 13:02:24
20251111131738, NVDA, 250, 20251121, C, 6927, 23377, 0.0017, 193.495, 0.0154, 0.689, -0.0373, 0.12, 20251111 13:02:24
20251111131738, NVDA, 250, 20251121, P, 0, 3, 0.0016, 193.495, -0.994, 0, -0.0365, 53.55, 20251111 13:02:24
20251111131738, NVDA, 252.5, 20251121, C, 12, 836, 0.0015, 193.495, 0.0135, 0.6942, -0.0334, 0.11, 20251111 13:02:24
20251111131738, NVDA, 252.5, 20251121, P, 0, 0, 0.0012, 193.495, -0.9956, 0, -0.0352, 0, 20251111 13:02:24
20251111131738, NVDA, 255, 20251121, C, 324, 2195, 0.0013, 193.495, 0.0119, 0.7062, -0.0302, 0.09, 20251111 13:02:24
20251111131738, NVDA, 255, 20251121, P, 0, 0, 0.001, 193.495, -0.9968, 0, -0.0334, 0, 20251111 13:02:24
20251111131738, NVDA, 257.5, 20251121, C, 7, 586, 0.0012, 193.495, 0.0105, 0.7106, -0.0273, 0.08, 20251111 13:02:24
20251111131738, NVDA, 257.5, 20251121, P, 0, 0, 0.0007, 193.495, -0.9977, 0, -0.0316, 0, 20251111 13:02:24
20251111131738, NVDA, 260, 20251121, C, 264, 15510, 0.0011, 193.495, 0.0093, 0.725, -0.0248, 0.06, 20251111 13:02:24
20251111131738, NVDA, 260, 20251121, P, 0, 0, 0.0006, 193.495, -0.9984, 0, -0.0301, 56.3, 20251111 13:02:24
20251111131738, NVDA, 262.5, 20251121, C, 0, 302, 0.0009, 193.495, 0.0083, 0.7312, -0.0226, 0.13, 20251111 13:02:24
20251111131738, NVDA, 262.5, 20251121, P, 0, 0, 0.0004, 193.495, -0.9988, 0, -0.0299, 0, 20251111 13:02:24
20251111131738, NVDA, 265, 20251121, C, 52, 781, 0.0008, 193.495, 0.0074, 0.7345, -0.0207, 0.06, 20251111 13:02:24
20251111131738, NVDA, 265, 20251121, P, 0, 0, 0.0003, 193.495, -0.9992, 0, -0.0297, 60.95, 20251111 13:02:24
20251111131738, NVDA, 267.5, 20251121, C, 135, 224, 0.0008, 193.495, 0.0066, 0.7538, -0.0189, 0.06, 20251111 13:02:24
20251111131738, NVDA, 267.5, 20251121, P, 0, 0, 0.0002, 193.495, -0.9994, 0, -0.0294, 0, 20251111 13:02:24
20251111131738, NVDA, 270, 20251121, C, 226, 6981, 0.0007, 193.495, 0.006, 0.7728, -0.0173, 0.04, 20251111 13:02:24
20251111131738, NVDA, 270, 20251121, P, 0, 0, 0.0001, 193.495, -0.9996, 0, -0.0292, 76.14, 20251111 13:02:24
20251111131738, NVDA, 272.5, 20251121, C, 35, 245, 0.0006, 193.495, 0.0054, 0.7915, -0.0159, 0.05, 20251111 13:02:24
20251111131738, NVDA, 272.5, 20251121, P, 0, 0, 0.0001, 193.495, -0.9998, 0, -0.0289, 0, 20251111 13:02:24
20251111131738, NVDA, 275, 20251121, C, 3, 502, 0.0006, 193.495, 0.0049, 0.789, -0.0146, 0.03, 20251111 13:02:24
20251111131738, NVDA, 275, 20251121, P, 0, 0, 0.0001, 193.495, -0.9998, 0, -0.0289, 0, 20251111 13:02:24
20251111131738, NVDA, 277.5, 20251121, C, 2, 120, 0.0005, 193.495, 0.0044, 0.7805, -0.0135, 0.04, 20251111 13:02:24
20251111131738, NVDA, 277.5, 20251121, P, 0, 0, 0, 193.495, -0.9999, 0, -0.0289, 0, 20251111 13:02:24
20251111131738, NVDA, 280, 20251121, C, 622, 9460, 0.0004, 193.495, 0.004, 0.7977, -0.0124, 0.03, 20251111 13:02:24
20251111131738, NVDA, 280, 20251121, P, 0, 0, 0, 193.495, -0.9999, 0, -0.0289, 74.8, 20251111 13:02:24
20251111131738, NVDA, 282.5, 20251121, C, 275, 154, 0.0004, 193.495, 0.0036, 0.8148, -0.0114, 0.02, 20251111 13:02:24
20251111131738, NVDA, 282.5, 20251121, P, 0, 0, 0, 193.495, -1, 0, -0.0289, 0, 20251111 13:02:24
20251111131738, NVDA, 285, 20251121, C, 3, 112, 0.0004, 193.495, 0.0033, 0.8317, -0.0106, 0.03, 20251111 13:02:24
20251111131738, NVDA, 285, 20251121, P, 0, 0, 0, 193.495, -1, 0, -0.0289, 0, 20251111 13:02:24
20251111131738, NVDA, 287.5, 20251121, C, 19, 116, 0.0003, 193.495, 0.003, 0.8483, -0.0098, 0.02, 20251111 13:02:24
20251111131738, NVDA, 287.5, 20251121, P, 0, 0, 0, 193.495, -1, 0, -0.0289, 0, 20251111 13:02:24
20251111131738, NVDA, 290, 20251121, C, 47, 2454, 0.0003, 193.495, 0.0027, 0.8255, -0.009, 0.02, 20251111 13:02:24
20251111131738, NVDA, 290, 20251121, P, 0, 0, 0, 193.495, -1, 0, -0.0289, 0, 20251111 13:02:24
20251111131738, NVDA, 292.5, 20251121, C, 130, 383, 0.0003, 193.495, 0.0025, 0.8412, -0.0083, 0.02, 20251111 13:02:24
20251111131738, NVDA, 292.5, 20251121, P, 0, 0, 0, 193.495, -1, 0, -0.0289, 0, 20251111 13:02:24
20251111131738, NVDA, 295, 20251121, C, 182, 345, 0.0002, 193.495, 0.0023, 0.8567, -0.0077, 0.01, 20251111 13:02:24
20251111131738, NVDA, 295, 20251121, P, 0, 0, 0, 193.495, -1, 0, -0.0289, 0, 20251111 13:02:24
20251111131738, NVDA, 300, 20251121, C, 137, 8605, 0.0002, 193.495, 0.0019, 0.8874, -0.0066, 0.01, 20251111 13:02:24
20251111131738, NVDA, 300, 20251121, P, 0, 0, 0, 193.495, -1, 0, -0.0289, 129.35, 20251111 13:02:24
20251111131738, NVDA, 310, 20251121, C, 50, 3533, 0.0001, 193.495, 0.0013, 0.9467, -0.0049, 0.01, 20251111 13:02:24
20251111131738, NVDA, 310, 20251121, P, 0, 0, 0, 193.495, -1, 0, -0.0289, 100, 20251111 13:02:24
20251111131738, NVDA, 320, 20251121, C, 105, 3503, 0.0001, 193.495, 0.001, 0.9207, -0.0036, 0.02, 20251111 13:02:24
20251111131738, NVDA, 320, 20251121, P, 0, 0, 0, 193.495, -1, 0, -0.0289, 136.8, 20251111 13:02:24
20251111131738, NVDA, 330, 20251121, C, 81, 2526, 0.0001, 193.495, 0.0007, 0.9719, -0.0027, 0.02, 20251111 13:02:24
20251111131738, NVDA, 330, 20251121, P, 0, 0, 0, 193.495, -1, 0, -0.0289, 0, 20251111 13:02:24
20251111131738, NVDA, 340, 20251121, C, 1, 4507, 0, 193.495, 0.0005, 1.0213, -0.0021, 0.01, 20251111 13:02:24
20251111131738, NVDA, 340, 20251121, P, 0, 0, 0, 193.495, -1, 0, -0.0289, 0, 20251111 13:02:24
20251111131738, NVDA, 350, 20251121, C, 1, 3877, 0, 193.495, 0.0004, 1.069, -0.0016, 0.01, 20251111 13:02:24
20251111131738, NVDA, 350, 20251121, P, 0, 0, 0, 193.495, -1, 0, -0.0289, 0, 20251111 13:02:24
20251111131738, NVDA, 360, 20251121, C, 11, 10357, 0, 193.495, 0.0003, 1.1152, -0.0012, 0.01, 20251111 13:02:24
20251111131738, NVDA, 360, 20251121, P, 0, 0, 0, 193.495, -1, 0, -0.0289, 179.39, 20251111 13:02:24
20251111131738, NVDA, 370, 20251121, C, 0, 1633, 0, 193.495, 0.0002, 1.1598, -0.0009, 0.01, 20251111 13:02:24
20251111131738, NVDA, 370, 20251121, P, 0, 0, 0, 193.495, -1, 0, -0.0289, 158.91, 20251111 13:02:24
20251111131738, NVDA, 380, 20251121, C, 0, 851, 0, 193.495, 0.0002, 1.2032, -0.0007, 0.01, 20251111 13:02:24
20251111131738, NVDA, 380, 20251121, P, 0, 0, 0, 193.495, -1, 0, -0.0289, 0, 20251111 13:02:24
20251111131738, NVDA, 390, 20251121, C, 0, 613, 0, 193.495, 0.0001, 1.2452, -0.0006, 0.01, 20251111 13:02:24
20251111131738, NVDA, 390, 20251121, P, 0, 0, 0, 193.495, -1, 0, -0.0289, 178.9, 20251111 13:02:24
20251111131738, NVDA, 400, 20251121, C, 0, 1698, 0, 193.495, 0.0001, 1.286, -0.0004, 0.01, 20251111 13:02:24
20251111131738, NVDA, 400, 20251121, P, 0, 0, 0, 193.495, -1, 0, -0.0289, 194.17, 20251111 13:02:24
20251111131738, NVDA, 410, 20251121, C, 0, 215, 0, 193.495, 0.0001, 1.3257, -0.0003, 0.01, 20251111 13:02:24
20251111131738, NVDA, 410, 20251121, P, 0, 0, 0, 193.495, -1, 0, -0.0289, 0, 20251111 13:02:24
20251111131738, NVDA, 420, 20251121, C, 0, 1045, 0, 193.495, 0, 1.3642, -0.0003, 0.01, 20251111 13:02:24
20251111131738, NVDA, 420, 20251121, P, 0, 0, 0, 193.495, -1, 0, -0.0289, 214.16, 20251111 13:02:24
20251111131738, NVDA, 50, 20251128, C, 1, 10, 0, 193.495, 1, 2.3896, 0, 144.97, 20251111 13:02:24
20251111131738, NVDA, 50, 20251128, P, 0, 3, 0, 193.495, -0.0002, 1.9146, -0.0016, 0.01, 20251111 13:02:24
20251111131738, NVDA, 55, 20251128, C, 0, 0, 0, 193.495, 1, 2.1804, 0, 144.94, 20251111 13:02:24
20251111131738, NVDA, 55, 20251128, P, 0, 1, 0, 193.495, -0.0003, 1.7829, -0.0018, 0.01, 20251111 13:02:24
20251111131738, NVDA, 60, 20251128, C, 0, 5, 0, 193.495, 0.9999, 2.084, 0, 143.4, 20251111 13:02:24
20251111131738, NVDA, 60, 20251128, P, 0, 14, 0, 193.495, -0.0004, 1.663, -0.0022, 0.01, 20251111 13:02:24
20251111131738, NVDA, 65, 20251128, C, 0, 0, 0, 193.495, 0.9998, 1.9872, 0, 0, 20251111 13:02:24
20251111131738, NVDA, 65, 20251128, P, 0, 24, 0, 193.495, -0.0004, 1.5528, -0.0026, 0.01, 20251111 13:02:24
20251111131738, NVDA, 70, 20251128, C, 0, 9, 0, 193.495, 0.9997, 1.8917, 0, 129.91, 20251111 13:02:24
20251111131738, NVDA, 70, 20251128, P, 0, 57, 0, 193.495, -0.0006, 1.4509, -0.0031, 0.02, 20251111 13:02:24
20251111131738, NVDA, 75, 20251128, C, 0, 1, 0, 193.495, 0.9996, 1.7982, 0, 124.97, 20251111 13:02:24
20251111131738, NVDA, 75, 20251128, P, 0, 79, 0, 193.495, -0.0007, 1.431, -0.0036, 0.02, 20251111 13:02:24
20251111131738, NVDA, 80, 20251128, C, 0, 1, 0, 193.495, 0.9994, 1.7835, 0, 130.6, 20251111 13:02:24
20251111131738, NVDA, 80, 20251128, P, 5, 144, 0, 193.495, -0.0009, 1.384, -0.0043, 0.02, 20251111 13:02:24
20251111131738, NVDA, 85, 20251128, C, 0, 46, 0.0001, 193.495, 0.9992, 1.7153, 0, 115.6, 20251111 13:02:24
20251111131738, NVDA, 85, 20251128, P, 5, 91, 0.0001, 193.495, -0.0011, 1.2936, -0.005, 0.02, 20251111 13:02:24
20251111131738, NVDA, 90, 20251128, C, 0, 15, 0.0001, 193.495, 0.9989, 1.5328, 0, 94.24, 20251111 13:02:24
20251111131738, NVDA, 90, 20251128, P, 24, 737, 0.0001, 193.495, -0.0014, 1.2084, -0.0059, 0.01, 20251111 13:02:24
20251111131738, NVDA, 95, 20251128, C, 0, 11, 0.0001, 193.495, 0.9986, 0, 0, 87.29, 20251111 13:02:24
20251111131738, NVDA, 95, 20251128, P, 0, 477, 0.0001, 193.495, -0.0017, 1.1815, -0.0069, 0.03, 20251111 13:02:24
20251111131738, NVDA, 100, 20251128, C, 0, 65, 0.0001, 193.495, 0.9982, 1.4579, 0, 88.96, 20251111 13:02:24
20251111131738, NVDA, 100, 20251128, P, 32, 175, 0.0001, 193.495, -0.0021, 1.1016, -0.008, 0.03, 20251111 13:02:24
20251111131738, NVDA, 105, 20251128, C, 0, 15, 0.0002, 193.495, 0.9976, 1.3114, 0, 83.57, 20251111 13:02:24
20251111131738, NVDA, 105, 20251128, P, 0, 548, 0.0002, 193.495, -0.0026, 1.0601, -0.0093, 0.04, 20251111 13:02:24
20251111131738, NVDA, 110, 20251128, C, 0, 48, 0.0002, 193.495, 0.997, 0, -0.0012, 84.96, 20251111 13:02:24
20251111131738, NVDA, 110, 20251128, P, 9, 2611, 0.0002, 193.495, -0.0033, 0.9988, -0.0107, 0.04, 20251111 13:02:24
20251111131738, NVDA, 115, 20251128, C, 1, 11, 0.0003, 193.495, 0.9962, 0, -0.0036, 77.57, 20251111 13:02:24
20251111131738, NVDA, 115, 20251128, P, 0, 1307, 0.0003, 193.495, -0.0041, 0.9487, -0.0125, 0.06, 20251111 13:02:24
20251111131738, NVDA, 120, 20251128, C, 4, 82, 0.0004, 193.495, 0.9952, 0, -0.0062, 73.77, 20251111 13:02:24
20251111131738, NVDA, 120, 20251128, P, 166, 2879, 0.0004, 193.495, -0.0051, 0.9039, -0.0146, 0.06, 20251111 13:02:24
20251111131738, NVDA, 125, 20251128, C, 4, 12, 0.0005, 193.495, 0.9938, 0.8313, -0.0094, 68.4, 20251111 13:02:24
20251111131738, NVDA, 125, 20251128, P, 115, 2367, 0.0005, 193.495, -0.0065, 0.8478, -0.0172, 0.08, 20251111 13:02:24
20251111131738, NVDA, 130, 20251128, C, 4, 58, 0.0007, 193.495, 0.9918, 0, -0.0133, 63.17, 20251111 13:02:24
20251111131738, NVDA, 130, 20251128, P, 80, 1097, 0.0007, 193.495, -0.0084, 0.8022, -0.0206, 0.1, 20251111 13:02:24
20251111131738, NVDA, 135, 20251128, C, 2, 63, 0.0009, 193.495, 0.9892, 0.8231, -0.0182, 57.82, 20251111 13:02:24
20251111131738, NVDA, 135, 20251128, P, 39, 817, 0.0009, 193.495, -0.0111, 0.7611, -0.025, 0.12, 20251111 13:02:24
20251111131738, NVDA, 140, 20251128, C, 5, 135, 0.0012, 193.495, 0.9853, 0.7819, -0.0247, 53.36, 20251111 13:02:24
20251111131738, NVDA, 140, 20251128, P, 235, 1064, 0.0012, 193.495, -0.015, 0.7208, -0.0309, 0.17, 20251111 13:02:24
20251111131738, NVDA, 145, 20251128, C, 1, 181, 0.0017, 193.495, 0.9796, 0.7246, -0.0334, 49, 20251111 13:02:24
20251111131738, NVDA, 145, 20251128, P, 75, 1281, 0.0017, 193.495, -0.0207, 0.6844, -0.0391, 0.24, 20251111 13:02:24
20251111131738, NVDA, 150, 20251128, C, 172, 747, 0.0024, 193.495, 0.9711, 0.6897, -0.0453, 43.19, 20251111 13:02:24
20251111131738, NVDA, 150, 20251128, P, 943, 3242, 0.0024, 193.495, -0.0293, 0.6512, -0.0505, 0.31, 20251111 13:02:24
20251111131738, NVDA, 155, 20251128, C, 39, 117, 0.0034, 193.495, 0.9581, 0.6515, -0.0615, 38.45, 20251111 13:02:24
20251111131738, NVDA, 155, 20251128, P, 252, 3013, 0.0034, 193.495, -0.0423, 0.6236, -0.0661, 0.46, 20251111 13:02:24
20251111131738, NVDA, 160, 20251128, C, 66, 407, 0.0048, 193.495, 0.9389, 0.6093, -0.0828, 34.01, 20251111 13:02:24
20251111131738, NVDA, 160, 20251128, P, 2146, 5142, 0.0048, 193.495, -0.0616, 0.5997, -0.087, 0.73, 20251111 13:02:24
20251111131738, NVDA, 162.5, 20251128, C, 6, 5, 0.0057, 193.495, 0.9262, 0.5872, -0.0955, 31.1, 20251111 13:02:24
20251111131738, NVDA, 162.5, 20251128, P, 75, 60, 0.0057, 193.495, -0.0744, 0.59, -0.0995, 0.86, 20251111 13:02:24
20251111131738, NVDA, 165, 20251128, C, 20, 465, 0.0066, 193.495, 0.911, 0.5857, -0.1096, 30.25, 20251111 13:02:24
20251111131738, NVDA, 165, 20251128, P, 1181, 3091, 0.0066, 193.495, -0.0897, 0.5807, -0.1134, 1.03, 20251111 13:02:24
20251111131738, NVDA, 167.5, 20251128, C, 26, 25, 0.0077, 193.495, 0.893, 0.5774, -0.125, 26.8, 20251111 13:02:24
20251111131738, NVDA, 167.5, 20251128, P, 218, 176, 0.0077, 193.495, -0.1077, 0.5723, -0.1286, 1.28, 20251111 13:02:24
20251111131738, NVDA, 170, 20251128, C, 113, 914, 0.0088, 193.495, 0.8721, 0.5694, -0.1414, 24.5, 20251111 13:02:24
20251111131738, NVDA, 170, 20251128, P, 1495, 8088, 0.0089, 193.495, -0.1288, 0.5655, -0.1448, 1.58, 20251111 13:02:24
20251111131738, NVDA, 172.5, 20251128, C, 153, 123, 0.01, 193.495, 0.848, 0.5611, -0.1584, 23.46, 20251111 13:02:24
20251111131738, NVDA, 172.5, 20251128, P, 126, 42, 0.0101, 193.495, -0.153, 0.5595, -0.1617, 1.96, 20251111 13:02:24
20251111131738, NVDA, 175, 20251128, C, 213, 2332, 0.0113, 193.495, 0.8205, 0.5565, -0.1758, 21.3, 20251111 13:02:24
20251111131738, NVDA, 175, 20251128, P, 710, 4127, 0.0114, 193.495, -0.1807, 0.554, -0.1789, 2.4, 20251111 13:02:24
20251111131738, NVDA, 177.5, 20251128, C, 86, 52, 0.0126, 193.495, 0.7897, 0.5497, -0.193, 19.3, 20251111 13:02:24
20251111131738, NVDA, 177.5, 20251128, P, 255, 1063, 0.0126, 193.495, -0.2116, 0.549, -0.1959, 2.91, 20251111 13:02:24
20251111131738, NVDA, 180, 20251128, C, 633, 3959, 0.0138, 193.495, 0.7557, 0.5446, -0.2093, 17.43, 20251111 13:02:24
20251111131738, NVDA, 180, 20251128, P, 4592, 11069, 0.0138, 193.495, -0.2458, 0.5445, -0.2121, 3.5, 20251111 13:02:24
20251111131738, NVDA, 182.5, 20251128, C, 80, 124, 0.0149, 193.495, 0.7187, 0.5421, -0.2243, 14.86, 20251111 13:02:24
20251111131738, NVDA, 182.5, 20251128, P, 97, 111, 0.015, 193.495, -0.2831, 0.5404, -0.227, 4.46, 20251111 13:02:24
20251111131738, NVDA, 185, 20251128, C, 835, 6613, 0.0159, 193.495, 0.6791, 0.5379, -0.2374, 14.01, 20251111 13:02:24
20251111131738, NVDA, 185, 20251128, P, 488, 19907, 0.016, 193.495, -0.3229, 0.5365, -0.2399, 5.05, 20251111 13:02:24
20251111131738, NVDA, 187.5, 20251128, C, 109, 124, 0.0168, 193.495, 0.6373, 0.5336, -0.248, 12.32, 20251111 13:02:24
20251111131738, NVDA, 187.5, 20251128, P, 150, 132, 0.0169, 193.495, -0.365, 0.5338, -0.2504, 5.92, 20251111 13:02:24
20251111131738, NVDA, 190, 20251128, C, 1371, 6946, 0.0174, 193.495, 0.594, 0.532, -0.2557, 10.9, 20251111 13:02:24
20251111131738, NVDA, 190, 20251128, P, 1192, 6781, 0.0175, 193.495, -0.4086, 0.5307, -0.258, 6.96, 20251111 13:02:24
20251111131738, NVDA, 192.5, 20251128, C, 1181, 286, 0.0178, 193.495, 0.5496, 0.5297, -0.2603, 9.6, 20251111 13:02:24
20251111131738, NVDA, 192.5, 20251128, P, 465, 195, 0.018, 193.495, -0.4534, 0.5284, -0.2625, 8.15, 20251111 13:02:24
20251111131738, NVDA, 195, 20251128, C, 4368, 8629, 0.018, 193.495, 0.5049, 0.5283, -0.2616, 8.32, 20251111 13:02:24
20251111131738, NVDA, 195, 20251128, P, 4767, 5296, 0.0182, 193.495, -0.4985, 0.5268, -0.2637, 9.35, 20251111 13:02:24
20251111131738, NVDA, 197.5, 20251128, C, 1921, 1484, 0.018, 193.495, 0.4604, 0.5261, -0.2596, 7.17, 20251111 13:02:24
20251111131738, NVDA, 197.5, 20251128, P, 623, 228, 0.0181, 193.495, -0.5433, 0.526, -0.2616, 11.2, 20251111 13:02:24
20251111131738, NVDA, 200, 20251128, C, 7038, 28788, 0.0177, 193.495, 0.4168, 0.5265, -0.2545, 6.2, 20251111 13:02:24
20251111131738, NVDA, 200, 20251128, P, 1306, 12227, 0.0179, 193.495, -0.5873, 0.5261, -0.2563, 12.29, 20251111 13:02:24
20251111131738, NVDA, 202.5, 20251128, C, 832, 751, 0.0172, 193.495, 0.3747, 0.5251, -0.2465, 5.35, 20251111 13:02:24
20251111131738, NVDA, 202.5, 20251128, P, 142, 88, 0.0174, 193.495, -0.63, 0.5243, -0.2482, 13.85, 20251111 13:02:24
20251111131738, NVDA, 205, 20251128, C, 1832, 7822, 0.0166, 193.495, 0.3344, 0.5237, -0.236, 4.55, 20251111 13:02:24
20251111131738, NVDA, 205, 20251128, P, 43, 1603, 0.0168, 193.495, -0.6707, 0.5259, -0.2377, 16.45, 20251111 13:02:24
20251111131738, NVDA, 207.5, 20251128, C, 1033, 393, 0.0157, 193.495, 0.2965, 0.5244, -0.2236, 3.85, 20251111 13:02:24
20251111131738, NVDA, 207.5, 20251128, P, 34, 14, 0.016, 193.495, -0.7091, 0.5244, -0.225, 17.46, 20251111 13:02:24
20251111131738, NVDA, 210, 20251128, C, 23450, 20441, 0.0148, 193.495, 0.2611, 0.5245, -0.2096, 3.29, 20251111 13:02:24
20251111131738, NVDA, 210, 20251128, P, 45, 1523, 0.015, 193.495, -0.745, 0.5239, -0.2109, 20.2, 20251111 13:02:24
20251111131738, NVDA, 212.5, 20251128, C, 400, 336, 0.0138, 193.495, 0.2286, 0.5243, -0.1946, 2.74, 20251111 13:02:24
20251111131738, NVDA, 212.5, 20251128, P, 18, 11, 0.014, 193.495, -0.778, 0.5248, -0.1956, 20.85, 20251111 13:02:24
20251111131738, NVDA, 215, 20251128, C, 3479, 8774, 0.0127, 193.495, 0.199, 0.5252, -0.179, 2.27, 20251111 13:02:24
20251111131738, NVDA, 215, 20251128, P, 28, 492, 0.0129, 193.495, -0.8081, 0.524, -0.1799, 24, 20251111 13:02:24
20251111131738, NVDA, 217.5, 20251128, C, 314, 276, 0.0116, 193.495, 0.1724, 0.5259, -0.1634, 1.9, 20251111 13:02:24
20251111131738, NVDA, 217.5, 20251128, P, 0, 0, 0.0118, 193.495, -0.8352, 0.5264, -0.1642, 0, 20251111 13:02:24
20251111131738, NVDA, 220, 20251128, C, 1876, 12611, 0.0105, 193.495, 0.1488, 0.5275, -0.1482, 1.57, 20251111 13:02:24
20251111131738, NVDA, 220, 20251128, P, 6, 327, 0.0107, 193.495, -0.8594, 0.5256, -0.1487, 28.54, 20251111 13:02:24
20251111131738, NVDA, 222.5, 20251128, C, 183, 68, 0.0094, 193.495, 0.1279, 0.5289, -0.1335, 1.34, 20251111 13:02:24
20251111131738, NVDA, 222.5, 20251128, P, 11, 0, 0.0097, 193.495, -0.8808, 0.5277, -0.1343, 31.14, 20251111 13:02:24
20251111131738, NVDA, 225, 20251128, C, 486, 5883, 0.0084, 193.495, 0.1098, 0.5314, -0.1198, 1.11, 20251111 13:02:24
20251111131738, NVDA, 225, 20251128, P, 13, 208, 0.0087, 193.495, -0.8995, 0.5271, -0.1205, 33.47, 20251111 13:02:24
20251111131738, NVDA, 227.5, 20251128, C, 124, 56, 0.0075, 193.495, 0.0941, 0.5331, -0.107, 0.93, 20251111 13:02:24
20251111131738, NVDA, 227.5, 20251128, P, 0, 0, 0.0078, 193.495, -0.9159, 0.5402, -0.1082, 32.45, 20251111 13:02:24
20251111131738, NVDA, 230, 20251128, C, 542, 5590, 0.0066, 193.495, 0.0806, 0.5373, -0.0954, 0.77, 20251111 13:02:24
20251111131738, NVDA, 230, 20251128, P, 0, 212, 0.007, 193.495, -0.9299, 0.5325, -0.0968, 31.72, 20251111 13:02:24
20251111131738, NVDA, 232.5, 20251128, C, 93, 81, 0.0058, 193.495, 0.0691, 0.5409, -0.085, 0.65, 20251111 13:02:24
20251111131738, NVDA, 232.5, 20251128, P, 0, 0, 0.0062, 193.495, -0.942, 0.5372, -0.0865, 0, 20251111 13:02:24
20251111131738, NVDA, 235, 20251128, C, 20370, 2799, 0.0051, 193.495, 0.0593, 0.5455, -0.0757, 0.55, 20251111 13:02:24
20251111131738, NVDA, 235, 20251128, P, 1, 74, 0.0056, 193.495, -0.9524, 0.5224, -0.0776, 41, 20251111 13:02:24
20251111131738, NVDA, 237.5, 20251128, C, 145, 27, 0.0045, 193.495, 0.051, 0.5499, -0.0675, 0.47, 20251111 13:02:24
20251111131738, NVDA, 237.5, 20251128, P, 4, 0, 0.005, 193.495, -0.9613, 0.5178, -0.0694, 44.9, 20251111 13:02:24
20251111131738, NVDA, 240, 20251128, C, 445, 6107, 0.004, 193.495, 0.044, 0.556, -0.0602, 0.39, 20251111 13:02:24
20251111131738, NVDA, 240, 20251128, P, 0, 11, 0.0044, 193.495, -0.9688, 0.5393, -0.0621, 42, 20251111 13:02:24
20251111131738, NVDA, 242.5, 20251128, C, 99, 87, 0.0035, 193.495, 0.0382, 0.5606, -0.0539, 0.33, 20251111 13:02:24
20251111131738, NVDA, 242.5, 20251128, P, 0, 0, 0.004, 193.495, -0.9754, 0.5479, -0.0559, 0, 20251111 13:02:24
20251111131738, NVDA, 245, 20251128, C, 126, 2222, 0.0031, 193.495, 0.0332, 0.5671, -0.0483, 0.29, 20251111 13:02:24
20251111131738, NVDA, 245, 20251128, P, 0, 46, 0.0035, 193.495, -0.9807, 0.5684, -0.0486, 54.9, 20251111 13:02:24
20251111131738, NVDA, 247.5, 20251128, C, 42, 15, 0.0027, 193.495, 0.029, 0.5729, -0.0435, 0.25, 20251111 13:02:24
20251111131738, NVDA, 247.5, 20251128, P, 0, 0, 0.003, 193.495, -0.9852, 0.5467, -0.0444, 0, 20251111 13:02:24
20251111131738, NVDA, 250, 20251128, C, 331, 7573, 0.0024, 193.495, 0.0254, 0.5804, -0.0393, 0.22, 20251111 13:02:24
20251111131738, NVDA, 250, 20251128, P, 0, 0, 0.0025, 193.495, -0.9889, 0.5655, -0.0398, 59.24, 20251111 13:02:24
20251111131738, NVDA, 252.5, 20251128, C, 26, 48, 0.0022, 193.495, 0.0224, 0.5881, -0.0356, 0.2, 20251111 13:02:24
20251111131738, NVDA, 252.5, 20251128, P, 0, 0, 0.0021, 193.495, -0.9917, 0, -0.0348, 0, 20251111 13:02:24
20251111131738, NVDA, 255, 20251128, C, 79, 1923, 0.0019, 193.495, 0.0198, 0.5941, -0.0323, 0.17, 20251111 13:02:24
20251111131738, NVDA, 255, 20251128, P, 0, 1, 0.0017, 193.495, -0.9941, 0, -0.0304, 61.4, 20251111 13:02:24
20251111131738, NVDA, 257.5, 20251128, C, 2, 1, 0.0017, 193.495, 0.0176, 0.6009, -0.0294, 0.15, 20251111 13:02:24
20251111131738, NVDA, 257.5, 20251128, P, 0, 0, 0.0013, 193.495, -0.9957, 0, -0.0299, 0, 20251111 13:02:24
20251111131738, NVDA, 260, 20251128, C, 28, 1876, 0.0015, 193.495, 0.0158, 0.6122, -0.0269, 0.13, 20251111 13:02:24
20251111131738, NVDA, 260, 20251128, P, 0, 0, 0.001, 193.495, -0.9969, 0, -0.0279, 0, 20251111 13:02:24
20251111131738, NVDA, 262.5, 20251128, C, 0, 2, 0.0014, 193.495, 0.0141, 0.6159, -0.0247, 0.22, 20251111 13:02:24
20251111131738, NVDA, 262.5, 20251128, P, 0, 0, 0.0007, 193.495, -0.9979, 0, -0.0265, 0, 20251111 13:02:24
20251111131738, NVDA, 265, 20251128, C, 107, 1171, 0.0012, 193.495, 0.0127, 0.625, -0.0227, 0.12, 20251111 13:02:24
20251111131738, NVDA, 265, 20251128, P, 0, 0, 0.0005, 193.495, -0.9987, 0, -0.0252, 57.38, 20251111 13:02:24
20251111131738, NVDA, 267.5, 20251128, C, 48, 7, 0.0011, 193.495, 0.0114, 0.633, -0.021, 0.11, 20251111 13:02:24
20251111131738, NVDA, 267.5, 20251128, P, 0, 0, 0.0003, 193.495, -0.9992, 0, -0.0245, 0, 20251111 13:02:24
20251111131738, NVDA, 270, 20251128, C, 125, 1137, 0.001, 193.495, 0.0104, 0.64, -0.0194, 0.1, 20251111 13:02:24
20251111131738, NVDA, 270, 20251128, P, 0, 0, 0.0002, 193.495, -0.9994, 0, -0.0245, 0, 20251111 13:02:24
20251111131738, NVDA, 272.5, 20251128, C, 33, 1, 0.0009, 193.495, 0.0094, 0.6456, -0.018, 0.09, 20251111 13:02:24
20251111131738, NVDA, 272.5, 20251128, P, 0, 0, 0.0002, 193.495, -0.9996, 0, -0.0245, 0, 20251111 13:02:24
20251111131738, NVDA, 275, 20251128, C, 30, 620, 0.0008, 193.495, 0.0086, 0.6606, -0.0167, 0.08, 20251111 13:02:24
20251111131738, NVDA, 275, 20251128, P, 0, 0, 0.0001, 193.495, -0.9997, 0, -0.0245, 0, 20251111 13:02:24
20251111131738, NVDA, 280, 20251128, C, 0, 344, 0.0007, 193.495, 0.0072, 0.6788, -0.0145, 0.12, 20251111 13:02:24
20251111131738, NVDA, 280, 20251128, P, 0, 0, 0, 193.495, -1, 0, -0.0245, 0, 20251111 13:02:24
20251111131738, NVDA, 285, 20251128, C, 16, 991, 0.0006, 193.495, 0.0061, 0.6943, -0.0127, 0.06, 20251111 13:02:24
20251111131738, NVDA, 285, 20251128, P, 0, 0, 0, 193.495, -1, 0, -0.0245, 0, 20251111 13:02:24
20251111131738, NVDA, 290, 20251128, C, 4, 719, 0.0005, 193.495, 0.0052, 0.7064, -0.0113, 0.04, 20251111 13:02:24
20251111131738, NVDA, 290, 20251128, P, 0, 0, 0, 193.495, -1, 0, -0.0245, 0, 20251111 13:02:24
20251111131738, NVDA, 295, 20251128, C, 10, 340, 0.0004, 193.495, 0.0045, 0.7326, -0.01, 0.05, 20251111 13:02:24
20251111131738, NVDA, 295, 20251128, P, 0, 0, 0, 193.495, -1, 0, -0.0245, 0, 20251111 13:02:24
20251111131738, NVDA, 300, 20251128, C, 3, 8123, 0.0004, 193.495, 0.0039, 0.7394, -0.009, 0.03, 20251111 13:02:24
20251111131738, NVDA, 300, 20251128, P, 0, 0, 0, 193.495, -1, 0, -0.0245, 0, 20251111 13:02:24
20251111131738, NVDA, 305, 20251128, C, 1, 471, 0.0003, 193.495, 0.0034, 0.74, -0.0081, 0.03, 20251111 13:02:24
20251111131738, NVDA, 305, 20251128, P, 0, 0, 0, 193.495, -1, 0, -0.0245, 0, 20251111 13:02:24
20251111131738, NVDA, 310, 20251128, C, 0, 345, 0.0003, 193.495, 0.003, 0.7635, -0.0073, 0.04, 20251111 13:02:24
20251111131738, NVDA, 310, 20251128, P, 0, 0, 0, 193.495, -1, 0, -0.0245, 111.5, 20251111 13:02:24
20251111131738, NVDA, 320, 20251128, C, 5, 396, 0.0002, 193.495, 0.0024, 0.7737, -0.0061, 0.01, 20251111 13:02:24
20251111131738, NVDA, 320, 20251128, P, 0, 0, 0, 193.495, -1, 0, -0.0245, 0, 20251111 13:02:24
20251111131738, NVDA, 330, 20251128, C, 0, 275, 0.0002, 193.495, 0.0019, 0.8162, -0.0052, 0.02, 20251111 13:02:24
20251111131738, NVDA, 330, 20251128, P, 0, 0, 0, 193.495, -1, 0, -0.0245, 128.95, 20251111 13:02:24
20251111131738, NVDA, 340, 20251128, C, 4, 459, 0.0001, 193.495, 0.0016, 0.7874, -0.0045, 0.01, 20251111 13:02:24
20251111131738, NVDA, 340, 20251128, P, 0, 0, 0, 193.495, -1, 0, -0.0245, 0, 20251111 13:02:24
20251111131738, NVDA, 350, 20251128, C, 8, 1713, 0.0001, 193.495, 0.0014, 0.8965, -0.004, 0.01, 20251111 13:02:24
20251111131738, NVDA, 350, 20251128, P, 0, 0, 0, 193.495, -1, 0, -0.0245, 0, 20251111 13:02:24
20251111131738, NVDA, 360, 20251128, C, 20, 65, 0.0001, 193.495, 0.0012, 0.8598, -0.0035, 0.01, 20251111 13:02:24
20251111131738, NVDA, 360, 20251128, P, 0, 0, 0, 193.495, -1, 0, -0.0245, 0, 20251111 13:02:24
20251111131738, NVDA, 370, 20251128, C, 0, 84, 0.0001, 193.495, 0.001, 0.8939, -0.0032, 0.01, 20251111 13:02:24
20251111131738, NVDA, 370, 20251128, P, 0, 0, 0, 193.495, -1, 0, -0.0245, 0, 20251111 13:02:24
20251111131738, NVDA, 380, 20251128, C, 25, 649, 0.0001, 193.495, 0.0009, 0.9273, -0.0029, 0.01, 20251111 13:02:24
20251111131738, NVDA, 380, 20251128, P, 0, 0, 0, 193.495, -1, 0, -0.0245, 0, 20251111 13:02:24
20251111131738, NVDA, 390, 20251128, C, 0, 135, 0.0001, 193.495, 0.0008, 0.9598, -0.0026, 0.02, 20251111 13:02:24
20251111131738, NVDA, 390, 20251128, P, 0, 1, 0, 193.495, -1, 0, -0.0245, 195, 20251111 13:02:24
20251111131738, NVDA, 400, 20251128, C, 0, 1783, 0.0001, 193.495, 0.0007, 0.9913, -0.0024, 0.01, 20251111 13:02:24
20251111131738, NVDA, 400, 20251128, P, 0, 0, 0, 193.495, -1, 0, -0.0245, 0, 20251111 13:02:24
20251111131738, NVDA, 410, 20251128, C, 0, 0, 0, 193.495, 0.0006, 1.0219, -0.0022, 0, 20251111 13:02:24
20251111131738, NVDA, 410, 20251128, P, 0, 0, 0, 193.495, -1, 0, -0.0245, 225.68, 20251111 13:02:24
20251111131738, NVDA, 420, 20251128, C, 0, 498, 0, 193.495, 0.0006, 1.0517, -0.002, 0.01, 20251111 13:02:24
20251111131738, NVDA, 420, 20251128, P, 0, 0, 0, 193.495, -1, 0, -0.0245, 223.78, 20251111 13:02:24
20251111131738, NVDA, 50, 20251205, C, 0, 2, 0, 193.495, 1, 2.04, 0, 140, 20251111 13:02:24
20251111131738, NVDA, 50, 20251205, P, 1, 1, 0, 193.495, -0.0002, 1.6084, -0.0011, 0.01, 20251111 13:02:24
20251111131738, NVDA, 55, 20251205, C, 0, 0, 0, 193.495, 1, 1.9252, 0, 0, 20251111 13:02:24
20251111131738, NVDA, 55, 20251205, P, 0, 0, 0, 193.495, -0.0003, 1.4979, -0.0016, 0, 20251111 13:02:24
20251111131738, NVDA, 60, 20251205, C, 0, 0, 0, 193.495, 0.9998, 1.8181, 0, 0, 20251111 13:02:24
20251111131738, NVDA, 60, 20251205, P, 0, 25, 0, 193.495, -0.0005, 1.4734, -0.0022, 0.02, 20251111 13:02:24
20251111131738, NVDA, 65, 20251205, C, 0, 0, 0, 193.495, 0.9997, 1.7627, 0, 0, 20251111 13:02:24
20251111131738, NVDA, 65, 20251205, P, 0, 3, 0, 193.495, -0.0007, 1.3761, -0.0029, 0.02, 20251111 13:02:24
20251111131738, NVDA, 70, 20251205, C, 0, 2, 0, 193.495, 0.9994, 1.73, 0, 120.1, 20251111 13:02:24
20251111131738, NVDA, 70, 20251205, P, 0, 16, 0, 193.495, -0.0009, 1.3302, -0.0037, 0.03, 20251111 13:02:24
20251111131738, NVDA, 75, 20251205, C, 0, 0, 0.0001, 193.495, 0.9991, 1.6564, 0, 0, 20251111 13:02:24
20251111131738, NVDA, 75, 20251205, P, 2, 71, 0.0001, 193.495, -0.0012, 1.2759, -0.0046, 0.03, 20251111 13:02:24
20251111131738, NVDA, 80, 20251205, C, 0, 1, 0.0001, 193.495, 0.9988, 1.5599, 0, 123.97, 20251111 13:02:24
20251111131738, NVDA, 80, 20251205, P, 0, 8, 0.0001, 193.495, -0.0016, 1.2389, -0.0057, 0.05, 20251111 13:02:24
20251111131738, NVDA, 85, 20251205, C, 0, 1, 0.0001, 193.495, 0.9983, 0, 0, 121.97, 20251111 13:02:24
20251111131738, NVDA, 85, 20251205, P, 0, 10, 0.0001, 193.495, -0.002, 1.176, -0.0069, 0.03, 20251111 13:02:24
20251111131738, NVDA, 90, 20251205, C, 0, 21, 0.0001, 193.495, 0.9978, 1.436, 0, 94.4, 20251111 13:02:24
20251111131738, NVDA, 90, 20251205, P, 11, 169, 0.0001, 193.495, -0.0025, 1.1274, -0.0082, 0.04, 20251111 13:02:24
20251111131738, NVDA, 95, 20251205, C, 0, 3, 0.0002, 193.495, 0.9971, 1.3494, 0, 91.44, 20251111 13:02:24
20251111131738, NVDA, 95, 20251205, P, 40, 27, 0.0002, 193.495, -0.0032, 1.0647, -0.0096, 0.05, 20251111 13:02:24
20251111131738, NVDA, 100, 20251205, C, 0, 19, 0.0002, 193.495, 0.9964, 1.2939, -0.0012, 86.49, 20251111 13:02:24
20251111131738, NVDA, 100, 20251205, P, 1, 3053, 0.0002, 193.495, -0.004, 1.0221, -0.0112, 0.06, 20251111 13:02:24
20251111131738, NVDA, 105, 20251205, C, 0, 16, 0.0003, 193.495, 0.9954, 0, -0.0035, 85.44, 20251111 13:02:24
20251111131738, NVDA, 105, 20251205, P, 11, 6804, 0.0003, 193.495, -0.0049, 0.9679, -0.013, 0.07, 20251111 13:02:24
20251111131738, NVDA, 110, 20251205, C, 0, 41, 0.0004, 193.495, 0.9943, 0, -0.006, 75.3, 20251111 13:02:24
20251111131738, NVDA, 110, 20251205, P, 8, 4017, 0.0004, 193.495, -0.0061, 0.9199, -0.015, 0.1, 20251111 13:02:24
20251111131738, NVDA, 115, 20251205, C, 0, 1, 0.0005, 193.495, 0.9928, 0, -0.0088, 68.52, 20251111 13:02:24
20251111131738, NVDA, 115, 20251205, P, 10, 1589, 0.0005, 193.495, -0.0075, 0.8702, -0.0172, 0.11, 20251111 13:02:24
20251111131738, NVDA, 120, 20251205, C, 0, 9, 0.0006, 193.495, 0.991, 0, -0.012, 62.8, 20251111 13:02:24
20251111131738, NVDA, 120, 20251205, P, 7, 852, 0.0006, 193.495, -0.0093, 0.8278, -0.0199, 0.14, 20251111 13:02:24
20251111131738, NVDA, 125, 20251205, C, 0, 9, 0.0008, 193.495, 0.9887, 0.768, -0.0156, 62.6, 20251111 13:02:24
20251111131738, NVDA, 125, 20251205, P, 138, 10236, 0.0008, 193.495, -0.0116, 0.79, -0.023, 0.16, 20251111 13:02:24
20251111131738, NVDA, 130, 20251205, C, 1, 25, 0.001, 193.495, 0.9857, 0.7436, -0.0199, 62.99, 20251111 13:02:24
20251111131738, NVDA, 130, 20251205, P, 57, 601, 0.001, 193.495, -0.0146, 0.7475, -0.0267, 0.21, 20251111 13:02:24
20251111131738, NVDA, 135, 20251205, C, 3, 348, 0.0013, 193.495, 0.9817, 0.7099, -0.0251, 58.5, 20251111 13:02:24
20251111131738, NVDA, 135, 20251205, P, 32, 672, 0.0013, 193.495, -0.0187, 0.7085, -0.0314, 0.25, 20251111 13:02:24
20251111131738, NVDA, 140, 20251205, C, 14, 77, 0.0017, 193.495, 0.9762, 0.641, -0.0315, 53.85, 20251111 13:02:24
20251111131738, NVDA, 140, 20251205, P, 16, 1143, 0.0017, 193.495, -0.0242, 0.6712, -0.0374, 0.34, 20251111 13:02:24
20251111131738, NVDA, 145, 20251205, C, 4, 34, 0.0022, 193.495, 0.9686, 0.6414, -0.0397, 48.05, 20251111 13:02:24
20251111131738, NVDA, 145, 20251205, P, 16, 621, 0.0022, 193.495, -0.0319, 0.6367, -0.045, 0.44, 20251111 13:02:24
20251111131738, NVDA, 150, 20251205, C, 320, 153, 0.003, 193.495, 0.9578, 0.5929, -0.0501, 43.79, 20251111 13:02:24
20251111131738, NVDA, 150, 20251205, P, 946, 3152, 0.003, 193.495, -0.0427, 0.6077, -0.055, 0.57, 20251111 13:02:24
20251111131738, NVDA, 155, 20251205, C, 16, 119, 0.004, 193.495, 0.9424, 0.5762, -0.0635, 38.8, 20251111 13:02:24
20251111131738, NVDA, 155, 20251205, P, 200, 3275, 0.004, 193.495, -0.0582, 0.5822, -0.0679, 0.8, 20251111 13:02:24
20251111131738, NVDA, 160, 20251205, C, 40, 196, 0.0053, 193.495, 0.9206, 0.5568, -0.0804, 34.6, 20251111 13:02:24
20251111131738, NVDA, 160, 20251205, P, 264, 3827, 0.0053, 193.495, -0.0801, 0.5593, -0.0844, 1.05, 20251111 13:02:24
20251111131738, NVDA, 165, 20251205, C, 52, 79, 0.0069, 193.495, 0.8904, 0.544, -0.1009, 30.7, 20251111 13:02:24
20251111131738, NVDA, 165, 20251205, P, 196, 1744, 0.007, 193.495, -0.1104, 0.5442, -0.1045, 1.61, 20251111 13:02:24
20251111131738, NVDA, 170, 20251205, C, 116, 287, 0.0088, 193.495, 0.8502, 0.533, -0.1243, 25.75, 20251111 13:02:24
20251111131738, NVDA, 170, 20251205, P, 888, 2925, 0.0088, 193.495, -0.1509, 0.5308, -0.1275, 2.17, 20251111 13:02:24
20251111131738, NVDA, 175, 20251205, C, 56, 305, 0.0108, 193.495, 0.7992, 0.5234, -0.1487, 21.65, 20251111 13:02:24
20251111131738, NVDA, 175, 20251205, P, 1083, 2493, 0.0109, 193.495, -0.2022, 0.5206, -0.1516, 3.07, 20251111 13:02:24
20251111131738, NVDA, 180, 20251205, C, 181, 1628, 0.0127, 193.495, 0.7378, 0.5149, -0.1715, 18.5, 20251111 13:02:24
20251111131738, NVDA, 180, 20251205, P, 771, 9320, 0.0128, 193.495, -0.2639, 0.513, -0.1742, 4.32, 20251111 13:02:24
20251111131738, NVDA, 185, 20251205, C, 288, 3346, 0.0143, 193.495, 0.6678, 0.5075, -0.1901, 14.7, 20251111 13:02:24
20251111131738, NVDA, 185, 20251205, P, 368, 3292, 0.0144, 193.495, -0.3345, 0.5062, -0.1925, 5.91, 20251111 13:02:24
20251111131738, NVDA, 190, 20251205, C, 2057, 5307, 0.0155, 193.495, 0.5916, 0.5017, -0.2022, 12.02, 20251111 13:02:24
20251111131738, NVDA, 190, 20251205, P, 827, 3930, 0.0156, 193.495, -0.4113, 0.5007, -0.2043, 7.99, 20251111 13:02:24
20251111131738, NVDA, 195, 20251205, C, 1728, 4446, 0.016, 193.495, 0.5124, 0.4989, -0.2062, 9.48, 20251111 13:02:24
20251111131738, NVDA, 195, 20251205, P, 454, 3328, 0.0162, 193.495, -0.4913, 0.4979, -0.2082, 10.35, 20251111 13:02:24
20251111131738, NVDA, 200, 20251205, C, 5508, 5709, 0.0159, 193.495, 0.4337, 0.4952, -0.2022, 7.4, 20251111 13:02:24
20251111131738, NVDA, 200, 20251205, P, 79, 3139, 0.0161, 193.495, -0.5709, 0.4952, -0.204, 13.3, 20251111 13:02:24
20251111131738, NVDA, 205, 20251205, C, 2982, 3802, 0.0152, 193.495, 0.3587, 0.4927, -0.1907, 5.6, 20251111 13:02:24
20251111131738, NVDA, 205, 20251205, P, 216, 956, 0.0154, 193.495, -0.647, 0.4935, -0.1924, 17.5, 20251111 13:02:24
20251111131738, NVDA, 210, 20251205, C, 1493, 6343, 0.0139, 193.495, 0.2901, 0.4921, -0.1737, 4.15, 20251111 13:02:24
20251111131738, NVDA, 210, 20251205, P, 32, 1097, 0.0142, 193.495, -0.7167, 0.492, -0.1753, 20.11, 20251111 13:02:24
20251111131738, NVDA, 215, 20251205, C, 1515, 4637, 0.0124, 193.495, 0.2299, 0.4915, -0.1532, 3.09, 20251111 13:02:24
20251111131738, NVDA, 215, 20251205, P, 3, 392, 0.0127, 193.495, -0.7782, 0.4918, -0.1547, 24.44, 20251111 13:02:24
20251111131738, NVDA, 220, 20251205, C, 7284, 8513, 0.0106, 193.495, 0.1792, 0.4923, -0.1315, 2.2, 20251111 13:02:24
20251111131738, NVDA, 220, 20251205, P, 3, 279, 0.011, 193.495, -0.8303, 0.493, -0.1328, 28.22, 20251111 13:02:24
20251111131738, NVDA, 225, 20251205, C, 1771, 2473, 0.0089, 193.495, 0.1379, 0.4943, -0.1106, 1.61, 20251111 13:02:24
20251111131738, NVDA, 225, 20251205, P, 0, 177, 0.0093, 193.495, -0.873, 0.4935, -0.1116, 29.55, 20251111 13:02:24
20251111131738, NVDA, 230, 20251205, C, 369, 6605, 0.0073, 193.495, 0.1054, 0.4977, -0.0916, 1.18, 20251111 13:02:24
20251111131738, NVDA, 230, 20251205, P, 0, 380, 0.0077, 193.495, -0.907, 0.4884, -0.0927, 34.9, 20251111 13:02:24
20251111131738, NVDA, 235, 20251205, C, 129, 1201, 0.0059, 193.495, 0.0805, 0.5036, -0.0754, 0.86, 20251111 13:02:24
20251111131738, NVDA, 235, 20251205, P, 20, 220, 0.0064, 193.495, -0.9333, 0.486, -0.0769, 43.25, 20251111 13:02:24
20251111131738, NVDA, 240, 20251205, C, 177, 3325, 0.0048, 193.495, 0.0618, 0.51, -0.062, 0.63, 20251111 13:02:24
20251111131738, NVDA, 240, 20251205, P, 0, 27, 0.0053, 193.495, -0.9535, 0.4936, -0.0642, 44.2, 20251111 13:02:24
20251111131738, NVDA, 245, 20251205, C, 177, 3170, 0.0038, 193.495, 0.0479, 0.5186, -0.0511, 0.45, 20251111 13:02:24
20251111131738, NVDA, 245, 20251205, P, 0, 17, 0.0044, 193.495, -0.969, 0.4666, -0.0539, 48.85, 20251111 13:02:24
20251111131738, NVDA, 250, 20251205, C, 191, 3205, 0.0031, 193.495, 0.0375, 0.5284, -0.0425, 0.38, 20251111 13:02:24
20251111131738, NVDA, 250, 20251205, P, 0, 3, 0.0036, 193.495, -0.9807, 0, -0.0458, 41.51, 20251111 13:02:24
20251111131738, NVDA, 255, 20251205, C, 41, 903, 0.0025, 193.495, 0.0298, 0.5389, -0.0356, 0.28, 20251111 13:02:24
20251111131738, NVDA, 255, 20251205, P, 0, 0, 0.0027, 193.495, -0.9887, 0, -0.034, 47.51, 20251111 13:02:24
20251111131738, NVDA, 260, 20251205, C, 10, 1980, 0.002, 193.495, 0.024, 0.5513, -0.0302, 0.23, 20251111 13:02:24
20251111131738, NVDA, 260, 20251205, P, 0, 0, 0.0017, 193.495, -0.9939, 0.6364, -0.0304, 52, 20251111 13:02:24
20251111131738, NVDA, 265, 20251205, C, 54, 249, 0.0017, 193.495, 0.0196, 0.5648, -0.0258, 0.2, 20251111 13:02:24
20251111131738, NVDA, 265, 20251205, P, 0, 1, 0.001, 193.495, -0.9972, 0, -0.024, 65.2, 20251111 13:02:24
20251111131738, NVDA, 270, 20251205, C, 8, 429, 0.0014, 193.495, 0.0161, 0.5788, -0.0222, 0.16, 20251111 13:02:24
20251111131738, NVDA, 270, 20251205, P, 0, 1, 0.0005, 193.495, -0.9988, 0, -0.0226, 73.37, 20251111 13:02:24
20251111131738, NVDA, 275, 20251205, C, 15, 644, 0.0012, 193.495, 0.0134, 0.586, -0.0192, 0.12, 20251111 13:02:24
20251111131738, NVDA, 275, 20251205, P, 0, 0, 0.0002, 193.495, -0.9995, 0, -0.0226, 0, 20251111 13:02:24
20251111131738, NVDA, 280, 20251205, C, 17, 595, 0.001, 193.495, 0.0112, 0.5982, -0.0168, 0.1, 20251111 13:02:24
20251111131738, NVDA, 280, 20251205, P, 0, 0, 0, 193.495, -1, 0, -0.0226, 0, 20251111 13:02:24
20251111131738, NVDA, 285, 20251205, C, 13, 755, 0.0008, 193.495, 0.0095, 0.619, -0.0147, 0.1, 20251111 13:02:24
20251111131738, NVDA, 285, 20251205, P, 0, 0, 0, 193.495, -1, 0, -0.0226, 0, 20251111 13:02:24
20251111131738, NVDA, 290, 20251205, C, 26, 117, 0.0007, 193.495, 0.0081, 0.6257, -0.013, 0.08, 20251111 13:02:24
20251111131738, NVDA, 290, 20251205, P, 0, 0, 0, 193.495, -1, 0, -0.0226, 78.65, 20251111 13:02:24
20251111131738, NVDA, 295, 20251205, C, 1, 267, 0.0006, 193.495, 0.007, 0.633, -0.0115, 0.07, 20251111 13:02:24
20251111131738, NVDA, 295, 20251205, P, 0, 0, 0, 193.495, -1, 0, -0.0226, 0, 20251111 13:02:24
20251111131738, NVDA, 300, 20251205, C, 55, 1181, 0.0005, 193.495, 0.006, 0.649, -0.0102, 0.06, 20251111 13:02:24
20251111131738, NVDA, 300, 20251205, P, 0, 0, 0, 193.495, -1, 0, -0.0226, 0, 20251111 13:02:24
20251111131738, NVDA, 305, 20251205, C, 0, 52, 0.0004, 193.495, 0.0052, 0.6567, -0.0091, 0.08, 20251111 13:02:24
20251111131738, NVDA, 305, 20251205, P, 0, 0, 0, 193.495, -1, 0, -0.0226, 0, 20251111 13:02:24
20251111131738, NVDA, 310, 20251205, C, 2, 109, 0.0004, 193.495, 0.0045, 0.6694, -0.0082, 0.05, 20251111 13:02:24
20251111131738, NVDA, 310, 20251205, P, 0, 0, 0, 193.495, -1, 0, -0.0226, 0, 20251111 13:02:24
20251111131738, NVDA, 320, 20251205, C, 0, 196, 0.0003, 193.495, 0.0035, 0.7, -0.0066, 0.05, 20251111 13:02:24
20251111131738, NVDA, 320, 20251205, P, 0, 0, 0, 193.495, -1, 0, -0.0226, 0, 20251111 13:02:24
20251111131738, NVDA, 330, 20251205, C, 0, 525, 0.0002, 193.495, 0.0028, 0.7153, -0.0055, 0.05, 20251111 13:02:24
20251111131738, NVDA, 330, 20251205, P, 0, 0, 0, 193.495, -1, 0, -0.0226, 0, 20251111 13:02:24
20251111131738, NVDA, 340, 20251205, C, 0, 1006, 0.0002, 193.495, 0.0022, 0.7186, -0.0046, 0.03, 20251111 13:02:24
20251111131738, NVDA, 340, 20251205, P, 0, 0, 0, 193.495, -1, 0, -0.0226, 0, 20251111 13:02:24
20251111131738, NVDA, 350, 20251205, C, 7, 816, 0.0001, 193.495, 0.0018, 0.7518, -0.0039, 0.03, 20251111 13:02:24
20251111131738, NVDA, 350, 20251205, P, 0, 0, 0, 193.495, -1, 0, -0.0226, 0, 20251111 13:02:24
20251111131738, NVDA, 360, 20251205, C, 0, 199, 0.0001, 193.495, 0.0015, 0.7838, -0.0034, 0.03, 20251111 13:02:24
20251111131738, NVDA, 360, 20251205, P, 0, 0, 0, 193.495, -1, 0, -0.0226, 0, 20251111 13:02:24
20251111131738, NVDA, 370, 20251205, C, 0, 309, 0.0001, 193.495, 0.0013, 0.8148, -0.003, 0.01, 20251111 13:02:24
20251111131738, NVDA, 370, 20251205, P, 0, 0, 0, 193.495, -1, 0, -0.0226, 0, 20251111 13:02:24
20251111131738, NVDA, 380, 20251205, C, 0, 14, 0.0001, 193.495, 0.0011, 0.7781, -0.0026, 0.01, 20251111 13:02:24
20251111131738, NVDA, 380, 20251205, P, 0, 0, 0, 193.495, -1, 0, -0.0226, 0, 20251111 13:02:24
20251111131738, NVDA, 390, 20251205, C, 0, 10, 0.0001, 193.495, 0.001, 0.8053, -0.0024, 0.01, 20251111 13:02:24
20251111131738, NVDA, 390, 20251205, P, 0, 0, 0, 193.495, -1, 0, -0.0226, 0, 20251111 13:02:24
20251111131738, NVDA, 400, 20251205, C, 5, 608, 0.0001, 193.495, 0.0008, 0.8314, -0.0021, 0.01, 20251111 13:02:24
20251111131738, NVDA, 400, 20251205, P, 0, 0, 0, 193.495, -1, 0, -0.0226, 0, 20251111 13:02:24
20251111131738, NVDA, 410, 20251205, C, 0, 1, 0.0001, 193.495, 0.0007, 0.8571, -0.0019, 0.01, 20251111 13:02:24
20251111131738, NVDA, 410, 20251205, P, 0, 0, 0, 193.495, -1, 0, -0.0226, 0, 20251111 13:02:24
20251111131738, NVDA, 420, 20251205, C, 57, 143, 0, 193.495, 0.0006, 0.8821, -0.0017, 0.01, 20251111 13:02:24
20251111131738, NVDA, 420, 20251205, P, 0, 0, 0, 193.495, -1, 0, -0.0226, 0, 20251111 13:02:24
