20250219, AAOI, 12.5, 20250221, C, 0, 99, 0.0003, 28.035, 0.9994
20250219, AAOI, 12.5, 20250221, P, 0, 10, 0.0003, 28.035, -0.0006
20250219, AAOI, 15, 20250221, C, 0, 1, 0.0009, 28.035, 0.9982
20250219, AAOI, 15, 20250221, P, 0, 112, 0.0009, 28.035, -0.0017
20250219, AAOI, 17.5, 20250221, C, 0, 0, 0.0027, 28.035, 0.9948
20250219, AAOI, 17.5, 20250221, P, 1, 1220, 0.0027, 28.035, -0.005
20250219, AAOI, 20, 20250221, C, 2, 51, 0.0083, 28.035, 0.9849
20250219, AAOI, 20, 20250221, P, 3, 1471, 0.0083, 28.035, -0.0149
20250219, AAOI, 22.5, 20250221, C, 1, 270, 0.0256, 28.035, 0.9531
20250219, AAOI, 22.5, 20250221, P, 21, 1536, 0.0256, 28.035, -0.0466
20250219, AAOI, 25, 20250221, C, 110, 2150, 0.0719, 28.035, 0.8489
20250219, AAOI, 25, 20250221, P, 755, 1201, 0.0719, 28.035, -0.1508
20250219, AAOI, 30, 20250221, C, 551, 5599, 0.106, 28.035, 0.2978
20250219, AAOI, 30, 20250221, P, 161, 1620, 0.1063, 28.035, -0.7025
20250219, AAOI, 35, 20250221, C, 725, 1946, 0.0347, 28.035, 0.0772
20250219, AAOI, 35, 20250221, P, 130, 1185, 0.0348, 28.035, -0.9235
20250219, AAOI, 40, 20250221, C, 412, 2003, 0.013, 28.035, 0.0287
20250219, AAOI, 40, 20250221, P, 4, 270, 0.0131, 28.035, -0.9721
20250219, AAOI, 45, 20250221, C, 2, 509, 0.006, 28.035, 0.0136
20250219, AAOI, 45, 20250221, P, 0, 319, 0.0061, 28.035, -0.9872
20250219, AAOI, 50, 20250221, C, 1, 805, 0.0032, 28.035, 0.0076
20250219, AAOI, 50, 20250221, P, 0, 5, 0.0033, 28.035, -0.9933
20250219, AAOI, 2.5, 20250321, C, 0, 10, 0.0002, 28.035, 0.9995
20250219, AAOI, 2.5, 20250321, P, 0, 1, 0.0002, 28.035, -0.0013
20250219, AAOI, 5, 20250321, C, 0, 26, 0.0007, 28.035, 0.9963
20250219, AAOI, 5, 20250321, P, 0, 211, 0.0006, 28.035, -0.0041
20250219, AAOI, 7.5, 20250321, C, 0, 171, 0.0016, 28.035, 0.9895
20250219, AAOI, 7.5, 20250321, P, 0, 92, 0.0015, 28.035, -0.0103
20250219, AAOI, 10, 20250321, C, 5, 279, 0.0033, 28.035, 0.9765
20250219, AAOI, 10, 20250321, P, 4, 205, 0.0032, 28.035, -0.0227
20250219, AAOI, 12.5, 20250321, C, 0, 1869, 0.006, 28.035, 0.9536
20250219, AAOI, 12.5, 20250321, P, 8, 144, 0.0059, 28.035, -0.0452
20250219, AAOI, 15, 20250321, C, 0, 860, 0.0096, 28.035, 0.9182
20250219, AAOI, 15, 20250321, P, 10, 581, 0.0096, 28.035, -0.0802
20250219, AAOI, 17.5, 20250321, C, 0, 1148, 0.0137, 28.035, 0.8702
20250219, AAOI, 17.5, 20250321, P, 8, 207, 0.0137, 28.035, -0.1278
20250219, AAOI, 20, 20250321, C, 0, 930, 0.0176, 28.035, 0.8126
20250219, AAOI, 20, 20250321, P, 39, 839, 0.0176, 28.035, -0.1853
20250219, AAOI, 22.5, 20250321, C, 4, 1988, 0.0208, 28.035, 0.7492
20250219, AAOI, 22.5, 20250321, P, 9, 310, 0.0208, 28.035, -0.2485
20250219, AAOI, 25, 20250321, C, 425, 1830, 0.0232, 28.035, 0.6843
20250219, AAOI, 25, 20250321, P, 343, 1458, 0.0232, 28.035, -0.3135
20250219, AAOI, 30, 20250321, C, 1692, 6868, 0.0254, 28.035, 0.5603
20250219, AAOI, 30, 20250321, P, 189, 922, 0.0255, 28.035, -0.4375
20250219, AAOI, 35, 20250321, C, 449, 3833, 0.0252, 28.035, 0.4533
20250219, AAOI, 35, 20250321, P, 23, 4201, 0.0253, 28.035, -0.5448
20250219, AAOI, 40, 20250321, C, 412, 6208, 0.0236, 28.035, 0.3656
20250219, AAOI, 40, 20250321, P, 0, 6236, 0.0237, 28.035, -0.6328
20250219, AAOI, 45, 20250321, C, 187, 3194, 0.0214, 28.035, 0.2954
20250219, AAOI, 45, 20250321, P, 0, 57, 0.0216, 28.035, -0.7034
20250219, AAOI, 50, 20250321, C, 66, 5798, 0.0191, 28.035, 0.2397
20250219, AAOI, 50, 20250321, P, 0, 75, 0.0192, 28.035, -0.7595
20250219, AAOI, 55, 20250321, C, 44, 582, 0.0168, 28.035, 0.1956
20250219, AAOI, 55, 20250321, P, 0, 10, 0.017, 28.035, -0.8042
20250219, AAOI, 60, 20250321, C, 12, 770, 0.0147, 28.035, 0.1604
20250219, AAOI, 60, 20250321, P, 0, 2, 0.0149, 28.035, -0.8398
20250219, AAOI, 2.5, 20250620, C, 0, 5, 0.0003, 28.035, 0.9964
20250219, AAOI, 2.5, 20250620, P, 0, 11, 0.0003, 28.035, -0.0029
20250219, AAOI, 5, 20250620, C, 0, 2, 0.0011, 28.035, 0.9885
20250219, AAOI, 5, 20250620, P, 0, 143, 0.001, 28.035, -0.01
20250219, AAOI, 7.5, 20250620, C, 0, 50, 0.0024, 28.035, 0.9732
20250219, AAOI, 7.5, 20250620, P, 0, 4, 0.0024, 28.035, -0.025
20250219, AAOI, 10, 20250620, C, 0, 34, 0.0043, 28.035, 0.949
20250219, AAOI, 10, 20250620, P, 0, 360, 0.0043, 28.035, -0.049
20250219, AAOI, 12.5, 20250620, C, 0, 60, 0.0064, 28.035, 0.9171
20250219, AAOI, 12.5, 20250620, P, 5, 243, 0.0064, 28.035, -0.0809
20250219, AAOI, 15, 20250620, C, 7, 27, 0.0085, 28.035, 0.8798
20250219, AAOI, 15, 20250620, P, 0, 188, 0.0085, 28.035, -0.1184
20250219, AAOI, 17.5, 20250620, C, 0, 89, 0.0104, 28.035, 0.8394
20250219, AAOI, 17.5, 20250620, P, 0, 427, 0.0105, 28.035, -0.159
20250219, AAOI, 20, 20250620, C, 3, 324, 0.0121, 28.035, 0.7976
20250219, AAOI, 20, 20250620, P, 2, 108, 0.0122, 28.035, -0.2012
20250219, AAOI, 22.5, 20250620, C, 0, 84, 0.0134, 28.035, 0.7556
20250219, AAOI, 22.5, 20250620, P, 0, 130, 0.0136, 28.035, -0.2436
20250219, AAOI, 25, 20250620, C, 310, 950, 0.0146, 28.035, 0.7143
20250219, AAOI, 25, 20250620, P, 79, 876, 0.0147, 28.035, -0.2853
20250219, AAOI, 30, 20250620, C, 82, 1445, 0.0161, 28.035, 0.6359
20250219, AAOI, 30, 20250620, P, 159, 1036, 0.0163, 28.035, -0.3647
20250219, AAOI, 35, 20250620, C, 46, 3370, 0.0169, 28.035, 0.5648
20250219, AAOI, 35, 20250620, P, 5, 188, 0.0172, 28.035, -0.437
20250219, AAOI, 40, 20250620, C, 314, 3080, 0.0171, 28.035, 0.5014
20250219, AAOI, 40, 20250620, P, 63, 426, 0.0175, 28.035, -0.5017
20250219, AAOI, 45, 20250620, C, 19, 1688, 0.0169, 28.035, 0.4456
20250219, AAOI, 45, 20250620, P, 4, 361, 0.0174, 28.035, -0.559
20250219, AAOI, 50, 20250620, C, 63, 1003, 0.0165, 28.035, 0.3967
20250219, AAOI, 50, 20250620, P, 0, 143, 0.0171, 28.035, -0.6096
20250219, AAOI, 55, 20250620, C, 5, 527, 0.0158, 28.035, 0.3539
20250219, AAOI, 55, 20250620, P, 1, 737, 0.0166, 28.035, -0.6541
20250219, AAOI, 60, 20250620, C, 0, 215, 0.0152, 28.035, 0.3164
20250219, AAOI, 60, 20250620, P, 0, 144, 0.016, 28.035, -0.6935
20250219, AAOI, 12.5, 20250919, C, 0, 0, 0.0059, 28.035, 0.9066
20250219, AAOI, 12.5, 20250919, P, 0, 2, 0.0059, 28.035, -0.091
20250219, AAOI, 15, 20250919, C, 0, 0, 0.0074, 28.035, 0.8729
20250219, AAOI, 15, 20250919, P, 0, 4, 0.0075, 28.035, -0.125
20250219, AAOI, 17.5, 20250919, C, 0, 0, 0.0087, 28.035, 0.8382
20250219, AAOI, 17.5, 20250919, P, 0, 3, 0.0089, 28.035, -0.1602
20250219, AAOI, 20, 20250919, C, 0, 2, 0.0099, 28.035, 0.8035
20250219, AAOI, 20, 20250919, P, 0, 3, 0.0101, 28.035, -0.1954
20250219, AAOI, 22.5, 20250919, C, 0, 0, 0.0109, 28.035, 0.7692
20250219, AAOI, 22.5, 20250919, P, 0, 3, 0.0111, 28.035, -0.2302
20250219, AAOI, 25, 20250919, C, 613, 638, 0.0117, 28.035, 0.736
20250219, AAOI, 25, 20250919, P, 0, 2, 0.012, 28.035, -0.2642
20250219, AAOI, 30, 20250919, C, 30, 370, 0.0129, 28.035, 0.673
20250219, AAOI, 30, 20250919, P, 0, 10, 0.0133, 28.035, -0.3287
20250219, AAOI, 35, 20250919, C, 0, 92, 0.0137, 28.035, 0.6155
20250219, AAOI, 35, 20250919, P, 0, 0, 0.0142, 28.035, -0.388
20250219, AAOI, 40, 20250919, C, 0, 110, 0.0141, 28.035, 0.5634
20250219, AAOI, 40, 20250919, P, 0, 0, 0.0147, 28.035, -0.4422
20250219, AAOI, 45, 20250919, C, 80, 10, 0.0143, 28.035, 0.5164
20250219, AAOI, 45, 20250919, P, 0, 5, 0.015, 28.035, -0.4913
20250219, AAOI, 50, 20250919, C, 5, 4, 0.0143, 28.035, 0.4742
20250219, AAOI, 50, 20250919, P, 0, 0, 0.0151, 28.035, -0.5359
20250219, AAOI, 2.5, 20260116, C, 0, 42, 0.0006, 28.035, 0.9926
20250219, AAOI, 2.5, 20260116, P, 0, 93, 0.0004, 28.035, -0.0055
20250219, AAOI, 5, 20260116, C, 0, 93, 0.0015, 28.035, 0.9762
20250219, AAOI, 5, 20260116, P, 0, 181, 0.0014, 28.035, -0.0199
20250219, AAOI, 7.5, 20260116, C, 0, 199, 0.0027, 28.035, 0.9539
20250219, AAOI, 7.5, 20260116, P, 0, 1983, 0.0027, 28.035, -0.0415
20250219, AAOI, 10, 20260116, C, 8, 168, 0.004, 28.035, 0.9278
20250219, AAOI, 10, 20260116, P, 0, 2277, 0.004, 28.035, -0.0674
20250219, AAOI, 12.5, 20260116, C, 0, 221, 0.0052, 28.035, 0.8995
20250219, AAOI, 12.5, 20260116, P, 1, 462, 0.0052, 28.035, -0.0958
20250219, AAOI, 15, 20260116, C, 0, 447, 0.0063, 28.035, 0.8703
20250219, AAOI, 15, 20260116, P, 0, 255, 0.0064, 28.035, -0.1254
20250219, AAOI, 17.5, 20260116, C, 0, 145, 0.0073, 28.035, 0.8411
20250219, AAOI, 17.5, 20260116, P, 0, 153, 0.0074, 28.035, -0.1551
20250219, AAOI, 20, 20260116, C, 0, 641, 0.0081, 28.035, 0.8123
20250219, AAOI, 20, 20260116, P, 0, 863, 0.0083, 28.035, -0.1846
20250219, AAOI, 22.5, 20260116, C, 0, 578, 0.0089, 28.035, 0.7842
20250219, AAOI, 22.5, 20260116, P, 0, 40, 0.0091, 28.035, -0.2135
20250219, AAOI, 25, 20260116, C, 0, 486, 0.0095, 28.035, 0.757
20250219, AAOI, 25, 20260116, P, 0, 35, 0.0098, 28.035, -0.2415
20250219, AAOI, 30, 20260116, C, 0, 90, 0.0105, 28.035, 0.7058
20250219, AAOI, 30, 20260116, P, 0, 32, 0.011, 28.035, -0.2948
20250219, AAOI, 35, 20260116, C, 21, 977, 0.0112, 28.035, 0.6589
20250219, AAOI, 35, 20260116, P, 0, 50, 0.0118, 28.035, -0.3441
20250219, AAOI, 40, 20260116, C, 0, 217, 0.0116, 28.035, 0.616
20250219, AAOI, 40, 20260116, P, 0, 41, 0.0124, 28.035, -0.3896
20250219, AAOI, 45, 20260116, C, 1, 136, 0.012, 28.035, 0.577
20250219, AAOI, 45, 20260116, P, 0, 36, 0.0129, 28.035, -0.4315
20250219, AAOI, 50, 20260116, C, 2, 186, 0.0121, 28.035, 0.5414
20250219, AAOI, 50, 20260116, P, 0, 24, 0.0132, 28.035, -0.4701
20250219, AAOI, 55, 20260116, C, 0, 117, 0.0122, 28.035, 0.5089
20250219, AAOI, 55, 20260116, P, 0, 0, 0.0135, 28.035, -0.5059
20250219, AAOI, 60, 20260116, C, 0, 62, 0.0122, 28.035, 0.4792
20250219, AAOI, 60, 20260116, P, 0, 0, 0.0137, 28.035, -0.539
20250219, AAOI, 2.5, 20270115, C, 0, 1, 0.0007, 28.035, 0.986
20250219, AAOI, 2.5, 20270115, P, 0, 15, 0.0006, 28.035, -0.0096
20250219, AAOI, 5, 20270115, C, 0, 0, 0.0015, 28.035, 0.9663
20250219, AAOI, 5, 20270115, P, 0, 8, 0.0014, 28.035, -0.0272
20250219, AAOI, 7.5, 20270115, C, 0, 7, 0.0023, 28.035, 0.9454
20250219, AAOI, 7.5, 20270115, P, 0, 17, 0.0023, 28.035, -0.0474
20250219, AAOI, 10, 20270115, C, 0, 36, 0.003, 28.035, 0.9243
20250219, AAOI, 10, 20270115, P, 0, 25, 0.0031, 28.035, -0.0687
20250219, AAOI, 12.5, 20270115, C, 0, 5, 0.0037, 28.035, 0.9033
20250219, AAOI, 12.5, 20270115, P, 0, 36, 0.0038, 28.035, -0.0902
20250219, AAOI, 15, 20270115, C, 0, 25, 0.0043, 28.035, 0.8828
20250219, AAOI, 15, 20270115, P, 0, 43, 0.0045, 28.035, -0.1115
20250219, AAOI, 17.5, 20270115, C, 0, 29, 0.0048, 28.035, 0.8629
20250219, AAOI, 17.5, 20270115, P, 0, 58, 0.0051, 28.035, -0.1325
20250219, AAOI, 20, 20270115, C, 0, 26, 0.0053, 28.035, 0.8435
20250219, AAOI, 20, 20270115, P, 0, 23, 0.0057, 28.035, -0.153
20250219, AAOI, 22.5, 20270115, C, 0, 10, 0.0058, 28.035, 0.8249
20250219, AAOI, 22.5, 20270115, P, 0, 3, 0.0062, 28.035, -0.1732
20250219, AAOI, 25, 20270115, C, 0, 25, 0.0062, 28.035, 0.8069
20250219, AAOI, 25, 20270115, P, 0, 8, 0.0067, 28.035, -0.1928
20250219, AAOI, 30, 20270115, C, 0, 36, 0.0068, 28.035, 0.7728
20250219, AAOI, 30, 20270115, P, 0, 6, 0.0076, 28.035, -0.2304
20250219, AAOI, 35, 20270115, C, 0, 43, 0.0074, 28.035, 0.7411
20250219, AAOI, 35, 20270115, P, 1, 0, 0.0084, 28.035, -0.2659
20250219, AAOI, 40, 20270115, C, 0, 56, 0.0078, 28.035, 0.7116
20250219, AAOI, 40, 20270115, P, 0, 2, 0.0091, 28.035, -0.2997
20250219, AAOI, 45, 20270115, C, 0, 36, 0.0082, 28.035, 0.6842
20250219, AAOI, 45, 20270115, P, 0, 0, 0.0097, 28.035, -0.3316
20250219, AAOI, 50, 20270115, C, 0, 18, 0.0085, 28.035, 0.6586
20250219, AAOI, 50, 20270115, P, 0, 0, 0.0102, 28.035, -0.3622
20250219, AAOI, 55, 20270115, C, 0, 34, 0.0087, 28.035, 0.6346
20250219, AAOI, 55, 20270115, P, 0, 4, 0.0107, 28.035, -0.3912
20250219, AAOI, 60, 20270115, C, 0, 141, 0.0089, 28.035, 0.6122
20250219, AAOI, 60, 20270115, P, 0, 0, 0.0112, 28.035, -0.419
20250220, AAOI, 12.5, 20250221, C, 0, 99, 0.0003, 28.26, 1
20250220, AAOI, 12.5, 20250221, P, 0, 10, 0.0003, 28.26, -0.0008
20250220, AAOI, 15, 20250221, C, 0, 1, 0.001, 28.26, 1
20250220, AAOI, 15, 20250221, P, 0, 112, 0.001, 28.26, -0.0019
20250220, AAOI, 17.5, 20250221, C, 0, 0, 0.0026, 28.26, 0.9972
20250220, AAOI, 17.5, 20250221, P, 1, 1220, 0.0026, 28.26, -0.0049
20250220, AAOI, 20, 20250221, C, 0, 51, 0.0072, 28.26, 0.9893
20250220, AAOI, 20, 20250221, P, 0, 1470, 0.0072, 28.26, -0.0128
20250220, AAOI, 22.5, 20250221, C, 0, 270, 0.021, 28.26, 0.9664
20250220, AAOI, 22.5, 20250221, P, 47, 1537, 0.021, 28.26, -0.0357
20250220, AAOI, 25, 20250221, C, 31, 2150, 0.0626, 28.26, 0.8917
20250220, AAOI, 25, 20250221, P, 144, 1434, 0.0626, 28.26, -0.1105
20250220, AAOI, 30, 20250221, C, 546, 5725, 0.1294, 28.26, 0.2858
20250220, AAOI, 30, 20250221, P, 73, 1562, 0.1347, 28.26, -0.724
20250220, AAOI, 35, 20250221, C, 72, 2127, 0.0313, 28.26, 0.0564
20250220, AAOI, 35, 20250221, P, 26, 1178, 0.0301, 28.26, -0.9562
20250220, AAOI, 40, 20250221, C, 1, 1927, 0.0104, 28.26, 0.0194
20250220, AAOI, 40, 20250221, P, 0, 270, 0.0084, 28.26, -0.988
20250220, AAOI, 45, 20250221, C, 1, 506, 0.0046, 28.26, 0.0091
20250220, AAOI, 45, 20250221, P, 0, 187, 0.0031, 28.26, -0.9954
20250220, AAOI, 50, 20250221, C, 0, 806, 0.0024, 28.26, 0.0051
20250220, AAOI, 50, 20250221, P, 0, 5, 0.0014, 28.26, -0.9978
20250220, AAOI, 2.5, 20250321, C, 0, 10, 0.0002, 28.26, 1
20250220, AAOI, 2.5, 20250321, P, 2, 1, 0.0002, 28.26, -0.0015
20250220, AAOI, 5, 20250321, C, 0, 26, 0.0006, 28.26, 0.9976
20250220, AAOI, 5, 20250321, P, 0, 211, 0.0006, 28.26, -0.0041
20250220, AAOI, 7.5, 20250321, C, 1, 171, 0.0014, 28.26, 0.9924
20250220, AAOI, 7.5, 20250321, P, 0, 92, 0.0014, 28.26, -0.0094
20250220, AAOI, 10, 20250321, C, 3, 278, 0.0028, 28.26, 0.9824
20250220, AAOI, 10, 20250321, P, 0, 208, 0.0028, 28.26, -0.0194
20250220, AAOI, 12.5, 20250321, C, 0, 1869, 0.0053, 28.26, 0.9645
20250220, AAOI, 12.5, 20250321, P, 0, 140, 0.0053, 28.26, -0.0373
20250220, AAOI, 15, 20250321, C, 0, 860, 0.0089, 28.26, 0.935
20250220, AAOI, 15, 20250321, P, 26, 587, 0.0089, 28.26, -0.0668
20250220, AAOI, 17.5, 20250321, C, 9, 1148, 0.0135, 28.26, 0.8916
20250220, AAOI, 17.5, 20250321, P, 13, 215, 0.0135, 28.26, -0.1104
20250220, AAOI, 20, 20250321, C, 0, 930, 0.0182, 28.26, 0.8346
20250220, AAOI, 20, 20250321, P, 16, 861, 0.0183, 28.26, -0.1674
20250220, AAOI, 22.5, 20250321, C, 0, 1990, 0.0225, 28.26, 0.7677
20250220, AAOI, 22.5, 20250321, P, 5, 315, 0.0226, 28.26, -0.2346
20250220, AAOI, 25, 20250321, C, 36, 2090, 0.0258, 28.26, 0.6958
20250220, AAOI, 25, 20250321, P, 126, 1677, 0.0258, 28.26, -0.3067
20250220, AAOI, 30, 20250321, C, 1592, 7398, 0.0287, 28.26, 0.5551
20250220, AAOI, 30, 20250321, P, 13, 1055, 0.0288, 28.26, -0.4481
20250220, AAOI, 35, 20250321, C, 817, 3635, 0.028, 28.26, 0.4343
20250220, AAOI, 35, 20250321, P, 1, 4222, 0.0282, 28.26, -0.5695
20250220, AAOI, 40, 20250321, C, 137, 5959, 0.0256, 28.26, 0.3382
20250220, AAOI, 40, 20250321, P, 6, 6236, 0.0258, 28.26, -0.6661
20250220, AAOI, 45, 20250321, C, 73, 3373, 0.0224, 28.26, 0.2643
20250220, AAOI, 45, 20250321, P, 0, 57, 0.0227, 28.26, -0.7407
20250220, AAOI, 50, 20250321, C, 54, 5783, 0.0193, 28.26, 0.2079
20250220, AAOI, 50, 20250321, P, 0, 75, 0.0196, 28.26, -0.7978
20250220, AAOI, 55, 20250321, C, 2, 556, 0.0165, 28.26, 0.165
20250220, AAOI, 55, 20250321, P, 0, 10, 0.0168, 28.26, -0.8415
20250220, AAOI, 60, 20250321, C, 53, 776, 0.014, 28.26, 0.1319
20250220, AAOI, 60, 20250321, P, 0, 2, 0.0144, 28.26, -0.8753
20250220, AAOI, 15, 20250417, C, 0, 0, 0.0091, 28.26, 0.9189
20250220, AAOI, 15, 20250417, P, 0, 0, 0.0092, 28.26, -0.0906
20250220, AAOI, 17.5, 20250417, C, 0, 0, 0.0124, 28.26, 0.8745
20250220, AAOI, 17.5, 20250417, P, 0, 0, 0.0125, 28.26, -0.1352
20250220, AAOI, 20, 20250417, C, 0, 0, 0.0155, 28.26, 0.823
20250220, AAOI, 20, 20250417, P, 0, 0, 0.0156, 28.26, -0.187
20250220, AAOI, 22.5, 20250417, C, 0, 0, 0.0182, 28.26, 0.7674
20250220, AAOI, 22.5, 20250417, P, 0, 0, 0.0183, 28.26, -0.2429
20250220, AAOI, 25, 20250417, C, 0, 0, 0.0203, 28.26, 0.7103
20250220, AAOI, 25, 20250417, P, 393, 0, 0.0204, 28.26, -0.3005
20250220, AAOI, 30, 20250417, C, 11, 0, 0.0227, 28.26, 0.5991
20250220, AAOI, 30, 20250417, P, 1, 0, 0.023, 28.26, -0.4129
20250220, AAOI, 35, 20250417, C, 0, 0, 0.0233, 28.26, 0.499
20250220, AAOI, 35, 20250417, P, 2, 0, 0.0236, 28.26, -0.5141
20250220, AAOI, 40, 20250417, C, 3, 0, 0.0226, 28.26, 0.4134
20250220, AAOI, 40, 20250417, P, 1, 0, 0.023, 28.26, -0.601
20250220, AAOI, 2.5, 20250620, C, 0, 5, 0.0003, 28.26, 0.9987
20250220, AAOI, 2.5, 20250620, P, 0, 11, 0.0003, 28.26, -0.0031
20250220, AAOI, 5, 20250620, C, 0, 2, 0.001, 28.26, 0.9924
20250220, AAOI, 5, 20250620, P, 0, 143, 0.001, 28.26, -0.0094
20250220, AAOI, 7.5, 20250620, C, 0, 50, 0.0022, 28.26, 0.9793
20250220, AAOI, 7.5, 20250620, P, 0, 4, 0.0022, 28.26, -0.0226
20250220, AAOI, 10, 20250620, C, 0, 34, 0.0041, 28.26, 0.957
20250220, AAOI, 10, 20250620, P, 0, 360, 0.0041, 28.26, -0.0449
20250220, AAOI, 12.5, 20250620, C, 0, 60, 0.0062, 28.26, 0.9263
20250220, AAOI, 12.5, 20250620, P, 0, 243, 0.0063, 28.26, -0.0758
20250220, AAOI, 15, 20250620, C, 1, 33, 0.0084, 28.26, 0.8893
20250220, AAOI, 15, 20250620, P, 0, 188, 0.0085, 28.26, -0.113
20250220, AAOI, 17.5, 20250620, C, 0, 89, 0.0105, 28.26, 0.8485
20250220, AAOI, 17.5, 20250620, P, 0, 427, 0.0106, 28.26, -0.1541
20250220, AAOI, 20, 20250620, C, 0, 324, 0.0122, 28.26, 0.8057
20250220, AAOI, 20, 20250620, P, 1, 109, 0.0124, 28.26, -0.1972
20250220, AAOI, 22.5, 20250620, C, 0, 84, 0.0137, 28.26, 0.7626
20250220, AAOI, 22.5, 20250620, P, 0, 130, 0.0139, 28.26, -0.2408
20250220, AAOI, 25, 20250620, C, 298, 921, 0.0149, 28.26, 0.7201
20250220, AAOI, 25, 20250620, P, 20, 934, 0.0151, 28.26, -0.2838
20250220, AAOI, 30, 20250620, C, 73, 1453, 0.0165, 28.26, 0.6393
20250220, AAOI, 30, 20250620, P, 40, 1124, 0.0168, 28.26, -0.3657
20250220, AAOI, 35, 20250620, C, 37, 3393, 0.0173, 28.26, 0.566
20250220, AAOI, 35, 20250620, P, 171, 192, 0.0176, 28.26, -0.4402
20250220, AAOI, 40, 20250620, C, 39, 3199, 0.0175, 28.26, 0.5011
20250220, AAOI, 40, 20250620, P, 7, 489, 0.0179, 28.26, -0.5067
20250220, AAOI, 45, 20250620, C, 12, 1688, 0.0172, 28.26, 0.444
20250220, AAOI, 45, 20250620, P, 1, 359, 0.0178, 28.26, -0.5654
20250220, AAOI, 50, 20250620, C, 25, 1024, 0.0167, 28.26, 0.3941
20250220, AAOI, 50, 20250620, P, 0, 143, 0.0174, 28.26, -0.6171
20250220, AAOI, 55, 20250620, C, 0, 524, 0.0161, 28.26, 0.3506
20250220, AAOI, 55, 20250620, P, 0, 738, 0.0168, 28.26, -0.6625
20250220, AAOI, 60, 20250620, C, 3, 215, 0.0153, 28.26, 0.3127
20250220, AAOI, 60, 20250620, P, 0, 144, 0.0162, 28.26, -0.7024
20250220, AAOI, 12.5, 20250919, C, 0, 0, 0.0058, 28.26, 0.913
20250220, AAOI, 12.5, 20250919, P, 0, 2, 0.0058, 28.26, -0.0884
20250220, AAOI, 15, 20250919, C, 0, 0, 0.0073, 28.26, 0.8795
20250220, AAOI, 15, 20250919, P, 0, 4, 0.0074, 28.26, -0.1224
20250220, AAOI, 17.5, 20250919, C, 0, 0, 0.0087, 28.26, 0.8447
20250220, AAOI, 17.5, 20250919, P, 0, 3, 0.0088, 28.26, -0.1576
20250220, AAOI, 20, 20250919, C, 0, 2, 0.0099, 28.26, 0.8097
20250220, AAOI, 20, 20250919, P, 0, 3, 0.0101, 28.26, -0.1931
20250220, AAOI, 22.5, 20250919, C, 0, 0, 0.0109, 28.26, 0.7751
20250220, AAOI, 22.5, 20250919, P, 0, 3, 0.0111, 28.26, -0.2284
20250220, AAOI, 25, 20250919, C, 0, 376, 0.0118, 28.26, 0.7413
20250220, AAOI, 25, 20250919, P, 0, 2, 0.012, 28.26, -0.2628
20250220, AAOI, 30, 20250919, C, 25, 390, 0.0131, 28.26, 0.6772
20250220, AAOI, 30, 20250919, P, 0, 10, 0.0134, 28.26, -0.3286
20250220, AAOI, 35, 20250919, C, 20, 92, 0.0139, 28.26, 0.6183
20250220, AAOI, 35, 20250919, P, 0, 0, 0.0144, 28.26, -0.3893
20250220, AAOI, 40, 20250919, C, 0, 110, 0.0143, 28.26, 0.5649
20250220, AAOI, 40, 20250919, P, 0, 0, 0.0149, 28.26, -0.4448
20250220, AAOI, 45, 20250919, C, 0, 90, 0.0145, 28.26, 0.5168
20250220, AAOI, 45, 20250919, P, 0, 5, 0.0152, 28.26, -0.4952
20250220, AAOI, 50, 20250919, C, 4, 10, 0.0145, 28.26, 0.4734
20250220, AAOI, 50, 20250919, P, 0, 0, 0.0154, 28.26, -0.541
20250220, AAOI, 2.5, 20260116, C, 0, 42, 0.0004, 28.26, 0.9962
20250220, AAOI, 2.5, 20260116, P, 0, 93, 0.0004, 28.26, -0.005
20250220, AAOI, 5, 20260116, C, 1, 93, 0.0014, 28.26, 0.9824
20250220, AAOI, 5, 20260116, P, 0, 181, 0.0014, 28.26, -0.0189
20250220, AAOI, 7.5, 20260116, C, 2, 199, 0.0026, 28.26, 0.9616
20250220, AAOI, 7.5, 20260116, P, 5, 1984, 0.0026, 28.26, -0.04
20250220, AAOI, 10, 20260116, C, 6, 173, 0.0039, 28.26, 0.9364
20250220, AAOI, 10, 20260116, P, 0, 2277, 0.0039, 28.26, -0.0656
20250220, AAOI, 12.5, 20260116, C, 4, 221, 0.0051, 28.26, 0.9086
20250220, AAOI, 12.5, 20260116, P, 0, 462, 0.0052, 28.26, -0.0938
20250220, AAOI, 15, 20260116, C, 0, 447, 0.0062, 28.26, 0.8797
20250220, AAOI, 15, 20260116, P, 0, 255, 0.0064, 28.26, -0.1234
20250220, AAOI, 17.5, 20260116, C, 0, 145, 0.0072, 28.26, 0.8504
20250220, AAOI, 17.5, 20260116, P, 0, 153, 0.0074, 28.26, -0.1534
20250220, AAOI, 20, 20260116, C, 0, 641, 0.0081, 28.26, 0.8214
20250220, AAOI, 20, 20260116, P, 0, 863, 0.0084, 28.26, -0.1832
20250220, AAOI, 22.5, 20260116, C, 0, 578, 0.0089, 28.26, 0.793
20250220, AAOI, 22.5, 20260116, P, 0, 40, 0.0092, 28.26, -0.2126
20250220, AAOI, 25, 20260116, C, 0, 486, 0.0096, 28.26, 0.7654
20250220, AAOI, 25, 20260116, P, 0, 35, 0.0099, 28.26, -0.2411
20250220, AAOI, 30, 20260116, C, 2, 90, 0.0106, 28.26, 0.7131
20250220, AAOI, 30, 20260116, P, 0, 32, 0.0111, 28.26, -0.2957
20250220, AAOI, 35, 20260116, C, 0, 978, 0.0114, 28.26, 0.6648
20250220, AAOI, 35, 20260116, P, 0, 50, 0.012, 28.26, -0.3465
20250220, AAOI, 40, 20260116, C, 3, 215, 0.0118, 28.26, 0.6207
20250220, AAOI, 40, 20260116, P, 0, 41, 0.0127, 28.26, -0.3935
20250220, AAOI, 45, 20260116, C, 0, 136, 0.0122, 28.26, 0.5804
20250220, AAOI, 45, 20260116, P, 0, 36, 0.0132, 28.26, -0.4368
20250220, AAOI, 50, 20260116, C, 0, 186, 0.0124, 28.26, 0.5436
20250220, AAOI, 50, 20260116, P, 0, 24, 0.0135, 28.26, -0.4768
20250220, AAOI, 55, 20260116, C, 0, 117, 0.0124, 28.26, 0.5099
20250220, AAOI, 55, 20260116, P, 0, 0, 0.0138, 28.26, -0.5138
20250220, AAOI, 60, 20260116, C, 0, 62, 0.0124, 28.26, 0.4792
20250220, AAOI, 60, 20260116, P, 0, 0, 0.014, 28.26, -0.5482
20250220, AAOI, 2.5, 20270115, C, 0, 1, 0.0006, 28.26, 0.9879
20250220, AAOI, 2.5, 20270115, P, 0, 15, 0.0006, 28.26, -0.0096
20250220, AAOI, 5, 20270115, C, 0, 0, 0.0013, 28.26, 0.9708
20250220, AAOI, 5, 20270115, P, 0, 8, 0.0014, 28.26, -0.0269
20250220, AAOI, 7.5, 20270115, C, 0, 7, 0.0021, 28.26, 0.9514
20250220, AAOI, 7.5, 20270115, P, 0, 17, 0.0022, 28.26, -0.0468
20250220, AAOI, 10, 20270115, C, 5, 36, 0.0029, 28.26, 0.9312
20250220, AAOI, 10, 20270115, P, 0, 25, 0.003, 28.26, -0.0678
20250220, AAOI, 12.5, 20270115, C, 0, 5, 0.0036, 28.26, 0.9108
20250220, AAOI, 12.5, 20270115, P, 5, 36, 0.0037, 28.26, -0.0891
20250220, AAOI, 15, 20270115, C, 0, 25, 0.0042, 28.26, 0.8907
20250220, AAOI, 15, 20270115, P, 0, 43, 0.0044, 28.26, -0.1104
20250220, AAOI, 17.5, 20270115, C, 0, 29, 0.0047, 28.26, 0.871
20250220, AAOI, 17.5, 20270115, P, 0, 58, 0.0051, 28.26, -0.1315
20250220, AAOI, 20, 20270115, C, 0, 26, 0.0052, 28.26, 0.8517
20250220, AAOI, 20, 20270115, P, 5, 23, 0.0056, 28.26, -0.1522
20250220, AAOI, 22.5, 20270115, C, 0, 10, 0.0057, 28.26, 0.833
20250220, AAOI, 22.5, 20270115, P, 0, 3, 0.0062, 28.26, -0.1724
20250220, AAOI, 25, 20270115, C, 0, 25, 0.0061, 28.26, 0.8149
20250220, AAOI, 25, 20270115, P, 0, 8, 0.0067, 28.26, -0.1922
20250220, AAOI, 30, 20270115, C, 5, 36, 0.0068, 28.26, 0.7804
20250220, AAOI, 30, 20270115, P, 0, 6, 0.0076, 28.26, -0.2304
20250220, AAOI, 35, 20270115, C, 0, 43, 0.0074, 28.26, 0.748
20250220, AAOI, 35, 20270115, P, 0, 1, 0.0084, 28.26, -0.2668
20250220, AAOI, 40, 20270115, C, 0, 56, 0.0079, 28.26, 0.7178
20250220, AAOI, 40, 20270115, P, 0, 2, 0.0091, 28.26, -0.3014
20250220, AAOI, 45, 20270115, C, 0, 36, 0.0082, 28.26, 0.6896
20250220, AAOI, 45, 20270115, P, 0, 0, 0.0098, 28.26, -0.3344
20250220, AAOI, 50, 20270115, C, 5, 18, 0.0086, 28.26, 0.6631
20250220, AAOI, 50, 20270115, P, 0, 0, 0.0104, 28.26, -0.3658
20250220, AAOI, 55, 20270115, C, 0, 34, 0.0088, 28.26, 0.6383
20250220, AAOI, 55, 20270115, P, 0, 4, 0.0109, 28.26, -0.396
20250220, AAOI, 60, 20270115, C, 0, 141, 0.009, 28.26, 0.615
20250220, AAOI, 60, 20270115, P, 0, 0, 0.0114, 28.26, -0.4248
20250221, AAOI, 2.5, 20250321, C, 0, 10, 0.0001, 30.32, 0.9989
20250221, AAOI, 2.5, 20250321, P, 0, 2, 0.0001, 30.32, -0.0014
20250221, AAOI, 5, 20250321, C, 0, 26, 0.0005, 30.32, 0.9964
20250221, AAOI, 5, 20250321, P, 0, 211, 0.0005, 30.32, -0.0039
20250221, AAOI, 7.5, 20250321, C, 0, 171, 0.0011, 30.32, 0.9919
20250221, AAOI, 7.5, 20250321, P, 0, 92, 0.0011, 30.32, -0.0085
20250221, AAOI, 10, 20250321, C, 0, 276, 0.0022, 30.32, 0.9835
20250221, AAOI, 10, 20250321, P, 0, 208, 0.0022, 30.32, -0.0169
20250221, AAOI, 12.5, 20250321, C, 0, 1870, 0.0041, 30.32, 0.969
20250221, AAOI, 12.5, 20250321, P, 0, 141, 0.0041, 30.32, -0.0314
20250221, AAOI, 15, 20250321, C, 0, 860, 0.0069, 30.32, 0.9454
20250221, AAOI, 15, 20250321, P, 2, 574, 0.0069, 30.32, -0.055
20250221, AAOI, 17.5, 20250321, C, 0, 1157, 0.0105, 30.32, 0.9106
20250221, AAOI, 17.5, 20250321, P, 0, 229, 0.0105, 30.32, -0.0899
20250221, AAOI, 20, 20250321, C, 0, 931, 0.0145, 30.32, 0.8638
20250221, AAOI, 20, 20250321, P, 2, 869, 0.0145, 30.32, -0.1368
20250221, AAOI, 22.5, 20250321, C, 0, 1990, 0.0184, 30.32, 0.8068
20250221, AAOI, 22.5, 20250321, P, 0, 316, 0.0185, 30.32, -0.194
20250221, AAOI, 25, 20250321, C, 0, 2110, 0.0217, 30.32, 0.743
20250221, AAOI, 25, 20250321, P, 0, 1607, 0.0218, 30.32, -0.2579
20250221, AAOI, 30, 20250321, C, 3, 8177, 0.0257, 30.32, 0.6107
20250221, AAOI, 30, 20250321, P, 0, 1228, 0.0258, 30.32, -0.3905
20250221, AAOI, 35, 20250321, C, 5, 4044, 0.0264, 30.32, 0.49
20250221, AAOI, 35, 20250321, P, 0, 4227, 0.0265, 30.32, -0.5118
20250221, AAOI, 40, 20250321, C, 2, 6041, 0.025, 30.32, 0.3895
20250221, AAOI, 40, 20250321, P, 0, 6235, 0.0251, 30.32, -0.6127
20250221, AAOI, 45, 20250321, C, 0, 3513, 0.0226, 30.32, 0.3094
20250221, AAOI, 45, 20250321, P, 0, 57, 0.0227, 30.32, -0.6933
20250221, AAOI, 50, 20250321, C, 25, 5800, 0.0199, 30.32, 0.2468
20250221, AAOI, 50, 20250321, P, 0, 75, 0.0201, 30.32, -0.7565
20250221, AAOI, 55, 20250321, C, 0, 556, 0.0173, 30.32, 0.198
20250221, AAOI, 55, 20250321, P, 0, 10, 0.0175, 30.32, -0.8058
20250221, AAOI, 60, 20250321, C, 0, 828, 0.0149, 30.32, 0.16
20250221, AAOI, 60, 20250321, P, 0, 2, 0.0152, 30.32, -0.8445
20250221, AAOI, 15, 20250417, C, 0, 0, 0.0074, 30.32, 0.9247
20250221, AAOI, 15, 20250417, P, 0, 0, 0.0074, 30.32, -0.073
20250221, AAOI, 17.5, 20250417, C, 0, 0, 0.0104, 30.32, 0.8863
20250221, AAOI, 17.5, 20250417, P, 0, 0, 0.0103, 30.32, -0.1111
20250221, AAOI, 20, 20250417, C, 0, 0, 0.0133, 30.32, 0.84
20250221, AAOI, 20, 20250417, P, 0, 0, 0.0133, 30.32, -0.1572
20250221, AAOI, 22.5, 20250417, C, 10, 0, 0.016, 30.32, 0.7883
20250221, AAOI, 22.5, 20250417, P, 0, 0, 0.016, 30.32, -0.2088
20250221, AAOI, 25, 20250417, C, 0, 0, 0.0182, 30.32, 0.7338
20250221, AAOI, 25, 20250417, P, 0, 392, 0.0182, 30.32, -0.2633
20250221, AAOI, 30, 20250417, C, 0, 11, 0.021, 30.32, 0.6249
20250221, AAOI, 30, 20250417, P, 0, 1, 0.0211, 30.32, -0.3724
20250221, AAOI, 35, 20250417, C, 0, 0, 0.022, 30.32, 0.5248
20250221, AAOI, 35, 20250417, P, 0, 2, 0.0221, 30.32, -0.4729
20250221, AAOI, 40, 20250417, C, 0, 3, 0.0216, 30.32, 0.438
20250221, AAOI, 40, 20250417, P, 0, 1, 0.0218, 30.32, -0.5604
20250221, AAOI, 2.5, 20250620, C, 0, 5, 0.0003, 30.32, 0.9977
20250221, AAOI, 2.5, 20250620, P, 0, 11, 0.0003, 30.32, -0.0036
20250221, AAOI, 5, 20250620, C, 0, 2, 0.0009, 30.32, 0.9917
20250221, AAOI, 5, 20250620, P, 0, 143, 0.0009, 30.32, -0.0096
20250221, AAOI, 7.5, 20250620, C, 0, 50, 0.0019, 30.32, 0.9804
20250221, AAOI, 7.5, 20250620, P, 0, 4, 0.0019, 30.32, -0.021
20250221, AAOI, 10, 20250620, C, 0, 34, 0.0033, 30.32, 0.9618
20250221, AAOI, 10, 20250620, P, 0, 360, 0.0033, 30.32, -0.0397
20250221, AAOI, 12.5, 20250620, C, 0, 60, 0.0051, 30.32, 0.9357
20250221, AAOI, 12.5, 20250620, P, 0, 243, 0.0051, 30.32, -0.0659
20250221, AAOI, 15, 20250620, C, 0, 33, 0.007, 30.32, 0.9037
20250221, AAOI, 15, 20250620, P, 0, 188, 0.007, 30.32, -0.0981
20250221, AAOI, 17.5, 20250620, C, 0, 90, 0.0088, 30.32, 0.8674
20250221, AAOI, 17.5, 20250620, P, 0, 427, 0.0089, 30.32, -0.1346
20250221, AAOI, 20, 20250620, C, 0, 318, 0.0104, 30.32, 0.8287
20250221, AAOI, 20, 20250620, P, 0, 112, 0.0105, 30.32, -0.1736
20250221, AAOI, 22.5, 20250620, C, 0, 84, 0.0119, 30.32, 0.7888
20250221, AAOI, 22.5, 20250620, P, 0, 130, 0.012, 30.32, -0.2138
20250221, AAOI, 25, 20250620, C, 0, 1205, 0.0131, 30.32, 0.7489
20250221, AAOI, 25, 20250620, P, 0, 944, 0.0132, 30.32, -0.2541
20250221, AAOI, 30, 20250620, C, 1, 1415, 0.0148, 30.32, 0.6716
20250221, AAOI, 30, 20250620, P, 0, 1251, 0.015, 30.32, -0.3324
20250221, AAOI, 35, 20250620, C, 1, 3435, 0.0158, 30.32, 0.6
20250221, AAOI, 35, 20250620, P, 0, 257, 0.0161, 30.32, -0.4052
20250221, AAOI, 40, 20250620, C, 0, 3230, 0.0162, 30.32, 0.5353
20250221, AAOI, 40, 20250620, P, 0, 489, 0.0166, 30.32, -0.4711
20250221, AAOI, 45, 20250620, C, 0, 1687, 0.0162, 30.32, 0.4777
20250221, AAOI, 45, 20250620, P, 0, 358, 0.0167, 30.32, -0.5302
20250221, AAOI, 50, 20250620, C, 5, 999, 0.0159, 30.32, 0.4267
20250221, AAOI, 50, 20250620, P, 0, 143, 0.0165, 30.32, -0.5826
20250221, AAOI, 55, 20250620, C, 0, 524, 0.0154, 30.32, 0.3818
20250221, AAOI, 55, 20250620, P, 0, 738, 0.0161, 30.32, -0.6292
20250221, AAOI, 60, 20250620, C, 0, 218, 0.0148, 30.32, 0.3423
20250221, AAOI, 60, 20250620, P, 0, 144, 0.0156, 30.32, -0.6704
20250221, AAOI, 12.5, 20250919, C, 0, 0, 0.0052, 30.32, 0.9119
20250221, AAOI, 12.5, 20250919, P, 0, 2, 0.0049, 30.32, -0.0789
20250221, AAOI, 15, 20250919, C, 0, 0, 0.0066, 30.32, 0.8794
20250221, AAOI, 15, 20250919, P, 0, 4, 0.0063, 30.32, -0.1098
20250221, AAOI, 17.5, 20250919, C, 0, 0, 0.0077, 30.32, 0.8461
20250221, AAOI, 17.5, 20250919, P, 0, 3, 0.0075, 30.32, -0.142
20250221, AAOI, 20, 20250919, C, 0, 2, 0.0088, 30.32, 0.8127
20250221, AAOI, 20, 20250919, P, 0, 3, 0.0086, 30.32, -0.1748
20250221, AAOI, 22.5, 20250919, C, 0, 0, 0.0097, 30.32, 0.7797
20250221, AAOI, 22.5, 20250919, P, 0, 4, 0.0096, 30.32, -0.2074
20250221, AAOI, 25, 20250919, C, 0, 376, 0.0105, 30.32, 0.7475
20250221, AAOI, 25, 20250919, P, 0, 3, 0.0104, 30.32, -0.2394
20250221, AAOI, 30, 20250919, C, 0, 415, 0.0116, 30.32, 0.6862
20250221, AAOI, 30, 20250919, P, 0, 10, 0.0117, 30.32, -0.3007
20250221, AAOI, 35, 20250919, C, 0, 126, 0.0124, 30.32, 0.6299
20250221, AAOI, 35, 20250919, P, 0, 0, 0.0126, 30.32, -0.3577
20250221, AAOI, 40, 20250919, C, 0, 112, 0.0129, 30.32, 0.5785
20250221, AAOI, 40, 20250919, P, 0, 4, 0.0132, 30.32, -0.4101
20250221, AAOI, 45, 20250919, C, 0, 108, 0.0131, 30.32, 0.5319
20250221, AAOI, 45, 20250919, P, 0, 5, 0.0135, 30.32, -0.4579
20250221, AAOI, 50, 20250919, C, 0, 6, 0.0132, 30.32, 0.4898
20250221, AAOI, 50, 20250919, P, 0, 0, 0.0137, 30.32, -0.5016
20250221, AAOI, 2.5, 20260116, C, 0, 42, 0.0002, 30.32, 0.9994
20250221, AAOI, 2.5, 20260116, P, 0, 93, 0.0003, 30.32, -0.0045
20250221, AAOI, 5, 20260116, C, 0, 94, 0.0017, 30.32, 0.9813
20250221, AAOI, 5, 20260116, P, 0, 181, 0.0012, 30.32, -0.017
20250221, AAOI, 7.5, 20260116, C, 0, 197, 0.0027, 30.32, 0.9564
20250221, AAOI, 7.5, 20260116, P, 0, 1984, 0.0022, 30.32, -0.036
20250221, AAOI, 10, 20260116, C, 0, 171, 0.0037, 30.32, 0.9293
20250221, AAOI, 10, 20260116, P, 0, 2277, 0.0033, 30.32, -0.0594
20250221, AAOI, 12.5, 20260116, C, 0, 221, 0.0048, 30.32, 0.901
20250221, AAOI, 12.5, 20260116, P, 0, 462, 0.0044, 30.32, -0.0852
20250221, AAOI, 15, 20260116, C, 0, 447, 0.0057, 30.32, 0.8721
20250221, AAOI, 15, 20260116, P, 0, 255, 0.0054, 30.32, -0.1124
20250221, AAOI, 17.5, 20260116, C, 0, 145, 0.0066, 30.32, 0.8434
20250221, AAOI, 17.5, 20260116, P, 0, 153, 0.0064, 30.32, -0.14
20250221, AAOI, 20, 20260116, C, 0, 641, 0.0073, 30.32, 0.8152
20250221, AAOI, 20, 20260116, P, 0, 863, 0.0072, 30.32, -0.1676
20250221, AAOI, 22.5, 20260116, C, 0, 578, 0.008, 30.32, 0.7876
20250221, AAOI, 22.5, 20260116, P, 0, 40, 0.008, 30.32, -0.1947
20250221, AAOI, 25, 20260116, C, 0, 486, 0.0086, 30.32, 0.761
20250221, AAOI, 25, 20260116, P, 0, 35, 0.0086, 30.32, -0.2213
20250221, AAOI, 30, 20260116, C, 0, 90, 0.0095, 30.32, 0.7106
20250221, AAOI, 30, 20260116, P, 0, 32, 0.0097, 30.32, -0.272
20250221, AAOI, 35, 20260116, C, 0, 978, 0.0102, 30.32, 0.6642
20250221, AAOI, 35, 20260116, P, 0, 50, 0.0105, 30.32, -0.3193
20250221, AAOI, 40, 20260116, C, 0, 261, 0.0106, 30.32, 0.6218
20250221, AAOI, 40, 20260116, P, 0, 41, 0.0111, 30.32, -0.3632
20250221, AAOI, 45, 20260116, C, 1, 136, 0.011, 30.32, 0.583
20250221, AAOI, 45, 20260116, P, 0, 36, 0.0115, 30.32, -0.4038
20250221, AAOI, 50, 20260116, C, 0, 186, 0.0111, 30.32, 0.5475
20250221, AAOI, 50, 20260116, P, 0, 24, 0.0119, 30.32, -0.4413
20250221, AAOI, 55, 20260116, C, 0, 117, 0.0112, 30.32, 0.515
20250221, AAOI, 55, 20260116, P, 0, 0, 0.0121, 30.32, -0.4762
20250221, AAOI, 60, 20260116, C, 0, 62, 0.0112, 30.32, 0.4852
20250221, AAOI, 60, 20260116, P, 0, 0, 0.0123, 30.32, -0.5085
20250221, AAOI, 2.5, 20270115, C, 0, 1, 0.001, 30.32, 0.9904
20250221, AAOI, 2.5, 20270115, P, 0, 15, 0.0005, 30.32, -0.0083
20250221, AAOI, 5, 20270115, C, 0, 0, 0.0016, 30.32, 0.9658
20250221, AAOI, 5, 20270115, P, 0, 8, 0.0012, 30.32, -0.0241
20250221, AAOI, 7.5, 20270115, C, 0, 7, 0.0022, 30.32, 0.9432
20250221, AAOI, 7.5, 20270115, P, 0, 17, 0.0019, 30.32, -0.0427
20250221, AAOI, 10, 20270115, C, 0, 41, 0.0028, 30.32, 0.9212
20250221, AAOI, 10, 20270115, P, 0, 25, 0.0026, 30.32, -0.0624
20250221, AAOI, 12.5, 20270115, C, 0, 5, 0.0034, 30.32, 0.9
20250221, AAOI, 12.5, 20270115, P, 0, 41, 0.0033, 30.32, -0.0824
20250221, AAOI, 15, 20270115, C, 0, 25, 0.004, 30.32, 0.8794
20250221, AAOI, 15, 20270115, P, 0, 43, 0.0039, 30.32, -0.1024
20250221, AAOI, 17.5, 20270115, C, 0, 29, 0.0044, 30.32, 0.8596
20250221, AAOI, 17.5, 20270115, P, 0, 58, 0.0044, 30.32, -0.1221
20250221, AAOI, 20, 20270115, C, 0, 26, 0.0049, 30.32, 0.8404
20250221, AAOI, 20, 20270115, P, 0, 28, 0.005, 30.32, -0.1415
20250221, AAOI, 22.5, 20270115, C, 0, 10, 0.0052, 30.32, 0.822
20250221, AAOI, 22.5, 20270115, P, 0, 3, 0.0054, 30.32, -0.1605
20250221, AAOI, 25, 20270115, C, 0, 25, 0.0056, 30.32, 0.8042
20250221, AAOI, 25, 20270115, P, 0, 8, 0.0059, 30.32, -0.179
20250221, AAOI, 30, 20270115, C, 0, 41, 0.0062, 30.32, 0.7706
20250221, AAOI, 30, 20270115, P, 0, 6, 0.0067, 30.32, -0.2146
20250221, AAOI, 35, 20270115, C, 0, 43, 0.0067, 30.32, 0.7394
20250221, AAOI, 35, 20270115, P, 0, 1, 0.0074, 30.32, -0.2484
20250221, AAOI, 40, 20270115, C, 0, 56, 0.0071, 30.32, 0.7104
20250221, AAOI, 40, 20270115, P, 0, 2, 0.008, 30.32, -0.2805
20250221, AAOI, 45, 20270115, C, 0, 36, 0.0074, 30.32, 0.6834
20250221, AAOI, 45, 20270115, P, 0, 0, 0.0085, 30.32, -0.311
20250221, AAOI, 50, 20270115, C, 0, 23, 0.0077, 30.32, 0.6582
20250221, AAOI, 50, 20270115, P, 0, 0, 0.009, 30.32, -0.34
20250221, AAOI, 55, 20270115, C, 0, 34, 0.0079, 30.32, 0.6345
20250221, AAOI, 55, 20270115, P, 0, 4, 0.0095, 30.32, -0.3677
20250221, AAOI, 60, 20270115, C, 0, 141, 0.0081, 30.32, 0.6124
20250221, AAOI, 60, 20270115, P, 0, 0, 0.0099, 30.32, -0.3943
20250225, AAOI, 2.5, 20250321, C, 0, 10, 0.0001, 23.34, 1
20250225, AAOI, 2.5, 20250321, P, 1, 2, 0.0001, 23.34, -0.0003
20250225, AAOI, 5, 20250321, C, 0, 26, 0.0005, 23.34, 0.9994
20250225, AAOI, 5, 20250321, P, 2, 211, 0.0005, 23.34, -0.0025
20250225, AAOI, 7.5, 20250321, C, 3, 171, 0.0021, 23.34, 0.9911
20250225, AAOI, 7.5, 20250321, P, 0, 92, 0.0022, 23.34, -0.0108
20250225, AAOI, 10, 20250321, C, 0, 276, 0.0057, 23.34, 0.9699
20250225, AAOI, 10, 20250321, P, 400, 210, 0.0057, 23.34, -0.032
20250225, AAOI, 12.5, 20250321, C, 1, 1873, 0.0111, 23.34, 0.9302
20250225, AAOI, 12.5, 20250321, P, 131, 153, 0.0112, 23.34, -0.0718
20250225, AAOI, 15, 20250321, C, 2, 860, 0.0175, 23.34, 0.8715
20250225, AAOI, 15, 20250321, P, 66, 755, 0.0175, 23.34, -0.1306
20250225, AAOI, 17.5, 20250321, C, 7, 1157, 0.0235, 23.34, 0.7986
20250225, AAOI, 17.5, 20250321, P, 114, 278, 0.0235, 23.34, -0.2037
20250225, AAOI, 20, 20250321, C, 8, 931, 0.0282, 23.34, 0.7181
20250225, AAOI, 20, 20250321, P, 195, 1115, 0.0282, 23.34, -0.2844
20250225, AAOI, 22.5, 20250321, C, 213, 1990, 0.0312, 23.34, 0.6362
20250225, AAOI, 22.5, 20250321, P, 365, 455, 0.0313, 23.34, -0.3665
20250225, AAOI, 25, 20250321, C, 617, 2216, 0.0327, 23.34, 0.5576
20250225, AAOI, 25, 20250321, P, 234, 2038, 0.0328, 23.34, -0.4455
20250225, AAOI, 30, 20250321, C, 775, 8580, 0.0322, 23.34, 0.4193
20250225, AAOI, 30, 20250321, P, 71, 1418, 0.0323, 23.34, -0.5843
20250225, AAOI, 35, 20250321, C, 1401, 4211, 0.0288, 23.34, 0.3109
20250225, AAOI, 35, 20250321, P, 23, 4337, 0.029, 23.34, -0.6934
20250225, AAOI, 40, 20250321, C, 367, 6683, 0.0246, 23.34, 0.2296
20250225, AAOI, 40, 20250321, P, 160, 6234, 0.0248, 23.34, -0.7754
20250225, AAOI, 45, 20250321, C, 186, 3450, 0.0203, 23.34, 0.1698
20250225, AAOI, 45, 20250321, P, 0, 57, 0.0206, 23.34, -0.8358
20250225, AAOI, 50, 20250321, C, 152, 5832, 0.0166, 23.34, 0.1262
20250225, AAOI, 50, 20250321, P, 0, 75, 0.0169, 23.34, -0.8801
20250225, AAOI, 55, 20250321, C, 12, 551, 0.0134, 23.34, 0.0944
20250225, AAOI, 55, 20250321, P, 0, 10, 0.0138, 23.34, -0.9127
20250225, AAOI, 60, 20250321, C, 52, 873, 0.0107, 23.34, 0.0712
20250225, AAOI, 60, 20250321, P, 0, 2, 0.0113, 23.34, -0.9369
20250225, AAOI, 15, 20250417, C, 0, 0, 0.016, 23.34, 0.8512
20250225, AAOI, 15, 20250417, P, 1, 6, 0.0161, 23.34, -0.15
20250225, AAOI, 17.5, 20250417, C, 0, 5, 0.0202, 23.34, 0.7867
20250225, AAOI, 17.5, 20250417, P, 0, 7, 0.0203, 23.34, -0.2148
20250225, AAOI, 20, 20250417, C, 30, 46, 0.0234, 23.34, 0.7187
20250225, AAOI, 20, 20250417, P, 0, 3, 0.0236, 23.34, -0.2832
20250225, AAOI, 22.5, 20250417, C, 0, 10, 0.0257, 23.34, 0.651
20250225, AAOI, 22.5, 20250417, P, 12, 5, 0.0258, 23.34, -0.3512
20250225, AAOI, 25, 20250417, C, 39, 15, 0.027, 23.34, 0.5864
20250225, AAOI, 25, 20250417, P, 13, 388, 0.0272, 23.34, -0.4162
20250225, AAOI, 30, 20250417, C, 13, 37, 0.0273, 23.34, 0.4717
20250225, AAOI, 30, 20250417, P, 10, 220, 0.0276, 23.34, -0.5318
20250225, AAOI, 35, 20250417, C, 14, 58, 0.0258, 23.34, 0.3786
20250225, AAOI, 35, 20250417, P, 20, 180, 0.0262, 23.34, -0.626
20250225, AAOI, 40, 20250417, C, 46, 327, 0.0235, 23.34, 0.305
20250225, AAOI, 40, 20250417, P, 0, 11, 0.0239, 23.34, -0.7007
20250225, AAOI, 2.5, 20250620, C, 0, 5, 0.0006, 23.34, 0.9947
20250225, AAOI, 2.5, 20250620, P, 0, 11, 0.0006, 23.34, -0.0058
20250225, AAOI, 5, 20250620, C, 0, 2, 0.0019, 23.34, 0.9837
20250225, AAOI, 5, 20250620, P, 0, 143, 0.0019, 23.34, -0.0168
20250225, AAOI, 7.5, 20250620, C, 0, 51, 0.0042, 23.34, 0.9617
20250225, AAOI, 7.5, 20250620, P, 0, 4, 0.0042, 23.34, -0.0389
20250225, AAOI, 10, 20250620, C, 2, 34, 0.0071, 23.34, 0.9272
20250225, AAOI, 10, 20250620, P, 0, 360, 0.0071, 23.34, -0.0736
20250225, AAOI, 12.5, 20250620, C, 0, 61, 0.0101, 23.34, 0.8835
20250225, AAOI, 12.5, 20250620, P, 206, 244, 0.0102, 23.34, -0.1175
20250225, AAOI, 15, 20250620, C, 13, 36, 0.0128, 23.34, 0.8348
20250225, AAOI, 15, 20250620, P, 61, 188, 0.0129, 23.34, -0.1665
20250225, AAOI, 17.5, 20250620, C, 1, 90, 0.0151, 23.34, 0.7846
20250225, AAOI, 17.5, 20250620, P, 4, 428, 0.0152, 23.34, -0.2172
20250225, AAOI, 20, 20250620, C, 11, 318, 0.0169, 23.34, 0.7348
20250225, AAOI, 20, 20250620, P, 1012, 113, 0.0171, 23.34, -0.2675
20250225, AAOI, 22.5, 20250620, C, 0, 84, 0.0182, 23.34, 0.6867
20250225, AAOI, 22.5, 20250620, P, 20, 131, 0.0184, 23.34, -0.3161
20250225, AAOI, 25, 20250620, C, 158, 1207, 0.0191, 23.34, 0.641
20250225, AAOI, 25, 20250620, P, 1, 947, 0.0194, 23.34, -0.3624
20250225, AAOI, 30, 20250620, C, 72, 1379, 0.0201, 23.34, 0.5582
20250225, AAOI, 30, 20250620, P, 22, 1527, 0.0205, 23.34, -0.4466
20250225, AAOI, 35, 20250620, C, 370, 3479, 0.0202, 23.34, 0.4866
20250225, AAOI, 35, 20250620, P, 3, 493, 0.0207, 23.34, -0.5197
20250225, AAOI, 40, 20250620, C, 450, 3259, 0.0198, 23.34, 0.4255
20250225, AAOI, 40, 20250620, P, 1, 549, 0.0204, 23.34, -0.5826
20250225, AAOI, 45, 20250620, C, 47, 1720, 0.019, 23.34, 0.3734
20250225, AAOI, 45, 20250620, P, 2, 359, 0.0198, 23.34, -0.6366
20250225, AAOI, 50, 20250620, C, 78, 1006, 0.0181, 23.34, 0.3289
20250225, AAOI, 50, 20250620, P, 0, 143, 0.019, 23.34, -0.6831
20250225, AAOI, 55, 20250620, C, 0, 526, 0.0171, 23.34, 0.2909
20250225, AAOI, 55, 20250620, P, 0, 738, 0.0181, 23.34, -0.7232
20250225, AAOI, 60, 20250620, C, 14, 878, 0.0161, 23.34, 0.2583
20250225, AAOI, 60, 20250620, P, 0, 144, 0.0173, 23.34, -0.7581
20250225, AAOI, 12.5, 20250919, C, 1, 0, 0.0087, 23.34, 0.8738
20250225, AAOI, 12.5, 20250919, P, 1, 2, 0.0088, 23.34, -0.1251
20250225, AAOI, 15, 20250919, C, 0, 0, 0.0106, 23.34, 0.8328
20250225, AAOI, 15, 20250919, P, 0, 4, 0.0107, 23.34, -0.1666
20250225, AAOI, 17.5, 20250919, C, 0, 0, 0.0121, 23.34, 0.792
20250225, AAOI, 17.5, 20250919, P, 0, 3, 0.0123, 23.34, -0.2081
20250225, AAOI, 20, 20250919, C, 0, 3, 0.0134, 23.34, 0.7521
20250225, AAOI, 20, 20250919, P, 0, 3, 0.0137, 23.34, -0.2487
20250225, AAOI, 22.5, 20250919, C, 0, 0, 0.0144, 23.34, 0.7138
20250225, AAOI, 22.5, 20250919, P, 0, 4, 0.0148, 23.34, -0.2878
20250225, AAOI, 25, 20250919, C, 2, 384, 0.0152, 23.34, 0.6772
20250225, AAOI, 25, 20250919, P, 0, 3, 0.0156, 23.34, -0.3253
20250225, AAOI, 30, 20250919, C, 3, 176, 0.0163, 23.34, 0.6097
20250225, AAOI, 30, 20250919, P, 0, 10, 0.0168, 23.34, -0.3948
20250225, AAOI, 35, 20250919, C, 0, 111, 0.0168, 23.34, 0.5497
20250225, AAOI, 35, 20250919, P, 0, 0, 0.0175, 23.34, -0.4571
20250225, AAOI, 40, 20250919, C, 0, 114, 0.0169, 23.34, 0.4967
20250225, AAOI, 40, 20250919, P, 0, 4, 0.0178, 23.34, -0.5127
20250225, AAOI, 45, 20250919, C, 0, 108, 0.0168, 23.34, 0.45
20250225, AAOI, 45, 20250919, P, 0, 41, 0.0179, 23.34, -0.5622
20250225, AAOI, 50, 20250919, C, 1, 18, 0.0165, 23.34, 0.4086
20250225, AAOI, 50, 20250919, P, 10, 1, 0.0178, 23.34, -0.6066
20250225, AAOI, 2.5, 20260116, C, 0, 42, 0.0008, 23.34, 0.9899
20250225, AAOI, 2.5, 20260116, P, 11, 93, 0.0007, 23.34, -0.0077
20250225, AAOI, 5, 20260116, C, 0, 94, 0.0023, 23.34, 0.9686
20250225, AAOI, 5, 20260116, P, 0, 181, 0.0023, 23.34, -0.0281
20250225, AAOI, 7.5, 20260116, C, 0, 197, 0.0041, 23.34, 0.9399
20250225, AAOI, 7.5, 20260116, P, 2, 1985, 0.0041, 23.34, -0.0568
20250225, AAOI, 10, 20260116, C, 0, 171, 0.0058, 23.34, 0.9072
20250225, AAOI, 10, 20260116, P, 1, 2277, 0.0059, 23.34, -0.09
20250225, AAOI, 12.5, 20260116, C, 0, 221, 0.0074, 23.34, 0.8727
20250225, AAOI, 12.5, 20260116, P, 2, 462, 0.0076, 23.34, -0.125
20250225, AAOI, 15, 20260116, C, 0, 447, 0.0088, 23.34, 0.8381
20250225, AAOI, 15, 20260116, P, 0, 255, 0.009, 23.34, -0.1603
20250225, AAOI, 17.5, 20260116, C, 0, 145, 0.01, 23.34, 0.8042
20250225, AAOI, 17.5, 20260116, P, 0, 153, 0.0103, 23.34, -0.1951
20250225, AAOI, 20, 20260116, C, 0, 641, 0.011, 23.34, 0.7714
20250225, AAOI, 20, 20260116, P, 0, 863, 0.0113, 23.34, -0.229
20250225, AAOI, 22.5, 20260116, C, 40, 578, 0.0118, 23.34, 0.74
20250225, AAOI, 22.5, 20260116, P, 0, 40, 0.0122, 23.34, -0.2615
20250225, AAOI, 25, 20260116, C, 2, 486, 0.0124, 23.34, 0.71
20250225, AAOI, 25, 20260116, P, 0, 35, 0.013, 23.34, -0.2927
20250225, AAOI, 30, 20260116, C, 0, 90, 0.0134, 23.34, 0.6546
20250225, AAOI, 30, 20260116, P, 0, 32, 0.0142, 23.34, -0.3509
20250225, AAOI, 35, 20260116, C, 4, 982, 0.014, 23.34, 0.6049
20250225, AAOI, 35, 20260116, P, 0, 51, 0.015, 23.34, -0.4037
20250225, AAOI, 40, 20260116, C, 3, 264, 0.0144, 23.34, 0.5604
20250225, AAOI, 40, 20260116, P, 14, 41, 0.0156, 23.34, -0.4516
20250225, AAOI, 45, 20260116, C, 0, 137, 0.0145, 23.34, 0.5204
20250225, AAOI, 45, 20260116, P, 0, 36, 0.016, 23.34, -0.4952
20250225, AAOI, 50, 20260116, C, 1, 186, 0.0145, 23.34, 0.4846
20250225, AAOI, 50, 20260116, P, 1, 24, 0.0162, 23.34, -0.5349
20250225, AAOI, 55, 20260116, C, 0, 117, 0.0144, 23.34, 0.4522
20250225, AAOI, 55, 20260116, P, 0, 0, 0.0164, 23.34, -0.5713
20250225, AAOI, 60, 20260116, C, 180, 210, 0.0142, 23.34, 0.423
20250225, AAOI, 60, 20260116, P, 20, 20, 0.0165, 23.34, -0.6048
20250225, AAOI, 2.5, 20270115, C, 0, 1, 0.0009, 23.34, 0.9834
20250225, AAOI, 2.5, 20270115, P, 0, 15, 0.0009, 23.34, -0.013
20250225, AAOI, 5, 20270115, C, 0, 0, 0.002, 23.34, 0.9614
20250225, AAOI, 5, 20270115, P, 1, 8, 0.0021, 23.34, -0.0352
20250225, AAOI, 7.5, 20270115, C, 0, 7, 0.0031, 23.34, 0.9374
20250225, AAOI, 7.5, 20270115, P, 0, 17, 0.0032, 23.34, -0.06
20250225, AAOI, 10, 20270115, C, 0, 41, 0.0041, 23.34, 0.913
20250225, AAOI, 10, 20270115, P, 0, 25, 0.0043, 23.34, -0.0855
20250225, AAOI, 12.5, 20270115, C, 0, 5, 0.005, 23.34, 0.8889
20250225, AAOI, 12.5, 20270115, P, 0, 41, 0.0053, 23.34, -0.1108
20250225, AAOI, 15, 20270115, C, 2, 25, 0.0058, 23.34, 0.8655
20250225, AAOI, 15, 20270115, P, 10, 43, 0.0062, 23.34, -0.1356
20250225, AAOI, 17.5, 20270115, C, 0, 29, 0.0065, 23.34, 0.8428
20250225, AAOI, 17.5, 20270115, P, 0, 59, 0.007, 23.34, -0.16
20250225, AAOI, 20, 20270115, C, 4, 26, 0.0071, 23.34, 0.821
20250225, AAOI, 20, 20270115, P, 2, 19, 0.0077, 23.34, -0.1836
20250225, AAOI, 22.5, 20270115, C, 21, 10, 0.0076, 23.34, 0.8
20250225, AAOI, 22.5, 20270115, P, 3, 3, 0.0084, 23.34, -0.2065
20250225, AAOI, 25, 20270115, C, 0, 25, 0.0081, 23.34, 0.7799
20250225, AAOI, 25, 20270115, P, 2, 8, 0.009, 23.34, -0.2286
20250225, AAOI, 30, 20270115, C, 0, 44, 0.0089, 23.34, 0.7421
20250225, AAOI, 30, 20270115, P, 0, 6, 0.0101, 23.34, -0.271
20250225, AAOI, 35, 20270115, C, 0, 43, 0.0095, 23.34, 0.7072
20250225, AAOI, 35, 20270115, P, 0, 1, 0.0111, 23.34, -0.3108
20250225, AAOI, 40, 20270115, C, 0, 66, 0.01, 23.34, 0.675
20250225, AAOI, 40, 20270115, P, 0, 2, 0.0119, 23.34, -0.3484
20250225, AAOI, 45, 20270115, C, 2, 36, 0.0104, 23.34, 0.6452
20250225, AAOI, 45, 20270115, P, 0, 0, 0.0126, 23.34, -0.3839
20250225, AAOI, 50, 20270115, C, 8, 23, 0.0107, 23.34, 0.6176
20250225, AAOI, 50, 20270115, P, 0, 3, 0.0133, 23.34, -0.4176
20250225, AAOI, 55, 20270115, C, 2, 34, 0.0109, 23.34, 0.5918
20250225, AAOI, 55, 20270115, P, 0, 4, 0.014, 23.34, -0.4498
20250225, AAOI, 60, 20270115, C, 28, 129, 0.0111, 23.34, 0.5679
20250225, AAOI, 60, 20270115, P, 0, 0, 0.0146, 23.34, -0.4805
20250226, AAOI, 2.5, 20250321, C, 0, 10, 0, 25.4, 1
20250226, AAOI, 2.5, 20250321, P, 0, 3, 0, 25.4, -0.0002
20250226, AAOI, 5, 20250321, C, 0, 26, 0.0003, 25.4, 0.9996
20250226, AAOI, 5, 20250321, P, 2, 212, 0.0003, 25.4, -0.0015
20250226, AAOI, 7.5, 20250321, C, 1, 173, 0.0013, 25.4, 0.9944
20250226, AAOI, 7.5, 20250321, P, 0, 92, 0.0013, 25.4, -0.0066
20250226, AAOI, 10, 20250321, C, 0, 276, 0.0037, 25.4, 0.9804
20250226, AAOI, 10, 20250321, P, 13, 557, 0.0037, 25.4, -0.0206
20250226, AAOI, 12.5, 20250321, C, 0, 1874, 0.0078, 25.4, 0.9523
20250226, AAOI, 12.5, 20250321, P, 82, 250, 0.0079, 25.4, -0.0488
20250226, AAOI, 15, 20250321, C, 5, 860, 0.0133, 25.4, 0.907
20250226, AAOI, 15, 20250321, P, 58, 809, 0.0134, 25.4, -0.0942
20250226, AAOI, 17.5, 20250321, C, 6, 1158, 0.0192, 25.4, 0.8458
20250226, AAOI, 17.5, 20250321, P, 267, 388, 0.0193, 25.4, -0.1555
20250226, AAOI, 20, 20250321, C, 3, 938, 0.0246, 25.4, 0.7727
20250226, AAOI, 20, 20250321, P, 110, 1142, 0.0247, 25.4, -0.2288
20250226, AAOI, 22.5, 20250321, C, 102, 2172, 0.0288, 25.4, 0.693
20250226, AAOI, 22.5, 20250321, P, 456, 503, 0.0289, 25.4, -0.3087
20250226, AAOI, 25, 20250321, C, 657, 2441, 0.0316, 25.4, 0.612
20250226, AAOI, 25, 20250321, P, 324, 2105, 0.0317, 25.4, -0.3899
20250226, AAOI, 30, 20250321, C, 1663, 8519, 0.0328, 25.4, 0.4606
20250226, AAOI, 30, 20250321, P, 521, 1405, 0.033, 25.4, -0.5419
20250226, AAOI, 35, 20250321, C, 1632, 5020, 0.0302, 25.4, 0.3358
20250226, AAOI, 35, 20250321, P, 2, 4317, 0.0304, 25.4, -0.6673
20250226, AAOI, 40, 20250321, C, 388, 6860, 0.0257, 25.4, 0.2404
20250226, AAOI, 40, 20250321, P, 0, 6074, 0.026, 25.4, -0.7634
20250226, AAOI, 45, 20250321, C, 332, 3557, 0.0209, 25.4, 0.1705
20250226, AAOI, 45, 20250321, P, 0, 57, 0.0212, 25.4, -0.834
20250226, AAOI, 50, 20250321, C, 685, 5833, 0.0165, 25.4, 0.1206
20250226, AAOI, 50, 20250321, P, 0, 75, 0.0168, 25.4, -0.8847
20250226, AAOI, 55, 20250321, C, 296, 547, 0.0128, 25.4, 0.0853
20250226, AAOI, 55, 20250321, P, 0, 10, 0.0132, 25.4, -0.9208
20250226, AAOI, 60, 20250321, C, 215, 892, 0.0098, 25.4, 0.0605
20250226, AAOI, 60, 20250321, P, 0, 2, 0.0103, 25.4, -0.9465
20250226, AAOI, 15, 20250417, C, 0, 0, 0.0129, 25.4, 0.883
20250226, AAOI, 15, 20250417, P, 4, 6, 0.0129, 25.4, -0.1177
20250226, AAOI, 17.5, 20250417, C, 0, 5, 0.0171, 25.4, 0.826
20250226, AAOI, 17.5, 20250417, P, 6, 7, 0.0171, 25.4, -0.175
20250226, AAOI, 20, 20250417, C, 0, 44, 0.0206, 25.4, 0.7625
20250226, AAOI, 20, 20250417, P, 7, 3, 0.0207, 25.4, -0.2386
20250226, AAOI, 22.5, 20250417, C, 0, 10, 0.0234, 25.4, 0.6968
20250226, AAOI, 22.5, 20250417, P, 1, 16, 0.0235, 25.4, -0.3046
20250226, AAOI, 25, 20250417, C, 1, 47, 0.0252, 25.4, 0.632
20250226, AAOI, 25, 20250417, P, 2, 399, 0.0253, 25.4, -0.3698
20250226, AAOI, 30, 20250417, C, 9, 42, 0.0264, 25.4, 0.5132
20250226, AAOI, 30, 20250417, P, 10, 230, 0.0266, 25.4, -0.4895
20250226, AAOI, 35, 20250417, C, 21, 60, 0.0255, 25.4, 0.4139
20250226, AAOI, 35, 20250417, P, 0, 181, 0.0258, 25.4, -0.5896
20250226, AAOI, 40, 20250417, C, 544, 353, 0.0235, 25.4, 0.3345
20250226, AAOI, 40, 20250417, P, 0, 11, 0.0239, 25.4, -0.6701
20250226, AAOI, 2.5, 20250620, C, 0, 5, 0.0005, 25.4, 0.9977
20250226, AAOI, 2.5, 20250620, P, 0, 11, 0.0005, 25.4, -0.0046
20250226, AAOI, 5, 20250620, C, 0, 2, 0.0014, 25.4, 0.9892
20250226, AAOI, 5, 20250620, P, 0, 143, 0.0014, 25.4, -0.0132
20250226, AAOI, 7.5, 20250620, C, 0, 51, 0.0032, 25.4, 0.9718
20250226, AAOI, 7.5, 20250620, P, 0, 4, 0.0032, 25.4, -0.0307
20250226, AAOI, 10, 20250620, C, 0, 35, 0.0056, 25.4, 0.9432
20250226, AAOI, 10, 20250620, P, 324, 360, 0.0056, 25.4, -0.0594
20250226, AAOI, 12.5, 20250620, C, 0, 61, 0.0083, 25.4, 0.9054
20250226, AAOI, 12.5, 20250620, P, 1, 118, 0.0084, 25.4, -0.0974
20250226, AAOI, 15, 20250620, C, 1, 37, 0.0109, 25.4, 0.8616
20250226, AAOI, 15, 20250620, P, 0, 168, 0.0109, 25.4, -0.1415
20250226, AAOI, 17.5, 20250620, C, 0, 90, 0.0131, 25.4, 0.8149
20250226, AAOI, 17.5, 20250620, P, 0, 428, 0.0132, 25.4, -0.1886
20250226, AAOI, 20, 20250620, C, 6, 317, 0.015, 25.4, 0.7674
20250226, AAOI, 20, 20250620, P, 11, 1081, 0.0151, 25.4, -0.2365
20250226, AAOI, 22.5, 20250620, C, 0, 84, 0.0164, 25.4, 0.7206
20250226, AAOI, 22.5, 20250620, P, 1, 132, 0.0166, 25.4, -0.2838
20250226, AAOI, 25, 20250620, C, 1, 1335, 0.0175, 25.4, 0.6755
20250226, AAOI, 25, 20250620, P, 0, 946, 0.0177, 25.4, -0.3295
20250226, AAOI, 30, 20250620, C, 5, 1397, 0.0188, 25.4, 0.5918
20250226, AAOI, 30, 20250620, P, 5, 1517, 0.0191, 25.4, -0.4144
20250226, AAOI, 35, 20250620, C, 15, 3821, 0.0192, 25.4, 0.5182
20250226, AAOI, 35, 20250620, P, 2, 493, 0.0196, 25.4, -0.4895
20250226, AAOI, 40, 20250620, C, 74, 3346, 0.019, 25.4, 0.4544
20250226, AAOI, 40, 20250620, P, 0, 548, 0.0196, 25.4, -0.555
20250226, AAOI, 45, 20250620, C, 3, 1747, 0.0184, 25.4, 0.3994
20250226, AAOI, 45, 20250620, P, 0, 357, 0.0191, 25.4, -0.6118
20250226, AAOI, 50, 20250620, C, 286, 1027, 0.0177, 25.4, 0.3521
20250226, AAOI, 50, 20250620, P, 0, 143, 0.0185, 25.4, -0.6609
20250226, AAOI, 55, 20250620, C, 0, 526, 0.0168, 25.4, 0.3115
20250226, AAOI, 55, 20250620, P, 0, 738, 0.0177, 25.4, -0.7036
20250226, AAOI, 60, 20250620, C, 67, 872, 0.0158, 25.4, 0.2764
20250226, AAOI, 60, 20250620, P, 0, 144, 0.0169, 25.4, -0.7407
20250226, AAOI, 12.5, 20250919, C, 1, 1, 0.0074, 25.4, 0.8934
20250226, AAOI, 12.5, 20250919, P, 0, 3, 0.0075, 25.4, -0.1079
20250226, AAOI, 15, 20250919, C, 0, 0, 0.0091, 25.4, 0.8552
20250226, AAOI, 15, 20250919, P, 0, 4, 0.0093, 25.4, -0.1465
20250226, AAOI, 17.5, 20250919, C, 0, 0, 0.0106, 25.4, 0.8166
20250226, AAOI, 17.5, 20250919, P, 0, 3, 0.0108, 25.4, -0.1857
20250226, AAOI, 20, 20250919, C, 0, 3, 0.0119, 25.4, 0.7785
20250226, AAOI, 20, 20250919, P, 0, 3, 0.0121, 25.4, -0.2245
20250226, AAOI, 22.5, 20250919, C, 0, 0, 0.013, 25.4, 0.7414
20250226, AAOI, 22.5, 20250919, P, 0, 4, 0.0132, 25.4, -0.2623
20250226, AAOI, 25, 20250919, C, 0, 384, 0.0138, 25.4, 0.7056
20250226, AAOI, 25, 20250919, P, 0, 3, 0.0141, 25.4, -0.2988
20250226, AAOI, 30, 20250919, C, 4, 178, 0.015, 25.4, 0.6391
20250226, AAOI, 30, 20250919, P, 0, 10, 0.0154, 25.4, -0.3672
20250226, AAOI, 35, 20250919, C, 0, 111, 0.0156, 25.4, 0.5792
20250226, AAOI, 35, 20250919, P, 0, 0, 0.0162, 25.4, -0.4291
20250226, AAOI, 40, 20250919, C, 1, 114, 0.0159, 25.4, 0.5258
20250226, AAOI, 40, 20250919, P, 0, 4, 0.0166, 25.4, -0.4848
20250226, AAOI, 45, 20250919, C, 10, 108, 0.0159, 25.4, 0.4783
20250226, AAOI, 45, 20250919, P, 0, 41, 0.0168, 25.4, -0.5349
20250226, AAOI, 50, 20250919, C, 1, 19, 0.0157, 25.4, 0.4361
20250226, AAOI, 50, 20250919, P, 0, 11, 0.0168, 25.4, -0.5798
20250226, AAOI, 2.5, 20260116, C, 1, 42, 0.0006, 25.4, 0.9922
20250226, AAOI, 2.5, 20260116, P, 0, 103, 0.0006, 25.4, -0.0066
20250226, AAOI, 5, 20260116, C, 0, 94, 0.0018, 25.4, 0.975
20250226, AAOI, 5, 20260116, P, 0, 181, 0.0018, 25.4, -0.024
20250226, AAOI, 7.5, 20260116, C, 0, 197, 0.0034, 25.4, 0.9501
20250226, AAOI, 7.5, 20260116, P, 0, 1985, 0.0034, 25.4, -0.0492
20250226, AAOI, 10, 20260116, C, 0, 171, 0.0049, 25.4, 0.9208
20250226, AAOI, 10, 20260116, P, 2, 2277, 0.005, 25.4, -0.0789
20250226, AAOI, 12.5, 20260116, C, 0, 221, 0.0063, 25.4, 0.8894
20250226, AAOI, 12.5, 20260116, P, 0, 464, 0.0064, 25.4, -0.1109
20250226, AAOI, 15, 20260116, C, 0, 447, 0.0076, 25.4, 0.8572
20250226, AAOI, 15, 20260116, P, 0, 255, 0.0078, 25.4, -0.1437
20250226, AAOI, 17.5, 20260116, C, 0, 145, 0.0087, 25.4, 0.8252
20250226, AAOI, 17.5, 20260116, P, 0, 153, 0.009, 25.4, -0.1766
20250226, AAOI, 20, 20260116, C, 0, 641, 0.0097, 25.4, 0.7939
20250226, AAOI, 20, 20260116, P, 1, 863, 0.01, 25.4, -0.2088
20250226, AAOI, 22.5, 20260116, C, 20, 578, 0.0105, 25.4, 0.7635
20250226, AAOI, 22.5, 20260116, P, 0, 40, 0.0109, 25.4, -0.2402
20250226, AAOI, 25, 20260116, C, 25, 485, 0.0112, 25.4, 0.7344
20250226, AAOI, 25, 20260116, P, 0, 35, 0.0116, 25.4, -0.2704
20250226, AAOI, 30, 20260116, C, 0, 90, 0.0122, 25.4, 0.6798
20250226, AAOI, 30, 20260116, P, 0, 32, 0.0128, 25.4, -0.3274
20250226, AAOI, 35, 20260116, C, 0, 985, 0.0129, 25.4, 0.6303
20250226, AAOI, 35, 20260116, P, 0, 51, 0.0137, 25.4, -0.3797
20250226, AAOI, 40, 20260116, C, 1, 266, 0.0133, 25.4, 0.5855
20250226, AAOI, 40, 20260116, P, 0, 53, 0.0143, 25.4, -0.4276
20250226, AAOI, 45, 20260116, C, 1, 137, 0.0135, 25.4, 0.545
20250226, AAOI, 45, 20260116, P, 0, 36, 0.0147, 25.4, -0.4713
20250226, AAOI, 50, 20260116, C, 0, 186, 0.0136, 25.4, 0.5084
20250226, AAOI, 50, 20260116, P, 2, 24, 0.015, 25.4, -0.5114
20250226, AAOI, 55, 20260116, C, 0, 117, 0.0136, 25.4, 0.4752
20250226, AAOI, 55, 20260116, P, 0, 0, 0.0152, 25.4, -0.5483
20250226, AAOI, 60, 20260116, C, 35, 155, 0.0135, 25.4, 0.4451
20250226, AAOI, 60, 20260116, P, 0, 20, 0.0154, 25.4, -0.5823
20250226, AAOI, 2.5, 20270115, C, 0, 1, 0.0008, 25.4, 0.9849
20250226, AAOI, 2.5, 20270115, P, 0, 15, 0.0007, 25.4, -0.0111
20250226, AAOI, 5, 20270115, C, 0, 0, 0.0017, 25.4, 0.9646
20250226, AAOI, 5, 20270115, P, 0, 9, 0.0018, 25.4, -0.0313
20250226, AAOI, 7.5, 20270115, C, 0, 7, 0.0027, 25.4, 0.9423
20250226, AAOI, 7.5, 20270115, P, 0, 17, 0.0028, 25.4, -0.0542
20250226, AAOI, 10, 20270115, C, 0, 41, 0.0036, 25.4, 0.9194
20250226, AAOI, 10, 20270115, P, 0, 25, 0.0038, 25.4, -0.0778
20250226, AAOI, 12.5, 20270115, C, 0, 5, 0.0044, 25.4, 0.8966
20250226, AAOI, 12.5, 20270115, P, 0, 41, 0.0046, 25.4, -0.1017
20250226, AAOI, 15, 20270115, C, 0, 27, 0.0051, 25.4, 0.8743
20250226, AAOI, 15, 20270115, P, 1, 53, 0.0054, 25.4, -0.1253
20250226, AAOI, 17.5, 20270115, C, 0, 29, 0.0058, 25.4, 0.8525
20250226, AAOI, 17.5, 20270115, P, 0, 59, 0.0062, 25.4, -0.1485
20250226, AAOI, 20, 20270115, C, 1, 27, 0.0063, 25.4, 0.8315
20250226, AAOI, 20, 20270115, P, 5, 19, 0.0068, 25.4, -0.171
20250226, AAOI, 22.5, 20270115, C, 0, 25, 0.0068, 25.4, 0.8113
20250226, AAOI, 22.5, 20270115, P, 1, 6, 0.0075, 25.4, -0.193
20250226, AAOI, 25, 20270115, C, 5, 25, 0.0073, 25.4, 0.7918
20250226, AAOI, 25, 20270115, P, 1, 7, 0.008, 25.4, -0.2143
20250226, AAOI, 30, 20270115, C, 0, 44, 0.0081, 25.4, 0.7549
20250226, AAOI, 30, 20270115, P, 0, 6, 0.009, 25.4, -0.2551
20250226, AAOI, 35, 20270115, C, 0, 43, 0.0087, 25.4, 0.7208
20250226, AAOI, 35, 20270115, P, 0, 1, 0.0099, 25.4, -0.2936
20250226, AAOI, 40, 20270115, C, 0, 66, 0.0092, 25.4, 0.6892
20250226, AAOI, 40, 20270115, P, 0, 2, 0.0107, 25.4, -0.3299
20250226, AAOI, 45, 20270115, C, 0, 34, 0.0095, 25.4, 0.6599
20250226, AAOI, 45, 20270115, P, 0, 0, 0.0114, 25.4, -0.3644
20250226, AAOI, 50, 20270115, C, 0, 18, 0.0098, 25.4, 0.6326
20250226, AAOI, 50, 20270115, P, 0, 3, 0.012, 25.4, -0.3971
20250226, AAOI, 55, 20270115, C, 0, 34, 0.0101, 25.4, 0.6072
20250226, AAOI, 55, 20270115, P, 0, 4, 0.0126, 25.4, -0.4282
20250226, AAOI, 60, 20270115, C, 0, 108, 0.0102, 25.4, 0.5834
20250226, AAOI, 60, 20270115, P, 0, 0, 0.0131, 25.4, -0.458
20250228, AAOI, 2.5, 20250321, C, 0, 10, 0.0001, 22.11, 0.9995
20250228, AAOI, 2.5, 20250321, P, 0, 13, 0.0001, 22.11, -0.0008
20250228, AAOI, 5, 20250321, C, 0, 26, 0.0006, 22.11, 0.9975
20250228, AAOI, 5, 20250321, P, 0, 212, 0.0006, 22.11, -0.0027
20250228, AAOI, 7.5, 20250321, C, 0, 176, 0.0019, 22.11, 0.9927
20250228, AAOI, 7.5, 20250321, P, 0, 91, 0.0019, 22.11, -0.0076
20250228, AAOI, 10, 20250321, C, 0, 277, 0.0048, 22.11, 0.9814
20250228, AAOI, 10, 20250321, P, 0, 577, 0.0048, 22.11, -0.0189
20250228, AAOI, 12.5, 20250321, C, 5, 1874, 0.0111, 22.11, 0.9562
20250228, AAOI, 12.5, 20250321, P, 0, 1435, 0.0111, 22.11, -0.0442
20250228, AAOI, 15, 20250321, C, 1, 861, 0.022, 22.11, 0.9049
20250228, AAOI, 15, 20250321, P, 1, 993, 0.0221, 22.11, -0.0956
20250228, AAOI, 17.5, 20250321, C, 6, 1157, 0.0368, 22.11, 0.8154
20250228, AAOI, 17.5, 20250321, P, 21, 592, 0.0368, 22.11, -0.1852
20250228, AAOI, 20, 20250321, C, 1046, 937, 0.05, 22.11, 0.6898
20250228, AAOI, 20, 20250321, P, 30, 1100, 0.0501, 22.11, -0.3112
20250228, AAOI, 22.5, 20250321, C, 1098, 903, 0.0561, 22.11, 0.5502
20250228, AAOI, 22.5, 20250321, P, 5, 1144, 0.0563, 22.11, -0.4513
20250228, AAOI, 25, 20250321, C, 69, 1835, 0.0546, 22.11, 0.4222
20250228, AAOI, 25, 20250321, P, 35, 2188, 0.0548, 22.11, -0.5798
20250228, AAOI, 30, 20250321, C, 94, 8598, 0.0412, 22.11, 0.2394
20250228, AAOI, 30, 20250321, P, 10, 1805, 0.0415, 22.11, -0.7637
20250228, AAOI, 35, 20250321, C, 77, 4831, 0.0278, 22.11, 0.1381
20250228, AAOI, 35, 20250321, P, 0, 4318, 0.0282, 22.11, -0.8659
20250228, AAOI, 40, 20250321, C, 8, 6767, 0.0184, 22.11, 0.0832
20250228, AAOI, 40, 20250321, P, 2, 6070, 0.0189, 22.11, -0.9218
20250228, AAOI, 45, 20250321, C, 1, 3682, 0.0124, 22.11, 0.0524
20250228, AAOI, 45, 20250321, P, 0, 57, 0.0129, 22.11, -0.9536
20250228, AAOI, 50, 20250321, C, 4, 6066, 0.0085, 22.11, 0.0343
20250228, AAOI, 50, 20250321, P, 0, 75, 0.0088, 22.11, -0.9723
20250228, AAOI, 55, 20250321, C, 0, 837, 0.006, 22.11, 0.0233
20250228, AAOI, 55, 20250321, P, 0, 7, 0.006, 22.11, -0.9836
20250228, AAOI, 60, 20250321, C, 0, 1045, 0.0043, 22.11, 0.0162
20250228, AAOI, 60, 20250321, P, 0, 2, 0.004, 22.11, -0.9903
20250228, AAOI, 12.5, 20250417, C, 0, 0, 0.0131, 22.11, 0.9275
20250228, AAOI, 12.5, 20250417, P, 3, 0, 0.0131, 22.11, -0.0724
20250228, AAOI, 15, 20250417, C, 2, 2, 0.0214, 22.11, 0.8613
20250228, AAOI, 15, 20250417, P, 0, 10, 0.0215, 22.11, -0.1388
20250228, AAOI, 17.5, 20250417, C, 0, 5, 0.0292, 22.11, 0.7759
20250228, AAOI, 17.5, 20250417, P, 6, 24, 0.0294, 22.11, -0.2246
20250228, AAOI, 20, 20250417, C, 101, 48, 0.035, 22.11, 0.6808
20250228, AAOI, 20, 20250417, P, 22, 12, 0.0352, 22.11, -0.3202
20250228, AAOI, 22.5, 20250417, C, 4, 15, 0.038, 22.11, 0.5853
20250228, AAOI, 22.5, 20250417, P, 2, 16, 0.0383, 22.11, -0.4162
20250228, AAOI, 25, 20250417, C, 1545, 48, 0.0387, 22.11, 0.4963
20250228, AAOI, 25, 20250417, P, 2, 421, 0.039, 22.11, -0.5059
20250228, AAOI, 30, 20250417, C, 71, 65, 0.0353, 22.11, 0.3491
20250228, AAOI, 30, 20250417, P, 0, 232, 0.0358, 22.11, -0.6546
20250228, AAOI, 35, 20250417, C, 14, 94, 0.0294, 22.11, 0.2438
20250228, AAOI, 35, 20250417, P, 0, 181, 0.03, 22.11, -0.7617
20250228, AAOI, 40, 20250417, C, 21, 871, 0.0234, 22.11, 0.1716
20250228, AAOI, 40, 20250417, P, 0, 11, 0.0242, 22.11, -0.8358
20250228, AAOI, 2.5, 20250620, C, 0, 5, 0.0005, 22.11, 0.9982
20250228, AAOI, 2.5, 20250620, P, 0, 11, 0.0005, 22.11, -0.0037
20250228, AAOI, 5, 20250620, C, 0, 2, 0.0019, 22.11, 0.988
20250228, AAOI, 5, 20250620, P, 0, 154, 0.0019, 22.11, -0.014
20250228, AAOI, 7.5, 20250620, C, 0, 51, 0.0046, 22.11, 0.9664
20250228, AAOI, 7.5, 20250620, P, 0, 4, 0.0046, 22.11, -0.0357
20250228, AAOI, 10, 20250620, C, 0, 34, 0.0083, 22.11, 0.9306
20250228, AAOI, 10, 20250620, P, 0, 254, 0.0083, 22.11, -0.0717
20250228, AAOI, 12.5, 20250620, C, 0, 61, 0.0124, 22.11, 0.8821
20250228, AAOI, 12.5, 20250620, P, 0, 119, 0.0125, 22.11, -0.1205
20250228, AAOI, 15, 20250620, C, 0, 38, 0.0163, 22.11, 0.8251
20250228, AAOI, 15, 20250620, P, 0, 168, 0.0164, 22.11, -0.1779
20250228, AAOI, 17.5, 20250620, C, 0, 85, 0.0195, 22.11, 0.7642
20250228, AAOI, 17.5, 20250620, P, 0, 429, 0.0197, 22.11, -0.2394
20250228, AAOI, 20, 20250620, C, 10, 314, 0.0219, 22.11, 0.703
20250228, AAOI, 20, 20250620, P, 4, 690, 0.0221, 22.11, -0.3012
20250228, AAOI, 22.5, 20250620, C, 0, 84, 0.0235, 22.11, 0.6438
20250228, AAOI, 22.5, 20250620, P, 0, 134, 0.0238, 22.11, -0.3612
20250228, AAOI, 25, 20250620, C, 2, 1321, 0.0244, 22.11, 0.5881
20250228, AAOI, 25, 20250620, P, 0, 946, 0.0249, 22.11, -0.4178
20250228, AAOI, 30, 20250620, C, 26, 1381, 0.0249, 22.11, 0.4892
20250228, AAOI, 30, 20250620, P, 4, 1581, 0.0255, 22.11, -0.5186
20250228, AAOI, 35, 20250620, C, 11, 3815, 0.024, 22.11, 0.4072
20250228, AAOI, 35, 20250620, P, 0, 494, 0.0248, 22.11, -0.6029
20250228, AAOI, 40, 20250620, C, 4, 3467, 0.0226, 22.11, 0.3402
20250228, AAOI, 40, 20250620, P, 0, 552, 0.0235, 22.11, -0.6725
20250228, AAOI, 45, 20250620, C, 6, 1746, 0.0208, 22.11, 0.2856
20250228, AAOI, 45, 20250620, P, 0, 357, 0.022, 22.11, -0.7298
20250228, AAOI, 50, 20250620, C, 0, 851, 0.019, 22.11, 0.2411
20250228, AAOI, 50, 20250620, P, 0, 143, 0.0204, 22.11, -0.7772
20250228, AAOI, 55, 20250620, C, 5, 523, 0.0172, 22.11, 0.2047
20250228, AAOI, 55, 20250620, P, 0, 738, 0.0188, 22.11, -0.8167
20250228, AAOI, 60, 20250620, C, 602, 899, 0.0155, 22.11, 0.1747
20250228, AAOI, 60, 20250620, P, 0, 144, 0.0173, 22.11, -0.8498
20250228, AAOI, 12.5, 20250919, C, 0, 1, 0.0106, 22.11, 0.8661
20250228, AAOI, 12.5, 20250919, P, 0, 9, 0.0107, 22.11, -0.1335
20250228, AAOI, 15, 20250919, C, 0, 0, 0.013, 22.11, 0.8187
20250228, AAOI, 15, 20250919, P, 0, 4, 0.0132, 22.11, -0.1815
20250228, AAOI, 17.5, 20250919, C, 0, 4, 0.0149, 22.11, 0.7711
20250228, AAOI, 17.5, 20250919, P, 0, 3, 0.0152, 22.11, -0.2299
20250228, AAOI, 20, 20250919, C, 0, 3, 0.0165, 22.11, 0.7245
20250228, AAOI, 20, 20250919, P, 0, 3, 0.0168, 22.11, -0.2774
20250228, AAOI, 22.5, 20250919, C, 0, 4, 0.0177, 22.11, 0.6798
20250228, AAOI, 22.5, 20250919, P, 0, 4, 0.0181, 22.11, -0.3231
20250228, AAOI, 25, 20250919, C, 2, 404, 0.0185, 22.11, 0.6374
20250228, AAOI, 25, 20250919, P, 0, 3, 0.0191, 22.11, -0.3666
20250228, AAOI, 30, 20250919, C, 35, 191, 0.0195, 22.11, 0.5601
20250228, AAOI, 30, 20250919, P, 0, 10, 0.0202, 22.11, -0.4465
20250228, AAOI, 35, 20250919, C, 5, 129, 0.0197, 22.11, 0.4926
20250228, AAOI, 35, 20250919, P, 0, 0, 0.0207, 22.11, -0.517
20250228, AAOI, 40, 20250919, C, 4, 117, 0.0194, 22.11, 0.4342
20250228, AAOI, 40, 20250919, P, 2, 5, 0.0207, 22.11, -0.5787
20250228, AAOI, 45, 20250919, C, 1, 119, 0.0189, 22.11, 0.3838
20250228, AAOI, 45, 20250919, P, 0, 41, 0.0204, 22.11, -0.6327
20250228, AAOI, 50, 20250919, C, 0, 20, 0.0181, 22.11, 0.3403
20250228, AAOI, 50, 20250919, P, 0, 11, 0.0199, 22.11, -0.6802
20250228, AAOI, 2.5, 20260116, C, 0, 42, 0.0008, 22.11, 0.9906
20250228, AAOI, 2.5, 20260116, P, 0, 103, 0.0008, 22.11, -0.0078
20250228, AAOI, 5, 20260116, C, 0, 94, 0.0026, 22.11, 0.9698
20250228, AAOI, 5, 20260116, P, 0, 181, 0.0026, 22.11, -0.0287
20250228, AAOI, 7.5, 20260116, C, 0, 197, 0.0047, 22.11, 0.9394
20250228, AAOI, 7.5, 20260116, P, 0, 1985, 0.0048, 22.11, -0.0595
20250228, AAOI, 10, 20260116, C, 0, 172, 0.0068, 22.11, 0.9036
20250228, AAOI, 10, 20260116, P, 0, 2277, 0.007, 22.11, -0.0959
20250228, AAOI, 12.5, 20260116, C, 1, 221, 0.0088, 22.11, 0.8652
20250228, AAOI, 12.5, 20260116, P, 0, 464, 0.009, 22.11, -0.135
20250228, AAOI, 15, 20260116, C, 1, 447, 0.0105, 22.11, 0.8263
20250228, AAOI, 15, 20260116, P, 0, 255, 0.0107, 22.11, -0.1749
20250228, AAOI, 17.5, 20260116, C, 0, 145, 0.0119, 22.11, 0.788
20250228, AAOI, 17.5, 20260116, P, 0, 153, 0.0122, 22.11, -0.2143
20250228, AAOI, 20, 20260116, C, 0, 642, 0.013, 22.11, 0.7509
20250228, AAOI, 20, 20260116, P, 0, 864, 0.0135, 22.11, -0.2526
20250228, AAOI, 22.5, 20260116, C, 10, 576, 0.014, 22.11, 0.7154
20250228, AAOI, 22.5, 20260116, P, 0, 40, 0.0145, 22.11, -0.2894
20250228, AAOI, 25, 20260116, C, 0, 510, 0.0147, 22.11, 0.6818
20250228, AAOI, 25, 20260116, P, 0, 35, 0.0154, 22.11, -0.3246
20250228, AAOI, 30, 20260116, C, 6, 90, 0.0157, 22.11, 0.6198
20250228, AAOI, 30, 20260116, P, 0, 32, 0.0167, 22.11, -0.3899
20250228, AAOI, 35, 20260116, C, 0, 985, 0.0162, 22.11, 0.5648
20250228, AAOI, 35, 20260116, P, 0, 51, 0.0175, 22.11, -0.4487
20250228, AAOI, 40, 20260116, C, 0, 266, 0.0164, 22.11, 0.5161
20250228, AAOI, 40, 20260116, P, 0, 53, 0.018, 22.11, -0.5015
20250228, AAOI, 45, 20260116, C, 0, 138, 0.0164, 22.11, 0.4729
20250228, AAOI, 45, 20260116, P, 0, 36, 0.0183, 22.11, -0.5491
20250228, AAOI, 50, 20260116, C, 15, 186, 0.0162, 22.11, 0.4346
20250228, AAOI, 50, 20260116, P, 0, 16, 0.0184, 22.11, -0.5922
20250228, AAOI, 55, 20260116, C, 0, 165, 0.0159, 22.11, 0.4005
20250228, AAOI, 55, 20260116, P, 0, 0, 0.0185, 22.11, -0.6313
20250228, AAOI, 60, 20260116, C, 100, 300, 0.0155, 22.11, 0.3701
20250228, AAOI, 60, 20260116, P, 0, 20, 0.0185, 22.11, -0.6671
20250228, AAOI, 2.5, 20270115, C, 0, 1, 0.001, 22.11, 0.9848
20250228, AAOI, 2.5, 20270115, P, 0, 15, 0.001, 22.11, -0.0131
20250228, AAOI, 5, 20270115, C, 0, 0, 0.0023, 22.11, 0.9614
20250228, AAOI, 5, 20270115, P, 0, 9, 0.0024, 22.11, -0.0371
20250228, AAOI, 7.5, 20270115, C, 0, 7, 0.0036, 22.11, 0.935
20250228, AAOI, 7.5, 20270115, P, 0, 25, 0.0038, 22.11, -0.0644
20250228, AAOI, 10, 20270115, C, 0, 41, 0.0048, 22.11, 0.9079
20250228, AAOI, 10, 20270115, P, 0, 25, 0.0051, 22.11, -0.0926
20250228, AAOI, 12.5, 20270115, C, 0, 5, 0.0059, 22.11, 0.8812
20250228, AAOI, 12.5, 20270115, P, 0, 41, 0.0062, 22.11, -0.1208
20250228, AAOI, 15, 20270115, C, 0, 26, 0.0068, 22.11, 0.8551
20250228, AAOI, 15, 20270115, P, 1, 54, 0.0073, 22.11, -0.1485
20250228, AAOI, 17.5, 20270115, C, 0, 29, 0.0076, 22.11, 0.8299
20250228, AAOI, 17.5, 20270115, P, 0, 59, 0.0082, 22.11, -0.1755
20250228, AAOI, 20, 20270115, C, 10, 27, 0.0083, 22.11, 0.8057
20250228, AAOI, 20, 20270115, P, 1, 16, 0.0091, 22.11, -0.2018
20250228, AAOI, 22.5, 20270115, C, 0, 25, 0.0089, 22.11, 0.7825
20250228, AAOI, 22.5, 20270115, P, 0, 6, 0.0098, 22.11, -0.2272
20250228, AAOI, 25, 20270115, C, 0, 30, 0.0094, 22.11, 0.7603
20250228, AAOI, 25, 20270115, P, 0, 7, 0.0105, 22.11, -0.2517
20250228, AAOI, 30, 20270115, C, 1, 53, 0.0103, 22.11, 0.7187
20250228, AAOI, 30, 20270115, P, 0, 6, 0.0118, 22.11, -0.2984
20250228, AAOI, 35, 20270115, C, 0, 43, 0.011, 22.11, 0.6806
20250228, AAOI, 35, 20270115, P, 0, 1, 0.0128, 22.11, -0.3422
20250228, AAOI, 40, 20270115, C, 0, 66, 0.0115, 22.11, 0.6457
20250228, AAOI, 40, 20270115, P, 0, 2, 0.0138, 22.11, -0.3833
20250228, AAOI, 45, 20270115, C, 0, 34, 0.0118, 22.11, 0.6136
20250228, AAOI, 45, 20270115, P, 0, 0, 0.0146, 22.11, -0.4221
20250228, AAOI, 50, 20270115, C, 0, 18, 0.0121, 22.11, 0.5839
20250228, AAOI, 50, 20270115, P, 0, 3, 0.0153, 22.11, -0.4588
20250228, AAOI, 55, 20270115, C, 0, 34, 0.0123, 22.11, 0.5566
20250228, AAOI, 55, 20270115, P, 0, 4, 0.016, 22.11, -0.4937
20250228, AAOI, 60, 20270115, C, 0, 108, 0.0124, 22.11, 0.5312
20250228, AAOI, 60, 20270115, P, 0, 0, 0.0167, 22.11, -0.5269
