20250131, DAL, 35, 20250207, C, 0, 0, 0.0001, 67.27, 0.9994
20250131, DAL, 35, 20250207, P, 0, 30, 0.0001, 67.27, -0.0006
20250131, DAL, 40, 20250207, C, 1, 1, 0.0003, 67.27, 0.999
20250131, DAL, 40, 20250207, P, 0, 0, 0.0003, 67.27, -0.0009
20250131, DAL, 45, 20250207, C, 1, 4, 0.0005, 67.27, 0.9983
20250131, DAL, 45, 20250207, P, 0, 28, 0.0005, 67.27, -0.0016
20250131, DAL, 48, 20250207, C, 0, 2, 0.0009, 67.27, 0.9976
20250131, DAL, 48, 20250207, P, 0, 10, 0.0009, 67.27, -0.0023
20250131, DAL, 49, 20250207, C, 0, 5, 0.001, 67.27, 0.9973
20250131, DAL, 49, 20250207, P, 0, 145, 0.001, 67.27, -0.0027
20250131, DAL, 50, 20250207, C, 5, 58, 0.0012, 67.27, 0.9968
20250131, DAL, 50, 20250207, P, 0, 63, 0.0012, 67.27, -0.0031
20250131, DAL, 51, 20250207, C, 1, 1, 0.0015, 67.27, 0.9964
20250131, DAL, 51, 20250207, P, 0, 12, 0.0015, 67.27, -0.0036
20250131, DAL, 52, 20250207, C, 1, 2, 0.0018, 67.27, 0.9957
20250131, DAL, 52, 20250207, P, 0, 45, 0.0018, 67.27, -0.0042
20250131, DAL, 53, 20250207, C, 0, 1, 0.0022, 67.27, 0.995
20250131, DAL, 53, 20250207, P, 0, 23, 0.0022, 67.27, -0.005
20250131, DAL, 54, 20250207, C, 0, 5, 0.0028, 67.27, 0.994
20250131, DAL, 54, 20250207, P, 0, 58, 0.0028, 67.27, -0.0059
20250131, DAL, 55, 20250207, C, 14, 49, 0.0035, 67.27, 0.9928
20250131, DAL, 55, 20250207, P, 1, 227, 0.0035, 67.27, -0.0072
20250131, DAL, 56, 20250207, C, 2, 8, 0.0045, 67.27, 0.9911
20250131, DAL, 56, 20250207, P, 0, 43, 0.0045, 67.27, -0.0088
20250131, DAL, 57, 20250207, C, 0, 27, 0.0058, 67.27, 0.989
20250131, DAL, 57, 20250207, P, 0, 105, 0.0058, 67.27, -0.011
20250131, DAL, 58, 20250207, C, 0, 134, 0.0076, 67.27, 0.9859
20250131, DAL, 58, 20250207, P, 62, 120, 0.0077, 67.27, -0.014
20250131, DAL, 59, 20250207, C, 0, 19, 0.0104, 67.27, 0.9816
20250131, DAL, 59, 20250207, P, 26, 116, 0.0104, 67.27, -0.0184
20250131, DAL, 60, 20250207, C, 1, 62, 0.0144, 67.27, 0.9751
20250131, DAL, 60, 20250207, P, 23, 8538, 0.0145, 67.27, -0.0249
20250131, DAL, 61, 20250207, C, 0, 38, 0.0208, 67.27, 0.9648
20250131, DAL, 61, 20250207, P, 44, 333, 0.0208, 67.27, -0.0352
20250131, DAL, 62, 20250207, C, 0, 155, 0.0309, 67.27, 0.947
20250131, DAL, 62, 20250207, P, 144, 932, 0.0311, 67.27, -0.0531
20250131, DAL, 63, 20250207, C, 22, 242, 0.047, 67.27, 0.9147
20250131, DAL, 63, 20250207, P, 44, 2306, 0.0472, 67.27, -0.0856
20250131, DAL, 64, 20250207, C, 85, 136, 0.069, 67.27, 0.8584
20250131, DAL, 64, 20250207, P, 27, 413, 0.0695, 67.27, -0.1423
20250131, DAL, 65, 20250207, C, 15, 334, 0.0931, 67.27, 0.7768
20250131, DAL, 65, 20250207, P, 435, 889, 0.0938, 67.27, -0.2243
20250131, DAL, 66, 20250207, C, 68, 183, 0.1149, 67.27, 0.6737
20250131, DAL, 66, 20250207, P, 201, 407, 0.1159, 67.27, -0.3283
20250131, DAL, 67, 20250207, C, 418, 1366, 0.1288, 67.27, 0.5519
20250131, DAL, 67, 20250207, P, 308, 323, 0.13, 67.27, -0.4513
20250131, DAL, 68, 20250207, C, 2273, 2381, 0.1289, 67.27, 0.4222
20250131, DAL, 68, 20250207, P, 297, 402, 0.1301, 67.27, -0.5821
20250131, DAL, 69, 20250207, C, 592, 2038, 0.1152, 67.27, 0.3011
20250131, DAL, 69, 20250207, P, 105, 194, 0.1164, 67.27, -0.7047
20250131, DAL, 70, 20250207, C, 238, 505, 0.0927, 67.27, 0.1992
20250131, DAL, 70, 20250207, P, 5, 20, 0.0938, 67.27, -0.8077
20250131, DAL, 71, 20250207, C, 235, 487, 0.0674, 67.27, 0.1225
20250131, DAL, 71, 20250207, P, 1, 16, 0.068, 67.27, -0.8853
20250131, DAL, 72, 20250207, C, 110, 247, 0.0453, 67.27, 0.0726
20250131, DAL, 72, 20250207, P, 9, 14, 0.045, 67.27, -0.9352
20250131, DAL, 73, 20250207, C, 28, 594, 0.0299, 67.27, 0.045
20250131, DAL, 73, 20250207, P, 4, 2, 0.029, 67.27, -0.9622
20250131, DAL, 74, 20250207, C, 3, 142, 0.0208, 67.27, 0.0312
20250131, DAL, 74, 20250207, P, 0, 8, 0.0197, 67.27, -0.975
20250131, DAL, 75, 20250207, C, 10, 86, 0.0156, 67.27, 0.0242
20250131, DAL, 75, 20250207, P, 10, 12, 0.0145, 67.27, -0.9813
20250131, DAL, 76, 20250207, C, 0, 24, 0.0123, 67.27, 0.02
20250131, DAL, 76, 20250207, P, 4, 2, 0.0112, 67.27, -0.9849
20250131, DAL, 77, 20250207, C, 0, 0, 0.01, 67.27, 0.017
20250131, DAL, 77, 20250207, P, 0, 0, 0.009, 67.27, -0.9873
20250131, DAL, 78, 20250207, C, 0, 0, 0.0083, 67.27, 0.0148
20250131, DAL, 78, 20250207, P, 0, 0, 0.0074, 67.27, -0.9892
20250131, DAL, 79, 20250207, C, 0, 0, 0.007, 67.27, 0.0129
20250131, DAL, 79, 20250207, P, 0, 0, 0.0062, 67.27, -0.9907
20250131, DAL, 80, 20250207, C, 0, 0, 0.0059, 67.27, 0.0114
20250131, DAL, 80, 20250207, P, 0, 3, 0.0052, 67.27, -0.9919
20250131, DAL, 85, 20250207, C, 0, 1, 0.003, 67.27, 0.0066
20250131, DAL, 85, 20250207, P, 0, 0, 0.0024, 67.27, -0.9956
20250131, DAL, 90, 20250207, C, 0, 10, 0.0017, 67.27, 0.0043
20250131, DAL, 90, 20250207, P, 0, 0, 0.0014, 67.27, -0.9973
20250131, DAL, 95, 20250207, C, 0, 0, 0.0011, 67.27, 0.003
20250131, DAL, 95, 20250207, P, 0, 0, 0.0008, 67.27, -0.9983
20250131, DAL, 35, 20250214, C, 0, 0, 0.0003, 67.27, 0.9987
20250131, DAL, 35, 20250214, P, 0, 0, 0.0003, 67.27, -0.0012
20250131, DAL, 40, 20250214, C, 2, 2, 0.0005, 67.27, 0.9979
20250131, DAL, 40, 20250214, P, 0, 0, 0.0005, 67.27, -0.002
20250131, DAL, 45, 20250214, C, 0, 4, 0.001, 67.27, 0.9963
20250131, DAL, 45, 20250214, P, 0, 0, 0.001, 67.27, -0.0036
20250131, DAL, 48, 20250214, C, 0, 0, 0.0016, 67.27, 0.9947
20250131, DAL, 48, 20250214, P, 0, 4, 0.0016, 67.27, -0.0053
20250131, DAL, 49, 20250214, C, 0, 8, 0.0019, 67.27, 0.9939
20250131, DAL, 49, 20250214, P, 0, 0, 0.002, 67.27, -0.006
20250131, DAL, 50, 20250214, C, 0, 11, 0.0023, 67.27, 0.9929
20250131, DAL, 50, 20250214, P, 0, 5, 0.0023, 67.27, -0.007
20250131, DAL, 51, 20250214, C, 0, 1, 0.0028, 67.27, 0.9918
20250131, DAL, 51, 20250214, P, 0, 1, 0.0028, 67.27, -0.0081
20250131, DAL, 52, 20250214, C, 0, 0, 0.0033, 67.27, 0.9904
20250131, DAL, 52, 20250214, P, 0, 1, 0.0034, 67.27, -0.0096
20250131, DAL, 53, 20250214, C, 0, 5, 0.0041, 67.27, 0.9886
20250131, DAL, 53, 20250214, P, 0, 0, 0.0041, 67.27, -0.0114
20250131, DAL, 54, 20250214, C, 0, 0, 0.005, 67.27, 0.9864
20250131, DAL, 54, 20250214, P, 0, 11, 0.005, 67.27, -0.0136
20250131, DAL, 55, 20250214, C, 0, 4, 0.0062, 67.27, 0.9835
20250131, DAL, 55, 20250214, P, 1, 5, 0.0063, 67.27, -0.0165
20250131, DAL, 56, 20250214, C, 0, 0, 0.0078, 67.27, 0.9797
20250131, DAL, 56, 20250214, P, 1, 11, 0.0079, 67.27, -0.0204
20250131, DAL, 57, 20250214, C, 0, 20, 0.01, 67.27, 0.9745
20250131, DAL, 57, 20250214, P, 26, 143, 0.0101, 67.27, -0.0256
20250131, DAL, 58, 20250214, C, 0, 21, 0.013, 67.27, 0.9674
20250131, DAL, 58, 20250214, P, 9, 66, 0.0131, 67.27, -0.0327
20250131, DAL, 59, 20250214, C, 0, 12, 0.017, 67.27, 0.9573
20250131, DAL, 59, 20250214, P, 5, 60, 0.0172, 67.27, -0.0429
20250131, DAL, 60, 20250214, C, 0, 37, 0.0226, 67.27, 0.9425
20250131, DAL, 60, 20250214, P, 30, 409, 0.0229, 67.27, -0.0579
20250131, DAL, 61, 20250214, C, 2, 55, 0.0303, 67.27, 0.9204
20250131, DAL, 61, 20250214, P, 36, 47, 0.0306, 67.27, -0.0803
20250131, DAL, 62, 20250214, C, 2, 262, 0.0401, 67.27, 0.8878
20250131, DAL, 62, 20250214, P, 11, 155, 0.0405, 67.27, -0.1133
20250131, DAL, 63, 20250214, C, 4, 233, 0.0515, 67.27, 0.8429
20250131, DAL, 63, 20250214, P, 3, 291, 0.0521, 67.27, -0.1588
20250131, DAL, 64, 20250214, C, 79, 141, 0.0636, 67.27, 0.7855
20250131, DAL, 64, 20250214, P, 38, 221, 0.0642, 67.27, -0.2163
20250131, DAL, 65, 20250214, C, 2, 242, 0.075, 67.27, 0.7165
20250131, DAL, 65, 20250214, P, 15, 268, 0.0758, 67.27, -0.2859
20250131, DAL, 66, 20250214, C, 44, 100, 0.0846, 67.27, 0.6368
20250131, DAL, 66, 20250214, P, 10, 61, 0.0855, 67.27, -0.3665
20250131, DAL, 67, 20250214, C, 92, 234, 0.0905, 67.27, 0.5491
20250131, DAL, 67, 20250214, P, 61, 284, 0.0916, 67.27, -0.4552
20250131, DAL, 68, 20250214, C, 29, 253, 0.0917, 67.27, 0.458
20250131, DAL, 68, 20250214, P, 39, 100, 0.0928, 67.27, -0.5475
20250131, DAL, 69, 20250214, C, 9, 161, 0.0878, 67.27, 0.3689
20250131, DAL, 69, 20250214, P, 7, 197, 0.0891, 67.27, -0.6379
20250131, DAL, 70, 20250214, C, 82, 596, 0.0796, 67.27, 0.2868
20250131, DAL, 70, 20250214, P, 0, 179, 0.0811, 67.27, -0.7214
20250131, DAL, 71, 20250214, C, 55, 37, 0.0686, 67.27, 0.2151
20250131, DAL, 71, 20250214, P, 1, 7, 0.0702, 67.27, -0.7946
20250131, DAL, 72, 20250214, C, 8, 86, 0.0562, 67.27, 0.1561
20250131, DAL, 72, 20250214, P, 0, 0, 0.0579, 67.27, -0.8553
20250131, DAL, 73, 20250214, C, 0, 56, 0.044, 67.27, 0.1102
20250131, DAL, 73, 20250214, P, 0, 1, 0.0457, 67.27, -0.9022
20250131, DAL, 74, 20250214, C, 63, 69, 0.0335, 67.27, 0.0776
20250131, DAL, 74, 20250214, P, 0, 0, 0.0346, 67.27, -0.9358
20250131, DAL, 75, 20250214, C, 11, 105, 0.0254, 67.27, 0.0558
20250131, DAL, 75, 20250214, P, 0, 30, 0.0256, 67.27, -0.9578
20250131, DAL, 76, 20250214, C, 5, 105, 0.0195, 67.27, 0.0419
20250131, DAL, 76, 20250214, P, 0, 0, 0.0189, 67.27, -0.9712
20250131, DAL, 77, 20250214, C, 14, 47, 0.0154, 67.27, 0.0332
20250131, DAL, 77, 20250214, P, 1, 1, 0.0143, 67.27, -0.979
20250131, DAL, 78, 20250214, C, 0, 6, 0.0126, 67.27, 0.0276
20250131, DAL, 78, 20250214, P, 0, 0, 0.0112, 67.27, -0.9837
20250131, DAL, 79, 20250214, C, 0, 0, 0.0105, 67.27, 0.0237
20250131, DAL, 79, 20250214, P, 1, 1, 0.0091, 67.27, -0.9868
20250131, DAL, 80, 20250214, C, 2, 34, 0.009, 67.27, 0.0209
20250131, DAL, 80, 20250214, P, 0, 0, 0.0075, 67.27, -0.9888
20250131, DAL, 85, 20250214, C, 0, 30, 0.0047, 67.27, 0.0126
20250131, DAL, 85, 20250214, P, 0, 0, 0.0035, 67.27, -0.9945
20250131, DAL, 90, 20250214, C, 0, 0, 0.0028, 67.27, 0.0084
20250131, DAL, 90, 20250214, P, 1, 1, 0.0018, 67.27, -0.9969
20250131, DAL, 95, 20250214, C, 0, 0, 0.0019, 67.27, 0.0059
20250131, DAL, 95, 20250214, P, 0, 0, 0.001, 67.27, -0.9982
20250131, DAL, 35, 20250221, C, 0, 5, 0.0004, 67.27, 0.9985
20250131, DAL, 35, 20250221, P, 0, 3, 0.0004, 67.27, -0.0023
20250131, DAL, 40, 20250221, C, 0, 30, 0.0008, 67.27, 0.9972
20250131, DAL, 40, 20250221, P, 0, 100, 0.0008, 67.27, -0.0038
20250131, DAL, 45, 20250221, C, 0, 112, 0.0015, 67.27, 0.9947
20250131, DAL, 45, 20250221, P, 0, 388, 0.0016, 67.27, -0.0066
20250131, DAL, 50, 20250221, C, 1, 74, 0.0033, 67.27, 0.9893
20250131, DAL, 50, 20250221, P, 19, 5389, 0.0035, 67.27, -0.0126
20250131, DAL, 52.5, 20250221, C, 0, 82, 0.0051, 67.27, 0.9839
20250131, DAL, 52.5, 20250221, P, 5, 1154, 0.0055, 67.27, -0.0185
20250131, DAL, 54, 20250221, C, 0, 0, 0.0068, 67.27, 0.979
20250131, DAL, 54, 20250221, P, 0, 3, 0.0073, 67.27, -0.0239
20250131, DAL, 55, 20250221, C, 1, 318, 0.0083, 67.27, 0.9745
20250131, DAL, 55, 20250221, P, 21, 1472, 0.0089, 67.27, -0.0287
20250131, DAL, 56, 20250221, C, 0, 0, 0.0103, 67.27, 0.9688
20250131, DAL, 56, 20250221, P, 12, 17, 0.011, 67.27, -0.0349
20250131, DAL, 57, 20250221, C, 0, 0, 0.0129, 67.27, 0.9611
20250131, DAL, 57, 20250221, P, 2, 45, 0.0136, 67.27, -0.043
20250131, DAL, 57.5, 20250221, C, 1, 835, 0.0144, 67.27, 0.9564
20250131, DAL, 57.5, 20250221, P, 36, 3455, 0.0153, 67.27, -0.0481
20250131, DAL, 58, 20250221, C, 0, 1, 0.0162, 67.27, 0.951
20250131, DAL, 58, 20250221, P, 0, 8, 0.0171, 67.27, -0.0539
20250131, DAL, 59, 20250221, C, 0, 0, 0.0206, 67.27, 0.9369
20250131, DAL, 59, 20250221, P, 0, 16, 0.0216, 67.27, -0.0687
20250131, DAL, 60, 20250221, C, 85, 10522, 0.0261, 67.27, 0.9176
20250131, DAL, 60, 20250221, P, 60, 4497, 0.0272, 67.27, -0.0889
20250131, DAL, 61, 20250221, C, 1, 8, 0.033, 67.27, 0.8912
20250131, DAL, 61, 20250221, P, 4, 69, 0.0341, 67.27, -0.1162
20250131, DAL, 62, 20250221, C, 0, 11, 0.041, 67.27, 0.8561
20250131, DAL, 62, 20250221, P, 22, 500, 0.0421, 67.27, -0.1527
20250131, DAL, 62.5, 20250221, C, 42, 6755, 0.0453, 67.27, 0.835
20250131, DAL, 62.5, 20250221, P, 27, 3522, 0.0463, 67.27, -0.1739
20250131, DAL, 63, 20250221, C, 2, 8, 0.0497, 67.27, 0.8117
20250131, DAL, 63, 20250221, P, 2, 176, 0.0506, 67.27, -0.1977
20250131, DAL, 64, 20250221, C, 0, 22, 0.0585, 67.27, 0.7581
20250131, DAL, 64, 20250221, P, 14, 294, 0.0591, 67.27, -0.252
20250131, DAL, 65, 20250221, C, 1308, 8259, 0.0666, 67.27, 0.696
20250131, DAL, 65, 20250221, P, 83, 12532, 0.067, 67.27, -0.3147
20250131, DAL, 66, 20250221, C, 1257, 1496, 0.0732, 67.27, 0.6261
20250131, DAL, 66, 20250221, P, 10, 85, 0.0732, 67.27, -0.3847
20250131, DAL, 67, 20250221, C, 16, 167, 0.0774, 67.27, 0.5507
20250131, DAL, 67, 20250221, P, 26, 170, 0.0771, 67.27, -0.46
20250131, DAL, 67.5, 20250221, C, 46, 7100, 0.0784, 67.27, 0.5118
20250131, DAL, 67.5, 20250221, P, 24, 2895, 0.0778, 67.27, -0.4986
20250131, DAL, 68, 20250221, C, 18, 475, 0.0785, 67.27, 0.4728
20250131, DAL, 68, 20250221, P, 14, 1048, 0.0778, 67.27, -0.5373
20250131, DAL, 69, 20250221, C, 27, 1407, 0.0764, 67.27, 0.3963
20250131, DAL, 69, 20250221, P, 8, 340, 0.0754, 67.27, -0.6131
20250131, DAL, 70, 20250221, C, 279, 16194, 0.0714, 67.27, 0.3244
20250131, DAL, 70, 20250221, P, 320, 939, 0.0703, 67.27, -0.6839
20250131, DAL, 71, 20250221, C, 0, 615, 0.0643, 67.27, 0.2596
20250131, DAL, 71, 20250221, P, 1, 1771, 0.0633, 67.27, -0.7476
20250131, DAL, 72, 20250221, C, 18, 98, 0.056, 67.27, 0.2033
20250131, DAL, 72, 20250221, P, 0, 131, 0.0552, 67.27, -0.8031
20250131, DAL, 72.5, 20250221, C, 74, 3160, 0.0515, 67.27, 0.178
20250131, DAL, 72.5, 20250221, P, 3, 161, 0.0512, 67.27, -0.8276
20250131, DAL, 73, 20250221, C, 11, 219, 0.0471, 67.27, 0.1555
20250131, DAL, 73, 20250221, P, 0, 9, 0.0471, 67.27, -0.85
20250131, DAL, 74, 20250221, C, 0, 103, 0.0386, 67.27, 0.1171
20250131, DAL, 74, 20250221, P, 0, 0, 0.0396, 67.27, -0.889
20250131, DAL, 75, 20250221, C, 111, 2341, 0.0309, 67.27, 0.087
20250131, DAL, 75, 20250221, P, 0, 400, 0.0328, 67.27, -0.9205
20250131, DAL, 76, 20250221, C, 0, 127, 0.0243, 67.27, 0.0643
20250131, DAL, 76, 20250221, P, 0, 0, 0.0266, 67.27, -0.945
20250131, DAL, 77, 20250221, C, 2, 15, 0.019, 67.27, 0.0479
20250131, DAL, 77, 20250221, P, 1, 1, 0.0208, 67.27, -0.9633
20250131, DAL, 78, 20250221, C, 0, 0, 0.0149, 67.27, 0.0363
20250131, DAL, 78, 20250221, P, 0, 3, 0.0157, 67.27, -0.9757
20250131, DAL, 80, 20250221, C, 3, 10780, 0.0097, 67.27, 0.0232
20250131, DAL, 80, 20250221, P, 0, 1, 0.0087, 67.27, -0.9887
20250131, DAL, 85, 20250221, C, 0, 129, 0.0046, 67.27, 0.012
20250131, DAL, 85, 20250221, P, 0, 1, 0.0027, 67.27, -0.9968
20250131, DAL, 90, 20250221, C, 0, 51, 0.0027, 67.27, 0.0078
20250131, DAL, 90, 20250221, P, 0, 0, 0.0011, 67.27, -0.9987
20250131, DAL, 95, 20250221, C, 0, 29, 0.0017, 67.27, 0.0054
20250131, DAL, 95, 20250221, P, 0, 0, 0.0004, 67.27, -0.9995
20250131, DAL, 35, 20250228, C, 0, 0, 0.0006, 67.27, 0.9968
20250131, DAL, 35, 20250228, P, 0, 1, 0.0007, 67.27, -0.0044
20250131, DAL, 40, 20250228, C, 0, 0, 0.0011, 67.27, 0.9948
20250131, DAL, 40, 20250228, P, 0, 0, 0.0013, 67.27, -0.0067
20250131, DAL, 45, 20250228, C, 0, 0, 0.0021, 67.27, 0.9912
20250131, DAL, 45, 20250228, P, 0, 0, 0.0023, 67.27, -0.0107
20250131, DAL, 49, 20250228, C, 0, 0, 0.0037, 67.27, 0.9857
20250131, DAL, 49, 20250228, P, 0, 0, 0.004, 67.27, -0.0167
20250131, DAL, 50, 20250228, C, 0, 3, 0.0043, 67.27, 0.9836
20250131, DAL, 50, 20250228, P, 0, 0, 0.0046, 67.27, -0.0189
20250131, DAL, 51, 20250228, C, 0, 0, 0.0051, 67.27, 0.9812
20250131, DAL, 51, 20250228, P, 0, 0, 0.0054, 67.27, -0.0215
20250131, DAL, 52, 20250228, C, 0, 0, 0.006, 67.27, 0.9783
20250131, DAL, 52, 20250228, P, 0, 1, 0.0063, 67.27, -0.0246
20250131, DAL, 53, 20250228, C, 0, 0, 0.0071, 67.27, 0.9746
20250131, DAL, 53, 20250228, P, 0, 1, 0.0074, 67.27, -0.0285
20250131, DAL, 54, 20250228, C, 0, 3, 0.0085, 67.27, 0.9701
20250131, DAL, 54, 20250228, P, 0, 3, 0.0088, 67.27, -0.0332
20250131, DAL, 55, 20250228, C, 0, 3, 0.0102, 67.27, 0.9644
20250131, DAL, 55, 20250228, P, 18, 40, 0.0106, 67.27, -0.0392
20250131, DAL, 56, 20250228, C, 0, 0, 0.0124, 67.27, 0.9571
20250131, DAL, 56, 20250228, P, 21, 47, 0.0128, 67.27, -0.0468
20250131, DAL, 57, 20250228, C, 0, 10, 0.0152, 67.27, 0.9475
20250131, DAL, 57, 20250228, P, 3, 34, 0.0156, 67.27, -0.0567
20250131, DAL, 58, 20250228, C, 0, 0, 0.0186, 67.27, 0.9347
20250131, DAL, 58, 20250228, P, 1, 19, 0.019, 67.27, -0.0698
20250131, DAL, 59, 20250228, C, 0, 68, 0.023, 67.27, 0.9174
20250131, DAL, 59, 20250228, P, 0, 11, 0.0234, 67.27, -0.0874
20250131, DAL, 60, 20250228, C, 2, 26, 0.0283, 67.27, 0.8942
20250131, DAL, 60, 20250228, P, 14, 56, 0.0287, 67.27, -0.111
20250131, DAL, 61, 20250228, C, 0, 17, 0.0344, 67.27, 0.8638
20250131, DAL, 61, 20250228, P, 2, 316, 0.0347, 67.27, -0.1417
20250131, DAL, 62, 20250228, C, 0, 31, 0.0409, 67.27, 0.8259
20250131, DAL, 62, 20250228, P, 2, 16, 0.0412, 67.27, -0.1798
20250131, DAL, 63, 20250228, C, 0, 3, 0.0475, 67.27, 0.781
20250131, DAL, 63, 20250228, P, 3, 45, 0.0477, 67.27, -0.2244
20250131, DAL, 64, 20250228, C, 0, 374, 0.0537, 67.27, 0.7297
20250131, DAL, 64, 20250228, P, 70, 89, 0.0539, 67.27, -0.2759
20250131, DAL, 65, 20250228, C, 5, 22, 0.0591, 67.27, 0.6728
20250131, DAL, 65, 20250228, P, 119, 266, 0.0594, 67.27, -0.3331
20250131, DAL, 66, 20250228, C, 10, 16, 0.0634, 67.27, 0.6112
20250131, DAL, 66, 20250228, P, 2, 42, 0.0638, 67.27, -0.395
20250131, DAL, 67, 20250228, C, 3, 113, 0.0662, 67.27, 0.5462
20250131, DAL, 67, 20250228, P, 11, 27, 0.0666, 67.27, -0.4604
20250131, DAL, 68, 20250228, C, 113, 210, 0.067, 67.27, 0.4797
20250131, DAL, 68, 20250228, P, 2, 132, 0.0674, 67.27, -0.5273
20250131, DAL, 69, 20250228, C, 64, 84, 0.066, 67.27, 0.4138
20250131, DAL, 69, 20250228, P, 0, 7, 0.0663, 67.27, -0.5935
20250131, DAL, 70, 20250228, C, 3, 77, 0.0631, 67.27, 0.3505
20250131, DAL, 70, 20250228, P, 1, 2, 0.0634, 67.27, -0.6571
20250131, DAL, 71, 20250228, C, 0, 45, 0.0586, 67.27, 0.2917
20250131, DAL, 71, 20250228, P, 0, 10, 0.0588, 67.27, -0.7162
20250131, DAL, 72, 20250228, C, 29, 87, 0.053, 67.27, 0.2385
20250131, DAL, 72, 20250228, P, 0, 0, 0.053, 67.27, -0.7693
20250131, DAL, 73, 20250228, C, 76, 142, 0.0467, 67.27, 0.1916
20250131, DAL, 73, 20250228, P, 0, 1, 0.0466, 67.27, -0.8158
20250131, DAL, 74, 20250228, C, 20, 21, 0.0402, 67.27, 0.1522
20250131, DAL, 74, 20250228, P, 0, 0, 0.0401, 67.27, -0.8551
20250131, DAL, 75, 20250228, C, 0, 27, 0.034, 67.27, 0.12
20250131, DAL, 75, 20250228, P, 1, 3, 0.0341, 67.27, -0.8874
20250131, DAL, 76, 20250228, C, 0, 14, 0.0283, 67.27, 0.0943
20250131, DAL, 76, 20250228, P, 0, 0, 0.0289, 67.27, -0.9133
20250131, DAL, 77, 20250228, C, 0, 0, 0.0235, 67.27, 0.0749
20250131, DAL, 77, 20250228, P, 0, 0, 0.0247, 67.27, -0.9338
20250131, DAL, 78, 20250228, C, 0, 0, 0.0194, 67.27, 0.06
20250131, DAL, 78, 20250228, P, 0, 0, 0.021, 67.27, -0.9496
20250131, DAL, 79, 20250228, C, 0, 0, 0.0162, 67.27, 0.0494
20250131, DAL, 79, 20250228, P, 0, 0, 0.0179, 67.27, -0.9612
20250131, DAL, 80, 20250228, C, 0, 30, 0.0137, 67.27, 0.0415
20250131, DAL, 80, 20250228, P, 0, 0, 0.015, 67.27, -0.9697
20250131, DAL, 85, 20250228, C, 0, 32, 0.0073, 67.27, 0.0238
20250131, DAL, 85, 20250228, P, 0, 0, 0.007, 67.27, -0.9877
20250131, DAL, 90, 20250228, C, 0, 0, 0.0047, 67.27, 0.0168
20250131, DAL, 90, 20250228, P, 0, 0, 0.0038, 67.27, -0.9936
20250131, DAL, 35, 20250307, C, 0, 0, 0.0009, 67.27, 0.9946
20250131, DAL, 35, 20250307, P, 0, 0, 0.001, 67.27, -0.0068
20250131, DAL, 40, 20250307, C, 0, 0, 0.0016, 67.27, 0.9916
20250131, DAL, 40, 20250307, P, 0, 0, 0.0017, 67.27, -0.01
20250131, DAL, 45, 20250307, C, 0, 0, 0.0028, 67.27, 0.9862
20250131, DAL, 45, 20250307, P, 0, 0, 0.0029, 67.27, -0.0154
20250131, DAL, 50, 20250307, C, 0, 0, 0.0055, 67.27, 0.9757
20250131, DAL, 50, 20250307, P, 0, 0, 0.0056, 67.27, -0.0259
20250131, DAL, 55, 20250307, C, 0, 0, 0.012, 67.27, 0.9505
20250131, DAL, 55, 20250307, P, 0, 0, 0.012, 67.27, -0.0508
20250131, DAL, 56, 20250307, C, 0, 0, 0.0142, 67.27, 0.9414
20250131, DAL, 56, 20250307, P, 0, 0, 0.0143, 67.27, -0.0599
20250131, DAL, 57, 20250307, C, 0, 6, 0.017, 67.27, 0.9297
20250131, DAL, 57, 20250307, P, 0, 0, 0.0171, 67.27, -0.0716
20250131, DAL, 58, 20250307, C, 0, 73, 0.0203, 67.27, 0.9145
20250131, DAL, 58, 20250307, P, 0, 6, 0.0204, 67.27, -0.0868
20250131, DAL, 59, 20250307, C, 0, 13, 0.0243, 67.27, 0.8948
20250131, DAL, 59, 20250307, P, 0, 7, 0.0245, 67.27, -0.1066
20250131, DAL, 60, 20250307, C, 2, 32, 0.0289, 67.27, 0.8696
20250131, DAL, 60, 20250307, P, 0, 1, 0.0292, 67.27, -0.1322
20250131, DAL, 61, 20250307, C, 0, 1, 0.0339, 67.27, 0.8384
20250131, DAL, 61, 20250307, P, 0, 9, 0.0343, 67.27, -0.1639
20250131, DAL, 62, 20250307, C, 0, 6, 0.0391, 67.27, 0.8014
20250131, DAL, 62, 20250307, P, 1, 10, 0.0396, 67.27, -0.201
20250131, DAL, 63, 20250307, C, 0, 0, 0.0442, 67.27, 0.759
20250131, DAL, 63, 20250307, P, 0, 44, 0.0448, 67.27, -0.2439
20250131, DAL, 64, 20250307, C, 0, 0, 0.049, 67.27, 0.7117
20250131, DAL, 64, 20250307, P, 0, 2, 0.0496, 67.27, -0.2919
20250131, DAL, 65, 20250307, C, 0, 3, 0.0531, 67.27, 0.6601
20250131, DAL, 65, 20250307, P, 0, 18, 0.0539, 67.27, -0.3442
20250131, DAL, 66, 20250307, C, 0, 5, 0.0564, 67.27, 0.605
20250131, DAL, 66, 20250307, P, 4, 10, 0.0572, 67.27, -0.4002
20250131, DAL, 67, 20250307, C, 0, 0, 0.0585, 67.27, 0.5473
20250131, DAL, 67, 20250307, P, 0, 1, 0.0595, 67.27, -0.4588
20250131, DAL, 68, 20250307, C, 1, 31, 0.0594, 67.27, 0.4886
20250131, DAL, 68, 20250307, P, 3, 1, 0.0604, 67.27, -0.5185
20250131, DAL, 69, 20250307, C, 2, 5, 0.0589, 67.27, 0.4301
20250131, DAL, 69, 20250307, P, 0, 2, 0.0599, 67.27, -0.578
20250131, DAL, 70, 20250307, C, 12, 36, 0.0571, 67.27, 0.3734
20250131, DAL, 70, 20250307, P, 0, 0, 0.058, 67.27, -0.6357
20250131, DAL, 71, 20250307, C, 0, 1, 0.0541, 67.27, 0.3199
20250131, DAL, 71, 20250307, P, 0, 0, 0.0549, 67.27, -0.6901
20250131, DAL, 72, 20250307, C, 0, 1, 0.0501, 67.27, 0.2705
20250131, DAL, 72, 20250307, P, 0, 0, 0.0508, 67.27, -0.7402
20250131, DAL, 73, 20250307, C, 2, 3, 0.0456, 67.27, 0.226
20250131, DAL, 73, 20250307, P, 0, 0, 0.046, 67.27, -0.7852
20250131, DAL, 74, 20250307, C, 0, 30, 0.0407, 67.27, 0.1869
20250131, DAL, 74, 20250307, P, 0, 0, 0.0408, 67.27, -0.8245
20250131, DAL, 75, 20250307, C, 1, 4, 0.0357, 67.27, 0.1534
20250131, DAL, 75, 20250307, P, 0, 0, 0.0356, 67.27, -0.858
20250131, DAL, 76, 20250307, C, 0, 97, 0.0309, 67.27, 0.1254
20250131, DAL, 76, 20250307, P, 0, 0, 0.0308, 67.27, -0.8859
20250131, DAL, 77, 20250307, C, 0, 0, 0.0265, 67.27, 0.1027
20250131, DAL, 77, 20250307, P, 0, 0, 0.0266, 67.27, -0.9084
20250131, DAL, 78, 20250307, C, 0, 0, 0.0226, 67.27, 0.0844
20250131, DAL, 78, 20250307, P, 0, 0, 0.0232, 67.27, -0.927
20250131, DAL, 79, 20250307, C, 0, 2, 0.0193, 67.27, 0.0702
20250131, DAL, 79, 20250307, P, 0, 0, 0.0203, 67.27, -0.9416
20250131, DAL, 80, 20250307, C, 0, 30, 0.0166, 67.27, 0.0593
20250131, DAL, 80, 20250307, P, 0, 0, 0.0178, 67.27, -0.9532
20250131, DAL, 85, 20250307, C, 0, 30, 0.009, 67.27, 0.0332
20250131, DAL, 85, 20250307, P, 0, 0, 0.0095, 67.27, -0.9807
20250131, DAL, 90, 20250307, C, 0, 0, 0.0059, 67.27, 0.0238
20250131, DAL, 90, 20250307, P, 0, 0, 0.0055, 67.27, -0.9895
20250131, DAL, 35, 20250314, C, 0, 0, 0.0011, 67.27, 0.9932
20250131, DAL, 35, 20250314, P, 0, 0, 0.0011, 67.27, -0.0078
20250131, DAL, 40, 20250314, C, 0, 0, 0.0018, 67.27, 0.9892
20250131, DAL, 40, 20250314, P, 0, 0, 0.0018, 67.27, -0.0115
20250131, DAL, 45, 20250314, C, 0, 0, 0.0032, 67.27, 0.9828
20250131, DAL, 45, 20250314, P, 0, 0, 0.0032, 67.27, -0.0179
20250131, DAL, 50, 20250314, C, 0, 0, 0.0061, 67.27, 0.9704
20250131, DAL, 50, 20250314, P, 0, 0, 0.0061, 67.27, -0.0304
20250131, DAL, 55, 20250314, C, 0, 0, 0.0129, 67.27, 0.9403
20250131, DAL, 55, 20250314, P, 0, 0, 0.013, 67.27, -0.0608
20250131, DAL, 56, 20250314, C, 0, 0, 0.0152, 67.27, 0.9292
20250131, DAL, 56, 20250314, P, 0, 0, 0.0154, 67.27, -0.0721
20250131, DAL, 57, 20250314, C, 22, 22, 0.018, 67.27, 0.9151
20250131, DAL, 57, 20250314, P, 0, 0, 0.0182, 67.27, -0.0864
20250131, DAL, 58, 20250314, C, 0, 0, 0.0212, 67.27, 0.8972
20250131, DAL, 58, 20250314, P, 0, 0, 0.0214, 67.27, -0.1046
20250131, DAL, 59, 20250314, C, 0, 0, 0.0248, 67.27, 0.8748
20250131, DAL, 59, 20250314, P, 0, 0, 0.0251, 67.27, -0.1273
20250131, DAL, 60, 20250314, C, 0, 0, 0.0288, 67.27, 0.8477
20250131, DAL, 60, 20250314, P, 1, 1, 0.0291, 67.27, -0.1547
20250131, DAL, 61, 20250314, C, 0, 0, 0.0328, 67.27, 0.8159
20250131, DAL, 61, 20250314, P, 0, 0, 0.0333, 67.27, -0.1869
20250131, DAL, 62, 20250314, C, 0, 0, 0.0369, 67.27, 0.7799
20250131, DAL, 62, 20250314, P, 0, 0, 0.0374, 67.27, -0.2235
20250131, DAL, 63, 20250314, C, 0, 0, 0.0408, 67.27, 0.74
20250131, DAL, 63, 20250314, P, 0, 0, 0.0414, 67.27, -0.264
20250131, DAL, 64, 20250314, C, 0, 0, 0.0443, 67.27, 0.6965
20250131, DAL, 64, 20250314, P, 0, 0, 0.045, 67.27, -0.3082
20250131, DAL, 65, 20250314, C, 0, 0, 0.0474, 67.27, 0.65
20250131, DAL, 65, 20250314, P, 0, 0, 0.0482, 67.27, -0.3555
20250131, DAL, 66, 20250314, C, 0, 0, 0.0498, 67.27, 0.6009
20250131, DAL, 66, 20250314, P, 3, 3, 0.0507, 67.27, -0.4055
20250131, DAL, 67, 20250314, C, 0, 0, 0.0515, 67.27, 0.5501
20250131, DAL, 67, 20250314, P, 1, 1, 0.0525, 67.27, -0.4568
20250131, DAL, 68, 20250314, C, 0, 0, 0.0523, 67.27, 0.4984
20250131, DAL, 68, 20250314, P, 3, 3, 0.0533, 67.27, -0.5096
20250131, DAL, 69, 20250314, C, 0, 0, 0.0521, 67.27, 0.4468
20250131, DAL, 69, 20250314, P, 0, 0, 0.0532, 67.27, -0.5623
20250131, DAL, 70, 20250314, C, 2, 2, 0.0511, 67.27, 0.3959
20250131, DAL, 70, 20250314, P, 0, 0, 0.0522, 67.27, -0.6138
20250131, DAL, 71, 20250314, C, 0, 0, 0.0492, 67.27, 0.3475
20250131, DAL, 71, 20250314, P, 0, 0, 0.0503, 67.27, -0.6633
20250131, DAL, 72, 20250314, C, 0, 0, 0.0465, 67.27, 0.302
20250131, DAL, 72, 20250314, P, 0, 0, 0.0476, 67.27, -0.7099
20250131, DAL, 73, 20250314, C, 0, 0, 0.0434, 67.27, 0.2599
20250131, DAL, 73, 20250314, P, 0, 0, 0.0442, 67.27, -0.7528
20250131, DAL, 74, 20250314, C, 0, 0, 0.0398, 67.27, 0.2218
20250131, DAL, 74, 20250314, P, 0, 0, 0.0404, 67.27, -0.7917
20250131, DAL, 75, 20250314, C, 0, 0, 0.036, 67.27, 0.1877
20250131, DAL, 75, 20250314, P, 0, 0, 0.0364, 67.27, -0.8263
20250131, DAL, 76, 20250314, C, 0, 0, 0.0322, 67.27, 0.158
20250131, DAL, 76, 20250314, P, 0, 0, 0.0324, 67.27, -0.8562
20250131, DAL, 77, 20250314, C, 0, 0, 0.0284, 67.27, 0.1325
20250131, DAL, 77, 20250314, P, 0, 0, 0.0284, 67.27, -0.8818
20250131, DAL, 78, 20250314, C, 0, 0, 0.025, 67.27, 0.111
20250131, DAL, 78, 20250314, P, 0, 0, 0.0249, 67.27, -0.9033
20250131, DAL, 79, 20250314, C, 0, 0, 0.0218, 67.27, 0.0932
20250131, DAL, 79, 20250314, P, 0, 0, 0.0219, 67.27, -0.921
20250131, DAL, 80, 20250314, C, 0, 0, 0.019, 67.27, 0.0788
20250131, DAL, 80, 20250314, P, 0, 0, 0.0194, 67.27, -0.9356
20250131, DAL, 85, 20250314, C, 0, 0, 0.0102, 67.27, 0.0408
20250131, DAL, 85, 20250314, P, 0, 0, 0.011, 67.27, -0.9757
20250131, DAL, 90, 20250314, C, 0, 0, 0.0066, 67.27, 0.028
20250131, DAL, 90, 20250314, P, 0, 0, 0.0062, 67.27, -0.9881
20250131, DAL, 20, 20250321, C, 0, 59, 0.0002, 67.27, 0.9982
20250131, DAL, 20, 20250321, P, 0, 12, 0.0003, 67.27, -0.0028
20250131, DAL, 25, 20250321, C, 0, 22, 0.0004, 67.27, 0.9969
20250131, DAL, 25, 20250321, P, 0, 469, 0.0004, 67.27, -0.004
20250131, DAL, 30, 20250321, C, 0, 14, 0.0007, 67.27, 0.995
20250131, DAL, 30, 20250321, P, 0, 3955, 0.0007, 67.27, -0.0056
20250131, DAL, 35, 20250321, C, 0, 59, 0.0011, 67.27, 0.9924
20250131, DAL, 35, 20250321, P, 0, 537, 0.0011, 67.27, -0.0081
20250131, DAL, 38, 20250321, C, 0, 225, 0.0015, 67.27, 0.9903
20250131, DAL, 38, 20250321, P, 0, 106, 0.0015, 67.27, -0.0102
20250131, DAL, 39, 20250321, C, 0, 180, 0.0017, 67.27, 0.9894
20250131, DAL, 39, 20250321, P, 0, 336, 0.0017, 67.27, -0.0111
20250131, DAL, 40, 20250321, C, 0, 353, 0.0019, 67.27, 0.9884
20250131, DAL, 40, 20250321, P, 1, 4401, 0.0019, 67.27, -0.0121
20250131, DAL, 41, 20250321, C, 0, 92, 0.0021, 67.27, 0.9874
20250131, DAL, 41, 20250321, P, 0, 103, 0.0021, 67.27, -0.0132
20250131, DAL, 42, 20250321, C, 0, 2278, 0.0024, 67.27, 0.9861
20250131, DAL, 42, 20250321, P, 0, 2126, 0.0024, 67.27, -0.0144
20250131, DAL, 43, 20250321, C, 0, 1340, 0.0026, 67.27, 0.9848
20250131, DAL, 43, 20250321, P, 0, 166, 0.0027, 67.27, -0.0158
20250131, DAL, 44, 20250321, C, 0, 156, 0.003, 67.27, 0.9832
20250131, DAL, 44, 20250321, P, 0, 108, 0.003, 67.27, -0.0173
20250131, DAL, 45, 20250321, C, 2, 222, 0.0034, 67.27, 0.9814
20250131, DAL, 45, 20250321, P, 0, 3321, 0.0034, 67.27, -0.0191
20250131, DAL, 46, 20250321, C, 0, 407, 0.0038, 67.27, 0.9794
20250131, DAL, 46, 20250321, P, 0, 343, 0.0038, 67.27, -0.0212
20250131, DAL, 47, 20250321, C, 0, 10182, 0.0043, 67.27, 0.977
20250131, DAL, 47, 20250321, P, 0, 4088, 0.0043, 67.27, -0.0236
20250131, DAL, 48, 20250321, C, 1, 2020, 0.0049, 67.27, 0.9743
20250131, DAL, 48, 20250321, P, 0, 1087, 0.0049, 67.27, -0.0263
20250131, DAL, 49, 20250321, C, 0, 319, 0.0056, 67.27, 0.9711
20250131, DAL, 49, 20250321, P, 0, 2273, 0.0056, 67.27, -0.0296
20250131, DAL, 50, 20250321, C, 3, 2921, 0.0064, 67.27, 0.9673
20250131, DAL, 50, 20250321, P, 0, 3718, 0.0064, 67.27, -0.0334
20250131, DAL, 52.5, 20250321, C, 1, 4243, 0.0092, 67.27, 0.954
20250131, DAL, 52.5, 20250321, P, 13, 1326, 0.0093, 67.27, -0.0468
20250131, DAL, 55, 20250321, C, 2, 5328, 0.0136, 67.27, 0.9315
20250131, DAL, 55, 20250321, P, 59, 2809, 0.0137, 67.27, -0.0696
20250131, DAL, 57.5, 20250321, C, 5, 6581, 0.0201, 67.27, 0.892
20250131, DAL, 57.5, 20250321, P, 20, 4881, 0.0203, 67.27, -0.1094
20250131, DAL, 60, 20250321, C, 21, 8052, 0.0282, 67.27, 0.829
20250131, DAL, 60, 20250321, P, 343, 7624, 0.0286, 67.27, -0.1735
20250131, DAL, 62.5, 20250321, C, 4, 1554, 0.0363, 67.27, 0.7443
20250131, DAL, 62.5, 20250321, P, 29, 3716, 0.0368, 67.27, -0.2592
20250131, DAL, 65, 20250321, C, 112, 22492, 0.043, 67.27, 0.6423
20250131, DAL, 65, 20250321, P, 58, 7543, 0.0437, 67.27, -0.3629
20250131, DAL, 67.5, 20250321, C, 212, 6624, 0.0467, 67.27, 0.529
20250131, DAL, 67.5, 20250321, P, 59, 1285, 0.0477, 67.27, -0.479
20250131, DAL, 70, 20250321, C, 67, 18271, 0.0463, 67.27, 0.4133
20250131, DAL, 70, 20250321, P, 10, 3004, 0.0476, 67.27, -0.5967
20250131, DAL, 72.5, 20250321, C, 43, 5789, 0.0422, 67.27, 0.3067
20250131, DAL, 72.5, 20250321, P, 3, 52, 0.0434, 67.27, -0.7063
20250131, DAL, 75, 20250321, C, 65, 2434, 0.0354, 67.27, 0.2168
20250131, DAL, 75, 20250321, P, 0, 338, 0.0363, 67.27, -0.7988
20250131, DAL, 77.5, 20250321, C, 11, 11, 0.0278, 67.27, 0.1474
20250131, DAL, 77.5, 20250321, P, 0, 0, 0.028, 67.27, -0.8694
20250131, DAL, 80, 20250321, C, 2, 6575, 0.0207, 67.27, 0.0988
20250131, DAL, 80, 20250321, P, 0, 3, 0.0206, 67.27, -0.9181
20250131, DAL, 85, 20250321, C, 0, 1959, 0.0113, 67.27, 0.049
20250131, DAL, 85, 20250321, P, 0, 0, 0.0122, 67.27, -0.9692
20250131, DAL, 90, 20250321, C, 0, 39, 0.0071, 67.27, 0.0314
20250131, DAL, 90, 20250321, P, 0, 0, 0.0068, 67.27, -0.9868
20250131, DAL, 95, 20250321, C, 0, 35, 0.005, 67.27, 0.0237
20250131, DAL, 95, 20250321, P, 0, 0, 0.0039, 67.27, -0.9932
20250131, DAL, 100, 20250321, C, 0, 0, 0.0038, 67.27, 0.019
20250131, DAL, 100, 20250321, P, 0, 0, 0.0022, 67.27, -0.9962
20250131, DAL, 30, 20250417, C, 0, 0, 0.0009, 67.27, 0.9926
20250131, DAL, 30, 20250417, P, 0, 0, 0.0009, 67.27, -0.0083
20250131, DAL, 35, 20250417, C, 0, 0, 0.0015, 67.27, 0.9889
20250131, DAL, 35, 20250417, P, 0, 3, 0.0015, 67.27, -0.0121
20250131, DAL, 40, 20250417, C, 0, 6, 0.0024, 67.27, 0.9829
20250131, DAL, 40, 20250417, P, 0, 35, 0.0025, 67.27, -0.0182
20250131, DAL, 45, 20250417, C, 0, 54, 0.0043, 67.27, 0.9719
20250131, DAL, 45, 20250417, P, 0, 1882, 0.0043, 67.27, -0.0292
20250131, DAL, 50, 20250417, C, 14, 118, 0.0079, 67.27, 0.9488
20250131, DAL, 50, 20250417, P, 0, 210, 0.008, 67.27, -0.0527
20250131, DAL, 52.5, 20250417, C, 0, 46, 0.011, 67.27, 0.9268
20250131, DAL, 52.5, 20250417, P, 1, 1193, 0.0112, 67.27, -0.075
20250131, DAL, 55, 20250417, C, 0, 313, 0.0151, 67.27, 0.8925
20250131, DAL, 55, 20250417, P, 31, 673, 0.0154, 67.27, -0.1098
20250131, DAL, 57.5, 20250417, C, 26, 1900, 0.0199, 67.27, 0.844
20250131, DAL, 57.5, 20250417, P, 0, 501, 0.0202, 67.27, -0.1592
20250131, DAL, 60, 20250417, C, 10, 971, 0.0247, 67.27, 0.783
20250131, DAL, 60, 20250417, P, 2, 1613, 0.0252, 67.27, -0.2211
20250131, DAL, 62.5, 20250417, C, 20, 2187, 0.0292, 67.27, 0.7116
20250131, DAL, 62.5, 20250417, P, 3, 1717, 0.0298, 67.27, -0.2939
20250131, DAL, 65, 20250417, C, 10, 1534, 0.0328, 67.27, 0.6317
20250131, DAL, 65, 20250417, P, 18, 8722, 0.0336, 67.27, -0.3758
20250131, DAL, 67.5, 20250417, C, 43, 840, 0.035, 67.27, 0.5458
20250131, DAL, 67.5, 20250417, P, 180, 1128, 0.0361, 67.27, -0.4643
20250131, DAL, 70, 20250417, C, 31, 11261, 0.0355, 67.27, 0.459
20250131, DAL, 70, 20250417, P, 165, 661, 0.0369, 67.27, -0.5543
20250131, DAL, 72.5, 20250417, C, 109, 389, 0.0343, 67.27, 0.375
20250131, DAL, 72.5, 20250417, P, 0, 284, 0.0359, 67.27, -0.642
20250131, DAL, 75, 20250417, C, 25, 1946, 0.0316, 67.27, 0.2984
20250131, DAL, 75, 20250417, P, 1, 163, 0.0332, 67.27, -0.7226
20250131, DAL, 77.5, 20250417, C, 0, 0, 0.0278, 67.27, 0.2318
20250131, DAL, 77.5, 20250417, P, 0, 0, 0.0294, 67.27, -0.7926
20250131, DAL, 80, 20250417, C, 0, 471, 0.0237, 67.27, 0.1772
20250131, DAL, 80, 20250417, P, 0, 25, 0.0247, 67.27, -0.8498
20250131, DAL, 85, 20250417, C, 0, 139, 0.0159, 67.27, 0.1024
20250131, DAL, 85, 20250417, P, 0, 43, 0.0162, 67.27, -0.9265
20250131, DAL, 90, 20250417, C, 1, 3157, 0.0105, 67.27, 0.0622
20250131, DAL, 90, 20250417, P, 0, 1, 0.0112, 67.27, -0.9682
20250131, DAL, 95, 20250417, C, 0, 181, 0.0072, 67.27, 0.0419
20250131, DAL, 95, 20250417, P, 0, 0, 0.0062, 67.27, -0.9882
20250131, DAL, 100, 20250417, C, 0, 0, 0.0053, 67.27, 0.0312
20250131, DAL, 100, 20250417, P, 0, 0, 0.0028, 67.27, -0.9954
20250131, DAL, 35, 20250516, C, 0, 0, 0.0017, 67.27, 0.9864
20250131, DAL, 35, 20250516, P, 0, 3, 0.0017, 67.27, -0.0154
20250131, DAL, 40, 20250516, C, 0, 0, 0.0028, 67.27, 0.9785
20250131, DAL, 40, 20250516, P, 0, 0, 0.0029, 67.27, -0.0236
20250131, DAL, 45, 20250516, C, 0, 10, 0.0049, 67.27, 0.9639
20250131, DAL, 45, 20250516, P, 0, 0, 0.005, 67.27, -0.0386
20250131, DAL, 50, 20250516, C, 11, 19, 0.0087, 67.27, 0.9342
20250131, DAL, 50, 20250516, P, 10, 32, 0.0089, 67.27, -0.069
20250131, DAL, 55, 20250516, C, 3, 15, 0.0152, 67.27, 0.8723
20250131, DAL, 55, 20250516, P, 0, 5, 0.0154, 67.27, -0.132
20250131, DAL, 60, 20250516, C, 0, 6, 0.0229, 67.27, 0.7679
20250131, DAL, 60, 20250516, P, 12, 64, 0.0232, 67.27, -0.238
20250131, DAL, 62.5, 20250516, C, 0, 15, 0.0263, 67.27, 0.7026
20250131, DAL, 62.5, 20250516, P, 6, 51, 0.0268, 67.27, -0.3044
20250131, DAL, 65, 20250516, C, 0, 8, 0.029, 67.27, 0.6309
20250131, DAL, 65, 20250516, P, 2, 90, 0.0297, 67.27, -0.3776
20250131, DAL, 67.5, 20250516, C, 6, 37, 0.0308, 67.27, 0.5553
20250131, DAL, 67.5, 20250516, P, 5, 59, 0.0317, 67.27, -0.4552
20250131, DAL, 70, 20250516, C, 4, 462, 0.0314, 67.27, 0.4785
20250131, DAL, 70, 20250516, P, 1, 502, 0.0327, 67.27, -0.535
20250131, DAL, 72.5, 20250516, C, 19, 44, 0.0309, 67.27, 0.4037
20250131, DAL, 72.5, 20250516, P, 0, 12, 0.0326, 67.27, -0.6136
20250131, DAL, 75, 20250516, C, 0, 41, 0.0293, 67.27, 0.3331
20250131, DAL, 75, 20250516, P, 0, 0, 0.0313, 67.27, -0.6885
20250131, DAL, 77.5, 20250516, C, 0, 0, 0.0268, 67.27, 0.27
20250131, DAL, 77.5, 20250516, P, 0, 0, 0.029, 67.27, -0.7566
20250131, DAL, 80, 20250516, C, 1, 53, 0.0237, 67.27, 0.2156
20250131, DAL, 80, 20250516, P, 0, 1, 0.0258, 67.27, -0.8157
20250131, DAL, 85, 20250516, C, 0, 40, 0.0174, 67.27, 0.135
20250131, DAL, 85, 20250516, P, 0, 1, 0.0183, 67.27, -0.9023
20250131, DAL, 90, 20250516, C, 0, 35, 0.0122, 67.27, 0.0859
20250131, DAL, 90, 20250516, P, 0, 0, 0.0133, 67.27, -0.954
20250131, DAL, 95, 20250516, C, 0, 0, 0.0086, 67.27, 0.0575
20250131, DAL, 95, 20250516, P, 0, 0, 0.0083, 67.27, -0.9835
20250131, DAL, 100, 20250516, C, 0, 0, 0.0063, 67.27, 0.0411
20250131, DAL, 100, 20250516, P, 0, 0, 0.003, 67.27, -0.9958
20250131, DAL, 18, 20250620, C, 0, 32, 0.0003, 67.27, 0.9982
20250131, DAL, 18, 20250620, P, 0, 485, 0.0003, 67.27, -0.0033
20250131, DAL, 20, 20250620, C, 0, 61, 0.0003, 67.27, 0.9975
20250131, DAL, 20, 20250620, P, 0, 355, 0.0003, 67.27, -0.0039
20250131, DAL, 23, 20250620, C, 0, 103, 0.0005, 67.27, 0.9964
20250131, DAL, 23, 20250620, P, 0, 294, 0.0005, 67.27, -0.0052
20250131, DAL, 25, 20250620, C, 0, 81, 0.0006, 67.27, 0.9954
20250131, DAL, 25, 20250620, P, 0, 1296, 0.0006, 67.27, -0.0062
20250131, DAL, 28, 20250620, C, 0, 53, 0.0008, 67.27, 0.9934
20250131, DAL, 28, 20250620, P, 1, 826, 0.0008, 67.27, -0.0082
20250131, DAL, 30, 20250620, C, 1, 368, 0.001, 67.27, 0.9917
20250131, DAL, 30, 20250620, P, 0, 5664, 0.001, 67.27, -0.0099
20250131, DAL, 32, 20250620, C, 0, 153, 0.0013, 67.27, 0.9896
20250131, DAL, 32, 20250620, P, 0, 2338, 0.0013, 67.27, -0.012
20250131, DAL, 35, 20250620, C, 0, 571, 0.0018, 67.27, 0.9856
20250131, DAL, 35, 20250620, P, 0, 1381, 0.0018, 67.27, -0.0161
20250131, DAL, 37, 20250620, C, 0, 630, 0.0022, 67.27, 0.982
20250131, DAL, 37, 20250620, P, 11, 1203, 0.0022, 67.27, -0.0197
20250131, DAL, 40, 20250620, C, 0, 625, 0.0031, 67.27, 0.9748
20250131, DAL, 40, 20250620, P, 1, 3974, 0.0031, 67.27, -0.027
20250131, DAL, 42, 20250620, C, 0, 1547, 0.0038, 67.27, 0.9683
20250131, DAL, 42, 20250620, P, 30, 3401, 0.0039, 67.27, -0.0336
20250131, DAL, 45, 20250620, C, 2, 1453, 0.0054, 67.27, 0.9549
20250131, DAL, 45, 20250620, P, 10, 3806, 0.0055, 67.27, -0.0472
20250131, DAL, 47, 20250620, C, 0, 947, 0.0068, 67.27, 0.9426
20250131, DAL, 47, 20250620, P, 0, 1325, 0.0068, 67.27, -0.0597
20250131, DAL, 50, 20250620, C, 0, 1632, 0.0093, 67.27, 0.9171
20250131, DAL, 50, 20250620, P, 1, 1300, 0.0095, 67.27, -0.0857
20250131, DAL, 52.5, 20250620, C, 0, 4059, 0.0119, 67.27, 0.8881
20250131, DAL, 52.5, 20250620, P, 4, 1160, 0.0121, 67.27, -0.1151
20250131, DAL, 55, 20250620, C, 0, 7097, 0.0148, 67.27, 0.851
20250131, DAL, 55, 20250620, P, 2, 3160, 0.0151, 67.27, -0.1532
20250131, DAL, 57.5, 20250620, C, 2, 8374, 0.0179, 67.27, 0.8058
20250131, DAL, 57.5, 20250620, P, 2, 2137, 0.0183, 67.27, -0.1992
20250131, DAL, 60, 20250620, C, 2, 4845, 0.0208, 67.27, 0.7532
20250131, DAL, 60, 20250620, P, 1, 4364, 0.0213, 67.27, -0.2528
20250131, DAL, 62.5, 20250620, C, 6, 4197, 0.0234, 67.27, 0.6943
20250131, DAL, 62.5, 20250620, P, 0, 1065, 0.024, 67.27, -0.313
20250131, DAL, 65, 20250620, C, 2, 6361, 0.0255, 67.27, 0.6312
20250131, DAL, 65, 20250620, P, 175, 8387, 0.0263, 67.27, -0.3784
20250131, DAL, 67.5, 20250620, C, 14, 1259, 0.027, 67.27, 0.5648
20250131, DAL, 67.5, 20250620, P, 33, 4843, 0.028, 67.27, -0.4474
20250131, DAL, 70, 20250620, C, 14, 4536, 0.0277, 67.27, 0.4974
20250131, DAL, 70, 20250620, P, 18, 2044, 0.029, 67.27, -0.5179
20250131, DAL, 72.5, 20250620, C, 2, 768, 0.0276, 67.27, 0.431
20250131, DAL, 72.5, 20250620, P, 1, 458, 0.0293, 67.27, -0.5884
20250131, DAL, 75, 20250620, C, 719, 3786, 0.0267, 67.27, 0.3673
20250131, DAL, 75, 20250620, P, 0, 4059, 0.0289, 67.27, -0.6567
20250131, DAL, 77.5, 20250620, C, 10, 10, 0.0252, 67.27, 0.3087
20250131, DAL, 77.5, 20250620, P, 0, 0, 0.0277, 67.27, -0.7213
20250131, DAL, 80, 20250620, C, 525, 1816, 0.0231, 67.27, 0.256
20250131, DAL, 80, 20250620, P, 0, 210, 0.0258, 67.27, -0.78
20250131, DAL, 85, 20250620, C, 2, 637, 0.0183, 67.27, 0.1722
20250131, DAL, 85, 20250620, P, 0, 1, 0.0202, 67.27, -0.8741
20250131, DAL, 90, 20250620, C, 0, 114, 0.0137, 67.27, 0.1153
20250131, DAL, 90, 20250620, P, 0, 0, 0.0152, 67.27, -0.9364
20250131, DAL, 95, 20250620, C, 0, 67, 0.0101, 67.27, 0.0784
20250131, DAL, 95, 20250620, P, 0, 0, 0.0105, 67.27, -0.9765
20250131, DAL, 100, 20250620, C, 0, 305, 0.0074, 67.27, 0.0547
20250131, DAL, 100, 20250620, P, 0, 0, 0.0034, 67.27, -0.9954
20250131, DAL, 35, 20250718, C, 0, 0, 0.002, 67.27, 0.9825
20250131, DAL, 35, 20250718, P, 0, 0, 0.002, 67.27, -0.0195
20250131, DAL, 40, 20250718, C, 0, 0, 0.0034, 67.27, 0.97
20250131, DAL, 40, 20250718, P, 0, 0, 0.0034, 67.27, -0.0322
20250131, DAL, 45, 20250718, C, 0, 0, 0.0057, 67.27, 0.9472
20250131, DAL, 45, 20250718, P, 10, 35, 0.0058, 67.27, -0.0554
20250131, DAL, 50, 20250718, C, 0, 0, 0.0095, 67.27, 0.9057
20250131, DAL, 50, 20250718, P, 0, 0, 0.0097, 67.27, -0.0977
20250131, DAL, 55, 20250718, C, 0, 0, 0.0143, 67.27, 0.8382
20250131, DAL, 55, 20250718, P, 0, 32, 0.0147, 67.27, -0.1671
20250131, DAL, 60, 20250718, C, 6, 22, 0.0192, 67.27, 0.7451
20250131, DAL, 60, 20250718, P, 37, 37, 0.0198, 67.27, -0.2627
20250131, DAL, 62.5, 20250718, C, 0, 1, 0.0213, 67.27, 0.6911
20250131, DAL, 62.5, 20250718, P, 0, 3, 0.022, 67.27, -0.3185
20250131, DAL, 65, 20250718, C, 0, 51, 0.023, 67.27, 0.6334
20250131, DAL, 65, 20250718, P, 0, 6, 0.0239, 67.27, -0.3782
20250131, DAL, 67.5, 20250718, C, 0, 0, 0.0242, 67.27, 0.5738
20250131, DAL, 67.5, 20250718, P, 0, 0, 0.0254, 67.27, -0.4408
20250131, DAL, 70, 20250718, C, 1, 17, 0.0249, 67.27, 0.5134
20250131, DAL, 70, 20250718, P, 20, 150, 0.0263, 67.27, -0.5043
20250131, DAL, 72.5, 20250718, C, 0, 150, 0.025, 67.27, 0.4535
20250131, DAL, 72.5, 20250718, P, 0, 0, 0.0267, 67.27, -0.5681
20250131, DAL, 75, 20250718, C, 0, 34, 0.0245, 67.27, 0.3958
20250131, DAL, 75, 20250718, P, 0, 0, 0.0266, 67.27, -0.6306
20250131, DAL, 77.5, 20250718, C, 0, 0, 0.0235, 67.27, 0.3417
20250131, DAL, 77.5, 20250718, P, 1, 1, 0.026, 67.27, -0.6903
20250131, DAL, 80, 20250718, C, 2, 367, 0.0221, 67.27, 0.2918
20250131, DAL, 80, 20250718, P, 0, 0, 0.0248, 67.27, -0.746
20250131, DAL, 85, 20250718, C, 0, 1, 0.0185, 67.27, 0.2091
20250131, DAL, 85, 20250718, P, 0, 0, 0.0212, 67.27, -0.8407
20250131, DAL, 90, 20250718, C, 0, 2, 0.0147, 67.27, 0.1483
20250131, DAL, 90, 20250718, P, 0, 0, 0.0162, 67.27, -0.9092
20250131, DAL, 95, 20250718, C, 0, 0, 0.0114, 67.27, 0.1057
20250131, DAL, 95, 20250718, P, 0, 0, 0.0131, 67.27, -0.9567
20250131, DAL, 100, 20250718, C, 4, 4, 0.0088, 67.27, 0.0766
20250131, DAL, 100, 20250718, P, 0, 0, 0.0071, 67.27, -0.9863
20250131, DAL, 23, 20250919, C, 0, 0, 0.0007, 67.27, 0.9937
20250131, DAL, 23, 20250919, P, 0, 12, 0.0007, 67.27, -0.009
20250131, DAL, 25, 20250919, C, 0, 1, 0.0009, 67.27, 0.9921
20250131, DAL, 25, 20250919, P, 0, 44, 0.0009, 67.27, -0.0107
20250131, DAL, 28, 20250919, C, 0, 0, 0.0012, 67.27, 0.9889
20250131, DAL, 28, 20250919, P, 0, 47, 0.0012, 67.27, -0.014
20250131, DAL, 30, 20250919, C, 0, 11, 0.0014, 67.27, 0.9862
20250131, DAL, 30, 20250919, P, 0, 18, 0.0014, 67.27, -0.0167
20250131, DAL, 33, 20250919, C, 0, 3, 0.0019, 67.27, 0.9811
20250131, DAL, 33, 20250919, P, 0, 145, 0.002, 67.27, -0.0219
20250131, DAL, 35, 20250919, C, 0, 7, 0.0023, 67.27, 0.9767
20250131, DAL, 35, 20250919, P, 0, 98, 0.0024, 67.27, -0.0264
20250131, DAL, 38, 20250919, C, 0, 23, 0.0032, 67.27, 0.968
20250131, DAL, 38, 20250919, P, 0, 862, 0.0032, 67.27, -0.0351
20250131, DAL, 40, 20250919, C, 0, 109, 0.0038, 67.27, 0.9604
20250131, DAL, 40, 20250919, P, 0, 129, 0.0039, 67.27, -0.0429
20250131, DAL, 42, 20250919, C, 0, 217, 0.0047, 67.27, 0.951
20250131, DAL, 42, 20250919, P, 0, 10, 0.0048, 67.27, -0.0525
20250131, DAL, 45, 20250919, C, 2, 343, 0.0062, 67.27, 0.9324
20250131, DAL, 45, 20250919, P, 0, 59, 0.0063, 67.27, -0.0714
20250131, DAL, 47, 20250919, C, 1, 153, 0.0074, 67.27, 0.9165
20250131, DAL, 47, 20250919, P, 0, 167, 0.0076, 67.27, -0.0877
20250131, DAL, 50, 20250919, C, 0, 329, 0.0095, 67.27, 0.8866
20250131, DAL, 50, 20250919, P, 3, 1584, 0.0097, 67.27, -0.1183
20250131, DAL, 52.5, 20250919, C, 0, 262, 0.0114, 67.27, 0.8558
20250131, DAL, 52.5, 20250919, P, 2, 1218, 0.0117, 67.27, -0.1498
20250131, DAL, 55, 20250919, C, 0, 231, 0.0134, 67.27, 0.82
20250131, DAL, 55, 20250919, P, 2, 881, 0.0137, 67.27, -0.1866
20250131, DAL, 57.5, 20250919, C, 0, 149, 0.0153, 67.27, 0.7795
20250131, DAL, 57.5, 20250919, P, 4, 437, 0.0157, 67.27, -0.2283
20250131, DAL, 60, 20250919, C, 1, 846, 0.017, 67.27, 0.7352
20250131, DAL, 60, 20250919, P, 2, 1133, 0.0176, 67.27, -0.2743
20250131, DAL, 62.5, 20250919, C, 0, 209, 0.0186, 67.27, 0.6874
20250131, DAL, 62.5, 20250919, P, 2, 188, 0.0193, 67.27, -0.3236
20250131, DAL, 65, 20250919, C, 4, 3464, 0.0199, 67.27, 0.6378
20250131, DAL, 65, 20250919, P, 2, 377, 0.0208, 67.27, -0.376
20250131, DAL, 67.5, 20250919, C, 0, 1011, 0.0209, 67.27, 0.5864
20250131, DAL, 67.5, 20250919, P, 1, 78, 0.022, 67.27, -0.43
20250131, DAL, 70, 20250919, C, 0, 773, 0.0215, 67.27, 0.5343
20250131, DAL, 70, 20250919, P, 1, 345, 0.0228, 67.27, -0.4852
20250131, DAL, 72.5, 20250919, C, 10, 65, 0.0217, 67.27, 0.4827
20250131, DAL, 72.5, 20250919, P, 0, 2, 0.0233, 67.27, -0.5404
20250131, DAL, 75, 20250919, C, 3, 546, 0.0216, 67.27, 0.4327
20250131, DAL, 75, 20250919, P, 0, 3146, 0.0236, 67.27, -0.5954
20250131, DAL, 77.5, 20250919, C, 1, 1, 0.0211, 67.27, 0.3843
20250131, DAL, 77.5, 20250919, P, 0, 0, 0.0235, 67.27, -0.649
20250131, DAL, 80, 20250919, C, 0, 197, 0.0204, 67.27, 0.3393
20250131, DAL, 80, 20250919, P, 0, 782, 0.0232, 67.27, -0.7005
20250131, DAL, 85, 20250919, C, 1, 352, 0.0181, 67.27, 0.2598
20250131, DAL, 85, 20250919, P, 0, 1, 0.0216, 67.27, -0.7941
20250131, DAL, 90, 20250919, C, 1, 9754, 0.0154, 67.27, 0.1963
20250131, DAL, 90, 20250919, P, 0, 2, 0.0183, 67.27, -0.8705
20250131, DAL, 95, 20250919, C, 0, 303, 0.0127, 67.27, 0.148
20250131, DAL, 95, 20250919, P, 0, 0, 0.0153, 67.27, -0.9283
20250131, DAL, 100, 20250919, C, 0, 44, 0.0104, 67.27, 0.112
20250131, DAL, 100, 20250919, P, 0, 0, 0.011, 67.27, -0.9698
20250131, DAL, 20, 20251219, C, 0, 163, 0.0006, 67.27, 0.9953
20250131, DAL, 20, 20251219, P, 0, 460, 0.0006, 67.27, -0.0086
20250131, DAL, 23, 20251219, C, 0, 29, 0.0008, 67.27, 0.9926
20250131, DAL, 23, 20251219, P, 40, 588, 0.0008, 67.27, -0.0114
20250131, DAL, 25, 20251219, C, 0, 73, 0.001, 67.27, 0.9903
20250131, DAL, 25, 20251219, P, 0, 607, 0.001, 67.27, -0.0137
20250131, DAL, 28, 20251219, C, 0, 106, 0.0014, 67.27, 0.9859
20250131, DAL, 28, 20251219, P, 0, 8506, 0.0014, 67.27, -0.0181
20250131, DAL, 30, 20251219, C, 0, 233, 0.0016, 67.27, 0.9823
20250131, DAL, 30, 20251219, P, 0, 821, 0.0017, 67.27, -0.0219
20250131, DAL, 33, 20251219, C, 0, 1236, 0.0022, 67.27, 0.9752
20250131, DAL, 33, 20251219, P, 11, 2905, 0.0023, 67.27, -0.0291
20250131, DAL, 35, 20251219, C, 0, 502, 0.0027, 67.27, 0.9691
20250131, DAL, 35, 20251219, P, 0, 1894, 0.0028, 67.27, -0.0353
20250131, DAL, 37, 20251219, C, 0, 381, 0.0033, 67.27, 0.9618
20250131, DAL, 37, 20251219, P, 0, 2102, 0.0033, 67.27, -0.0429
20250131, DAL, 40, 20251219, C, 0, 1222, 0.0043, 67.27, 0.9477
20250131, DAL, 40, 20251219, P, 1, 2655, 0.0044, 67.27, -0.0572
20250131, DAL, 42, 20251219, C, 0, 1589, 0.0051, 67.27, 0.9359
20250131, DAL, 42, 20251219, P, 0, 925, 0.0052, 67.27, -0.0694
20250131, DAL, 45, 20251219, C, 2, 556, 0.0065, 67.27, 0.9141
20250131, DAL, 45, 20251219, P, 0, 698, 0.0066, 67.27, -0.0916
20250131, DAL, 47, 20251219, C, 0, 693, 0.0075, 67.27, 0.8966
20250131, DAL, 47, 20251219, P, 0, 571, 0.0077, 67.27, -0.1097
20250131, DAL, 50, 20251219, C, 0, 983, 0.0092, 67.27, 0.8659
20250131, DAL, 50, 20251219, P, 12, 352, 0.0094, 67.27, -0.1412
20250131, DAL, 52.5, 20251219, C, 0, 533, 0.0106, 67.27, 0.8363
20250131, DAL, 52.5, 20251219, P, 0, 760, 0.0109, 67.27, -0.1722
20250131, DAL, 55, 20251219, C, 0, 768, 0.012, 67.27, 0.8033
20250131, DAL, 55, 20251219, P, 0, 412, 0.0124, 67.27, -0.206
20250131, DAL, 57.5, 20251219, C, 3, 769, 0.0134, 67.27, 0.7674
20250131, DAL, 57.5, 20251219, P, 0, 1179, 0.0139, 67.27, -0.2435
20250131, DAL, 60, 20251219, C, 0, 1353, 0.0146, 67.27, 0.729
20250131, DAL, 60, 20251219, P, 0, 247, 0.0152, 67.27, -0.2837
20250131, DAL, 62.5, 20251219, C, 0, 913, 0.0157, 67.27, 0.6884
20250131, DAL, 62.5, 20251219, P, 0, 243, 0.0165, 67.27, -0.3262
20250131, DAL, 65, 20251219, C, 1, 668, 0.0167, 67.27, 0.6466
20250131, DAL, 65, 20251219, P, 0, 268, 0.0176, 67.27, -0.3707
20250131, DAL, 67.5, 20251219, C, 6, 960, 0.0175, 67.27, 0.6035
20250131, DAL, 67.5, 20251219, P, 0, 143, 0.0186, 67.27, -0.4167
20250131, DAL, 70, 20251219, C, 0, 874, 0.018, 67.27, 0.5601
20250131, DAL, 70, 20251219, P, 0, 1382, 0.0194, 67.27, -0.4634
20250131, DAL, 72.5, 20251219, C, 0, 412, 0.0184, 67.27, 0.517
20250131, DAL, 72.5, 20251219, P, 0, 56, 0.02, 67.27, -0.5108
20250131, DAL, 75, 20251219, C, 0, 740, 0.0185, 67.27, 0.4744
20250131, DAL, 75, 20251219, P, 0, 118, 0.0204, 67.27, -0.5581
20250131, DAL, 77.5, 20251219, C, 0, 0, 0.0184, 67.27, 0.4328
20250131, DAL, 77.5, 20251219, P, 0, 0, 0.0206, 67.27, -0.605
20250131, DAL, 80, 20251219, C, 1, 5271, 0.0181, 67.27, 0.393
20250131, DAL, 80, 20251219, P, 0, 0, 0.0208, 67.27, -0.6507
20250131, DAL, 85, 20251219, C, 0, 175, 0.0169, 67.27, 0.3198
20250131, DAL, 85, 20251219, P, 0, 0, 0.0205, 67.27, -0.7383
20250131, DAL, 90, 20251219, C, 0, 59, 0.0153, 67.27, 0.2567
20250131, DAL, 90, 20251219, P, 0, 0, 0.0192, 67.27, -0.8173
20250131, DAL, 95, 20251219, C, 1, 254, 0.0135, 67.27, 0.2043
20250131, DAL, 95, 20251219, P, 0, 0, 0.0171, 67.27, -0.8841
20250131, DAL, 100, 20251219, C, 0, 28, 0.0116, 67.27, 0.1625
20250131, DAL, 100, 20251219, P, 0, 2, 0.0149, 67.27, -0.9388
20250131, DAL, 20, 20260116, C, 3, 166, 0.0006, 67.27, 0.9956
20250131, DAL, 20, 20260116, P, 0, 1065, 0.0006, 67.27, -0.0088
20250131, DAL, 23, 20260116, C, 0, 83, 0.0008, 67.27, 0.9927
20250131, DAL, 23, 20260116, P, 0, 323, 0.0008, 67.27, -0.0118
20250131, DAL, 25, 20260116, C, 0, 180, 0.001, 67.27, 0.9902
20250131, DAL, 25, 20260116, P, 0, 1111, 0.001, 67.27, -0.0144
20250131, DAL, 28, 20260116, C, 0, 50, 0.0014, 67.27, 0.9855
20250131, DAL, 28, 20260116, P, 0, 1789, 0.0014, 67.27, -0.0192
20250131, DAL, 30, 20260116, C, 0, 225, 0.0017, 67.27, 0.9815
20250131, DAL, 30, 20260116, P, 64, 5567, 0.0017, 67.27, -0.0232
20250131, DAL, 33, 20260116, C, 0, 64, 0.0023, 67.27, 0.9738
20250131, DAL, 33, 20260116, P, 0, 2857, 0.0023, 67.27, -0.0311
20250131, DAL, 35, 20260116, C, 0, 401, 0.0028, 67.27, 0.9672
20250131, DAL, 35, 20260116, P, 0, 1165, 0.0028, 67.27, -0.0378
20250131, DAL, 38, 20260116, C, 0, 144, 0.0036, 67.27, 0.9548
20250131, DAL, 38, 20260116, P, 0, 2424, 0.0037, 67.27, -0.0506
20250131, DAL, 40, 20260116, C, 0, 5756, 0.0044, 67.27, 0.9444
20250131, DAL, 40, 20260116, P, 1, 7024, 0.0045, 67.27, -0.0613
20250131, DAL, 42, 20260116, C, 0, 654, 0.0051, 67.27, 0.9321
20250131, DAL, 42, 20260116, P, 0, 2296, 0.0053, 67.27, -0.0741
20250131, DAL, 45, 20260116, C, 0, 349, 0.0065, 67.27, 0.9098
20250131, DAL, 45, 20260116, P, 1, 3258, 0.0067, 67.27, -0.0973
20250131, DAL, 47, 20260116, C, 0, 2516, 0.0074, 67.27, 0.8921
20250131, DAL, 47, 20260116, P, 0, 2588, 0.0077, 67.27, -0.1153
20250131, DAL, 50, 20260116, C, 0, 1171, 0.009, 67.27, 0.8616
20250131, DAL, 50, 20260116, P, 10, 3577, 0.0093, 67.27, -0.147
20250131, DAL, 52.5, 20260116, C, 0, 1662, 0.0103, 67.27, 0.8326
20250131, DAL, 52.5, 20260116, P, 8, 1903, 0.0107, 67.27, -0.1774
20250131, DAL, 55, 20260116, C, 6, 1202, 0.0116, 67.27, 0.8005
20250131, DAL, 55, 20260116, P, 25, 1620, 0.0121, 67.27, -0.2108
20250131, DAL, 57.5, 20260116, C, 1, 1158, 0.0128, 67.27, 0.7659
20250131, DAL, 57.5, 20260116, P, 6, 1523, 0.0134, 67.27, -0.2467
20250131, DAL, 60, 20260116, C, 1, 7787, 0.0139, 67.27, 0.7292
20250131, DAL, 60, 20260116, P, 6, 2469, 0.0146, 67.27, -0.2856
20250131, DAL, 62.5, 20260116, C, 0, 5818, 0.015, 67.27, 0.6907
20250131, DAL, 62.5, 20260116, P, 5, 2534, 0.0158, 67.27, -0.3263
20250131, DAL, 65, 20260116, C, 12, 2536, 0.0158, 67.27, 0.6507
20250131, DAL, 65, 20260116, P, 13, 180, 0.0168, 67.27, -0.3688
20250131, DAL, 67.5, 20260116, C, 1, 2317, 0.0166, 67.27, 0.6101
20250131, DAL, 67.5, 20260116, P, 5, 241, 0.0177, 67.27, -0.4127
20250131, DAL, 70, 20260116, C, 9, 887, 0.0171, 67.27, 0.569
20250131, DAL, 70, 20260116, P, 105, 326, 0.0185, 67.27, -0.4574
20250131, DAL, 72.5, 20260116, C, 0, 231, 0.0174, 67.27, 0.5279
20250131, DAL, 72.5, 20260116, P, 6, 168, 0.0191, 67.27, -0.5027
20250131, DAL, 75, 20260116, C, 14, 1928, 0.0176, 67.27, 0.4873
20250131, DAL, 75, 20260116, P, 0, 36, 0.0195, 67.27, -0.5479
20250131, DAL, 77.5, 20260116, C, 5, 5, 0.0176, 67.27, 0.4477
20250131, DAL, 77.5, 20260116, P, 0, 0, 0.0198, 67.27, -0.5927
20250131, DAL, 80, 20260116, C, 3, 240, 0.0174, 67.27, 0.4094
20250131, DAL, 80, 20260116, P, 0, 239, 0.02, 67.27, -0.6371
20250131, DAL, 85, 20260116, C, 0, 616, 0.0165, 67.27, 0.3382
20250131, DAL, 85, 20260116, P, 95, 33, 0.0201, 67.27, -0.7224
20250131, DAL, 90, 20260116, C, 0, 753, 0.0152, 67.27, 0.2761
20250131, DAL, 90, 20260116, P, 96, 126, 0.0194, 67.27, -0.8015
20250131, DAL, 95, 20260116, C, 0, 865, 0.0136, 67.27, 0.2233
20250131, DAL, 95, 20260116, P, 0, 25, 0.0173, 67.27, -0.8701
20250131, DAL, 100, 20260116, C, 1, 26, 0.0119, 67.27, 0.1798
20250131, DAL, 100, 20260116, P, 0, 0, 0.0152, 67.27, -0.9266
20250131, DAL, 35, 20260320, C, 0, 0, 0.0029, 67.27, 0.9618
20250131, DAL, 35, 20260320, P, 0, 0, 0.003, 67.27, -0.0443
20250131, DAL, 40, 20260320, C, 0, 0, 0.0045, 67.27, 0.937
20250131, DAL, 40, 20260320, P, 0, 0, 0.0046, 67.27, -0.0696
20250131, DAL, 45, 20260320, C, 0, 0, 0.0064, 67.27, 0.9012
20250131, DAL, 45, 20260320, P, 0, 0, 0.0066, 67.27, -0.1065
20250131, DAL, 50, 20260320, C, 0, 1, 0.0086, 67.27, 0.8538
20250131, DAL, 50, 20260320, P, 0, 1, 0.009, 67.27, -0.1559
20250131, DAL, 55, 20260320, C, 0, 0, 0.0109, 67.27, 0.7955
20250131, DAL, 55, 20260320, P, 0, 5, 0.0114, 67.27, -0.2165
20250131, DAL, 60, 20260320, C, 0, 7, 0.0129, 67.27, 0.7289
20250131, DAL, 60, 20260320, P, 0, 0, 0.0137, 67.27, -0.2871
20250131, DAL, 62.5, 20260320, C, 0, 1, 0.0138, 67.27, 0.6932
20250131, DAL, 62.5, 20260320, P, 0, 0, 0.0147, 67.27, -0.3249
20250131, DAL, 65, 20260320, C, 0, 0, 0.0146, 67.27, 0.6565
20250131, DAL, 65, 20260320, P, 0, 0, 0.0156, 67.27, -0.3645
20250131, DAL, 67.5, 20260320, C, 0, 0, 0.0152, 67.27, 0.6191
20250131, DAL, 67.5, 20260320, P, 0, 0, 0.0165, 67.27, -0.4052
20250131, DAL, 70, 20260320, C, 2, 14, 0.0157, 67.27, 0.5814
20250131, DAL, 70, 20260320, P, 0, 0, 0.0172, 67.27, -0.4468
20250131, DAL, 72.5, 20260320, C, 1, 2, 0.0161, 67.27, 0.5437
20250131, DAL, 72.5, 20260320, P, 1, 14, 0.0178, 67.27, -0.4888
20250131, DAL, 75, 20260320, C, 0, 0, 0.0163, 67.27, 0.5061
20250131, DAL, 75, 20260320, P, 2, 3, 0.0183, 67.27, -0.5311
20250131, DAL, 77.5, 20260320, C, 0, 0, 0.0164, 67.27, 0.4697
20250131, DAL, 77.5, 20260320, P, 0, 0, 0.0186, 67.27, -0.5731
20250131, DAL, 80, 20260320, C, 0, 0, 0.0163, 67.27, 0.4342
20250131, DAL, 80, 20260320, P, 0, 0, 0.0189, 67.27, -0.615
20250131, DAL, 85, 20260320, C, 0, 0, 0.0157, 67.27, 0.3674
20250131, DAL, 85, 20260320, P, 0, 0, 0.0193, 67.27, -0.6962
20250131, DAL, 90, 20260320, C, 0, 4, 0.0147, 67.27, 0.3076
20250131, DAL, 90, 20260320, P, 0, 0, 0.0192, 67.27, -0.7733
20250131, DAL, 95, 20260320, C, 0, 0, 0.0135, 67.27, 0.2558
20250131, DAL, 95, 20260320, P, 0, 0, 0.0181, 67.27, -0.8431
20250131, DAL, 100, 20260320, C, 0, 0, 0.0122, 67.27, 0.2119
20250131, DAL, 100, 20260320, P, 0, 0, 0.0162, 67.27, -0.903
20250131, DAL, 20, 20261218, C, 0, 9, 0.0008, 67.27, 0.9928
20250131, DAL, 20, 20261218, P, 0, 110, 0.0009, 67.27, -0.0161
20250131, DAL, 25, 20261218, C, 0, 101, 0.0014, 67.27, 0.9825
20250131, DAL, 25, 20261218, P, 0, 2243, 0.0014, 67.27, -0.0265
20250131, DAL, 28, 20261218, C, 0, 12, 0.0019, 67.27, 0.974
20250131, DAL, 28, 20261218, P, 0, 91, 0.0019, 67.27, -0.0353
20250131, DAL, 30, 20261218, C, 0, 19, 0.0022, 67.27, 0.9672
20250131, DAL, 30, 20261218, P, 0, 68, 0.0023, 67.27, -0.0423
20250131, DAL, 33, 20261218, C, 0, 6, 0.0028, 67.27, 0.955
20250131, DAL, 33, 20261218, P, 0, 7, 0.0029, 67.27, -0.0548
20250131, DAL, 35, 20261218, C, 0, 49, 0.0032, 67.27, 0.9455
20250131, DAL, 35, 20261218, P, 0, 954, 0.0033, 67.27, -0.0645
20250131, DAL, 38, 20261218, C, 0, 36, 0.004, 67.27, 0.9291
20250131, DAL, 38, 20261218, P, 0, 1088, 0.0041, 67.27, -0.0816
20250131, DAL, 40, 20261218, C, 0, 244, 0.0045, 67.27, 0.9166
20250131, DAL, 40, 20261218, P, 1, 1254, 0.0046, 67.27, -0.0945
20250131, DAL, 43, 20261218, C, 0, 23, 0.0053, 67.27, 0.8958
20250131, DAL, 43, 20261218, P, 0, 631, 0.0055, 67.27, -0.1162
20250131, DAL, 45, 20261218, C, 3, 214, 0.0059, 67.27, 0.8806
20250131, DAL, 45, 20261218, P, 0, 605, 0.0061, 67.27, -0.1322
20250131, DAL, 47, 20261218, C, 2, 58, 0.0065, 67.27, 0.8641
20250131, DAL, 47, 20261218, P, 0, 63, 0.0068, 67.27, -0.1493
20250131, DAL, 50, 20261218, C, 3, 158, 0.0073, 67.27, 0.8378
20250131, DAL, 50, 20261218, P, 0, 200, 0.0077, 67.27, -0.1772
20250131, DAL, 52.5, 20261218, C, 13, 136, 0.008, 67.27, 0.8144
20250131, DAL, 52.5, 20261218, P, 0, 350, 0.0085, 67.27, -0.2026
20250131, DAL, 55, 20261218, C, 2, 532, 0.0087, 67.27, 0.7901
20250131, DAL, 55, 20261218, P, 0, 15, 0.0093, 67.27, -0.2288
20250131, DAL, 57.5, 20261218, C, 10, 21, 0.0093, 67.27, 0.764
20250131, DAL, 57.5, 20261218, P, 0, 0, 0.01, 67.27, -0.2567
20250131, DAL, 60, 20261218, C, 2, 261, 0.01, 67.27, 0.7379
20250131, DAL, 60, 20261218, P, 0, 4, 0.0108, 67.27, -0.2862
20250131, DAL, 62.5, 20261218, C, 0, 40, 0.0105, 67.27, 0.7107
20250131, DAL, 62.5, 20261218, P, 0, 1, 0.0115, 67.27, -0.3158
20250131, DAL, 65, 20261218, C, 0, 167, 0.011, 67.27, 0.683
20250131, DAL, 65, 20261218, P, 0, 1, 0.0122, 67.27, -0.3469
20250131, DAL, 67.5, 20261218, C, 5, 7, 0.0115, 67.27, 0.6549
20250131, DAL, 67.5, 20261218, P, 0, 8, 0.0128, 67.27, -0.3788
20250131, DAL, 70, 20261218, C, 0, 132, 0.0118, 67.27, 0.6263
20250131, DAL, 70, 20261218, P, 0, 3, 0.0135, 67.27, -0.4115
20250131, DAL, 72.5, 20261218, C, 0, 7, 0.0122, 67.27, 0.5979
20250131, DAL, 72.5, 20261218, P, 0, 51, 0.014, 67.27, -0.4445
20250131, DAL, 75, 20261218, C, 0, 474, 0.0124, 67.27, 0.57
20250131, DAL, 75, 20261218, P, 0, 1, 0.0146, 67.27, -0.4781
20250131, DAL, 77.5, 20261218, C, 0, 0, 0.0126, 67.27, 0.5419
20250131, DAL, 77.5, 20261218, P, 0, 0, 0.015, 67.27, -0.5121
20250131, DAL, 80, 20261218, C, 0, 79, 0.0128, 67.27, 0.5143
20250131, DAL, 80, 20261218, P, 0, 4, 0.0155, 67.27, -0.5463
20250131, DAL, 85, 20261218, C, 0, 85, 0.0128, 67.27, 0.4604
20250131, DAL, 85, 20261218, P, 0, 0, 0.0164, 67.27, -0.615
20250131, DAL, 90, 20261218, C, 0, 106, 0.0127, 67.27, 0.4101
20250131, DAL, 90, 20261218, P, 0, 0, 0.0172, 67.27, -0.684
20250131, DAL, 95, 20261218, C, 0, 13, 0.0124, 67.27, 0.3626
20250131, DAL, 95, 20261218, P, 0, 0, 0.0177, 67.27, -0.7512
20250131, DAL, 100, 20261218, C, 0, 0, 0.0118, 67.27, 0.3199
20250131, DAL, 100, 20261218, P, 0, 0, 0.0176, 67.27, -0.8164
20250131, DAL, 23, 20270115, C, 0, 12, 0.0012, 67.27, 0.9862
20250131, DAL, 23, 20270115, P, 0, 151, 0.0012, 67.27, -0.0235
20250131, DAL, 25, 20270115, C, 0, 26, 0.0014, 67.27, 0.9815
20250131, DAL, 25, 20270115, P, 0, 204, 0.0015, 67.27, -0.0284
20250131, DAL, 28, 20270115, C, 0, 0, 0.0019, 67.27, 0.9728
20250131, DAL, 28, 20270115, P, 0, 135, 0.0019, 67.27, -0.0373
20250131, DAL, 30, 20270115, C, 0, 14, 0.0022, 67.27, 0.9659
20250131, DAL, 30, 20270115, P, 0, 40, 0.0023, 67.27, -0.0444
20250131, DAL, 33, 20270115, C, 0, 0, 0.0028, 67.27, 0.9536
20250131, DAL, 33, 20270115, P, 0, 2, 0.0029, 67.27, -0.0571
20250131, DAL, 35, 20270115, C, 0, 4, 0.0032, 67.27, 0.9441
20250131, DAL, 35, 20270115, P, 0, 73, 0.0034, 67.27, -0.067
20250131, DAL, 38, 20270115, C, 5, 5, 0.004, 67.27, 0.9277
20250131, DAL, 38, 20270115, P, 1, 44, 0.0041, 67.27, -0.0839
20250131, DAL, 40, 20270115, C, 0, 106, 0.0045, 67.27, 0.9154
20250131, DAL, 40, 20270115, P, 13, 1428, 0.0046, 67.27, -0.0968
20250131, DAL, 43, 20270115, C, 0, 22, 0.0052, 67.27, 0.8948
20250131, DAL, 43, 20270115, P, 12, 563, 0.0055, 67.27, -0.1186
20250131, DAL, 45, 20270115, C, 0, 122, 0.0058, 67.27, 0.8797
20250131, DAL, 45, 20270115, P, 8, 282, 0.0061, 67.27, -0.1343
20250131, DAL, 47, 20270115, C, 0, 21, 0.0064, 67.27, 0.8636
20250131, DAL, 47, 20270115, P, 1, 15, 0.0067, 67.27, -0.1513
20250131, DAL, 50, 20270115, C, 0, 118, 0.0072, 67.27, 0.8377
20250131, DAL, 50, 20270115, P, 0, 26, 0.0076, 67.27, -0.1788
20250131, DAL, 52.5, 20270115, C, 0, 117, 0.0078, 67.27, 0.8147
20250131, DAL, 52.5, 20270115, P, 0, 13, 0.0083, 67.27, -0.2035
20250131, DAL, 55, 20270115, C, 0, 232, 0.0085, 67.27, 0.7907
20250131, DAL, 55, 20270115, P, 0, 44, 0.0091, 67.27, -0.2295
20250131, DAL, 57.5, 20270115, C, 0, 47, 0.0091, 67.27, 0.7657
20250131, DAL, 57.5, 20270115, P, 0, 27, 0.0098, 67.27, -0.2573
20250131, DAL, 60, 20270115, C, 1, 1073, 0.0097, 67.27, 0.7398
20250131, DAL, 60, 20270115, P, 8, 384, 0.0105, 67.27, -0.2852
20250131, DAL, 62.5, 20270115, C, 0, 253, 0.0102, 67.27, 0.7133
20250131, DAL, 62.5, 20270115, P, 1, 14, 0.0112, 67.27, -0.3147
20250131, DAL, 65, 20270115, C, 10, 91, 0.0107, 67.27, 0.6864
20250131, DAL, 65, 20270115, P, 0, 32, 0.0119, 67.27, -0.3451
20250131, DAL, 67.5, 20270115, C, 0, 14, 0.0111, 67.27, 0.6591
20250131, DAL, 67.5, 20270115, P, 0, 55, 0.0125, 67.27, -0.3761
20250131, DAL, 70, 20270115, C, 1, 332, 0.0115, 67.27, 0.6317
20250131, DAL, 70, 20270115, P, 0, 12, 0.0131, 67.27, -0.4081
20250131, DAL, 72.5, 20270115, C, 1, 30, 0.0118, 67.27, 0.6042
20250131, DAL, 72.5, 20270115, P, 0, 0, 0.0137, 67.27, -0.4405
20250131, DAL, 75, 20270115, C, 0, 249, 0.0121, 67.27, 0.5767
20250131, DAL, 75, 20270115, P, 0, 2, 0.0142, 67.27, -0.4732
20250131, DAL, 77.5, 20270115, C, 0, 0, 0.0123, 67.27, 0.5494
20250131, DAL, 77.5, 20270115, P, 0, 0, 0.0147, 67.27, -0.5067
20250131, DAL, 80, 20270115, C, 1, 508, 0.0125, 67.27, 0.5222
20250131, DAL, 80, 20270115, P, 0, 0, 0.0152, 67.27, -0.5402
20250131, DAL, 85, 20270115, C, 0, 38, 0.0126, 67.27, 0.4697
20250131, DAL, 85, 20270115, P, 0, 0, 0.0161, 67.27, -0.6083
20250131, DAL, 90, 20270115, C, 5, 76, 0.0125, 67.27, 0.4195
20250131, DAL, 90, 20270115, P, 0, 3, 0.017, 67.27, -0.6767
20250131, DAL, 95, 20270115, C, 0, 725, 0.0122, 67.27, 0.3727
20250131, DAL, 95, 20270115, P, 0, 0, 0.0176, 67.27, -0.7446
20250131, DAL, 100, 20270115, C, 3, 13, 0.0118, 67.27, 0.3297
20250131, DAL, 100, 20270115, P, 0, 0, 0.0177, 67.27, -0.8109
