20250220, PDYN, 1, 20250221, C, 0, 0, 0, 8.4393, 1
20250220, PDYN, 1, 20250221, P, 0, 0, 0, 8.4393, 0
20250220, PDYN, 2, 20250221, C, 0, 5, 0, 8.4393, 1
20250220, PDYN, 2, 20250221, P, 0, 2, 0, 8.4393, 0
20250220, PDYN, 3, 20250221, C, 0, 0, 0, 8.4393, 1
20250220, PDYN, 3, 20250221, P, 0, 0, 0, 8.4393, 0
20250220, PDYN, 4, 20250221, C, 0, 0, 0.0001, 8.4393, 1
20250220, PDYN, 4, 20250221, P, 0, 76, 0, 8.4393, 0
20250220, PDYN, 5, 20250221, C, 0, 14, 0, 8.4393, 1
20250220, PDYN, 5, 20250221, P, 0, 59, 0, 8.4393, 0
20250220, PDYN, 6, 20250221, C, 1, 17, 0, 8.4393, 1
20250220, PDYN, 6, 20250221, P, 0, 1287, 0.0001, 8.4393, 0
20250220, PDYN, 7, 20250221, C, 2, 68, 0.0246, 8.4393, 0.9958
20250220, PDYN, 7, 20250221, P, 1, 465, 0.0493, 8.4393, -0.0138
20250220, PDYN, 8, 20250221, C, 205, 261, 0.4757, 8.4393, 0.7354
20250220, PDYN, 8, 20250221, P, 55, 563, 0.4474, 8.4393, -0.2714
20250220, PDYN, 9, 20250221, C, 78, 714, 0.4047, 8.4393, 0.2399
20250220, PDYN, 9, 20250221, P, 32, 309, 0.4044, 8.4393, -0.7568
20250220, PDYN, 10, 20250221, C, 48, 2012, 0.0988, 8.4393, 0.0357
20250220, PDYN, 10, 20250221, P, 32, 344, 0.0987, 8.4393, -0.961
20250220, PDYN, 11, 20250221, C, 23, 1182, 0.0112, 8.4393, 0.003
20250220, PDYN, 11, 20250221, P, 125, 540, 0.0112, 8.4393, -0.9936
20250220, PDYN, 12, 20250221, C, 11, 2157, 0.0008, 8.4393, 0.0002
20250220, PDYN, 12, 20250221, P, 0, 592, 0.0008, 8.4393, -0.9965
20250220, PDYN, 13, 20250221, C, 0, 694, 0, 8.4393, 0
20250220, PDYN, 13, 20250221, P, 0, 10, 0, 8.4393, -0.9966
20250220, PDYN, 14, 20250221, C, 0, 704, 0, 8.4393, 0
20250220, PDYN, 14, 20250221, P, 0, 1, 0, 8.4393, -0.9966
20250220, PDYN, 15, 20250221, C, 0, 648, 0, 8.4393, 0
20250220, PDYN, 15, 20250221, P, 0, 10, 0, 8.4393, -0.9966
20250220, PDYN, 16, 20250221, C, 0, 102, 0, 8.4393, 0
20250220, PDYN, 16, 20250221, P, 0, 0, 0, 8.4393, -0.9966
20250220, PDYN, 17, 20250221, C, 0, 1173, 0, 8.4393, 0
20250220, PDYN, 17, 20250221, P, 0, 0, 0, 8.4393, -0.9966
20250220, PDYN, 18, 20250221, C, 0, 64, 0, 8.4393, 0
20250220, PDYN, 18, 20250221, P, 0, 1, 0, 8.4393, -0.9966
20250220, PDYN, 19, 20250221, C, 0, 12, 0, 8.4393, 0
20250220, PDYN, 19, 20250221, P, 0, 1, 0, 8.4393, -0.9966
20250220, PDYN, 20, 20250221, C, 0, 160, 0, 8.4393, 0
20250220, PDYN, 20, 20250221, P, 0, 0, 0, 8.4393, -0.9966
20250220, PDYN, 21, 20250221, C, 0, 4, 0, 8.4393, 0
20250220, PDYN, 21, 20250221, P, 0, 0, 0, 8.4393, -0.9966
20250220, PDYN, 22, 20250221, C, 0, 2, 0, 8.4393, 0
20250220, PDYN, 22, 20250221, P, 0, 0, 0, 8.4393, -0.9967
20250220, PDYN, 23, 20250221, C, 0, 20, 0, 8.4393, 0
20250220, PDYN, 23, 20250221, P, 0, 0, 0, 8.4393, -0.9967
20250220, PDYN, 1, 20250321, C, 0, 0, 0, 8.4393, 1
20250220, PDYN, 1, 20250321, P, 0, 0, 0.0018, 8.4393, -0.0055
20250220, PDYN, 2, 20250321, C, 0, 1, 0, 8.4393, 1
20250220, PDYN, 2, 20250321, P, 0, 0, 0.0046, 8.4393, -0.0107
20250220, PDYN, 3, 20250321, C, 0, 0, 0, 8.4393, 1
20250220, PDYN, 3, 20250321, P, 0, 0, 0.0101, 8.4393, -0.0205
20250220, PDYN, 4, 20250321, C, 0, 0, 0.0303, 8.4393, 0.9865
20250220, PDYN, 4, 20250321, P, 0, 7, 0.0217, 8.4393, -0.0421
20250220, PDYN, 5, 20250321, C, 0, 6, 0.0492, 8.4393, 0.9257
20250220, PDYN, 5, 20250321, P, 2, 29, 0.0424, 8.4393, -0.0881
20250220, PDYN, 6, 20250321, C, 3, 12, 0.0775, 8.4393, 0.8356
20250220, PDYN, 6, 20250321, P, 0, 67, 0.0686, 8.4393, -0.1676
20250220, PDYN, 7, 20250321, C, 43, 148, 0.0968, 8.4393, 0.7216
20250220, PDYN, 7, 20250321, P, 16, 198, 0.0899, 8.4393, -0.271
20250220, PDYN, 8, 20250321, C, 139, 306, 0.1058, 8.4393, 0.6069
20250220, PDYN, 8, 20250321, P, 21, 464, 0.1007, 8.4393, -0.3787
20250220, PDYN, 9, 20250321, C, 69, 556, 0.1063, 8.4393, 0.5034
20250220, PDYN, 9, 20250321, P, 22, 909, 0.1023, 8.4393, -0.4774
20250220, PDYN, 10, 20250321, C, 155, 1143, 0.1012, 8.4393, 0.4154
20250220, PDYN, 10, 20250321, P, 1, 119, 0.0981, 8.4393, -0.5623
20250220, PDYN, 11, 20250321, C, 40, 461, 0.0933, 8.4393, 0.3425
20250220, PDYN, 11, 20250321, P, 0, 81, 0.0908, 8.4393, -0.633
20250220, PDYN, 12, 20250321, C, 44, 1522, 0.0843, 8.4393, 0.2828
20250220, PDYN, 12, 20250321, P, 0, 84, 0.0823, 8.4393, -0.691
20250220, PDYN, 13, 20250321, C, 14, 159, 0.0752, 8.4393, 0.2342
20250220, PDYN, 13, 20250321, P, 0, 10, 0.0736, 8.4393, -0.7384
20250220, PDYN, 14, 20250321, C, 0, 68, 0.0666, 8.4393, 0.1947
20250220, PDYN, 14, 20250321, P, 0, 88, 0.0653, 8.4393, -0.7771
20250220, PDYN, 15, 20250321, C, 1, 222, 0.0587, 8.4393, 0.1624
20250220, PDYN, 15, 20250321, P, 0, 133, 0.0576, 8.4393, -0.8087
20250220, PDYN, 16, 20250321, C, 5, 30, 0.0516, 8.4393, 0.1361
20250220, PDYN, 16, 20250321, P, 0, 0, 0.0506, 8.4393, -0.8345
20250220, PDYN, 17, 20250321, C, 0, 16, 0.0452, 8.4393, 0.1144
20250220, PDYN, 17, 20250321, P, 0, 0, 0.0445, 8.4393, -0.8557
20250220, PDYN, 18, 20250321, C, 0, 15, 0.0396, 8.4393, 0.0966
20250220, PDYN, 18, 20250321, P, 0, 6, 0.039, 8.4393, -0.8732
20250220, PDYN, 19, 20250321, C, 0, 25, 0.0348, 8.4393, 0.0819
20250220, PDYN, 19, 20250321, P, 0, 0, 0.0342, 8.4393, -0.8878
20250220, PDYN, 20, 20250321, C, 0, 81, 0.0305, 8.4393, 0.0697
20250220, PDYN, 20, 20250321, P, 0, 0, 0.03, 8.4393, -0.8998
20250220, PDYN, 21, 20250321, C, 0, 2, 0.0268, 8.4393, 0.0594
20250220, PDYN, 21, 20250321, P, 0, 0, 0.0264, 8.4393, -0.9099
20250220, PDYN, 22, 20250321, C, 0, 1, 0.0235, 8.4393, 0.0509
20250220, PDYN, 22, 20250321, P, 0, 0, 0.0232, 8.4393, -0.9183
20250220, PDYN, 23, 20250321, C, 1, 3, 0.0207, 8.4393, 0.0437
20250220, PDYN, 23, 20250321, P, 0, 0, 0.0205, 8.4393, -0.9254
20250220, PDYN, 1, 20250417, C, 0, 0, 0.0008, 8.4393, 0.9993
20250220, PDYN, 1, 20250417, P, 0, 0, 0.0028, 8.4393, -0.0122
20250220, PDYN, 2, 20250417, C, 0, 0, 0.004, 8.4393, 0.9974
20250220, PDYN, 2, 20250417, P, 0, 0, 0.0071, 8.4393, -0.0237
20250220, PDYN, 3, 20250417, C, 0, 0, 0.0281, 8.4393, 0.9854
20250220, PDYN, 3, 20250417, P, 0, 10, 0.0143, 8.4393, -0.0421
20250220, PDYN, 4, 20250417, C, 0, 4, 0.0341, 8.4393, 0.9421
20250220, PDYN, 4, 20250417, P, 0, 0, 0.026, 8.4393, -0.0754
20250220, PDYN, 5, 20250417, C, 0, 34, 0.0525, 8.4393, 0.8756
20250220, PDYN, 5, 20250417, P, 0, 52, 0.0413, 8.4393, -0.13
20250220, PDYN, 6, 20250417, C, 0, 1, 0.0656, 8.4393, 0.7885
20250220, PDYN, 6, 20250417, P, 0, 81, 0.056, 8.4393, -0.2027
20250220, PDYN, 7, 20250417, C, 1, 33, 0.0742, 8.4393, 0.6972
20250220, PDYN, 7, 20250417, P, 4, 63, 0.0664, 8.4393, -0.2823
20250220, PDYN, 8, 20250417, C, 2, 75, 0.0783, 8.4393, 0.6118
20250220, PDYN, 8, 20250417, P, 2, 124, 0.0718, 8.4393, -0.3594
20250220, PDYN, 9, 20250417, C, 1, 208, 0.0788, 8.4393, 0.5358
20250220, PDYN, 9, 20250417, P, 0, 90, 0.0735, 8.4393, -0.4294
20250220, PDYN, 10, 20250417, C, 5, 245, 0.0771, 8.4393, 0.4698
20250220, PDYN, 10, 20250417, P, 20, 65, 0.0727, 8.4393, -0.491
20250220, PDYN, 11, 20250417, C, 0, 156, 0.074, 8.4393, 0.413
20250220, PDYN, 11, 20250417, P, 0, 1, 0.0704, 8.4393, -0.5444
20250220, PDYN, 12, 20250417, C, 0, 385, 0.0703, 8.4393, 0.3644
20250220, PDYN, 12, 20250417, P, 5, 10, 0.0672, 8.4393, -0.5905
20250220, PDYN, 13, 20250417, C, 2, 118, 0.0662, 8.4393, 0.3228
20250220, PDYN, 13, 20250417, P, 0, 0, 0.0635, 8.4393, -0.6304
20250220, PDYN, 14, 20250417, C, 0, 23, 0.062, 8.4393, 0.2868
20250220, PDYN, 14, 20250417, P, 0, 0, 0.0597, 8.4393, -0.6647
20250220, PDYN, 15, 20250417, C, 2, 29, 0.0579, 8.4393, 0.256
20250220, PDYN, 15, 20250417, P, 0, 0, 0.056, 8.4393, -0.6946
20250220, PDYN, 16, 20250417, C, 0, 78, 0.054, 8.4393, 0.2291
20250220, PDYN, 16, 20250417, P, 0, 0, 0.0523, 8.4393, -0.7205
20250220, PDYN, 17, 20250417, C, 0, 4, 0.0503, 8.4393, 0.2058
20250220, PDYN, 17, 20250417, P, 0, 0, 0.0488, 8.4393, -0.7431
20250220, PDYN, 18, 20250417, C, 0, 2, 0.0468, 8.4393, 0.1852
20250220, PDYN, 18, 20250417, P, 0, 0, 0.0456, 8.4393, -0.7629
20250220, PDYN, 19, 20250417, C, 0, 51, 0.0436, 8.4393, 0.1674
20250220, PDYN, 19, 20250417, P, 0, 0, 0.0425, 8.4393, -0.7804
20250220, PDYN, 20, 20250417, C, 3, 45, 0.0406, 8.4393, 0.1516
20250220, PDYN, 20, 20250417, P, 0, 0, 0.0396, 8.4393, -0.7958
20250220, PDYN, 21, 20250417, C, 0, 0, 0.0378, 8.4393, 0.1376
20250220, PDYN, 21, 20250417, P, 0, 0, 0.037, 8.4393, -0.8094
20250220, PDYN, 22, 20250417, C, 0, 0, 0.0352, 8.4393, 0.1253
20250220, PDYN, 22, 20250417, P, 0, 0, 0.0346, 8.4393, -0.8216
20250220, PDYN, 23, 20250417, C, 0, 3, 0.0328, 8.4393, 0.1142
20250220, PDYN, 23, 20250417, P, 0, 0, 0.0323, 8.4393, -0.8324
20250220, PDYN, 1, 20250718, C, 10, 47, 0.0083, 8.4393, 0.9901
20250220, PDYN, 1, 20250718, P, 0, 5, 0.003, 8.4393, -0.018
20250220, PDYN, 2, 20250718, C, 0, 10, 0.0169, 8.4393, 0.9712
20250220, PDYN, 2, 20250718, P, 0, 0, 0.0079, 8.4393, -0.0397
20250220, PDYN, 3, 20250718, C, 0, 12, 0.0238, 8.4393, 0.9302
20250220, PDYN, 3, 20250718, P, 0, 1, 0.0144, 8.4393, -0.0701
20250220, PDYN, 4, 20250718, C, 0, 9, 0.0314, 8.4393, 0.8755
20250220, PDYN, 4, 20250718, P, 0, 7, 0.0217, 8.4393, -0.1102
20250220, PDYN, 5, 20250718, C, 0, 12, 0.0377, 8.4393, 0.8145
20250220, PDYN, 5, 20250718, P, 0, 42, 0.0286, 8.4393, -0.1567
20250220, PDYN, 6, 20250718, C, 0, 31, 0.0427, 8.4393, 0.7533
20250220, PDYN, 6, 20250718, P, 0, 139, 0.0344, 8.4393, -0.2056
20250220, PDYN, 7, 20250718, C, 4, 135, 0.0463, 8.4393, 0.6949
20250220, PDYN, 7, 20250718, P, 20, 256, 0.0389, 8.4393, -0.2541
20250220, PDYN, 8, 20250718, C, 5, 136, 0.0486, 8.4393, 0.6408
20250220, PDYN, 8, 20250718, P, 0, 78, 0.0421, 8.4393, -0.3004
20250220, PDYN, 9, 20250718, C, 4, 278, 0.0499, 8.4393, 0.5913
20250220, PDYN, 9, 20250718, P, 20, 30, 0.0442, 8.4393, -0.3437
20250220, PDYN, 10, 20250718, C, 13, 400, 0.0505, 8.4393, 0.5466
20250220, PDYN, 10, 20250718, P, 0, 26, 0.0455, 8.4393, -0.3836
20250220, PDYN, 11, 20250718, C, 0, 106, 0.0505, 8.4393, 0.5062
20250220, PDYN, 11, 20250718, P, 0, 0, 0.0461, 8.4393, -0.4202
20250220, PDYN, 12, 20250718, C, 0, 270, 0.0501, 8.4393, 0.4698
20250220, PDYN, 12, 20250718, P, 0, 10, 0.0463, 8.4393, -0.4535
20250220, PDYN, 13, 20250718, C, 0, 67, 0.0494, 8.4393, 0.4371
20250220, PDYN, 13, 20250718, P, 0, 1, 0.046, 8.4393, -0.4839
20250220, PDYN, 14, 20250718, C, 0, 32, 0.0484, 8.4393, 0.4075
20250220, PDYN, 14, 20250718, P, 0, 2, 0.0455, 8.4393, -0.5115
20250220, PDYN, 15, 20250718, C, 0, 23, 0.0473, 8.4393, 0.3807
20250220, PDYN, 15, 20250718, P, 0, 15, 0.0448, 8.4393, -0.5367
20250220, PDYN, 16, 20250718, C, 0, 16, 0.0461, 8.4393, 0.3564
20250220, PDYN, 16, 20250718, P, 0, 0, 0.044, 8.4393, -0.5598
20250220, PDYN, 17, 20250718, C, 1, 7, 0.0449, 8.4393, 0.3343
20250220, PDYN, 17, 20250718, P, 0, 0, 0.0432, 8.4393, -0.581
20250220, PDYN, 18, 20250718, C, 0, 7, 0.0436, 8.4393, 0.3142
20250220, PDYN, 18, 20250718, P, 0, 0, 0.0422, 8.4393, -0.6004
20250220, PDYN, 19, 20250718, C, 0, 7, 0.0423, 8.4393, 0.2958
20250220, PDYN, 19, 20250718, P, 0, 0, 0.0413, 8.4393, -0.6183
20250220, PDYN, 20, 20250718, C, 0, 252, 0.041, 8.4393, 0.2789
20250220, PDYN, 20, 20250718, P, 0, 0, 0.0403, 8.4393, -0.6348
20250220, PDYN, 21, 20250718, C, 0, 6, 0.0398, 8.4393, 0.2634
20250220, PDYN, 21, 20250718, P, 0, 0, 0.0394, 8.4393, -0.6501
20250220, PDYN, 22, 20250718, C, 0, 0, 0.0385, 8.4393, 0.2491
20250220, PDYN, 22, 20250718, P, 0, 0, 0.0384, 8.4393, -0.6643
20250220, PDYN, 23, 20250718, C, 0, 16, 0.0373, 8.4393, 0.2359
20250220, PDYN, 23, 20250718, P, 0, 0, 0.0375, 8.4393, -0.6776
20250220, PDYN, 1, 20251017, C, 0, 0, 0.0093, 8.4393, 0.9857
20250220, PDYN, 1, 20251017, P, 0, 0, 0.0023, 8.4393, -0.0184
20250220, PDYN, 2, 20251017, C, 1, 0, 0.0175, 8.4393, 0.9492
20250220, PDYN, 2, 20251017, P, 0, 0, 0.0061, 8.4393, -0.0445
20250220, PDYN, 3, 20251017, C, 0, 0, 0.0228, 8.4393, 0.8981
20250220, PDYN, 3, 20251017, P, 0, 0, 0.0103, 8.4393, -0.0746
20250220, PDYN, 4, 20251017, C, 0, 0, 0.0268, 8.4393, 0.8434
20250220, PDYN, 4, 20251017, P, 0, 0, 0.0144, 8.4393, -0.1073
20250220, PDYN, 5, 20251017, C, 1, 0, 0.0303, 8.4393, 0.7907
20250220, PDYN, 5, 20251017, P, 0, 0, 0.018, 8.4393, -0.1409
20250220, PDYN, 6, 20251017, C, 0, 0, 0.0327, 8.4393, 0.7405
20250220, PDYN, 6, 20251017, P, 0, 0, 0.0211, 8.4393, -0.1741
20250220, PDYN, 7, 20251017, C, 0, 0, 0.0345, 8.4393, 0.6944
20250220, PDYN, 7, 20251017, P, 0, 0, 0.0236, 8.4393, -0.2063
20250220, PDYN, 8, 20251017, C, 0, 0, 0.0357, 8.4393, 0.652
20250220, PDYN, 8, 20251017, P, 0, 0, 0.0257, 8.4393, -0.2369
20250220, PDYN, 9, 20251017, C, 5, 0, 0.0366, 8.4393, 0.6136
20250220, PDYN, 9, 20251017, P, 0, 0, 0.0273, 8.4393, -0.2657
20250220, PDYN, 10, 20251017, C, 0, 0, 0.037, 8.4393, 0.5784
20250220, PDYN, 10, 20251017, P, 0, 0, 0.0286, 8.4393, -0.2927
20250220, PDYN, 11, 20251017, C, 10, 0, 0.0373, 8.4393, 0.5465
20250220, PDYN, 11, 20251017, P, 0, 0, 0.0296, 8.4393, -0.3179
20250220, PDYN, 12, 20251017, C, 0, 0, 0.0374, 8.4393, 0.5172
20250220, PDYN, 12, 20251017, P, 0, 0, 0.0303, 8.4393, -0.3415
20250220, PDYN, 13, 20251017, C, 0, 0, 0.0373, 8.4393, 0.4905
20250220, PDYN, 13, 20251017, P, 0, 0, 0.0308, 8.4393, -0.3634
20250220, PDYN, 14, 20251017, C, 0, 0, 0.0371, 8.4393, 0.4659
20250220, PDYN, 14, 20251017, P, 0, 0, 0.0312, 8.4393, -0.384
20250220, PDYN, 15, 20251017, C, 0, 0, 0.0368, 8.4393, 0.4433
20250220, PDYN, 15, 20251017, P, 0, 0, 0.0314, 8.4393, -0.4031
20250220, PDYN, 16, 20251017, C, 2, 0, 0.0364, 8.4393, 0.4226
20250220, PDYN, 16, 20251017, P, 0, 0, 0.0316, 8.4393, -0.421
20250220, PDYN, 17, 20251017, C, 0, 0, 0.0359, 8.4393, 0.4033
20250220, PDYN, 17, 20251017, P, 0, 0, 0.0316, 8.4393, -0.4378
20250221, PDYN, 1, 20250321, C, 0, 0, 0.002, 8.044, 0.997
20250221, PDYN, 1, 20250321, P, 0, 0, 0.0023, 8.044, -0.0074
20250221, PDYN, 2, 20250321, C, 0, 0, 0.0042, 8.044, 0.9956
20250221, PDYN, 2, 20250321, P, 0, 0, 0.0055, 8.044, -0.0128
20250221, PDYN, 3, 20250321, C, 0, 0, 0.0105, 8.044, 0.9906
20250221, PDYN, 3, 20250321, P, 0, 0, 0.0118, 8.044, -0.0227
20250221, PDYN, 4, 20250321, C, 0, 0, 0.0278, 8.044, 0.9719
20250221, PDYN, 4, 20250321, P, 0, 7, 0.0251, 8.044, -0.0451
20250221, PDYN, 5, 20250321, C, 10, 6, 0.0585, 8.044, 0.9177
20250221, PDYN, 5, 20250321, P, 1, 29, 0.0499, 8.044, -0.095
20250221, PDYN, 6, 20250321, C, 2, 15, 0.0896, 8.044, 0.8179
20250221, PDYN, 6, 20250321, P, 0, 67, 0.0817, 8.044, -0.1846
20250221, PDYN, 7, 20250321, C, 7, 190, 0.1118, 8.044, 0.6922
20250221, PDYN, 7, 20250321, P, 29, 196, 0.1061, 8.044, -0.3019
20250221, PDYN, 8, 20250321, C, 113, 321, 0.1203, 8.044, 0.567
20250221, PDYN, 8, 20250321, P, 525, 478, 0.116, 8.044, -0.4214
20250221, PDYN, 9, 20250321, C, 138, 589, 0.1176, 8.044, 0.457
20250221, PDYN, 9, 20250321, P, 20, 924, 0.1144, 8.044, -0.5276
20250221, PDYN, 10, 20250321, C, 118, 1164, 0.1087, 8.044, 0.3662
20250221, PDYN, 10, 20250321, P, 18, 120, 0.1062, 8.044, -0.6159
20250221, PDYN, 11, 20250321, C, 35, 479, 0.0972, 8.044, 0.2934
20250221, PDYN, 11, 20250321, P, 0, 81, 0.0953, 8.044, -0.6871
20250221, PDYN, 12, 20250321, C, 70, 1511, 0.0853, 8.044, 0.2355
20250221, PDYN, 12, 20250321, P, 0, 84, 0.0837, 8.044, -0.7438
20250221, PDYN, 13, 20250321, C, 1, 163, 0.0739, 8.044, 0.1897
20250221, PDYN, 13, 20250321, P, 0, 10, 0.0727, 8.044, -0.7888
20250221, PDYN, 14, 20250321, C, 21, 68, 0.0636, 8.044, 0.1535
20250221, PDYN, 14, 20250321, P, 0, 88, 0.0626, 8.044, -0.8244
20250221, PDYN, 15, 20250321, C, 4, 222, 0.0545, 8.044, 0.1247
20250221, PDYN, 15, 20250321, P, 0, 133, 0.0537, 8.044, -0.8527
20250221, PDYN, 16, 20250321, C, 8, 35, 0.0466, 8.044, 0.1019
20250221, PDYN, 16, 20250321, P, 0, 0, 0.046, 8.044, -0.8752
20250221, PDYN, 17, 20250321, C, 4, 16, 0.0398, 8.044, 0.0834
20250221, PDYN, 17, 20250321, P, 0, 0, 0.0393, 8.044, -0.8934
20250221, PDYN, 18, 20250321, C, 2, 15, 0.034, 8.044, 0.0687
20250221, PDYN, 18, 20250321, P, 0, 6, 0.0336, 8.044, -0.9079
20250221, PDYN, 19, 20250321, C, 0, 25, 0.0291, 8.044, 0.0568
20250221, PDYN, 19, 20250321, P, 0, 0, 0.0288, 8.044, -0.9196
20250221, PDYN, 20, 20250321, C, 0, 80, 0.0249, 8.044, 0.0471
20250221, PDYN, 20, 20250321, P, 0, 0, 0.0246, 8.044, -0.9292
20250221, PDYN, 21, 20250321, C, 0, 2, 0.0213, 8.044, 0.0393
20250221, PDYN, 21, 20250321, P, 0, 0, 0.0211, 8.044, -0.937
20250221, PDYN, 22, 20250321, C, 0, 1, 0.0183, 8.044, 0.0328
20250221, PDYN, 22, 20250321, P, 0, 0, 0.0182, 8.044, -0.9434
20250221, PDYN, 23, 20250321, C, 1, 4, 0.0157, 8.044, 0.0275
20250221, PDYN, 23, 20250321, P, 0, 0, 0.0156, 8.044, -0.9486
20250221, PDYN, 1, 20250417, C, 0, 0, 0.0044, 8.044, 0.9911
20250221, PDYN, 1, 20250417, P, 0, 0, 0.0032, 8.044, -0.0143
20250221, PDYN, 2, 20250417, C, 0, 0, 0.0092, 8.044, 0.9879
20250221, PDYN, 2, 20250417, P, 0, 0, 0.008, 8.044, -0.0255
20250221, PDYN, 3, 20250417, C, 0, 0, 0.0198, 8.044, 0.9768
20250221, PDYN, 3, 20250417, P, 0, 10, 0.0159, 8.044, -0.0429
20250221, PDYN, 4, 20250417, C, 0, 4, 0.0398, 8.044, 0.943
20250221, PDYN, 4, 20250417, P, 0, 0, 0.0296, 8.044, -0.0762
20250221, PDYN, 5, 20250417, C, 1, 34, 0.0604, 8.044, 0.8727
20250221, PDYN, 5, 20250417, P, 0, 52, 0.0488, 8.044, -0.135
20250221, PDYN, 6, 20250417, C, 0, 1, 0.0771, 8.044, 0.7759
20250221, PDYN, 6, 20250417, P, 0, 81, 0.0676, 8.044, -0.2178
20250221, PDYN, 7, 20250417, C, 1, 34, 0.0873, 8.044, 0.6733
20250221, PDYN, 7, 20250417, P, 0, 66, 0.0797, 8.044, -0.3095
20250221, PDYN, 8, 20250417, C, 24, 76, 0.0907, 8.044, 0.5785
20250221, PDYN, 8, 20250417, P, 10, 125, 0.0847, 8.044, -0.3965
20250221, PDYN, 9, 20250417, C, 9, 209, 0.0895, 8.044, 0.4964
20250221, PDYN, 9, 20250417, P, 0, 90, 0.0847, 8.044, -0.4733
20250221, PDYN, 10, 20250417, C, 24, 249, 0.0856, 8.044, 0.4272
20250221, PDYN, 10, 20250417, P, 4, 65, 0.0817, 8.044, -0.5387
20250221, PDYN, 11, 20250417, C, 4, 156, 0.0804, 8.044, 0.3693
20250221, PDYN, 11, 20250417, P, 0, 1, 0.0773, 8.044, -0.594
20250221, PDYN, 12, 20250417, C, 5, 385, 0.0748, 8.044, 0.3209
20250221, PDYN, 12, 20250417, P, 0, 15, 0.0722, 8.044, -0.6404
20250221, PDYN, 13, 20250417, C, 0, 119, 0.0692, 8.044, 0.2802
20250221, PDYN, 13, 20250417, P, 20, 0, 0.067, 8.044, -0.6796
20250221, PDYN, 14, 20250417, C, 0, 23, 0.0638, 8.044, 0.2459
20250221, PDYN, 14, 20250417, P, 0, 0, 0.0619, 8.044, -0.7128
20250221, PDYN, 15, 20250417, C, 0, 29, 0.0586, 8.044, 0.2168
20250221, PDYN, 15, 20250417, P, 0, 0, 0.0571, 8.044, -0.741
20250221, PDYN, 16, 20250417, C, 0, 78, 0.0539, 8.044, 0.1919
20250221, PDYN, 16, 20250417, P, 0, 0, 0.0526, 8.044, -0.7652
20250221, PDYN, 17, 20250417, C, 0, 4, 0.0495, 8.044, 0.1706
20250221, PDYN, 17, 20250417, P, 1, 0, 0.0484, 8.044, -0.7861
20250221, PDYN, 18, 20250417, C, 0, 2, 0.0455, 8.044, 0.1522
20250221, PDYN, 18, 20250417, P, 0, 0, 0.0446, 8.044, -0.8041
20250221, PDYN, 19, 20250417, C, 0, 51, 0.0418, 8.044, 0.1362
20250221, PDYN, 19, 20250417, P, 0, 0, 0.0411, 8.044, -0.8198
20250221, PDYN, 20, 20250417, C, 0, 48, 0.0385, 8.044, 0.1223
20250221, PDYN, 20, 20250417, P, 0, 0, 0.038, 8.044, -0.8335
20250221, PDYN, 21, 20250417, C, 0, 0, 0.0355, 8.044, 0.11
20250221, PDYN, 21, 20250417, P, 0, 0, 0.0351, 8.044, -0.8456
20250221, PDYN, 22, 20250417, C, 0, 0, 0.0327, 8.044, 0.0993
20250221, PDYN, 22, 20250417, P, 0, 0, 0.0324, 8.044, -0.8562
20250221, PDYN, 23, 20250417, C, 0, 3, 0.0302, 8.044, 0.0898
20250221, PDYN, 23, 20250417, P, 0, 0, 0.0301, 8.044, -0.8657
20250221, PDYN, 1, 20250718, C, 5, 43, 0.0074, 8.044, 0.9802
20250221, PDYN, 1, 20250718, P, 0, 5, 0.0031, 8.044, -0.02
20250221, PDYN, 2, 20250718, C, 0, 10, 0.0165, 8.044, 0.9606
20250221, PDYN, 2, 20250718, P, 0, 0, 0.0086, 8.044, -0.0441
20250221, PDYN, 3, 20250718, C, 0, 12, 0.0264, 8.044, 0.9238
20250221, PDYN, 3, 20250718, P, 0, 1, 0.016, 8.044, -0.0759
20250221, PDYN, 4, 20250718, C, 5, 9, 0.0356, 8.044, 0.8684
20250221, PDYN, 4, 20250718, P, 1, 7, 0.0246, 8.044, -0.1184
20250221, PDYN, 5, 20250718, C, 0, 12, 0.0434, 8.044, 0.8028
20250221, PDYN, 5, 20250718, P, 0, 42, 0.0328, 8.044, -0.169
20250221, PDYN, 6, 20250718, C, 0, 31, 0.0491, 8.044, 0.7355
20250221, PDYN, 6, 20250718, P, 0, 139, 0.0395, 8.044, -0.2229
20250221, PDYN, 7, 20250718, C, 1, 134, 0.0528, 8.044, 0.6715
20250221, PDYN, 7, 20250718, P, 0, 245, 0.0444, 8.044, -0.2759
20250221, PDYN, 8, 20250718, C, 16, 141, 0.055, 8.044, 0.6129
20250221, PDYN, 8, 20250718, P, 10, 78, 0.0475, 8.044, -0.326
20250221, PDYN, 9, 20250718, C, 23, 280, 0.0558, 8.044, 0.5602
20250221, PDYN, 9, 20250718, P, 0, 50, 0.0494, 8.044, -0.372
20250221, PDYN, 10, 20250718, C, 10, 409, 0.0558, 8.044, 0.5133
20250221, PDYN, 10, 20250718, P, 0, 26, 0.0502, 8.044, -0.4138
20250221, PDYN, 11, 20250718, C, 1, 108, 0.0552, 8.044, 0.4717
20250221, PDYN, 11, 20250718, P, 0, 0, 0.0504, 8.044, -0.4514
20250221, PDYN, 12, 20250718, C, 9, 270, 0.0541, 8.044, 0.4346
20250221, PDYN, 12, 20250718, P, 0, 10, 0.05, 8.044, -0.4853
20250221, PDYN, 13, 20250718, C, 10, 67, 0.0528, 8.044, 0.4017
20250221, PDYN, 13, 20250718, P, 0, 1, 0.0492, 8.044, -0.5157
20250221, PDYN, 14, 20250718, C, 0, 32, 0.0513, 8.044, 0.3723
20250221, PDYN, 14, 20250718, P, 0, 2, 0.0483, 8.044, -0.5432
20250221, PDYN, 15, 20250718, C, 0, 23, 0.0498, 8.044, 0.3459
20250221, PDYN, 15, 20250718, P, 0, 15, 0.0472, 8.044, -0.568
20250221, PDYN, 16, 20250718, C, 0, 16, 0.0481, 8.044, 0.3222
20250221, PDYN, 16, 20250718, P, 0, 0, 0.046, 8.044, -0.5906
20250221, PDYN, 17, 20250718, C, 0, 7, 0.0465, 8.044, 0.3008
20250221, PDYN, 17, 20250718, P, 0, 0, 0.0447, 8.044, -0.611
20250221, PDYN, 18, 20250718, C, 0, 7, 0.0449, 8.044, 0.2814
20250221, PDYN, 18, 20250718, P, 0, 0, 0.0435, 8.044, -0.6297
20250221, PDYN, 19, 20250718, C, 0, 7, 0.0433, 8.044, 0.2638
20250221, PDYN, 19, 20250718, P, 0, 0, 0.0423, 8.044, -0.6469
20250221, PDYN, 20, 20250718, C, 30, 252, 0.0417, 8.044, 0.2478
20250221, PDYN, 20, 20250718, P, 0, 0, 0.0411, 8.044, -0.6626
20250221, PDYN, 21, 20250718, C, 0, 6, 0.0402, 8.044, 0.2331
20250221, PDYN, 21, 20250718, P, 0, 0, 0.0399, 8.044, -0.6771
20250221, PDYN, 22, 20250718, C, 0, 0, 0.0388, 8.044, 0.2197
20250221, PDYN, 22, 20250718, P, 0, 0, 0.0388, 8.044, -0.6906
20250221, PDYN, 23, 20250718, C, 4, 16, 0.0374, 8.044, 0.2074
20250221, PDYN, 23, 20250718, P, 0, 0, 0.0377, 8.044, -0.703
20250221, PDYN, 1, 20251017, C, 0, 0, 0.0051, 8.044, 0.9937
20250221, PDYN, 1, 20251017, P, 0, 0, 0.0032, 8.044, -0.0198
20250221, PDYN, 2, 20251017, C, 1, 1, 0.0191, 8.044, 0.9626
20250221, PDYN, 2, 20251017, P, 0, 0, 0.0081, 8.044, -0.0468
20250221, PDYN, 3, 20251017, C, 0, 0, 0.026, 8.044, 0.9041
20250221, PDYN, 3, 20251017, P, 0, 0, 0.0135, 8.044, -0.0808
20250221, PDYN, 4, 20251017, C, 0, 0, 0.0302, 8.044, 0.8431
20250221, PDYN, 4, 20251017, P, 2, 0, 0.0185, 8.044, -0.1183
20250221, PDYN, 5, 20251017, C, 5, 1, 0.0334, 8.044, 0.7862
20250221, PDYN, 5, 20251017, P, 2, 0, 0.0226, 8.044, -0.1562
20250221, PDYN, 6, 20251017, C, 0, 0, 0.0357, 8.044, 0.7347
20250221, PDYN, 6, 20251017, P, 0, 0, 0.026, 8.044, -0.193
20250221, PDYN, 7, 20251017, C, 0, 0, 0.0373, 8.044, 0.6883
20250221, PDYN, 7, 20251017, P, 0, 0, 0.0286, 8.044, -0.228
20250221, PDYN, 8, 20251017, C, 6, 0, 0.0385, 8.044, 0.6466
20250221, PDYN, 8, 20251017, P, 0, 0, 0.0306, 8.044, -0.2607
20250221, PDYN, 9, 20251017, C, 6, 5, 0.0392, 8.044, 0.609
20250221, PDYN, 9, 20251017, P, 0, 0, 0.0322, 8.044, -0.2912
20250221, PDYN, 10, 20251017, C, 0, 0, 0.0397, 8.044, 0.5748
20250221, PDYN, 10, 20251017, P, 0, 0, 0.0334, 8.044, -0.3196
20250221, PDYN, 11, 20251017, C, 0, 10, 0.0399, 8.044, 0.5439
20250221, PDYN, 11, 20251017, P, 0, 0, 0.0343, 8.044, -0.3459
20250221, PDYN, 12, 20251017, C, 0, 0, 0.0399, 8.044, 0.5156
20250221, PDYN, 12, 20251017, P, 0, 0, 0.0349, 8.044, -0.3703
20250221, PDYN, 13, 20251017, C, 0, 0, 0.0397, 8.044, 0.4898
20250221, PDYN, 13, 20251017, P, 0, 0, 0.0353, 8.044, -0.3931
20250221, PDYN, 14, 20251017, C, 0, 0, 0.0395, 8.044, 0.4661
20250221, PDYN, 14, 20251017, P, 0, 0, 0.0356, 8.044, -0.4142
20250221, PDYN, 15, 20251017, C, 0, 0, 0.0391, 8.044, 0.4442
20250221, PDYN, 15, 20251017, P, 0, 0, 0.0358, 8.044, -0.434
20250221, PDYN, 16, 20251017, C, 0, 2, 0.0387, 8.044, 0.4242
20250221, PDYN, 16, 20251017, P, 0, 0, 0.0358, 8.044, -0.4524
20250221, PDYN, 17, 20251017, C, 0, 0, 0.0382, 8.044, 0.4056
20250221, PDYN, 17, 20251017, P, 0, 0, 0.0358, 8.044, -0.4697
20250224, PDYN, 1, 20250321, C, 0, 0, 0, 6.51, 1
20250224, PDYN, 1, 20250321, P, 0, 0, 0.0026, 6.51, -0.0052
20250224, PDYN, 2, 20250321, C, 0, 0, 0, 6.51, 1
20250224, PDYN, 2, 20250321, P, 0, 0, 0.0083, 6.51, -0.0126
20250224, PDYN, 3, 20250321, C, 1, 0, 0.0302, 6.51, 0.9873
20250224, PDYN, 3, 20250321, P, 0, 0, 0.0238, 6.51, -0.0331
20250224, PDYN, 4, 20250321, C, 0, 0, 0.0704, 6.51, 0.9202
20250224, PDYN, 4, 20250321, P, 2, 7, 0.0595, 6.51, -0.0897
20250224, PDYN, 5, 20250321, C, 1, 8, 0.1161, 6.51, 0.7952
20250224, PDYN, 5, 20250321, P, 74, 29, 0.1084, 6.51, -0.2033
20250224, PDYN, 6, 20250321, C, 74, 17, 0.1477, 6.51, 0.6377
20250224, PDYN, 6, 20250321, P, 36, 67, 0.1419, 6.51, -0.3531
20250224, PDYN, 7, 20250321, C, 137, 197, 0.1532, 6.51, 0.4864
20250224, PDYN, 7, 20250321, P, 105, 224, 0.149, 6.51, -0.4993
20250224, PDYN, 8, 20250321, C, 106, 356, 0.141, 6.51, 0.3614
20250224, PDYN, 8, 20250321, P, 6, 1001, 0.1379, 6.51, -0.621
20250224, PDYN, 9, 20250321, C, 137, 713, 0.1211, 6.51, 0.2656
20250224, PDYN, 9, 20250321, P, 24, 922, 0.1189, 6.51, -0.7149
20250224, PDYN, 10, 20250321, C, 226, 1159, 0.1001, 6.51, 0.1945
20250224, PDYN, 10, 20250321, P, 6, 134, 0.0984, 6.51, -0.7846
20250224, PDYN, 11, 20250321, C, 80, 502, 0.0808, 6.51, 0.1427
20250224, PDYN, 11, 20250321, P, 1, 81, 0.0796, 6.51, -0.8356
20250224, PDYN, 12, 20250321, C, 96, 1549, 0.0644, 6.51, 0.1051
20250224, PDYN, 12, 20250321, P, 3, 84, 0.0635, 6.51, -0.8727
20250224, PDYN, 13, 20250321, C, 9, 163, 0.051, 6.51, 0.0778
20250224, PDYN, 13, 20250321, P, 0, 10, 0.0503, 6.51, -0.8996
20250224, PDYN, 14, 20250321, C, 0, 64, 0.0402, 6.51, 0.0579
20250224, PDYN, 14, 20250321, P, 0, 88, 0.0397, 6.51, -0.9192
20250224, PDYN, 15, 20250321, C, 0, 222, 0.0316, 6.51, 0.0434
20250224, PDYN, 15, 20250321, P, 88, 133, 0.0313, 6.51, -0.9336
20250224, PDYN, 16, 20250321, C, 0, 36, 0.0249, 6.51, 0.0327
20250224, PDYN, 16, 20250321, P, 0, 0, 0.0247, 6.51, -0.9442
20250224, PDYN, 17, 20250321, C, 0, 13, 0.0196, 6.51, 0.0248
20250224, PDYN, 17, 20250321, P, 0, 0, 0.0195, 6.51, -0.952
20250224, PDYN, 18, 20250321, C, 0, 13, 0.0155, 6.51, 0.0189
20250224, PDYN, 18, 20250321, P, 0, 6, 0.0154, 6.51, -0.9578
20250224, PDYN, 19, 20250321, C, 0, 25, 0.0123, 6.51, 0.0145
20250224, PDYN, 19, 20250321, P, 0, 0, 0.0123, 6.51, -0.9622
20250224, PDYN, 20, 20250321, C, 16, 80, 0.0098, 6.51, 0.0112
20250224, PDYN, 20, 20250321, P, 0, 0, 0.0098, 6.51, -0.9656
20250224, PDYN, 21, 20250321, C, 0, 2, 0.0078, 6.51, 0.0087
20250224, PDYN, 21, 20250321, P, 0, 0, 0.0079, 6.51, -0.9681
20250224, PDYN, 22, 20250321, C, 0, 1, 0.0062, 6.51, 0.0067
20250224, PDYN, 22, 20250321, P, 0, 0, 0.0064, 6.51, -0.97
20250224, PDYN, 23, 20250321, C, 0, 3, 0.005, 6.51, 0.0053
20250224, PDYN, 23, 20250321, P, 0, 0, 0.0052, 6.51, -0.9716
20250224, PDYN, 1, 20250417, C, 0, 0, 0.0086, 6.51, 0.9946
20250224, PDYN, 1, 20250417, P, 0, 0, 0.0051, 6.51, -0.0159
20250224, PDYN, 2, 20250417, C, 0, 0, 0.0233, 6.51, 0.9855
20250224, PDYN, 2, 20250417, P, 0, 0, 0.014, 6.51, -0.0333
20250224, PDYN, 3, 20250417, C, 0, 0, 0.0438, 6.51, 0.9487
20250224, PDYN, 3, 20250417, P, 0, 10, 0.0312, 6.51, -0.0676
20250224, PDYN, 4, 20250417, C, 2, 4, 0.0708, 6.51, 0.8684
20250224, PDYN, 4, 20250417, P, 0, 0, 0.0582, 6.51, -0.1352
20250224, PDYN, 5, 20250417, C, 46, 35, 0.0953, 6.51, 0.7529
20250224, PDYN, 5, 20250417, P, 14, 52, 0.0848, 6.51, -0.236
20250224, PDYN, 6, 20250417, C, 1, 1, 0.1081, 6.51, 0.6314
20250224, PDYN, 6, 20250417, P, 33, 81, 0.1, 6.51, -0.3461
20250224, PDYN, 7, 20250417, C, 9, 33, 0.11, 6.51, 0.5237
20250224, PDYN, 7, 20250417, P, 11, 66, 0.1038, 6.51, -0.4463
20250224, PDYN, 8, 20250417, C, 39, 100, 0.1056, 6.51, 0.4344
20250224, PDYN, 8, 20250417, P, 11, 135, 0.1009, 6.51, -0.5308
20250224, PDYN, 9, 20250417, C, 15, 208, 0.0983, 6.51, 0.362
20250224, PDYN, 9, 20250417, P, 7, 90, 0.0945, 6.51, -0.6
20250224, PDYN, 10, 20250417, C, 22, 275, 0.0898, 6.51, 0.3035
20250224, PDYN, 10, 20250417, P, 6, 69, 0.0869, 6.51, -0.6562
20250224, PDYN, 11, 20250417, C, 5, 160, 0.0813, 6.51, 0.256
20250224, PDYN, 11, 20250417, P, 2, 1, 0.0789, 6.51, -0.7021
20250224, PDYN, 12, 20250417, C, 5, 384, 0.0733, 6.51, 0.2174
20250224, PDYN, 12, 20250417, P, 5, 15, 0.0713, 6.51, -0.7396
20250224, PDYN, 13, 20250417, C, 5, 119, 0.0658, 6.51, 0.1856
20250224, PDYN, 13, 20250417, P, 0, 20, 0.0642, 6.51, -0.7703
20250224, PDYN, 14, 20250417, C, 0, 23, 0.0591, 6.51, 0.1595
20250224, PDYN, 14, 20250417, P, 0, 0, 0.0578, 6.51, -0.796
20250224, PDYN, 15, 20250417, C, 0, 29, 0.053, 6.51, 0.1377
20250224, PDYN, 15, 20250417, P, 0, 0, 0.052, 6.51, -0.8173
20250224, PDYN, 16, 20250417, C, 8, 78, 0.0476, 6.51, 0.1196
20250224, PDYN, 16, 20250417, P, 0, 0, 0.0468, 6.51, -0.8352
20250224, PDYN, 17, 20250417, C, 0, 4, 0.0428, 6.51, 0.1041
20250224, PDYN, 17, 20250417, P, 0, 1, 0.0422, 6.51, -0.8504
20250224, PDYN, 18, 20250417, C, 0, 2, 0.0385, 6.51, 0.0911
20250224, PDYN, 18, 20250417, P, 0, 0, 0.0382, 6.51, -0.8632
20250224, PDYN, 19, 20250417, C, 0, 51, 0.0347, 6.51, 0.0799
20250224, PDYN, 19, 20250417, P, 0, 0, 0.0346, 6.51, -0.8743
20250224, PDYN, 20, 20250417, C, 0, 48, 0.0314, 6.51, 0.0705
20250224, PDYN, 20, 20250417, P, 0, 0, 0.0314, 6.51, -0.8838
20250224, PDYN, 21, 20250417, C, 0, 0, 0.0284, 6.51, 0.0623
20250224, PDYN, 21, 20250417, P, 0, 0, 0.0286, 6.51, -0.892
20250224, PDYN, 22, 20250417, C, 0, 0, 0.0257, 6.51, 0.0552
20250224, PDYN, 22, 20250417, P, 0, 0, 0.0261, 6.51, -0.8992
20250224, PDYN, 23, 20250417, C, 0, 3, 0.0233, 6.51, 0.0492
20250224, PDYN, 23, 20250417, P, 0, 0, 0.0239, 6.51, -0.9055
20250224, PDYN, 1, 20250718, C, 12, 46, 0.0125, 6.51, 0.9878
20250224, PDYN, 1, 20250718, P, 0, 5, 0.0055, 6.51, -0.0243
20250224, PDYN, 2, 20250718, C, 0, 10, 0.0298, 6.51, 0.9591
20250224, PDYN, 2, 20250718, P, 0, 0, 0.0152, 6.51, -0.0559
20250224, PDYN, 3, 20250718, C, 0, 12, 0.0446, 6.51, 0.8927
20250224, PDYN, 3, 20250718, P, 0, 1, 0.0282, 6.51, -0.1042
20250224, PDYN, 4, 20250718, C, 0, 7, 0.0566, 6.51, 0.8063
20250224, PDYN, 4, 20250718, P, 0, 6, 0.0411, 6.51, -0.1673
20250224, PDYN, 5, 20250718, C, 0, 12, 0.0638, 6.51, 0.7191
20250224, PDYN, 5, 20250718, P, 10, 42, 0.0506, 6.51, -0.2344
20250224, PDYN, 6, 20250718, C, 0, 31, 0.0674, 6.51, 0.6409
20250224, PDYN, 6, 20250718, P, 1, 139, 0.0564, 6.51, -0.2981
20250224, PDYN, 7, 20250718, C, 14, 135, 0.0686, 6.51, 0.5733
20250224, PDYN, 7, 20250718, P, 0, 245, 0.0595, 6.51, -0.3554
20250224, PDYN, 8, 20250718, C, 44, 137, 0.0683, 6.51, 0.5155
20250224, PDYN, 8, 20250718, P, 29, 82, 0.0607, 6.51, -0.4059
20250224, PDYN, 9, 20250718, C, 6, 302, 0.067, 6.51, 0.4658
20250224, PDYN, 9, 20250718, P, 20, 50, 0.0606, 6.51, -0.4502
20250224, PDYN, 10, 20250718, C, 12, 401, 0.0651, 6.51, 0.4231
20250224, PDYN, 10, 20250718, P, 1, 26, 0.0598, 6.51, -0.4889
20250224, PDYN, 11, 20250718, C, 7, 108, 0.063, 6.51, 0.3862
20250224, PDYN, 11, 20250718, P, 1, 0, 0.0585, 6.51, -0.5229
20250224, PDYN, 12, 20250718, C, 120, 268, 0.0606, 6.51, 0.3539
20250224, PDYN, 12, 20250718, P, 0, 10, 0.0569, 6.51, -0.5528
20250224, PDYN, 13, 20250718, C, 20, 77, 0.0583, 6.51, 0.3257
20250224, PDYN, 13, 20250718, P, 0, 1, 0.0552, 6.51, -0.5794
20250224, PDYN, 14, 20250718, C, 4, 32, 0.0559, 6.51, 0.3007
20250224, PDYN, 14, 20250718, P, 0, 2, 0.0534, 6.51, -0.6032
20250224, PDYN, 15, 20250718, C, 0, 23, 0.0536, 6.51, 0.2786
20250224, PDYN, 15, 20250718, P, 0, 15, 0.0517, 6.51, -0.6244
20250224, PDYN, 16, 20250718, C, 0, 16, 0.0514, 6.51, 0.2588
20250224, PDYN, 16, 20250718, P, 0, 0, 0.05, 6.51, -0.6436
20250224, PDYN, 17, 20250718, C, 0, 7, 0.0492, 6.51, 0.2411
20250224, PDYN, 17, 20250718, P, 0, 0, 0.0483, 6.51, -0.661
20250224, PDYN, 18, 20250718, C, 1, 7, 0.0471, 6.51, 0.2251
20250224, PDYN, 18, 20250718, P, 0, 0, 0.0467, 6.51, -0.6768
20250224, PDYN, 19, 20250718, C, 0, 7, 0.0452, 6.51, 0.2107
20250224, PDYN, 19, 20250718, P, 0, 0, 0.0453, 6.51, -0.6912
20250224, PDYN, 20, 20250718, C, 0, 252, 0.0433, 6.51, 0.1976
20250224, PDYN, 20, 20250718, P, 0, 0, 0.0438, 6.51, -0.7045
20250224, PDYN, 21, 20250718, C, 0, 6, 0.0415, 6.51, 0.1856
20250224, PDYN, 21, 20250718, P, 0, 0, 0.0425, 6.51, -0.7167
20250224, PDYN, 22, 20250718, C, 0, 0, 0.0398, 6.51, 0.1747
20250224, PDYN, 22, 20250718, P, 0, 0, 0.0413, 6.51, -0.7281
20250224, PDYN, 23, 20250718, C, 0, 14, 0.0382, 6.51, 0.1648
20250224, PDYN, 23, 20250718, P, 0, 0, 0.0401, 6.51, -0.7386
20250224, PDYN, 1, 20251017, C, 1, 0, 0.013, 6.51, 0.9726
20250224, PDYN, 1, 20251017, P, 0, 0, 0.005, 6.51, -0.0258
20250224, PDYN, 2, 20251017, C, 0, 1, 0.0232, 6.51, 0.925
20250224, PDYN, 2, 20251017, P, 0, 0, 0.013, 6.51, -0.0614
20250224, PDYN, 3, 20251017, C, 0, 0, 0.033, 6.51, 0.8618
20250224, PDYN, 3, 20251017, P, 0, 0, 0.022, 6.51, -0.1066
20250224, PDYN, 4, 20251017, C, 0, 0, 0.0399, 6.51, 0.7949
20250224, PDYN, 4, 20251017, P, 0, 2, 0.0298, 6.51, -0.1564
20250224, PDYN, 5, 20251017, C, 17, 5, 0.0447, 6.51, 0.7322
20250224, PDYN, 5, 20251017, P, 0, 2, 0.0358, 6.51, -0.2058
20250224, PDYN, 6, 20251017, C, 2, 0, 0.0478, 6.51, 0.676
20250224, PDYN, 6, 20251017, P, 0, 0, 0.0402, 6.51, -0.2522
20250224, PDYN, 7, 20251017, C, 2, 0, 0.0498, 6.51, 0.626
20250224, PDYN, 7, 20251017, P, 0, 0, 0.0433, 6.51, -0.2949
20250224, PDYN, 8, 20251017, C, 4, 12, 0.051, 6.51, 0.5818
20250224, PDYN, 8, 20251017, P, 0, 0, 0.0454, 6.51, -0.3338
20250224, PDYN, 9, 20251017, C, 4, 11, 0.0515, 6.51, 0.5425
20250224, PDYN, 9, 20251017, P, 0, 0, 0.0468, 6.51, -0.369
20250224, PDYN, 10, 20251017, C, 6, 0, 0.0515, 6.51, 0.5075
20250224, PDYN, 10, 20251017, P, 0, 0, 0.0476, 6.51, -0.4011
20250224, PDYN, 11, 20251017, C, 2, 10, 0.0512, 6.51, 0.4761
20250224, PDYN, 11, 20251017, P, 0, 0, 0.0481, 6.51, -0.4303
20250224, PDYN, 12, 20251017, C, 0, 0, 0.0507, 6.51, 0.4479
20250224, PDYN, 12, 20251017, P, 0, 0, 0.0483, 6.51, -0.4569
20250224, PDYN, 13, 20251017, C, 0, 0, 0.05, 6.51, 0.4224
20250224, PDYN, 13, 20251017, P, 0, 0, 0.0483, 6.51, -0.4813
20250224, PDYN, 14, 20251017, C, 0, 0, 0.0492, 6.51, 0.3993
20250224, PDYN, 14, 20251017, P, 0, 0, 0.0482, 6.51, -0.5038
20250224, PDYN, 15, 20251017, C, 0, 0, 0.0484, 6.51, 0.3783
20250224, PDYN, 15, 20251017, P, 0, 0, 0.0479, 6.51, -0.5245
20250224, PDYN, 16, 20251017, C, 0, 2, 0.0474, 6.51, 0.3591
20250224, PDYN, 16, 20251017, P, 0, 0, 0.0476, 6.51, -0.5437
20250224, PDYN, 17, 20251017, C, 0, 0, 0.0465, 6.51, 0.3414
20250224, PDYN, 17, 20251017, P, 0, 0, 0.0473, 6.51, -0.5616
20250225, PDYN, 1, 20250321, C, 0, 0, 0.0008, 5.89, 0.9996
20250225, PDYN, 1, 20250321, P, 0, 0, 0.0039, 5.89, -0.0073
20250225, PDYN, 2, 20250321, C, 0, 0, 0.012, 5.89, 0.9965
20250225, PDYN, 2, 20250321, P, 0, 3, 0.0124, 5.89, -0.0174
20250225, PDYN, 3, 20250321, C, 0, 1, 0.0481, 5.89, 0.968
20250225, PDYN, 3, 20250321, P, 0, 0, 0.036, 5.89, -0.0461
20250225, PDYN, 4, 20250321, C, 0, 0, 0.0976, 5.89, 0.8778
20250225, PDYN, 4, 20250321, P, 43, 8, 0.0885, 5.89, -0.1262
20250225, PDYN, 5, 20250321, C, 2, 8, 0.1539, 5.89, 0.718
20250225, PDYN, 5, 20250321, P, 7, 98, 0.1473, 5.89, -0.277
20250225, PDYN, 6, 20250321, C, 88, 66, 0.1748, 5.89, 0.5391
20250225, PDYN, 6, 20250321, P, 22, 78, 0.17, 5.89, -0.4496
20250225, PDYN, 7, 20250321, C, 91, 290, 0.1634, 5.89, 0.389
20250225, PDYN, 7, 20250321, P, 7, 216, 0.1601, 5.89, -0.596
20250225, PDYN, 8, 20250321, C, 118, 408, 0.1388, 5.89, 0.2773
20250225, PDYN, 8, 20250321, P, 9, 1005, 0.1364, 5.89, -0.7054
20250225, PDYN, 9, 20250321, C, 39, 675, 0.1124, 5.89, 0.1978
20250225, PDYN, 9, 20250321, P, 9, 917, 0.1108, 5.89, -0.7836
20250225, PDYN, 10, 20250321, C, 74, 1189, 0.0889, 5.89, 0.1419
20250225, PDYN, 10, 20250321, P, 0, 134, 0.0878, 5.89, -0.8386
20250225, PDYN, 11, 20250321, C, 24, 530, 0.0696, 5.89, 0.1027
20250225, PDYN, 11, 20250321, P, 0, 81, 0.0688, 5.89, -0.8774
20250225, PDYN, 12, 20250321, C, 27, 1606, 0.0542, 5.89, 0.075
20250225, PDYN, 12, 20250321, P, 77, 84, 0.0536, 5.89, -0.9048
20250225, PDYN, 13, 20250321, C, 0, 160, 0.0422, 5.89, 0.0552
20250225, PDYN, 13, 20250321, P, 0, 10, 0.0418, 5.89, -0.9243
20250225, PDYN, 14, 20250321, C, 0, 64, 0.0328, 5.89, 0.041
20250225, PDYN, 14, 20250321, P, 88, 88, 0.0326, 5.89, -0.9384
20250225, PDYN, 15, 20250321, C, 0, 222, 0.0257, 5.89, 0.0308
20250225, PDYN, 15, 20250321, P, 0, 45, 0.0255, 5.89, -0.9486
20250225, PDYN, 16, 20250321, C, 0, 36, 0.0201, 5.89, 0.0232
20250225, PDYN, 16, 20250321, P, 0, 0, 0.02, 5.89, -0.9561
20250225, PDYN, 17, 20250321, C, 0, 13, 0.0158, 5.89, 0.0176
20250225, PDYN, 17, 20250321, P, 0, 0, 0.0158, 5.89, -0.9616
20250225, PDYN, 18, 20250321, C, 0, 13, 0.0125, 5.89, 0.0135
20250225, PDYN, 18, 20250321, P, 0, 6, 0.0126, 5.89, -0.9658
20250225, PDYN, 19, 20250321, C, 0, 25, 0.0099, 5.89, 0.0104
20250225, PDYN, 19, 20250321, P, 0, 0, 0.0101, 5.89, -0.9689
20250225, PDYN, 20, 20250321, C, 0, 80, 0.0079, 5.89, 0.0081
20250225, PDYN, 20, 20250321, P, 0, 0, 0.0082, 5.89, -0.9714
20250225, PDYN, 21, 20250321, C, 0, 2, 0.0063, 5.89, 0.0063
20250225, PDYN, 21, 20250321, P, 0, 0, 0.0067, 5.89, -0.9732
20250225, PDYN, 22, 20250321, C, 0, 1, 0.0051, 5.89, 0.005
20250225, PDYN, 22, 20250321, P, 0, 0, 0.0056, 5.89, -0.9747
20250225, PDYN, 23, 20250321, C, 0, 3, 0.0041, 5.89, 0.0039
20250225, PDYN, 23, 20250321, P, 0, 0, 0.0047, 5.89, -0.9759
20250225, PDYN, 1, 20250417, C, 0, 0, 0.012, 5.89, 0.9898
20250225, PDYN, 1, 20250417, P, 0, 0, 0.0065, 5.89, -0.0186
20250225, PDYN, 2, 20250417, C, 0, 0, 0.0288, 5.89, 0.9718
20250225, PDYN, 2, 20250417, P, 0, 0, 0.0188, 5.89, -0.0411
20250225, PDYN, 3, 20250417, C, 0, 0, 0.0551, 5.89, 0.9211
20250225, PDYN, 3, 20250417, P, 5, 10, 0.0428, 5.89, -0.087
20250225, PDYN, 4, 20250417, C, 0, 2, 0.0883, 5.89, 0.821
20250225, PDYN, 4, 20250417, P, 0, 0, 0.077, 5.89, -0.1747
20250225, PDYN, 5, 20250417, C, 10, 55, 0.1135, 5.89, 0.6898
20250225, PDYN, 5, 20250417, P, 0, 42, 0.1043, 5.89, -0.2932
20250225, PDYN, 6, 20250417, C, 8, 1, 0.1219, 5.89, 0.5634
20250225, PDYN, 6, 20250417, P, 1, 72, 0.115, 5.89, -0.4106
20250225, PDYN, 7, 20250417, C, 1, 41, 0.1189, 5.89, 0.4579
20250225, PDYN, 7, 20250417, P, 9, 72, 0.1138, 5.89, -0.5107
20250225, PDYN, 8, 20250417, C, 20, 151, 0.1106, 5.89, 0.3736
20250225, PDYN, 8, 20250417, P, 1, 144, 0.1067, 5.89, -0.5914
20250225, PDYN, 9, 20250417, C, 31, 200, 0.1004, 5.89, 0.307
20250225, PDYN, 9, 20250417, P, 1, 97, 0.0973, 5.89, -0.6557
20250225, PDYN, 10, 20250417, C, 53, 289, 0.0899, 5.89, 0.2543
20250225, PDYN, 10, 20250417, P, 7, 75, 0.0875, 5.89, -0.7068
20250225, PDYN, 11, 20250417, C, 5, 156, 0.0801, 5.89, 0.2123
20250225, PDYN, 11, 20250417, P, 0, 1, 0.0782, 5.89, -0.7476
20250225, PDYN, 12, 20250417, C, 0, 383, 0.0711, 5.89, 0.1785
20250225, PDYN, 12, 20250417, P, 10, 10, 0.0696, 5.89, -0.7806
20250225, PDYN, 13, 20250417, C, 0, 119, 0.063, 5.89, 0.1512
20250225, PDYN, 13, 20250417, P, 0, 20, 0.0619, 5.89, -0.8074
20250225, PDYN, 14, 20250417, C, 0, 23, 0.056, 5.89, 0.1288
20250225, PDYN, 14, 20250417, P, 0, 0, 0.0551, 5.89, -0.8294
20250225, PDYN, 15, 20250417, C, 0, 29, 0.0497, 5.89, 0.1103
20250225, PDYN, 15, 20250417, P, 0, 0, 0.0491, 5.89, -0.8476
20250225, PDYN, 16, 20250417, C, 0, 78, 0.0442, 5.89, 0.0951
20250225, PDYN, 16, 20250417, P, 0, 0, 0.0439, 5.89, -0.8628
20250225, PDYN, 17, 20250417, C, 0, 4, 0.0394, 5.89, 0.0822
20250225, PDYN, 17, 20250417, P, 0, 1, 0.0393, 5.89, -0.8755
20250225, PDYN, 18, 20250417, C, 0, 2, 0.0352, 5.89, 0.0715
20250225, PDYN, 18, 20250417, P, 0, 0, 0.0353, 5.89, -0.8863
20250225, PDYN, 19, 20250417, C, 0, 51, 0.0315, 5.89, 0.0624
20250225, PDYN, 19, 20250417, P, 0, 0, 0.0319, 5.89, -0.8956
20250225, PDYN, 20, 20250417, C, 0, 48, 0.0282, 5.89, 0.0547
20250225, PDYN, 20, 20250417, P, 0, 0, 0.0288, 5.89, -0.9035
20250225, PDYN, 21, 20250417, C, 0, 0, 0.0253, 5.89, 0.0481
20250225, PDYN, 21, 20250417, P, 0, 0, 0.0262, 5.89, -0.9103
20250225, PDYN, 22, 20250417, C, 0, 0, 0.0228, 5.89, 0.0424
20250225, PDYN, 22, 20250417, P, 0, 0, 0.0239, 5.89, -0.9163
20250225, PDYN, 23, 20250417, C, 0, 3, 0.0205, 5.89, 0.0375
20250225, PDYN, 23, 20250417, P, 0, 0, 0.0219, 5.89, -0.9216
20250225, PDYN, 1, 20250718, C, 0, 14, 0.0144, 5.89, 0.9688
20250225, PDYN, 1, 20250718, P, 0, 5, 0.0066, 5.89, -0.0289
20250225, PDYN, 2, 20250718, C, 0, 10, 0.0313, 5.89, 0.9294
20250225, PDYN, 2, 20250718, P, 0, 0, 0.0187, 5.89, -0.0674
20250225, PDYN, 3, 20250718, C, 1, 12, 0.0486, 5.89, 0.8593
20250225, PDYN, 3, 20250718, P, 0, 1, 0.0344, 5.89, -0.1233
20250225, PDYN, 4, 20250718, C, 0, 7, 0.0626, 5.89, 0.7703
20250225, PDYN, 4, 20250718, P, 0, 6, 0.0492, 5.89, -0.1938
20250225, PDYN, 5, 20250718, C, 0, 12, 0.0708, 5.89, 0.6818
20250225, PDYN, 5, 20250718, P, 2, 52, 0.0595, 5.89, -0.2668
20250225, PDYN, 6, 20250718, C, 6, 31, 0.0746, 5.89, 0.6031
20250225, PDYN, 6, 20250718, P, 0, 140, 0.0653, 5.89, -0.3344
20250225, PDYN, 7, 20250718, C, 0, 144, 0.0755, 5.89, 0.5355
20250225, PDYN, 7, 20250718, P, 0, 245, 0.0678, 5.89, -0.3942
20250225, PDYN, 8, 20250718, C, 4, 159, 0.0746, 5.89, 0.4782
20250225, PDYN, 8, 20250718, P, 0, 100, 0.0683, 5.89, -0.4459
20250225, PDYN, 9, 20250718, C, 1, 306, 0.0726, 5.89, 0.4296
20250225, PDYN, 9, 20250718, P, 0, 44, 0.0675, 5.89, -0.4906
20250225, PDYN, 10, 20250718, C, 10, 395, 0.0701, 5.89, 0.388
20250225, PDYN, 10, 20250718, P, 1, 26, 0.0659, 5.89, -0.5294
20250225, PDYN, 11, 20250718, C, 3, 111, 0.0673, 5.89, 0.3523
20250225, PDYN, 11, 20250718, P, 0, 1, 0.064, 5.89, -0.5631
20250225, PDYN, 12, 20250718, C, 3, 318, 0.0645, 5.89, 0.3213
20250225, PDYN, 12, 20250718, P, 0, 10, 0.0619, 5.89, -0.5926
20250225, PDYN, 13, 20250718, C, 0, 57, 0.0616, 5.89, 0.2943
20250225, PDYN, 13, 20250718, P, 0, 1, 0.0597, 5.89, -0.6186
20250225, PDYN, 14, 20250718, C, 0, 32, 0.0588, 5.89, 0.2706
20250225, PDYN, 14, 20250718, P, 0, 2, 0.0575, 5.89, -0.6417
20250225, PDYN, 15, 20250718, C, 5, 23, 0.056, 5.89, 0.2497
20250225, PDYN, 15, 20250718, P, 0, 15, 0.0554, 5.89, -0.6624
20250225, PDYN, 16, 20250718, C, 0, 16, 0.0534, 5.89, 0.2311
20250225, PDYN, 16, 20250718, P, 0, 0, 0.0534, 5.89, -0.6809
20250225, PDYN, 17, 20250718, C, 0, 7, 0.051, 5.89, 0.2145
20250225, PDYN, 17, 20250718, P, 0, 0, 0.0515, 5.89, -0.6977
20250225, PDYN, 18, 20250718, C, 0, 7, 0.0486, 5.89, 0.1996
20250225, PDYN, 18, 20250718, P, 0, 0, 0.0498, 5.89, -0.713
20250225, PDYN, 19, 20250718, C, 0, 7, 0.0464, 5.89, 0.1861
20250225, PDYN, 19, 20250718, P, 0, 0, 0.0481, 5.89, -0.7269
20250225, PDYN, 20, 20250718, C, 0, 252, 0.0443, 5.89, 0.174
20250225, PDYN, 20, 20250718, P, 0, 0, 0.0466, 5.89, -0.7397
20250225, PDYN, 21, 20250718, C, 0, 6, 0.0424, 5.89, 0.1629
20250225, PDYN, 21, 20250718, P, 0, 0, 0.0451, 5.89, -0.7515
20250225, PDYN, 22, 20250718, C, 0, 0, 0.0405, 5.89, 0.1529
20250225, PDYN, 22, 20250718, P, 0, 0, 0.0438, 5.89, -0.7625
20250225, PDYN, 23, 20250718, C, 0, 14, 0.0387, 5.89, 0.1437
20250225, PDYN, 23, 20250718, P, 0, 0, 0.0426, 5.89, -0.7726
20250225, PDYN, 1, 20251017, C, 0, 1, 0.0147, 5.89, 0.9634
20250225, PDYN, 1, 20251017, P, 0, 0, 0.0059, 5.89, -0.0292
20250225, PDYN, 2, 20251017, C, 0, 1, 0.0281, 5.89, 0.9096
20250225, PDYN, 2, 20251017, P, 0, 0, 0.0159, 5.89, -0.0706
20250225, PDYN, 3, 20251017, C, 0, 0, 0.0396, 5.89, 0.8388
20250225, PDYN, 3, 20251017, P, 0, 0, 0.0267, 5.89, -0.1221
20250225, PDYN, 4, 20251017, C, 0, 0, 0.0476, 5.89, 0.7649
20250225, PDYN, 4, 20251017, P, 0, 2, 0.0357, 5.89, -0.1777
20250225, PDYN, 5, 20251017, C, 2, 19, 0.0527, 5.89, 0.6968
20250225, PDYN, 5, 20251017, P, 5, 2, 0.0424, 5.89, -0.2316
20250225, PDYN, 6, 20251017, C, 2, 2, 0.0557, 5.89, 0.6366
20250225, PDYN, 6, 20251017, P, 0, 0, 0.0469, 5.89, -0.2814
20250225, PDYN, 7, 20251017, C, 2, 2, 0.0574, 5.89, 0.5841
20250225, PDYN, 7, 20251017, P, 0, 0, 0.0499, 5.89, -0.3264
20250225, PDYN, 8, 20251017, C, 5, 15, 0.058, 5.89, 0.5382
20250225, PDYN, 8, 20251017, P, 0, 0, 0.0517, 5.89, -0.3668
20250225, PDYN, 9, 20251017, C, 0, 15, 0.0579, 5.89, 0.4981
20250225, PDYN, 9, 20251017, P, 0, 0, 0.0528, 5.89, -0.4029
20250225, PDYN, 10, 20251017, C, 2, 6, 0.0574, 5.89, 0.4626
20250225, PDYN, 10, 20251017, P, 0, 0, 0.0532, 5.89, -0.4354
20250225, PDYN, 11, 20251017, C, 1, 12, 0.0566, 5.89, 0.4313
20250225, PDYN, 11, 20251017, P, 0, 0, 0.0533, 5.89, -0.4646
20250225, PDYN, 12, 20251017, C, 0, 0, 0.0555, 5.89, 0.4034
20250225, PDYN, 12, 20251017, P, 0, 0, 0.0532, 5.89, -0.4912
20250225, PDYN, 13, 20251017, C, 0, 0, 0.0544, 5.89, 0.3784
20250225, PDYN, 13, 20251017, P, 0, 0, 0.0528, 5.89, -0.5152
20250225, PDYN, 14, 20251017, C, 0, 0, 0.0531, 5.89, 0.356
20250225, PDYN, 14, 20251017, P, 0, 0, 0.0524, 5.89, -0.5373
20250225, PDYN, 15, 20251017, C, 0, 0, 0.0518, 5.89, 0.3355
20250225, PDYN, 15, 20251017, P, 0, 0, 0.0519, 5.89, -0.5575
20250225, PDYN, 16, 20251017, C, 0, 2, 0.0505, 5.89, 0.317
20250225, PDYN, 16, 20251017, P, 0, 0, 0.0513, 5.89, -0.5762
20250225, PDYN, 17, 20251017, C, 1, 0, 0.0492, 5.89, 0.3003
20250225, PDYN, 17, 20251017, P, 0, 0, 0.0508, 5.89, -0.5935
20250226, PDYN, 1, 20250321, C, 0, 0, 0.0052, 6.48, 0.9964
20250226, PDYN, 1, 20250321, P, 0, 0, 0.004, 6.48, -0.0098
20250226, PDYN, 2, 20250321, C, 0, 0, 0.0165, 6.48, 0.9885
20250226, PDYN, 2, 20250321, P, 0, 3, 0.0114, 6.48, -0.0213
20250226, PDYN, 3, 20250321, C, 0, 1, 0.0357, 6.48, 0.9656
20250226, PDYN, 3, 20250321, P, 0, 0, 0.0275, 6.48, -0.044
20250226, PDYN, 4, 20250321, C, 0, 0, 0.0687, 6.48, 0.9102
20250226, PDYN, 4, 20250321, P, 0, 40, 0.0611, 6.48, -0.0951
20250226, PDYN, 5, 20250321, C, 0, 8, 0.121, 6.48, 0.7979
20250226, PDYN, 5, 20250321, P, 2, 94, 0.114, 6.48, -0.2015
20250226, PDYN, 6, 20250321, C, 45, 144, 0.1611, 6.48, 0.6329
20250226, PDYN, 6, 20250321, P, 41, 86, 0.1554, 6.48, -0.3594
20250226, PDYN, 7, 20250321, C, 80, 297, 0.1653, 6.48, 0.47
20250226, PDYN, 7, 20250321, P, 5, 211, 0.1612, 6.48, -0.5174
20250226, PDYN, 8, 20250321, C, 283, 498, 0.1471, 6.48, 0.3416
20250226, PDYN, 8, 20250321, P, 14, 996, 0.1442, 6.48, -0.6427
20250226, PDYN, 9, 20250321, C, 40, 681, 0.1227, 6.48, 0.2486
20250226, PDYN, 9, 20250321, P, 1, 911, 0.1207, 6.48, -0.7339
20250226, PDYN, 10, 20250321, C, 167, 1172, 0.0995, 6.48, 0.1826
20250226, PDYN, 10, 20250321, P, 1, 134, 0.0981, 6.48, -0.7988
20250226, PDYN, 11, 20250321, C, 30, 530, 0.0798, 6.48, 0.1357
20250226, PDYN, 11, 20250321, P, 0, 81, 0.0788, 6.48, -0.845
20250226, PDYN, 12, 20250321, C, 50, 1611, 0.0638, 6.48, 0.1021
20250226, PDYN, 12, 20250321, P, 0, 28, 0.063, 6.48, -0.8781
20250226, PDYN, 13, 20250321, C, 1, 160, 0.051, 6.48, 0.0776
20250226, PDYN, 13, 20250321, P, 0, 10, 0.0504, 6.48, -0.9023
20250226, PDYN, 14, 20250321, C, 2, 64, 0.0409, 6.48, 0.0597
20250226, PDYN, 14, 20250321, P, 0, 87, 0.0405, 6.48, -0.92
20250226, PDYN, 15, 20250321, C, 0, 222, 0.033, 6.48, 0.0464
20250226, PDYN, 15, 20250321, P, 0, 45, 0.0327, 6.48, -0.9332
20250226, PDYN, 16, 20250321, C, 11, 36, 0.0267, 6.48, 0.0363
20250226, PDYN, 16, 20250321, P, 0, 0, 0.0265, 6.48, -0.9432
20250226, PDYN, 17, 20250321, C, 0, 13, 0.0217, 6.48, 0.0286
20250226, PDYN, 17, 20250321, P, 0, 0, 0.0215, 6.48, -0.9508
20250226, PDYN, 18, 20250321, C, 0, 13, 0.0177, 6.48, 0.0228
20250226, PDYN, 18, 20250321, P, 0, 6, 0.0176, 6.48, -0.9566
20250226, PDYN, 19, 20250321, C, 0, 25, 0.0145, 6.48, 0.0183
20250226, PDYN, 19, 20250321, P, 0, 0, 0.0145, 6.48, -0.9611
20250226, PDYN, 20, 20250321, C, 0, 80, 0.012, 6.48, 0.0147
20250226, PDYN, 20, 20250321, P, 0, 0, 0.012, 6.48, -0.9647
20250226, PDYN, 21, 20250321, C, 0, 2, 0.0099, 6.48, 0.0119
20250226, PDYN, 21, 20250321, P, 0, 0, 0.01, 6.48, -0.9675
20250226, PDYN, 22, 20250321, C, 0, 1, 0.0082, 6.48, 0.0098
20250226, PDYN, 22, 20250321, P, 0, 0, 0.0084, 6.48, -0.9698
20250226, PDYN, 23, 20250321, C, 0, 3, 0.0069, 6.48, 0.008
20250226, PDYN, 23, 20250321, P, 0, 0, 0.0072, 6.48, -0.9716
20250226, PDYN, 1, 20250417, C, 0, 0, 0.001, 6.48, 0.9994
20250226, PDYN, 1, 20250417, P, 0, 0, 0.0045, 6.48, -0.012
20250226, PDYN, 2, 20250417, C, 0, 0, 0.0233, 6.48, 0.988
20250226, PDYN, 2, 20250417, P, 0, 0, 0.0136, 6.48, -0.0304
20250226, PDYN, 3, 20250417, C, 0, 0, 0.0419, 6.48, 0.941
20250226, PDYN, 3, 20250417, P, 0, 15, 0.0317, 6.48, -0.069
20250226, PDYN, 4, 20250417, C, 0, 2, 0.0677, 6.48, 0.8589
20250226, PDYN, 4, 20250417, P, 0, 0, 0.0582, 6.48, -0.1399
20250226, PDYN, 5, 20250417, C, 1, 58, 0.0923, 6.48, 0.7486
20250226, PDYN, 5, 20250417, P, 1, 42, 0.0839, 6.48, -0.2391
20250226, PDYN, 6, 20250417, C, 0, 8, 0.1072, 6.48, 0.6306
20250226, PDYN, 6, 20250417, P, 3, 73, 0.1004, 6.48, -0.3483
20250226, PDYN, 7, 20250417, C, 12, 41, 0.1116, 6.48, 0.5212
20250226, PDYN, 7, 20250417, P, 0, 79, 0.1063, 6.48, -0.4517
20250226, PDYN, 8, 20250417, C, 5, 165, 0.1087, 6.48, 0.4268
20250226, PDYN, 8, 20250417, P, 0, 144, 0.1045, 6.48, -0.5419
20250226, PDYN, 9, 20250417, C, 1, 219, 0.1015, 6.48, 0.3486
20250226, PDYN, 9, 20250417, P, 0, 98, 0.0982, 6.48, -0.6173
20250226, PDYN, 10, 20250417, C, 6, 269, 0.0923, 6.48, 0.2848
20250226, PDYN, 10, 20250417, P, 0, 72, 0.0897, 6.48, -0.6791
20250226, PDYN, 11, 20250417, C, 0, 152, 0.0826, 6.48, 0.2334
20250226, PDYN, 11, 20250417, P, 1, 1, 0.0805, 6.48, -0.729
20250226, PDYN, 12, 20250417, C, 0, 383, 0.0731, 6.48, 0.192
20250226, PDYN, 12, 20250417, P, 0, 6, 0.0715, 6.48, -0.7694
20250226, PDYN, 13, 20250417, C, 0, 119, 0.0643, 6.48, 0.1586
20250226, PDYN, 13, 20250417, P, 0, 20, 0.063, 6.48, -0.8022
20250226, PDYN, 14, 20250417, C, 0, 23, 0.0564, 6.48, 0.1315
20250226, PDYN, 14, 20250417, P, 0, 0, 0.0553, 6.48, -0.8287
20250226, PDYN, 15, 20250417, C, 0, 29, 0.0493, 6.48, 0.1095
20250226, PDYN, 15, 20250417, P, 0, 0, 0.0485, 6.48, -0.8502
20250226, PDYN, 16, 20250417, C, 0, 78, 0.0431, 6.48, 0.0917
20250226, PDYN, 16, 20250417, P, 0, 0, 0.0425, 6.48, -0.8679
20250226, PDYN, 17, 20250417, C, 0, 4, 0.0376, 6.48, 0.077
20250226, PDYN, 17, 20250417, P, 0, 1, 0.0373, 6.48, -0.8824
20250226, PDYN, 18, 20250417, C, 0, 2, 0.0329, 6.48, 0.065
20250226, PDYN, 18, 20250417, P, 0, 0, 0.0327, 6.48, -0.8943
20250226, PDYN, 19, 20250417, C, 0, 51, 0.0287, 6.48, 0.055
20250226, PDYN, 19, 20250417, P, 0, 0, 0.0288, 6.48, -0.9043
20250226, PDYN, 20, 20250417, C, 0, 48, 0.0252, 6.48, 0.0468
20250226, PDYN, 20, 20250417, P, 0, 0, 0.0254, 6.48, -0.9126
20250226, PDYN, 21, 20250417, C, 0, 0, 0.022, 6.48, 0.0399
20250226, PDYN, 21, 20250417, P, 0, 0, 0.0225, 6.48, -0.9196
20250226, PDYN, 22, 20250417, C, 0, 0, 0.0194, 6.48, 0.0342
20250226, PDYN, 22, 20250417, P, 0, 0, 0.02, 6.48, -0.9255
20250226, PDYN, 23, 20250417, C, 0, 3, 0.017, 6.48, 0.0294
20250226, PDYN, 23, 20250417, P, 0, 0, 0.0179, 6.48, -0.9306
20250226, PDYN, 1, 20250718, C, 0, 14, 0.0124, 6.48, 0.976
20250226, PDYN, 1, 20250718, P, 0, 5, 0.0055, 6.48, -0.0251
20250226, PDYN, 2, 20250718, C, 0, 10, 0.0238, 6.48, 0.9366
20250226, PDYN, 2, 20250718, P, 0, 0, 0.0148, 6.48, -0.0589
20250226, PDYN, 3, 20250718, C, 0, 12, 0.0374, 6.48, 0.8769
20250226, PDYN, 3, 20250718, P, 0, 1, 0.0268, 6.48, -0.1066
20250226, PDYN, 4, 20250718, C, 1, 7, 0.0492, 6.48, 0.8026
20250226, PDYN, 4, 20250718, P, 0, 6, 0.0389, 6.48, -0.1665
20250226, PDYN, 5, 20250718, C, 9, 12, 0.058, 6.48, 0.7252
20250226, PDYN, 5, 20250718, P, 0, 52, 0.0488, 6.48, -0.2312
20250226, PDYN, 6, 20250718, C, 0, 31, 0.0635, 6.48, 0.6519
20250226, PDYN, 6, 20250718, P, 0, 140, 0.0556, 6.48, -0.2947
20250226, PDYN, 7, 20250718, C, 3, 144, 0.0665, 6.48, 0.5855
20250226, PDYN, 7, 20250718, P, 0, 245, 0.0598, 6.48, -0.3538
20250226, PDYN, 8, 20250718, C, 1, 159, 0.0676, 6.48, 0.5266
20250226, PDYN, 8, 20250718, P, 0, 100, 0.0619, 6.48, -0.4072
20250226, PDYN, 9, 20250718, C, 11, 306, 0.0673, 6.48, 0.4748
20250226, PDYN, 9, 20250718, P, 0, 44, 0.0626, 6.48, -0.455
20250226, PDYN, 10, 20250718, C, 6, 385, 0.0662, 6.48, 0.4294
20250226, PDYN, 10, 20250718, P, 0, 25, 0.0622, 6.48, -0.4974
20250226, PDYN, 11, 20250718, C, 2, 109, 0.0644, 6.48, 0.3896
20250226, PDYN, 11, 20250718, P, 0, 1, 0.0612, 6.48, -0.5351
20250226, PDYN, 12, 20250718, C, 10, 319, 0.0623, 6.48, 0.3545
20250226, PDYN, 12, 20250718, P, 0, 10, 0.0598, 6.48, -0.5685
20250226, PDYN, 13, 20250718, C, 10, 57, 0.06, 6.48, 0.3236
20250226, PDYN, 13, 20250718, P, 0, 1, 0.0581, 6.48, -0.5982
20250226, PDYN, 14, 20250718, C, 0, 32, 0.0576, 6.48, 0.2962
20250226, PDYN, 14, 20250718, P, 0, 2, 0.0562, 6.48, -0.6248
20250226, PDYN, 15, 20250718, C, 0, 23, 0.0552, 6.48, 0.2719
20250226, PDYN, 15, 20250718, P, 0, 15, 0.0543, 6.48, -0.6487
20250226, PDYN, 16, 20250718, C, 0, 16, 0.0527, 6.48, 0.2503
20250226, PDYN, 16, 20250718, P, 0, 0, 0.0524, 6.48, -0.6701
20250226, PDYN, 17, 20250718, C, 0, 7, 0.0504, 6.48, 0.2309
20250226, PDYN, 17, 20250718, P, 0, 0, 0.0505, 6.48, -0.6895
20250226, PDYN, 18, 20250718, C, 0, 7, 0.048, 6.48, 0.2135
20250226, PDYN, 18, 20250718, P, 0, 0, 0.0487, 6.48, -0.7071
20250226, PDYN, 19, 20250718, C, 0, 7, 0.0458, 6.48, 0.1978
20250226, PDYN, 19, 20250718, P, 0, 0, 0.047, 6.48, -0.7231
20250226, PDYN, 20, 20250718, C, 0, 252, 0.0437, 6.48, 0.1837
20250226, PDYN, 20, 20250718, P, 0, 0, 0.0454, 6.48, -0.7377
20250226, PDYN, 21, 20250718, C, 0, 6, 0.0417, 6.48, 0.1709
20250226, PDYN, 21, 20250718, P, 0, 0, 0.0438, 6.48, -0.7511
20250226, PDYN, 22, 20250718, C, 0, 0, 0.0398, 6.48, 0.1592
20250226, PDYN, 22, 20250718, P, 0, 0, 0.0424, 6.48, -0.7635
20250226, PDYN, 23, 20250718, C, 0, 14, 0.0379, 6.48, 0.1487
20250226, PDYN, 23, 20250718, P, 0, 0, 0.0411, 6.48, -0.7749
20250226, PDYN, 1, 20251017, C, 1, 1, 0.0104, 6.48, 0.9592
20250226, PDYN, 1, 20251017, P, 0, 0, 0.004, 6.48, -0.0247
20250226, PDYN, 2, 20251017, C, 0, 1, 0.0219, 6.48, 0.9138
20250226, PDYN, 2, 20251017, P, 0, 0, 0.0116, 6.48, -0.062
20250226, PDYN, 3, 20251017, C, 0, 0, 0.0324, 6.48, 0.8548
20250226, PDYN, 3, 20251017, P, 0, 0, 0.0204, 6.48, -0.1065
20250226, PDYN, 4, 20251017, C, 0, 0, 0.0406, 6.48, 0.7884
20250226, PDYN, 4, 20251017, P, 0, 2, 0.0286, 6.48, -0.1561
20250226, PDYN, 5, 20251017, C, 2, 21, 0.0463, 6.48, 0.723
20250226, PDYN, 5, 20251017, P, 0, 6, 0.0352, 6.48, -0.2063
20250226, PDYN, 6, 20251017, C, 0, 1, 0.05, 6.48, 0.663
20250226, PDYN, 6, 20251017, P, 0, 0, 0.0401, 6.48, -0.2543
20250226, PDYN, 7, 20251017, C, 1, 4, 0.0521, 6.48, 0.6093
20250226, PDYN, 7, 20251017, P, 0, 0, 0.0434, 6.48, -0.2986
20250226, PDYN, 8, 20251017, C, 3, 19, 0.0532, 6.48, 0.5618
20250226, PDYN, 8, 20251017, P, 0, 0, 0.0457, 6.48, -0.3389
20250226, PDYN, 9, 20251017, C, 0, 15, 0.0536, 6.48, 0.5198
20250226, PDYN, 9, 20251017, P, 0, 0, 0.0471, 6.48, -0.3754
20250226, PDYN, 10, 20251017, C, 6, 8, 0.0534, 6.48, 0.4827
20250226, PDYN, 10, 20251017, P, 0, 0, 0.0479, 6.48, -0.4084
20250226, PDYN, 11, 20251017, C, 5, 12, 0.0528, 6.48, 0.4496
20250226, PDYN, 11, 20251017, P, 0, 0, 0.0482, 6.48, -0.4382
20250226, PDYN, 12, 20251017, C, 0, 0, 0.052, 6.48, 0.4202
20250226, PDYN, 12, 20251017, P, 0, 0, 0.0482, 6.48, -0.4652
20250226, PDYN, 13, 20251017, C, 0, 0, 0.051, 6.48, 0.3938
20250226, PDYN, 13, 20251017, P, 0, 0, 0.048, 6.48, -0.4898
20250226, PDYN, 14, 20251017, C, 0, 0, 0.05, 6.48, 0.37
20250226, PDYN, 14, 20251017, P, 0, 0, 0.0477, 6.48, -0.5123
20250226, PDYN, 15, 20251017, C, 0, 0, 0.0488, 6.48, 0.3486
20250226, PDYN, 15, 20251017, P, 0, 0, 0.0473, 6.48, -0.5329
20250226, PDYN, 16, 20251017, C, 0, 2, 0.0477, 6.48, 0.3291
20250226, PDYN, 16, 20251017, P, 0, 0, 0.0468, 6.48, -0.5519
20250226, PDYN, 17, 20251017, C, 0, 1, 0.0465, 6.48, 0.3112
20250226, PDYN, 17, 20251017, P, 0, 0, 0.0463, 6.48, -0.5695
20250227, PDYN, 1, 20250321, C, 0, 0, 0, 6.8113, 1
20250227, PDYN, 1, 20250321, P, 0, 0, 0.0018, 6.8113, -0.0035
20250227, PDYN, 2, 20250321, C, 0, 0, 0, 6.8113, 1
20250227, PDYN, 2, 20250321, P, 0, 3, 0.0057, 6.8113, -0.0082
20250227, PDYN, 3, 20250321, C, 41, 1, 0.0093, 6.8113, 0.9976
20250227, PDYN, 3, 20250321, P, 0, 0, 0.0164, 6.8113, -0.0208
20250227, PDYN, 4, 20250321, C, 0, 0, 0.0599, 6.8113, 0.9548
20250227, PDYN, 4, 20250321, P, 1, 40, 0.045, 6.8113, -0.0582
20250227, PDYN, 5, 20250321, C, 26, 9, 0.1053, 6.8113, 0.8526
20250227, PDYN, 5, 20250321, P, 4, 93, 0.0977, 6.8113, -0.1514
20250227, PDYN, 6, 20250321, C, 62, 177, 0.1519, 6.8113, 0.6926
20250227, PDYN, 6, 20250321, P, 27, 115, 0.146, 6.8113, -0.303
20250227, PDYN, 7, 20250321, C, 91, 339, 0.166, 6.8113, 0.5237
20250227, PDYN, 7, 20250321, P, 32, 214, 0.1617, 6.8113, -0.4664
20250227, PDYN, 8, 20250321, C, 174, 596, 0.1539, 6.8113, 0.3814
20250227, PDYN, 8, 20250321, P, 6, 986, 0.1509, 6.8113, -0.6052
20250227, PDYN, 9, 20250321, C, 59, 697, 0.1308, 6.8113, 0.2737
20250227, PDYN, 9, 20250321, P, 6, 912, 0.1286, 6.8113, -0.7109
20250227, PDYN, 10, 20250321, C, 56, 1122, 0.106, 6.8113, 0.1957
20250227, PDYN, 10, 20250321, P, 0, 134, 0.1045, 6.8113, -0.7876
20250227, PDYN, 11, 20250321, C, 18, 531, 0.0838, 6.8113, 0.1402
20250227, PDYN, 11, 20250321, P, 0, 81, 0.0827, 6.8113, -0.8422
20250227, PDYN, 12, 20250321, C, 25, 1633, 0.0653, 6.8113, 0.101
20250227, PDYN, 12, 20250321, P, 0, 28, 0.0645, 6.8113, -0.8809
20250227, PDYN, 13, 20250321, C, 39, 159, 0.0506, 6.8113, 0.0733
20250227, PDYN, 13, 20250321, P, 0, 10, 0.05, 6.8113, -0.9084
20250227, PDYN, 14, 20250321, C, 6, 62, 0.0391, 6.8113, 0.0535
20250227, PDYN, 14, 20250321, P, 0, 87, 0.0387, 6.8113, -0.9279
20250227, PDYN, 15, 20250321, C, 31, 222, 0.0302, 6.8113, 0.0394
20250227, PDYN, 15, 20250321, P, 0, 45, 0.0299, 6.8113, -0.9419
20250227, PDYN, 16, 20250321, C, 0, 32, 0.0233, 6.8113, 0.0292
20250227, PDYN, 16, 20250321, P, 0, 0, 0.0231, 6.8113, -0.952
20250227, PDYN, 17, 20250321, C, 0, 13, 0.0181, 6.8113, 0.0218
20250227, PDYN, 17, 20250321, P, 0, 0, 0.018, 6.8113, -0.9593
20250227, PDYN, 18, 20250321, C, 0, 13, 0.014, 6.8113, 0.0164
20250227, PDYN, 18, 20250321, P, 0, 6, 0.014, 6.8113, -0.9647
20250227, PDYN, 19, 20250321, C, 0, 25, 0.011, 6.8113, 0.0124
20250227, PDYN, 19, 20250321, P, 0, 0, 0.0109, 6.8113, -0.9687
20250227, PDYN, 20, 20250321, C, 0, 80, 0.0086, 6.8113, 0.0094
20250227, PDYN, 20, 20250321, P, 0, 0, 0.0086, 6.8113, -0.9716
20250227, PDYN, 21, 20250321, C, 0, 2, 0.0067, 6.8113, 0.0072
20250227, PDYN, 21, 20250321, P, 0, 0, 0.0068, 6.8113, -0.9739
20250227, PDYN, 22, 20250321, C, 0, 1, 0.0053, 6.8113, 0.0056
20250227, PDYN, 22, 20250321, P, 0, 0, 0.0054, 6.8113, -0.9756
20250227, PDYN, 23, 20250321, C, 0, 3, 0.0042, 6.8113, 0.0043
20250227, PDYN, 23, 20250321, P, 0, 0, 0.0044, 6.8113, -0.9769
20250227, PDYN, 1, 20250417, C, 0, 0, 0.0065, 6.8113, 0.9958
20250227, PDYN, 1, 20250417, P, 0, 0, 0.0044, 6.8113, -0.014
20250227, PDYN, 2, 20250417, C, 0, 0, 0.0236, 6.8113, 0.9893
20250227, PDYN, 2, 20250417, P, 0, 0, 0.0118, 6.8113, -0.0283
20250227, PDYN, 3, 20250417, C, 0, 0, 0.039, 6.8113, 0.9632
20250227, PDYN, 3, 20250417, P, 1, 15, 0.026, 6.8113, -0.0543
20250227, PDYN, 4, 20250417, C, 0, 2, 0.0628, 6.8113, 0.9028
20250227, PDYN, 4, 20250417, P, 0, 0, 0.0513, 6.8113, -0.1075
20250227, PDYN, 5, 20250417, C, 2, 59, 0.0939, 6.8113, 0.7961
20250227, PDYN, 5, 20250417, P, 12, 42, 0.0826, 6.8113, -0.2009
20250227, PDYN, 6, 20250417, C, 2, 8, 0.1124, 6.8113, 0.6669
20250227, PDYN, 6, 20250417, P, 81, 73, 0.1037, 6.8113, -0.3175
20250227, PDYN, 7, 20250417, C, 11, 45, 0.1163, 6.8113, 0.5477
20250227, PDYN, 7, 20250417, P, 3, 79, 0.1098, 6.8113, -0.4282
20250227, PDYN, 8, 20250417, C, 50, 168, 0.1114, 6.8113, 0.4496
20250227, PDYN, 8, 20250417, P, 6, 144, 0.1067, 6.8113, -0.5211
20250227, PDYN, 9, 20250417, C, 5, 220, 0.1029, 6.8113, 0.3713
20250227, PDYN, 9, 20250417, P, 0, 98, 0.0993, 6.8113, -0.596
20250227, PDYN, 10, 20250417, C, 4, 268, 0.0933, 6.8113, 0.3092
20250227, PDYN, 10, 20250417, P, 0, 72, 0.0904, 6.8113, -0.6559
20250227, PDYN, 11, 20250417, C, 20, 152, 0.0838, 6.8113, 0.2595
20250227, PDYN, 11, 20250417, P, 0, 1, 0.0815, 6.8113, -0.704
20250227, PDYN, 12, 20250417, C, 14, 383, 0.0749, 6.8113, 0.2195
20250227, PDYN, 12, 20250417, P, 0, 6, 0.0731, 6.8113, -0.7429
20250227, PDYN, 13, 20250417, C, 1, 119, 0.0669, 6.8113, 0.1869
20250227, PDYN, 13, 20250417, P, 0, 20, 0.0655, 6.8113, -0.7746
20250227, PDYN, 14, 20250417, C, 0, 23, 0.0598, 6.8113, 0.1604
20250227, PDYN, 14, 20250417, P, 0, 0, 0.0586, 6.8113, -0.8006
20250227, PDYN, 15, 20250417, C, 0, 29, 0.0534, 6.8113, 0.1382
20250227, PDYN, 15, 20250417, P, 0, 0, 0.0525, 6.8113, -0.8223
20250227, PDYN, 16, 20250417, C, 0, 78, 0.0478, 6.8113, 0.1199
20250227, PDYN, 16, 20250417, P, 0, 0, 0.0471, 6.8113, -0.8404
20250227, PDYN, 17, 20250417, C, 0, 4, 0.0429, 6.8113, 0.1044
20250227, PDYN, 17, 20250417, P, 0, 1, 0.0424, 6.8113, -0.8556
20250227, PDYN, 18, 20250417, C, 0, 2, 0.0385, 6.8113, 0.0914
20250227, PDYN, 18, 20250417, P, 0, 0, 0.0382, 6.8113, -0.8685
20250227, PDYN, 19, 20250417, C, 0, 51, 0.0346, 6.8113, 0.0802
20250227, PDYN, 19, 20250417, P, 0, 0, 0.0345, 6.8113, -0.8796
20250227, PDYN, 20, 20250417, C, 0, 48, 0.0312, 6.8113, 0.0708
20250227, PDYN, 20, 20250417, P, 0, 0, 0.0313, 6.8113, -0.8891
20250227, PDYN, 21, 20250417, C, 0, 0, 0.0282, 6.8113, 0.0627
20250227, PDYN, 21, 20250417, P, 0, 0, 0.0284, 6.8113, -0.8973
20250227, PDYN, 22, 20250417, C, 0, 0, 0.0255, 6.8113, 0.0556
20250227, PDYN, 22, 20250417, P, 0, 0, 0.0259, 6.8113, -0.9044
20250227, PDYN, 23, 20250417, C, 0, 3, 0.0232, 6.8113, 0.0495
20250227, PDYN, 23, 20250417, P, 0, 0, 0.0237, 6.8113, -0.9107
20250227, PDYN, 1, 20250718, C, 0, 14, 0.0124, 6.8113, 0.9789
20250227, PDYN, 1, 20250718, P, 0, 5, 0.0047, 6.8113, -0.0242
20250227, PDYN, 2, 20250718, C, 0, 10, 0.0234, 6.8113, 0.9501
20250227, PDYN, 2, 20250718, P, 0, 0, 0.0131, 6.8113, -0.0546
20250227, PDYN, 3, 20250718, C, 0, 12, 0.0393, 6.8113, 0.9004
20250227, PDYN, 3, 20250718, P, 0, 1, 0.0248, 6.8113, -0.0971
20250227, PDYN, 4, 20250718, C, 0, 7, 0.0532, 6.8113, 0.8245
20250227, PDYN, 4, 20250718, P, 0, 6, 0.0377, 6.8113, -0.1548
20250227, PDYN, 5, 20250718, C, 0, 19, 0.062, 6.8113, 0.739
20250227, PDYN, 5, 20250718, P, 0, 52, 0.0482, 6.8113, -0.2208
20250227, PDYN, 6, 20250718, C, 0, 31, 0.0665, 6.8113, 0.6586
20250227, PDYN, 6, 20250718, P, 0, 140, 0.0549, 6.8113, -0.2856
20250227, PDYN, 7, 20250718, C, 15, 147, 0.0681, 6.8113, 0.5882
20250227, PDYN, 7, 20250718, P, 10, 245, 0.0585, 6.8113, -0.3447
20250227, PDYN, 8, 20250718, C, 0, 159, 0.0678, 6.8113, 0.528
20250227, PDYN, 8, 20250718, P, 6, 100, 0.0598, 6.8113, -0.3967
20250227, PDYN, 9, 20250718, C, 1, 306, 0.0666, 6.8113, 0.4766
20250227, PDYN, 9, 20250718, P, 20, 44, 0.0598, 6.8113, -0.4421
20250227, PDYN, 10, 20250718, C, 2, 391, 0.0646, 6.8113, 0.4327
20250227, PDYN, 10, 20250718, P, 1, 25, 0.059, 6.8113, -0.4817
20250227, PDYN, 11, 20250718, C, 10, 111, 0.0624, 6.8113, 0.3948
20250227, PDYN, 11, 20250718, P, 0, 1, 0.0577, 6.8113, -0.5163
20250227, PDYN, 12, 20250718, C, 21, 319, 0.0601, 6.8113, 0.3619
20250227, PDYN, 12, 20250718, P, 0, 10, 0.0561, 6.8113, -0.5467
20250227, PDYN, 13, 20250718, C, 0, 57, 0.0577, 6.8113, 0.3331
20250227, PDYN, 13, 20250718, P, 0, 1, 0.0543, 6.8113, -0.5736
20250227, PDYN, 14, 20250718, C, 0, 32, 0.0553, 6.8113, 0.3078
20250227, PDYN, 14, 20250718, P, 0, 2, 0.0526, 6.8113, -0.5975
20250227, PDYN, 15, 20250718, C, 0, 23, 0.053, 6.8113, 0.2854
20250227, PDYN, 15, 20250718, P, 0, 15, 0.0508, 6.8113, -0.6189
20250227, PDYN, 16, 20250718, C, 0, 16, 0.0508, 6.8113, 0.2654
20250227, PDYN, 16, 20250718, P, 0, 0, 0.0491, 6.8113, -0.6381
20250227, PDYN, 17, 20250718, C, 0, 7, 0.0486, 6.8113, 0.2475
20250227, PDYN, 17, 20250718, P, 0, 0, 0.0474, 6.8113, -0.6555
20250227, PDYN, 18, 20250718, C, 0, 7, 0.0466, 6.8113, 0.2313
20250227, PDYN, 18, 20250718, P, 0, 0, 0.0458, 6.8113, -0.6714
20250227, PDYN, 19, 20250718, C, 0, 7, 0.0447, 6.8113, 0.2168
20250227, PDYN, 19, 20250718, P, 0, 0, 0.0443, 6.8113, -0.6858
20250227, PDYN, 20, 20250718, C, 0, 252, 0.0428, 6.8113, 0.2036
20250227, PDYN, 20, 20250718, P, 0, 0, 0.0429, 6.8113, -0.6991
20250227, PDYN, 21, 20250718, C, 0, 6, 0.0411, 6.8113, 0.1915
20250227, PDYN, 21, 20250718, P, 0, 0, 0.0416, 6.8113, -0.7113
20250227, PDYN, 22, 20250718, C, 0, 0, 0.0394, 6.8113, 0.1805
20250227, PDYN, 22, 20250718, P, 0, 0, 0.0403, 6.8113, -0.7226
20250227, PDYN, 23, 20250718, C, 0, 14, 0.0379, 6.8113, 0.1704
20250227, PDYN, 23, 20250718, P, 0, 0, 0.0392, 6.8113, -0.7332
20250227, PDYN, 1, 20251017, C, 0, 2, 0.0129, 6.8113, 0.9757
20250227, PDYN, 1, 20251017, P, 0, 0, 0.0042, 6.8113, -0.0245
20250227, PDYN, 2, 20251017, C, 0, 1, 0.0232, 6.8113, 0.931
20250227, PDYN, 2, 20251017, P, 0, 0, 0.0113, 6.8113, -0.0585
20250227, PDYN, 3, 20251017, C, 1, 0, 0.0329, 6.8113, 0.8699
20250227, PDYN, 3, 20251017, P, 0, 0, 0.0194, 6.8113, -0.1008
20250227, PDYN, 4, 20251017, C, 0, 0, 0.0397, 6.8113, 0.8018
20250227, PDYN, 4, 20251017, P, 1, 2, 0.0267, 6.8113, -0.1478
20250227, PDYN, 5, 20251017, C, 298, 23, 0.044, 6.8113, 0.7372
20250227, PDYN, 5, 20251017, P, 0, 6, 0.0323, 6.8113, -0.1948
20250227, PDYN, 6, 20251017, C, 2, 1, 0.0466, 6.8113, 0.6796
20250227, PDYN, 6, 20251017, P, 0, 0, 0.0364, 6.8113, -0.2391
20250227, PDYN, 7, 20251017, C, 0, 4, 0.0482, 6.8113, 0.6288
20250227, PDYN, 7, 20251017, P, 0, 0, 0.0392, 6.8113, -0.2796
20250227, PDYN, 8, 20251017, C, 2, 22, 0.0489, 6.8113, 0.5843
20250227, PDYN, 8, 20251017, P, 0, 0, 0.0412, 6.8113, -0.3163
20250227, PDYN, 9, 20251017, C, 0, 15, 0.0491, 6.8113, 0.5452
20250227, PDYN, 9, 20251017, P, 0, 0, 0.0424, 6.8113, -0.3496
20250227, PDYN, 10, 20251017, C, 0, 13, 0.049, 6.8113, 0.5104
20250227, PDYN, 10, 20251017, P, 0, 0, 0.0432, 6.8113, -0.3798
20250227, PDYN, 11, 20251017, C, 0, 12, 0.0486, 6.8113, 0.4796
20250227, PDYN, 11, 20251017, P, 0, 0, 0.0436, 6.8113, -0.4072
20250227, PDYN, 12, 20251017, C, 0, 0, 0.048, 6.8113, 0.4518
20250227, PDYN, 12, 20251017, P, 0, 0, 0.0438, 6.8113, -0.4321
20250227, PDYN, 13, 20251017, C, 0, 0, 0.0473, 6.8113, 0.4269
20250227, PDYN, 13, 20251017, P, 0, 0, 0.0438, 6.8113, -0.455
20250227, PDYN, 14, 20251017, C, 0, 0, 0.0465, 6.8113, 0.4042
20250227, PDYN, 14, 20251017, P, 0, 0, 0.0436, 6.8113, -0.476
20250227, PDYN, 15, 20251017, C, 0, 0, 0.0457, 6.8113, 0.3836
20250227, PDYN, 15, 20251017, P, 0, 0, 0.0434, 6.8113, -0.4954
20250227, PDYN, 16, 20251017, C, 0, 2, 0.0448, 6.8113, 0.3649
20250227, PDYN, 16, 20251017, P, 0, 0, 0.0432, 6.8113, -0.5134
20250227, PDYN, 17, 20251017, C, 0, 1, 0.0439, 6.8113, 0.3477
20250227, PDYN, 17, 20251017, P, 0, 0, 0.0428, 6.8113, -0.5301
20250228, PDYN, 1, 20250321, C, 0, 0, 0.0035, 6.35, 0.9956
20250228, PDYN, 1, 20250321, P, 0, 0, 0.0036, 6.35, -0.0081
20250228, PDYN, 2, 20250321, C, 0, 0, 0.0113, 6.35, 0.9883
20250228, PDYN, 2, 20250321, P, 0, 3, 0.011, 6.35, -0.0187
20250228, PDYN, 3, 20250321, C, 0, 2, 0.0306, 6.35, 0.9693
20250228, PDYN, 3, 20250321, P, 0, 0, 0.0276, 6.35, -0.0403
20250228, PDYN, 4, 20250321, C, 0, 0, 0.0714, 6.35, 0.9182
20250228, PDYN, 4, 20250321, P, 1, 41, 0.0643, 6.35, -0.0904
20250228, PDYN, 5, 20250321, C, 6, 20, 0.1346, 6.35, 0.8017
20250228, PDYN, 5, 20250321, P, 59, 94, 0.1268, 6.35, -0.201
20250228, PDYN, 6, 20250321, C, 3, 198, 0.1833, 6.35, 0.6192
20250228, PDYN, 6, 20250321, P, 85, 134, 0.1771, 6.35, -0.3762
20250228, PDYN, 7, 20250321, C, 79, 339, 0.1827, 6.35, 0.4396
20250228, PDYN, 7, 20250321, P, 23, 223, 0.1784, 6.35, -0.5505
20250228, PDYN, 8, 20250321, C, 124, 584, 0.155, 6.35, 0.306
20250228, PDYN, 8, 20250321, P, 500, 980, 0.1521, 6.35, -0.6811
20250228, PDYN, 9, 20250321, C, 29, 732, 0.1235, 6.35, 0.215
20250228, PDYN, 9, 20250321, P, 502, 912, 0.1216, 6.35, -0.7704
20250228, PDYN, 10, 20250321, C, 19, 1171, 0.0964, 6.35, 0.1538
20250228, PDYN, 10, 20250321, P, 0, 134, 0.095, 6.35, -0.8306
20250228, PDYN, 11, 20250321, C, 24, 529, 0.075, 6.35, 0.1121
20250228, PDYN, 11, 20250321, P, 0, 81, 0.074, 6.35, -0.8717
20250228, PDYN, 12, 20250321, C, 0, 1646, 0.0585, 6.35, 0.0831
20250228, PDYN, 12, 20250321, P, 0, 28, 0.0578, 6.35, -0.9003
20250228, PDYN, 13, 20250321, C, 50, 215, 0.0459, 6.35, 0.0626
20250228, PDYN, 13, 20250321, P, 0, 10, 0.0454, 6.35, -0.9205
20250228, PDYN, 14, 20250321, C, 0, 66, 0.0363, 6.35, 0.0478
20250228, PDYN, 14, 20250321, P, 0, 87, 0.0359, 6.35, -0.9352
20250228, PDYN, 15, 20250321, C, 0, 222, 0.0289, 6.35, 0.037
20250228, PDYN, 15, 20250321, P, 0, 45, 0.0286, 6.35, -0.9459
20250228, PDYN, 16, 20250321, C, 1, 32, 0.0232, 6.35, 0.0289
20250228, PDYN, 16, 20250321, P, 0, 0, 0.023, 6.35, -0.9539
20250228, PDYN, 17, 20250321, C, 0, 13, 0.0188, 6.35, 0.0228
20250228, PDYN, 17, 20250321, P, 0, 0, 0.0186, 6.35, -0.9599
20250228, PDYN, 18, 20250321, C, 0, 13, 0.0153, 6.35, 0.0182
20250228, PDYN, 18, 20250321, P, 0, 6, 0.0152, 6.35, -0.9645
20250228, PDYN, 19, 20250321, C, 0, 25, 0.0125, 6.35, 0.0146
20250228, PDYN, 19, 20250321, P, 0, 0, 0.0125, 6.35, -0.9681
20250228, PDYN, 20, 20250321, C, 0, 80, 0.0103, 6.35, 0.0118
20250228, PDYN, 20, 20250321, P, 0, 0, 0.0104, 6.35, -0.9709
20250228, PDYN, 21, 20250321, C, 0, 2, 0.0085, 6.35, 0.0096
20250228, PDYN, 21, 20250321, P, 0, 0, 0.0087, 6.35, -0.9732
20250228, PDYN, 22, 20250321, C, 0, 1, 0.0071, 6.35, 0.0079
20250228, PDYN, 22, 20250321, P, 0, 0, 0.0073, 6.35, -0.975
20250228, PDYN, 23, 20250321, C, 0, 3, 0.0059, 6.35, 0.0065
20250228, PDYN, 23, 20250321, P, 0, 0, 0.0062, 6.35, -0.9764
20250228, PDYN, 1, 20250417, C, 0, 0, 0.0036, 6.35, 0.9967
20250228, PDYN, 1, 20250417, P, 0, 0, 0.0046, 6.35, -0.012
20250228, PDYN, 2, 20250417, C, 0, 0, 0.0131, 6.35, 0.9896
20250228, PDYN, 2, 20250417, P, 0, 0, 0.0136, 6.35, -0.0275
20250228, PDYN, 3, 20250417, C, 0, 0, 0.0412, 6.35, 0.9598
20250228, PDYN, 3, 20250417, P, 0, 16, 0.0325, 6.35, -0.0609
20250228, PDYN, 4, 20250417, C, 0, 2, 0.0784, 6.35, 0.8769
20250228, PDYN, 4, 20250417, P, 0, 0, 0.0647, 6.35, -0.1322
20250228, PDYN, 5, 20250417, C, 2, 61, 0.1081, 6.35, 0.7492
20250228, PDYN, 5, 20250417, P, 0, 52, 0.0969, 6.35, -0.244
20250228, PDYN, 6, 20250417, C, 2, 10, 0.1218, 6.35, 0.6147
20250228, PDYN, 6, 20250417, P, 0, 120, 0.1134, 6.35, -0.3666
20250228, PDYN, 7, 20250417, C, 18, 50, 0.1216, 6.35, 0.4981
20250228, PDYN, 7, 20250417, P, 0, 78, 0.1155, 6.35, -0.4758
20250228, PDYN, 8, 20250417, C, 0, 218, 0.1142, 6.35, 0.4038
20250228, PDYN, 8, 20250417, P, 0, 138, 0.1096, 6.35, -0.5655
20250228, PDYN, 9, 20250417, C, 2, 225, 0.1038, 6.35, 0.3292
20250228, PDYN, 9, 20250417, P, 3, 98, 0.1003, 6.35, -0.6371
20250228, PDYN, 10, 20250417, C, 24, 269, 0.0928, 6.35, 0.2704
20250228, PDYN, 10, 20250417, P, 7, 72, 0.0901, 6.35, -0.6939
20250228, PDYN, 11, 20250417, C, 0, 163, 0.0823, 6.35, 0.2237
20250228, PDYN, 11, 20250417, P, 0, 1, 0.0802, 6.35, -0.7391
20250228, PDYN, 12, 20250417, C, 1, 395, 0.0727, 6.35, 0.1865
20250228, PDYN, 12, 20250417, P, 0, 6, 0.071, 6.35, -0.7753
20250228, PDYN, 13, 20250417, C, 0, 120, 0.0641, 6.35, 0.1567
20250228, PDYN, 13, 20250417, P, 0, 20, 0.0627, 6.35, -0.8046
20250228, PDYN, 14, 20250417, C, 0, 23, 0.0565, 6.35, 0.1322
20250228, PDYN, 14, 20250417, P, 0, 0, 0.0554, 6.35, -0.8284
20250228, PDYN, 15, 20250417, C, 0, 29, 0.0499, 6.35, 0.1124
20250228, PDYN, 15, 20250417, P, 0, 0, 0.049, 6.35, -0.8479
20250228, PDYN, 16, 20250417, C, 0, 78, 0.044, 6.35, 0.096
20250228, PDYN, 16, 20250417, P, 0, 0, 0.0434, 6.35, -0.864
20250228, PDYN, 17, 20250417, C, 0, 4, 0.039, 6.35, 0.0825
20250228, PDYN, 17, 20250417, P, 0, 1, 0.0386, 6.35, -0.8774
20250228, PDYN, 18, 20250417, C, 0, 2, 0.0346, 6.35, 0.0711
20250228, PDYN, 18, 20250417, P, 0, 0, 0.0343, 6.35, -0.8886
20250228, PDYN, 19, 20250417, C, 0, 51, 0.0307, 6.35, 0.0617
20250228, PDYN, 19, 20250417, P, 0, 0, 0.0307, 6.35, -0.8981
20250228, PDYN, 20, 20250417, C, 0, 48, 0.0273, 6.35, 0.0536
20250228, PDYN, 20, 20250417, P, 0, 0, 0.0275, 6.35, -0.9062
20250228, PDYN, 21, 20250417, C, 0, 0, 0.0244, 6.35, 0.0468
20250228, PDYN, 21, 20250417, P, 0, 0, 0.0247, 6.35, -0.9131
20250228, PDYN, 22, 20250417, C, 0, 0, 0.0218, 6.35, 0.041
20250228, PDYN, 22, 20250417, P, 0, 0, 0.0223, 6.35, -0.919
20250228, PDYN, 23, 20250417, C, 0, 3, 0.0195, 6.35, 0.036
20250228, PDYN, 23, 20250417, P, 0, 0, 0.0202, 6.35, -0.9242
20250228, PDYN, 1, 20250718, C, 0, 14, 0.0114, 6.35, 0.9818
20250228, PDYN, 1, 20250718, P, 0, 5, 0.0058, 6.35, -0.0252
20250228, PDYN, 2, 20250718, C, 0, 10, 0.0285, 6.35, 0.9528
20250228, PDYN, 2, 20250718, P, 0, 0, 0.016, 6.35, -0.0575
20250228, PDYN, 3, 20250718, C, 0, 12, 0.0463, 6.35, 0.8922
20250228, PDYN, 3, 20250718, P, 0, 1, 0.0305, 6.35, -0.1063
20250228, PDYN, 4, 20250718, C, 0, 7, 0.061, 6.35, 0.8043
20250228, PDYN, 4, 20250718, P, 0, 6, 0.0453, 6.35, -0.1729
20250228, PDYN, 5, 20250718, C, 0, 19, 0.0689, 6.35, 0.7124
20250228, PDYN, 5, 20250718, P, 0, 52, 0.0559, 6.35, -0.2452
20250228, PDYN, 6, 20250718, C, 0, 31, 0.0722, 6.35, 0.6309
20250228, PDYN, 6, 20250718, P, 0, 140, 0.0617, 6.35, -0.3127
20250228, PDYN, 7, 20250718, C, 41, 157, 0.0727, 6.35, 0.562
20250228, PDYN, 7, 20250718, P, 1, 255, 0.0642, 6.35, -0.372
20250228, PDYN, 8, 20250718, C, 0, 159, 0.0716, 6.35, 0.5043
20250228, PDYN, 8, 20250718, P, 4, 106, 0.0647, 6.35, -0.4231
20250228, PDYN, 9, 20250718, C, 2, 307, 0.0697, 6.35, 0.4555
20250228, PDYN, 9, 20250718, P, 0, 46, 0.0639, 6.35, -0.4671
20250228, PDYN, 10, 20250718, C, 0, 391, 0.0673, 6.35, 0.4141
20250228, PDYN, 10, 20250718, P, 0, 24, 0.0626, 6.35, -0.5051
20250228, PDYN, 11, 20250718, C, 0, 121, 0.0648, 6.35, 0.3785
20250228, PDYN, 11, 20250718, P, 0, 1, 0.0608, 6.35, -0.5382
20250228, PDYN, 12, 20250718, C, 1, 319, 0.0622, 6.35, 0.3476
20250228, PDYN, 12, 20250718, P, 0, 10, 0.059, 6.35, -0.5672
20250228, PDYN, 13, 20250718, C, 0, 57, 0.0596, 6.35, 0.3207
20250228, PDYN, 13, 20250718, P, 0, 1, 0.057, 6.35, -0.5928
20250228, PDYN, 14, 20250718, C, 0, 32, 0.0571, 6.35, 0.297
20250228, PDYN, 14, 20250718, P, 0, 2, 0.0551, 6.35, -0.6156
20250228, PDYN, 15, 20250718, C, 0, 23, 0.0546, 6.35, 0.2759
20250228, PDYN, 15, 20250718, P, 0, 15, 0.0532, 6.35, -0.636
20250228, PDYN, 16, 20250718, C, 0, 16, 0.0523, 6.35, 0.2572
20250228, PDYN, 16, 20250718, P, 0, 0, 0.0514, 6.35, -0.6544
20250228, PDYN, 17, 20250718, C, 0, 7, 0.0501, 6.35, 0.2404
20250228, PDYN, 17, 20250718, P, 0, 0, 0.0497, 6.35, -0.6711
20250228, PDYN, 18, 20250718, C, 0, 7, 0.0481, 6.35, 0.2252
20250228, PDYN, 18, 20250718, P, 0, 0, 0.0481, 6.35, -0.6863
20250228, PDYN, 19, 20250718, C, 0, 7, 0.0461, 6.35, 0.2115
20250228, PDYN, 19, 20250718, P, 0, 0, 0.0466, 6.35, -0.7003
20250228, PDYN, 20, 20250718, C, 0, 252, 0.0442, 6.35, 0.199
20250228, PDYN, 20, 20250718, P, 0, 0, 0.0452, 6.35, -0.713
20250228, PDYN, 21, 20250718, C, 0, 6, 0.0425, 6.35, 0.1876
20250228, PDYN, 21, 20250718, P, 0, 0, 0.0439, 6.35, -0.7249
20250228, PDYN, 22, 20250718, C, 0, 0, 0.0408, 6.35, 0.1772
20250228, PDYN, 22, 20250718, P, 0, 0, 0.0427, 6.35, -0.7359
20250228, PDYN, 23, 20250718, C, 0, 14, 0.0392, 6.35, 0.1677
20250228, PDYN, 23, 20250718, P, 0, 0, 0.0415, 6.35, -0.7461
20250228, PDYN, 1, 20251017, C, 0, 2, 0.0132, 6.35, 0.9776
20250228, PDYN, 1, 20251017, P, 0, 0, 0.0052, 6.35, -0.0268
20250228, PDYN, 2, 20251017, C, 4, 1, 0.0289, 6.35, 0.9305
20250228, PDYN, 2, 20251017, P, 0, 0, 0.0137, 6.35, -0.0644
20250228, PDYN, 3, 20251017, C, 21, 1, 0.0396, 6.35, 0.8582
20250228, PDYN, 3, 20251017, P, 0, 0, 0.023, 6.35, -0.1116
20250228, PDYN, 4, 20251017, C, 15, 0, 0.0461, 6.35, 0.7819
20250228, PDYN, 4, 20251017, P, 0, 3, 0.0308, 6.35, -0.1628
20250228, PDYN, 5, 20251017, C, 0, 311, 0.0498, 6.35, 0.7127
20250228, PDYN, 5, 20251017, P, 1, 6, 0.0365, 6.35, -0.2122
20250228, PDYN, 6, 20251017, C, 1, 3, 0.0519, 6.35, 0.6528
20250228, PDYN, 6, 20251017, P, 0, 0, 0.0403, 6.35, -0.2576
20250228, PDYN, 7, 20251017, C, 0, 4, 0.0528, 6.35, 0.6013
20250228, PDYN, 7, 20251017, P, 0, 0, 0.0429, 6.35, -0.2985
20250228, PDYN, 8, 20251017, C, 0, 22, 0.053, 6.35, 0.5567
20250228, PDYN, 8, 20251017, P, 0, 0, 0.0445, 6.35, -0.3351
20250228, PDYN, 9, 20251017, C, 0, 15, 0.0528, 6.35, 0.5177
20250228, PDYN, 9, 20251017, P, 0, 0, 0.0455, 6.35, -0.368
20250228, PDYN, 10, 20251017, C, 0, 13, 0.0523, 6.35, 0.4837
20250228, PDYN, 10, 20251017, P, 0, 0, 0.046, 6.35, -0.3975
20250228, PDYN, 11, 20251017, C, 0, 12, 0.0516, 6.35, 0.4533
20250228, PDYN, 11, 20251017, P, 0, 0, 0.0462, 6.35, -0.4242
20250228, PDYN, 12, 20251017, C, 0, 0, 0.0507, 6.35, 0.4264
20250228, PDYN, 12, 20251017, P, 0, 0, 0.0461, 6.35, -0.4485
20250228, PDYN, 13, 20251017, C, 0, 0, 0.0497, 6.35, 0.4021
20250228, PDYN, 13, 20251017, P, 0, 0, 0.046, 6.35, -0.4707
20250228, PDYN, 14, 20251017, C, 0, 0, 0.0487, 6.35, 0.3802
20250228, PDYN, 14, 20251017, P, 0, 0, 0.0457, 6.35, -0.491
20250228, PDYN, 15, 20251017, C, 0, 0, 0.0477, 6.35, 0.3605
20250228, PDYN, 15, 20251017, P, 0, 0, 0.0454, 6.35, -0.5097
20250228, PDYN, 16, 20251017, C, 0, 2, 0.0466, 6.35, 0.3425
20250228, PDYN, 16, 20251017, P, 0, 0, 0.045, 6.35, -0.527
20250228, PDYN, 17, 20251017, C, 0, 1, 0.0455, 6.35, 0.3258
20250228, PDYN, 17, 20251017, P, 0, 0, 0.0445, 6.35, -0.543
