20250501, PDYN, 1, 20250516, C, 0, 0, 0.0046, 6.16, 0.9968
20250501, PDYN, 1, 20250516, P, 0, 0, 0.0042, 6.16, -0.0093
20250501, PDYN, 2, 20250516, C, 0, 0, 0.0094, 6.16, 0.9959
20250501, PDYN, 2, 20250516, P, 0, 0, 0.0108, 6.16, -0.0162
20250501, PDYN, 3, 20250516, C, 0, 1, 0.0338, 6.16, 0.988
20250501, PDYN, 3, 20250516, P, 0, 1, 0.0266, 6.16, -0.0312
20250501, PDYN, 4, 20250516, C, 0, 10, 0.0916, 6.16, 0.9426
20250501, PDYN, 4, 20250516, P, 0, 2, 0.0698, 6.16, -0.074
20250501, PDYN, 5, 20250516, C, 0, 37, 0.1753, 6.16, 0.8081
20250501, PDYN, 5, 20250516, P, 32, 221, 0.1636, 6.16, -0.1991
20250501, PDYN, 6, 20250516, C, 2, 125, 0.2423, 6.16, 0.5702
20250501, PDYN, 6, 20250516, P, 14, 53, 0.233, 6.16, -0.4251
20250501, PDYN, 7, 20250516, C, 10, 481, 0.2164, 6.16, 0.354
20250501, PDYN, 7, 20250516, P, 1, 15, 0.211, 6.16, -0.6342
20250501, PDYN, 8, 20250516, C, 1, 153, 0.1601, 6.16, 0.2124
20250501, PDYN, 8, 20250516, P, 0, 63, 0.1568, 6.16, -0.7723
20250501, PDYN, 9, 20250516, C, 8, 144, 0.1103, 6.16, 0.1276
20250501, PDYN, 9, 20250516, P, 0, 1, 0.1083, 6.16, -0.8555
20250501, PDYN, 10, 20250516, C, 0, 227, 0.0739, 6.16, 0.0775
20250501, PDYN, 10, 20250516, P, 0, 6, 0.0728, 6.16, -0.9046
20250501, PDYN, 11, 20250516, C, 0, 41, 0.0492, 6.16, 0.0478
20250501, PDYN, 11, 20250516, P, 0, 3, 0.0485, 6.16, -0.9339
20250501, PDYN, 12, 20250516, C, 0, 1, 0.0327, 6.16, 0.0299
20250501, PDYN, 12, 20250516, P, 0, 0, 0.0323, 6.16, -0.9516
20250501, PDYN, 13, 20250516, C, 0, 1, 0.0219, 6.16, 0.0189
20250501, PDYN, 13, 20250516, P, 0, 0, 0.0216, 6.16, -0.9624
20250501, PDYN, 14, 20250516, C, 0, 0, 0.0147, 6.16, 0.0121
20250501, PDYN, 14, 20250516, P, 0, 0, 0.0145, 6.16, -0.969
20250501, PDYN, 15, 20250516, C, 0, 0, 0.0099, 6.16, 0.0079
20250501, PDYN, 15, 20250516, P, 0, 4, 0.0098, 6.16, -0.9733
20250501, PDYN, 1, 20250620, C, 0, 0, 0.0164, 6.16, 0.9867
20250501, PDYN, 1, 20250620, P, 0, 0, 0.0063, 6.16, -0.0221
20250501, PDYN, 2, 20250620, C, 0, 0, 0.0285, 6.16, 0.9881
20250501, PDYN, 2, 20250620, P, 0, 0, 0.0171, 6.16, -0.0403
20250501, PDYN, 3, 20250620, C, 0, 0, 0.0812, 6.16, 0.969
20250501, PDYN, 3, 20250620, P, 0, 0, 0.0378, 6.16, -0.0727
20250501, PDYN, 4, 20250620, C, 0, 0, 0.1023, 6.16, 0.8842
20250501, PDYN, 4, 20250620, P, 0, 0, 0.076, 6.16, -0.1433
20250501, PDYN, 5, 20250620, C, 0, 0, 0.1454, 6.16, 0.7298
20250501, PDYN, 5, 20250620, P, 29, 10, 0.1187, 6.16, -0.269
20250501, PDYN, 6, 20250620, C, 0, 15, 0.1538, 6.16, 0.5602
20250501, PDYN, 6, 20250620, P, 1, 2, 0.1362, 6.16, -0.4132
20250501, PDYN, 7, 20250620, C, 4, 13, 0.1422, 6.16, 0.4245
20250501, PDYN, 7, 20250620, P, 1, 7, 0.1307, 6.16, -0.5346
20250501, PDYN, 8, 20250620, C, 0, 32, 0.1241, 6.16, 0.3248
20250501, PDYN, 8, 20250620, P, 0, 0, 0.1164, 6.16, -0.6264
20250501, PDYN, 9, 20250620, C, 0, 105, 0.1059, 6.16, 0.252
20250501, PDYN, 9, 20250620, P, 0, 10, 0.1004, 6.16, -0.6946
20250501, PDYN, 10, 20250620, C, 0, 23, 0.0896, 6.16, 0.1983
20250501, PDYN, 10, 20250620, P, 0, 0, 0.0856, 6.16, -0.7455
20250501, PDYN, 11, 20250620, C, 0, 0, 0.0756, 6.16, 0.1579
20250501, PDYN, 11, 20250620, P, 0, 0, 0.0727, 6.16, -0.784
20250501, PDYN, 12, 20250620, C, 6, 10, 0.064, 6.16, 0.1271
20250501, PDYN, 12, 20250620, P, 0, 0, 0.0617, 6.16, -0.8136
20250501, PDYN, 1, 20250718, C, 0, 9, 0.0157, 6.16, 0.9808
20250501, PDYN, 1, 20250718, P, 0, 5, 0.0063, 6.16, -0.0258
20250501, PDYN, 2, 20250718, C, 0, 8, 0.041, 6.16, 0.9801
20250501, PDYN, 2, 20250718, P, 0, 0, 0.018, 6.16, -0.0502
20250501, PDYN, 3, 20250718, C, 0, 26, 0.0748, 6.16, 0.9505
20250501, PDYN, 3, 20250718, P, 0, 1, 0.0386, 6.16, -0.0906
20250501, PDYN, 4, 20250718, C, 0, 14, 0.1023, 6.16, 0.8519
20250501, PDYN, 4, 20250718, P, 0, 9, 0.0696, 6.16, -0.1675
20250501, PDYN, 5, 20250718, C, 11, 21, 0.1236, 6.16, 0.705
20250501, PDYN, 5, 20250718, P, 0, 192, 0.0969, 6.16, -0.2796
20250501, PDYN, 6, 20250718, C, 0, 46, 0.126, 6.16, 0.5644
20250501, PDYN, 6, 20250718, P, 0, 120, 0.1072, 6.16, -0.3941
20250501, PDYN, 7, 20250718, C, 0, 251, 0.1183, 6.16, 0.4529
20250501, PDYN, 7, 20250718, P, 0, 464, 0.1052, 6.16, -0.4899
20250501, PDYN, 8, 20250718, C, 0, 211, 0.1072, 6.16, 0.3682
20250501, PDYN, 8, 20250718, P, 0, 92, 0.0978, 6.16, -0.5652
20250501, PDYN, 9, 20250718, C, 0, 320, 0.0958, 6.16, 0.3036
20250501, PDYN, 9, 20250718, P, 0, 61, 0.0888, 6.16, -0.624
20250501, PDYN, 10, 20250718, C, 0, 402, 0.0853, 6.16, 0.2535
20250501, PDYN, 10, 20250718, P, 0, 13, 0.0798, 6.16, -0.6703
20250501, PDYN, 11, 20250718, C, 0, 146, 0.0758, 6.16, 0.214
20250501, PDYN, 11, 20250718, P, 0, 2, 0.0715, 6.16, -0.7072
20250501, PDYN, 12, 20250718, C, 0, 303, 0.0674, 6.16, 0.1822
20250501, PDYN, 12, 20250718, P, 0, 10, 0.064, 6.16, -0.737
20250501, PDYN, 13, 20250718, C, 0, 58, 0.0601, 6.16, 0.1565
20250501, PDYN, 13, 20250718, P, 0, 1, 0.0574, 6.16, -0.7614
20250501, PDYN, 14, 20250718, C, 0, 42, 0.0538, 6.16, 0.1353
20250501, PDYN, 14, 20250718, P, 0, 2, 0.0515, 6.16, -0.7816
20250501, PDYN, 15, 20250718, C, 0, 24, 0.0482, 6.16, 0.1177
20250501, PDYN, 15, 20250718, P, 0, 10, 0.0464, 6.16, -0.7986
20250501, PDYN, 16, 20250718, C, 0, 70, 0.0432, 6.16, 0.1028
20250501, PDYN, 16, 20250718, P, 0, 0, 0.0418, 6.16, -0.8128
20250501, PDYN, 17, 20250718, C, 0, 3, 0.0389, 6.16, 0.0903
20250501, PDYN, 17, 20250718, P, 0, 1, 0.0378, 6.16, -0.825
20250501, PDYN, 18, 20250718, C, 0, 7, 0.0351, 6.16, 0.0796
20250501, PDYN, 18, 20250718, P, 0, 0, 0.0343, 6.16, -0.8354
20250501, PDYN, 19, 20250718, C, 0, 7, 0.0318, 6.16, 0.0705
20250501, PDYN, 19, 20250718, P, 0, 0, 0.0312, 6.16, -0.8444
20250501, PDYN, 20, 20250718, C, 0, 250, 0.0288, 6.16, 0.0626
20250501, PDYN, 20, 20250718, P, 0, 0, 0.0285, 6.16, -0.8522
20250501, PDYN, 21, 20250718, C, 0, 0, 0.0261, 6.16, 0.0558
20250501, PDYN, 21, 20250718, P, 0, 0, 0.0261, 6.16, -0.859
20250501, PDYN, 22, 20250718, C, 0, 0, 0.0238, 6.16, 0.0498
20250501, PDYN, 22, 20250718, P, 0, 0, 0.024, 6.16, -0.8651
20250501, PDYN, 23, 20250718, C, 0, 13, 0.0216, 6.16, 0.0446
20250501, PDYN, 23, 20250718, P, 0, 0, 0.0221, 6.16, -0.8704
20250501, PDYN, 1, 20251017, C, 0, 2, 0.0158, 6.16, 0.9761
20250501, PDYN, 1, 20251017, P, 0, 0, 0.0059, 6.16, -0.0276
20250501, PDYN, 2, 20251017, C, 0, 0, 0.032, 6.16, 0.9425
20250501, PDYN, 2, 20251017, P, 0, 0, 0.0169, 6.16, -0.0639
20250501, PDYN, 3, 20251017, C, 0, 34, 0.0518, 6.16, 0.8758
20250501, PDYN, 3, 20251017, P, 0, 33, 0.0316, 6.16, -0.116
20250501, PDYN, 4, 20251017, C, 0, 12, 0.0653, 6.16, 0.7837
20250501, PDYN, 4, 20251017, P, 0, 4, 0.0463, 6.16, -0.1838
20250501, PDYN, 5, 20251017, C, 0, 386, 0.074, 6.16, 0.6883
20250501, PDYN, 5, 20251017, P, 0, 59, 0.0576, 6.16, -0.2572
20250501, PDYN, 6, 20251017, C, 0, 44, 0.0781, 6.16, 0.6012
20250501, PDYN, 6, 20251017, P, 0, 35, 0.0644, 6.16, -0.3279
20250501, PDYN, 7, 20251017, C, 0, 42, 0.0788, 6.16, 0.5254
20250501, PDYN, 7, 20251017, P, 0, 52, 0.0675, 6.16, -0.3917
20250501, PDYN, 8, 20251017, C, 0, 106, 0.0774, 6.16, 0.4609
20250501, PDYN, 8, 20251017, P, 0, 13, 0.0681, 6.16, -0.4477
20250501, PDYN, 9, 20251017, C, 0, 143, 0.0748, 6.16, 0.4063
20250501, PDYN, 9, 20251017, P, 0, 3, 0.0671, 6.16, -0.4961
20250501, PDYN, 10, 20251017, C, 1, 100, 0.0715, 6.16, 0.36
20250501, PDYN, 10, 20251017, P, 0, 10, 0.0652, 6.16, -0.5378
20250501, PDYN, 11, 20251017, C, 0, 34, 0.0679, 6.16, 0.3206
20250501, PDYN, 11, 20251017, P, 0, 0, 0.0627, 6.16, -0.5739
20250501, PDYN, 12, 20251017, C, 0, 23, 0.0641, 6.16, 0.2868
20250501, PDYN, 12, 20251017, P, 0, 0, 0.06, 6.16, -0.6052
20250501, PDYN, 13, 20251017, C, 0, 2, 0.0605, 6.16, 0.2577
20250501, PDYN, 13, 20251017, P, 0, 1, 0.0572, 6.16, -0.6325
20250501, PDYN, 14, 20251017, C, 0, 28, 0.0569, 6.16, 0.2326
20250501, PDYN, 14, 20251017, P, 0, 0, 0.0544, 6.16, -0.6564
20250501, PDYN, 15, 20251017, C, 0, 25, 0.0535, 6.16, 0.2106
20250501, PDYN, 15, 20251017, P, 0, 0, 0.0518, 6.16, -0.6775
20250501, PDYN, 16, 20251017, C, 0, 13, 0.0503, 6.16, 0.1914
20250501, PDYN, 16, 20251017, P, 0, 0, 0.0493, 6.16, -0.6963
20250501, PDYN, 17, 20251017, C, 0, 1, 0.0473, 6.16, 0.1745
20250501, PDYN, 17, 20251017, P, 0, 0, 0.047, 6.16, -0.713
20250507, PDYN, 1, 20250516, C, 0, 0, 0.0074, 5.68, 0.9908
20250507, PDYN, 1, 20250516, P, 0, 0, 0.0056, 5.68, -0.0118
20250507, PDYN, 2, 20250516, C, 0, 0, 0.0202, 5.68, 0.9805
20250507, PDYN, 2, 20250516, P, 0, 5, 0.0162, 5.68, -0.0247
20250507, PDYN, 3, 20250516, C, 0, 1, 0.048, 5.68, 0.959
20250507, PDYN, 3, 20250516, P, 0, 6, 0.0404, 5.68, -0.0479
20250507, PDYN, 4, 20250516, C, 0, 10, 0.1131, 5.68, 0.9046
20250507, PDYN, 4, 20250516, P, 0, 2, 0.103, 5.68, -0.1026
20250507, PDYN, 5, 20250516, C, 13, 54, 0.2627, 5.68, 0.7397
20250507, PDYN, 5, 20250516, P, 19, 207, 0.2532, 5.68, -0.2641
20250507, PDYN, 6, 20250516, C, 108, 199, 0.313, 5.68, 0.4276
20250507, PDYN, 6, 20250516, P, 96, 148, 0.3054, 5.68, -0.5678
20250507, PDYN, 7, 20250516, C, 29, 603, 0.2099, 5.68, 0.2332
20250507, PDYN, 7, 20250516, P, 1, 14, 0.2061, 5.68, -0.7571
20250507, PDYN, 8, 20250516, C, 0, 189, 0.1357, 5.68, 0.1412
20250507, PDYN, 8, 20250516, P, 0, 67, 0.1336, 5.68, -0.8472
20250507, PDYN, 9, 20250516, C, 0, 122, 0.0915, 5.68, 0.0926
20250507, PDYN, 9, 20250516, P, 0, 2, 0.0904, 5.68, -0.895
20250507, PDYN, 10, 20250516, C, 0, 227, 0.0644, 5.68, 0.0641
20250507, PDYN, 10, 20250516, P, 0, 6, 0.0637, 5.68, -0.9232
20250507, PDYN, 11, 20250516, C, 0, 41, 0.0469, 5.68, 0.0461
20250507, PDYN, 11, 20250516, P, 0, 3, 0.0464, 5.68, -0.9409
20250507, PDYN, 12, 20250516, C, 0, 1, 0.035, 5.68, 0.0341
20250507, PDYN, 12, 20250516, P, 0, 0, 0.0347, 5.68, -0.9527
20250507, PDYN, 13, 20250516, C, 0, 1, 0.0268, 5.68, 0.0259
20250507, PDYN, 13, 20250516, P, 0, 0, 0.0266, 5.68, -0.9609
20250507, PDYN, 14, 20250516, C, 0, 0, 0.0208, 5.68, 0.02
20250507, PDYN, 14, 20250516, P, 0, 0, 0.0207, 5.68, -0.9667
20250507, PDYN, 15, 20250516, C, 0, 0, 0.0165, 5.68, 0.0157
20250507, PDYN, 15, 20250516, P, 0, 4, 0.0164, 5.68, -0.971
20250507, PDYN, 1, 20250620, C, 0, 0, 0.0141, 5.68, 0.9828
20250507, PDYN, 1, 20250620, P, 0, 0, 0.0075, 5.68, -0.0221
20250507, PDYN, 2, 20250620, C, 0, 0, 0.0308, 5.68, 0.9811
20250507, PDYN, 2, 20250620, P, 0, 0, 0.0203, 5.68, -0.0393
20250507, PDYN, 3, 20250620, C, 0, 0, 0.0733, 5.68, 0.9453
20250507, PDYN, 3, 20250620, P, 0, 0, 0.0481, 5.68, -0.0784
20250507, PDYN, 4, 20250620, C, 1, 5, 0.1183, 5.68, 0.8361
20250507, PDYN, 4, 20250620, P, 0, 0, 0.0986, 5.68, -0.1714
20250507, PDYN, 5, 20250620, C, 0, 1, 0.1601, 5.68, 0.665
20250507, PDYN, 5, 20250620, P, 8, 49, 0.1445, 5.68, -0.3226
20250507, PDYN, 6, 20250620, C, 0, 24, 0.1663, 5.68, 0.4948
20250507, PDYN, 6, 20250620, P, 4, 3, 0.1561, 5.68, -0.4792
20250507, PDYN, 7, 20250620, C, 2, 20, 0.1503, 5.68, 0.3607
20250507, PDYN, 7, 20250620, P, 0, 8, 0.1436, 5.68, -0.6059
20250507, PDYN, 8, 20250620, C, 3, 74, 0.1271, 5.68, 0.263
20250507, PDYN, 8, 20250620, P, 0, 0, 0.1226, 5.68, -0.6995
20250507, PDYN, 9, 20250620, C, 2, 103, 0.1042, 5.68, 0.1932
20250507, PDYN, 9, 20250620, P, 1, 16, 0.101, 5.68, -0.7668
20250507, PDYN, 10, 20250620, C, 0, 23, 0.0842, 5.68, 0.1434
20250507, PDYN, 10, 20250620, P, 0, 0, 0.082, 5.68, -0.8152
20250507, PDYN, 11, 20250620, C, 0, 0, 0.0676, 5.68, 0.1074
20250507, PDYN, 11, 20250620, P, 1, 0, 0.066, 5.68, -0.8502
20250507, PDYN, 12, 20250620, C, 13, 16, 0.0542, 5.68, 0.0812
20250507, PDYN, 12, 20250620, P, 0, 0, 0.053, 5.68, -0.8758
20250507, PDYN, 1, 20250718, C, 0, 9, 0.0153, 5.68, 0.9785
20250507, PDYN, 1, 20250718, P, 0, 5, 0.0077, 5.68, -0.0269
20250507, PDYN, 2, 20250718, C, 0, 8, 0.0413, 5.68, 0.9732
20250507, PDYN, 2, 20250718, P, 0, 0, 0.0222, 5.68, -0.0528
20250507, PDYN, 3, 20250718, C, 0, 27, 0.0757, 5.68, 0.9206
20250507, PDYN, 3, 20250718, P, 0, 1, 0.049, 5.68, -0.103
20250507, PDYN, 4, 20250718, C, 5, 26, 0.1117, 5.68, 0.801
20250507, PDYN, 4, 20250718, P, 0, 9, 0.0862, 5.68, -0.199
20250507, PDYN, 5, 20250718, C, 2, 23, 0.1321, 5.68, 0.6486
20250507, PDYN, 5, 20250718, P, 0, 192, 0.1129, 5.68, -0.3252
20250507, PDYN, 6, 20250718, C, 0, 45, 0.1338, 5.68, 0.5109
20250507, PDYN, 6, 20250718, P, 0, 120, 0.1203, 5.68, -0.4458
20250507, PDYN, 7, 20250718, C, 0, 261, 0.1247, 5.68, 0.4016
20250507, PDYN, 7, 20250718, P, 0, 464, 0.1152, 5.68, -0.5448
20250507, PDYN, 8, 20250718, C, 0, 211, 0.1116, 5.68, 0.3183
20250507, PDYN, 8, 20250718, P, 0, 92, 0.1047, 5.68, -0.622
20250507, PDYN, 9, 20250718, C, 2, 320, 0.0981, 5.68, 0.2548
20250507, PDYN, 9, 20250718, P, 0, 61, 0.093, 5.68, -0.6816
20250507, PDYN, 10, 20250718, C, 0, 406, 0.0854, 5.68, 0.2061
20250507, PDYN, 10, 20250718, P, 0, 13, 0.0815, 5.68, -0.7278
20250507, PDYN, 11, 20250718, C, 0, 146, 0.0741, 5.68, 0.1683
20250507, PDYN, 11, 20250718, P, 0, 3, 0.0711, 5.68, -0.7639
20250507, PDYN, 12, 20250718, C, 0, 302, 0.0642, 5.68, 0.1386
20250507, PDYN, 12, 20250718, P, 0, 10, 0.062, 5.68, -0.7924
20250507, PDYN, 13, 20250718, C, 0, 57, 0.0558, 5.68, 0.1151
20250507, PDYN, 13, 20250718, P, 0, 1, 0.054, 5.68, -0.8151
20250507, PDYN, 14, 20250718, C, 0, 42, 0.0485, 5.68, 0.0961
20250507, PDYN, 14, 20250718, P, 0, 2, 0.0471, 5.68, -0.8335
20250507, PDYN, 15, 20250718, C, 0, 24, 0.0422, 5.68, 0.0808
20250507, PDYN, 15, 20250718, P, 0, 10, 0.0412, 5.68, -0.8484
20250507, PDYN, 16, 20250718, C, 0, 70, 0.0368, 5.68, 0.0683
20250507, PDYN, 16, 20250718, P, 0, 0, 0.0362, 5.68, -0.8607
20250507, PDYN, 17, 20250718, C, 0, 3, 0.0322, 5.68, 0.058
20250507, PDYN, 17, 20250718, P, 0, 1, 0.0319, 5.68, -0.8708
20250507, PDYN, 18, 20250718, C, 0, 7, 0.0282, 5.68, 0.0495
20250507, PDYN, 18, 20250718, P, 0, 0, 0.0282, 5.68, -0.8793
20250507, PDYN, 19, 20250718, C, 0, 7, 0.0248, 5.68, 0.0424
20250507, PDYN, 19, 20250718, P, 0, 0, 0.0251, 5.68, -0.8865
20250507, PDYN, 20, 20250718, C, 0, 250, 0.0218, 5.68, 0.0365
20250507, PDYN, 20, 20250718, P, 0, 0, 0.0224, 5.68, -0.8926
20250507, PDYN, 21, 20250718, C, 0, 0, 0.0192, 5.68, 0.0315
20250507, PDYN, 21, 20250718, P, 0, 0, 0.0201, 5.68, -0.8978
20250507, PDYN, 22, 20250718, C, 0, 0, 0.017, 5.68, 0.0273
20250507, PDYN, 22, 20250718, P, 0, 0, 0.0182, 5.68, -0.9023
20250507, PDYN, 23, 20250718, C, 0, 13, 0.015, 5.68, 0.0237
20250507, PDYN, 23, 20250718, P, 0, 0, 0.0166, 5.68, -0.9063
20250507, PDYN, 1, 20251017, C, 0, 2, 0.014, 5.68, 0.9911
20250507, PDYN, 1, 20251017, P, 0, 0, 0.0077, 5.68, -0.0275
20250507, PDYN, 2, 20251017, C, 0, 0, 0.043, 5.68, 0.9494
20250507, PDYN, 2, 20251017, P, 0, 0, 0.0216, 5.68, -0.0678
20250507, PDYN, 3, 20251017, C, 0, 37, 0.0613, 5.68, 0.8583
20250507, PDYN, 3, 20251017, P, 0, 33, 0.0397, 5.68, -0.1307
20250507, PDYN, 4, 20251017, C, 0, 12, 0.0743, 5.68, 0.7527
20250507, PDYN, 4, 20251017, P, 0, 4, 0.0557, 5.68, -0.2083
20250507, PDYN, 5, 20251017, C, 5, 398, 0.0818, 5.68, 0.653
20250507, PDYN, 5, 20251017, P, 0, 99, 0.0665, 5.68, -0.2875
20250507, PDYN, 6, 20251017, C, 0, 50, 0.0846, 5.68, 0.5655
20250507, PDYN, 6, 20251017, P, 0, 35, 0.0722, 5.68, -0.3606
20250507, PDYN, 7, 20251017, C, 2, 38, 0.0843, 5.68, 0.491
20250507, PDYN, 7, 20251017, P, 0, 52, 0.0742, 5.68, -0.4252
20250507, PDYN, 8, 20251017, C, 1, 106, 0.082, 5.68, 0.4282
20250507, PDYN, 8, 20251017, P, 1, 13, 0.0738, 5.68, -0.481
20250507, PDYN, 9, 20251017, C, 7, 143, 0.0785, 5.68, 0.3752
20250507, PDYN, 9, 20251017, P, 0, 4, 0.0719, 5.68, -0.529
20250507, PDYN, 10, 20251017, C, 1, 100, 0.0745, 5.68, 0.3305
20250507, PDYN, 10, 20251017, P, 0, 10, 0.0692, 5.68, -0.5701
20250507, PDYN, 11, 20251017, C, 0, 34, 0.0703, 5.68, 0.2926
20250507, PDYN, 11, 20251017, P, 0, 0, 0.0661, 5.68, -0.6056
20250507, PDYN, 12, 20251017, C, 0, 23, 0.066, 5.68, 0.2601
20250507, PDYN, 12, 20251017, P, 0, 0, 0.0628, 5.68, -0.6362
20250507, PDYN, 13, 20251017, C, 0, 2, 0.0619, 5.68, 0.2323
20250507, PDYN, 13, 20251017, P, 0, 1, 0.0596, 5.68, -0.6628
20250507, PDYN, 14, 20251017, C, 0, 28, 0.0579, 5.68, 0.2083
20250507, PDYN, 14, 20251017, P, 0, 0, 0.0565, 5.68, -0.6861
20250507, PDYN, 15, 20251017, C, 0, 25, 0.0541, 5.68, 0.1875
20250507, PDYN, 15, 20251017, P, 0, 0, 0.0535, 5.68, -0.7066
20250507, PDYN, 16, 20251017, C, 0, 13, 0.0506, 5.68, 0.1693
20250507, PDYN, 16, 20251017, P, 0, 0, 0.0508, 5.68, -0.7248
20250507, PDYN, 17, 20251017, C, 0, 1, 0.0473, 5.68, 0.1533
20250507, PDYN, 17, 20251017, P, 0, 0, 0.0483, 5.68, -0.7409
20250514, PDYN, 1, 20250516, C, 0, 0, 0.0001, 6.32, 1
20250514, PDYN, 1, 20250516, P, 0, 0, 0.0004, 6.32, -0.0004
20250514, PDYN, 2, 20250516, C, 0, 0, 0.007, 6.32, 0.9927
20250514, PDYN, 2, 20250516, P, 0, 5, 0.0069, 6.32, -0.0089
20250514, PDYN, 3, 20250516, C, 0, 1, 0.016, 6.32, 0.9878
20250514, PDYN, 3, 20250516, P, 0, 6, 0.0159, 6.32, -0.015
20250514, PDYN, 4, 20250516, C, 5, 8, 0.0408, 6.32, 0.9761
20250514, PDYN, 4, 20250516, P, 0, 2, 0.04, 6.32, -0.0285
20250514, PDYN, 5, 20250516, C, 1, 36, 0.1314, 6.32, 0.935
20250514, PDYN, 5, 20250516, P, 1, 200, 0.1282, 6.32, -0.072
20250514, PDYN, 6, 20250516, C, 83, 297, 0.4869, 6.32, 0.6935
20250514, PDYN, 6, 20250516, P, 26, 290, 0.4765, 6.32, -0.3124
20250514, PDYN, 7, 20250516, C, 85, 532, 0.3579, 6.32, 0.2561
20250514, PDYN, 7, 20250516, P, 0, 131, 0.3546, 6.32, -0.7411
20250514, PDYN, 8, 20250516, C, 0, 214, 0.1627, 6.32, 0.1061
20250514, PDYN, 8, 20250516, P, 8, 59, 0.1622, 6.32, -0.8901
20250514, PDYN, 9, 20250516, C, 0, 125, 0.081, 6.32, 0.0515
20250514, PDYN, 9, 20250516, P, 0, 12, 0.081, 6.32, -0.9446
20250514, PDYN, 10, 20250516, C, 0, 227, 0.0438, 6.32, 0.0274
20250514, PDYN, 10, 20250516, P, 0, 6, 0.0438, 6.32, -0.9686
20250514, PDYN, 11, 20250516, C, 0, 41, 0.025, 6.32, 0.0155
20250514, PDYN, 11, 20250516, P, 0, 3, 0.025, 6.32, -0.9805
20250514, PDYN, 12, 20250516, C, 0, 1, 0.015, 6.32, 0.0092
20250514, PDYN, 12, 20250516, P, 0, 0, 0.015, 6.32, -0.9869
20250514, PDYN, 13, 20250516, C, 0, 1, 0.0092, 6.32, 0.0056
20250514, PDYN, 13, 20250516, P, 0, 0, 0.0092, 6.32, -0.9904
20250514, PDYN, 14, 20250516, C, 0, 0, 0.0059, 6.32, 0.0035
20250514, PDYN, 14, 20250516, P, 0, 0, 0.0059, 6.32, -0.9925
20250514, PDYN, 15, 20250516, C, 0, 0, 0.0038, 6.32, 0.0022
20250514, PDYN, 15, 20250516, P, 0, 1, 0.0038, 6.32, -0.9938
20250514, PDYN, 1, 20250620, C, 0, 0, 0.0098, 6.32, 0.9813
20250514, PDYN, 1, 20250620, P, 0, 0, 0.0058, 6.32, -0.0202
20250514, PDYN, 2, 20250620, C, 0, 0, 0.0141, 6.32, 0.9945
20250514, PDYN, 2, 20250620, P, 0, 0, 0.0133, 6.32, -0.0258
20250514, PDYN, 3, 20250620, C, 0, 0, 0.0329, 6.32, 0.9891
20250514, PDYN, 3, 20250620, P, 0, 0, 0.0294, 6.32, -0.0439
20250514, PDYN, 4, 20250620, C, 0, 7, 0.0922, 6.32, 0.9245
20250514, PDYN, 4, 20250620, P, 0, 0, 0.0683, 6.32, -0.1006
20250514, PDYN, 5, 20250620, C, 27, 113, 0.1437, 6.32, 0.7817
20250514, PDYN, 5, 20250620, P, 66, 100, 0.1254, 6.32, -0.2229
20250514, PDYN, 6, 20250620, C, 128, 137, 0.1764, 6.32, 0.5969
20250514, PDYN, 6, 20250620, P, 20, 35, 0.1634, 6.32, -0.3904
20250514, PDYN, 7, 20250620, C, 113, 108, 0.1735, 6.32, 0.4243
20250514, PDYN, 7, 20250620, P, 3, 30, 0.1649, 6.32, -0.5526
20250514, PDYN, 8, 20250620, C, 12, 112, 0.1486, 6.32, 0.2896
20250514, PDYN, 8, 20250620, P, 7, 3, 0.143, 6.32, -0.6812
20250514, PDYN, 9, 20250620, C, 3, 145, 0.1174, 6.32, 0.1937
20250514, PDYN, 9, 20250620, P, 1, 19, 0.1138, 6.32, -0.7737
20250514, PDYN, 10, 20250620, C, 20, 26, 0.0885, 6.32, 0.1286
20250514, PDYN, 10, 20250620, P, 1, 4, 0.0862, 6.32, -0.837
20250514, PDYN, 11, 20250620, C, 0, 4, 0.0649, 6.32, 0.0851
20250514, PDYN, 11, 20250620, P, 5, 3, 0.0634, 6.32, -0.8794
20250514, PDYN, 12, 20250620, C, 0, 29, 0.0468, 6.32, 0.0564
20250514, PDYN, 12, 20250620, P, 0, 11, 0.0458, 6.32, -0.9074
20250514, PDYN, 1, 20250718, C, 0, 9, 0.0105, 6.32, 0.9783
20250514, PDYN, 1, 20250718, P, 0, 5, 0.0059, 6.32, -0.0231
20250514, PDYN, 2, 20250718, C, 0, 8, 0.0247, 6.32, 0.9895
20250514, PDYN, 2, 20250718, P, 0, 0, 0.0154, 6.32, -0.0364
20250514, PDYN, 3, 20250718, C, 0, 27, 0.061, 6.32, 0.9738
20250514, PDYN, 3, 20250718, P, 0, 1, 0.0339, 6.32, -0.0651
20250514, PDYN, 4, 20250718, C, 1, 32, 0.0916, 6.32, 0.8868
20250514, PDYN, 4, 20250718, P, 3, 10, 0.0676, 6.32, -0.1339
20250514, PDYN, 5, 20250718, C, 1, 33, 0.1256, 6.32, 0.7463
20250514, PDYN, 5, 20250718, P, 3, 192, 0.1048, 6.32, -0.249
20250514, PDYN, 6, 20250718, C, 35, 163, 0.141, 6.32, 0.592
20250514, PDYN, 6, 20250718, P, 0, 125, 0.1259, 6.32, -0.3832
20250514, PDYN, 7, 20250718, C, 0, 263, 0.1386, 6.32, 0.4554
20250514, PDYN, 7, 20250718, P, 6, 447, 0.128, 6.32, -0.5073
20250514, PDYN, 8, 20250718, C, 28, 233, 0.1257, 6.32, 0.3462
20250514, PDYN, 8, 20250718, P, 0, 92, 0.1184, 6.32, -0.609
20250514, PDYN, 9, 20250718, C, 3, 316, 0.1089, 6.32, 0.2626
20250514, PDYN, 9, 20250718, P, 0, 61, 0.1037, 6.32, -0.6879
20250514, PDYN, 10, 20250718, C, 4, 396, 0.092, 6.32, 0.1998
20250514, PDYN, 10, 20250718, P, 0, 13, 0.0882, 6.32, -0.7478
20250514, PDYN, 11, 20250718, C, 0, 149, 0.0765, 6.32, 0.1528
20250514, PDYN, 11, 20250718, P, 0, 8, 0.0738, 6.32, -0.793
20250514, PDYN, 12, 20250718, C, 0, 298, 0.0632, 6.32, 0.1175
20250514, PDYN, 12, 20250718, P, 0, 10, 0.0612, 6.32, -0.827
20250514, PDYN, 13, 20250718, C, 0, 57, 0.0519, 6.32, 0.0909
20250514, PDYN, 13, 20250718, P, 0, 1, 0.0504, 6.32, -0.8527
20250514, PDYN, 14, 20250718, C, 0, 42, 0.0426, 6.32, 0.0707
20250514, PDYN, 14, 20250718, P, 0, 2, 0.0415, 6.32, -0.8723
20250514, PDYN, 15, 20250718, C, 0, 24, 0.0349, 6.32, 0.0554
20250514, PDYN, 15, 20250718, P, 0, 10, 0.0341, 6.32, -0.8873
20250514, PDYN, 16, 20250718, C, 0, 70, 0.0286, 6.32, 0.0436
20250514, PDYN, 16, 20250718, P, 0, 0, 0.0281, 6.32, -0.8989
20250514, PDYN, 17, 20250718, C, 0, 3, 0.0235, 6.32, 0.0344
20250514, PDYN, 17, 20250718, P, 0, 1, 0.0232, 6.32, -0.9079
20250514, PDYN, 18, 20250718, C, 0, 7, 0.0193, 6.32, 0.0274
20250514, PDYN, 18, 20250718, P, 0, 0, 0.0192, 6.32, -0.9149
20250514, PDYN, 19, 20250718, C, 0, 7, 0.0159, 6.32, 0.0218
20250514, PDYN, 19, 20250718, P, 0, 0, 0.016, 6.32, -0.9204
20250514, PDYN, 20, 20250718, C, 0, 250, 0.0131, 6.32, 0.0175
20250514, PDYN, 20, 20250718, P, 0, 0, 0.0134, 6.32, -0.9248
20250514, PDYN, 21, 20250718, C, 0, 0, 0.0108, 6.32, 0.014
20250514, PDYN, 21, 20250718, P, 0, 0, 0.0113, 6.32, -0.9284
20250514, PDYN, 22, 20250718, C, 0, 0, 0.009, 6.32, 0.0114
20250514, PDYN, 22, 20250718, P, 0, 0, 0.0096, 6.32, -0.9313
20250514, PDYN, 23, 20250718, C, 0, 13, 0.0074, 6.32, 0.0092
20250514, PDYN, 23, 20250718, P, 0, 0, 0.0083, 6.32, -0.9336
20250514, PDYN, 1, 20251017, C, 1, 2, 0.0015, 6.32, 0.999
20250514, PDYN, 1, 20251017, P, 0, 0, 0.0059, 6.32, -0.0207
20250514, PDYN, 2, 20251017, C, 0, 0, 0.0303, 6.32, 0.9808
20250514, PDYN, 2, 20251017, P, 0, 0, 0.0167, 6.32, -0.0511
20250514, PDYN, 3, 20251017, C, 0, 47, 0.0525, 6.32, 0.904
20250514, PDYN, 3, 20251017, P, 0, 33, 0.0324, 6.32, -0.1033
20250514, PDYN, 4, 20251017, C, 1, 12, 0.0663, 6.32, 0.8051
20250514, PDYN, 4, 20251017, P, 0, 4, 0.0483, 6.32, -0.1738
20250514, PDYN, 5, 20251017, C, 4, 407, 0.0753, 6.32, 0.706
20250514, PDYN, 5, 20251017, P, 2, 143, 0.0604, 6.32, -0.251
20250514, PDYN, 6, 20251017, C, 20, 61, 0.0799, 6.32, 0.6156
20250514, PDYN, 6, 20251017, P, 0, 35, 0.0678, 6.32, -0.326
20250514, PDYN, 7, 20251017, C, 11, 97, 0.0812, 6.32, 0.5365
20250514, PDYN, 7, 20251017, P, 0, 52, 0.0713, 6.32, -0.3942
20250514, PDYN, 8, 20251017, C, 1, 214, 0.0801, 6.32, 0.4685
20250514, PDYN, 8, 20251017, P, 0, 18, 0.0721, 6.32, -0.4546
20250514, PDYN, 9, 20251017, C, 1, 152, 0.0775, 6.32, 0.4104
20250514, PDYN, 9, 20251017, P, 0, 4, 0.071, 6.32, -0.5073
20250514, PDYN, 10, 20251017, C, 13, 104, 0.0741, 6.32, 0.3608
20250514, PDYN, 10, 20251017, P, 0, 18, 0.0687, 6.32, -0.5529
20250514, PDYN, 11, 20251017, C, 0, 34, 0.0701, 6.32, 0.3185
20250514, PDYN, 11, 20251017, P, 0, 0, 0.0659, 6.32, -0.5923
20250514, PDYN, 12, 20251017, C, 0, 123, 0.066, 6.32, 0.2822
20250514, PDYN, 12, 20251017, P, 0, 0, 0.0627, 6.32, -0.6265
20250514, PDYN, 13, 20251017, C, 0, 2, 0.062, 6.32, 0.251
20250514, PDYN, 13, 20251017, P, 0, 2, 0.0594, 6.32, -0.6562
20250514, PDYN, 14, 20251017, C, 0, 33, 0.058, 6.32, 0.224
20250514, PDYN, 14, 20251017, P, 0, 0, 0.0562, 6.32, -0.6822
20250514, PDYN, 15, 20251017, C, 0, 25, 0.0542, 6.32, 0.2006
20250514, PDYN, 15, 20251017, P, 0, 17, 0.053, 6.32, -0.705
20250514, PDYN, 16, 20251017, C, 0, 13, 0.0506, 6.32, 0.1803
20250514, PDYN, 16, 20251017, P, 0, 0, 0.0501, 6.32, -0.725
20250514, PDYN, 17, 20251017, C, 0, 1, 0.0472, 6.32, 0.1625
20250514, PDYN, 17, 20251017, P, 0, 0, 0.0473, 6.32, -0.7428
20250516, PDYN, 1, 20250620, C, 0, 0, 0.0032, 7.27, 0.9955
20250516, PDYN, 1, 20250620, P, 0, 0, 0.0035, 7.27, -0.0115
20250516, PDYN, 2, 20250620, C, 0, 0, 0.0037, 7.27, 0.9974
20250516, PDYN, 2, 20250620, P, 0, 0, 0.0078, 7.27, -0.0163
20250516, PDYN, 3, 20250620, C, 0, 0, 0.0101, 7.27, 0.9941
20250516, PDYN, 3, 20250620, P, 0, 0, 0.0172, 7.27, -0.029
20250516, PDYN, 4, 20250620, C, 0, 7, 0.0423, 7.27, 0.9696
20250516, PDYN, 4, 20250620, P, 0, 0, 0.0389, 7.27, -0.064
20250516, PDYN, 5, 20250620, C, 11, 112, 0.0954, 7.27, 0.882
20250516, PDYN, 5, 20250620, P, 28, 166, 0.0761, 7.27, -0.1409
20250516, PDYN, 6, 20250620, C, 61, 231, 0.1311, 7.27, 0.7396
20250516, PDYN, 6, 20250620, P, 555, 76, 0.1148, 7.27, -0.2625
20250516, PDYN, 7, 20250620, C, 570, 234, 0.1485, 7.27, 0.5823
20250516, PDYN, 7, 20250620, P, 37, 34, 0.1369, 7.27, -0.4047
20250516, PDYN, 8, 20250620, C, 203, 123, 0.1465, 7.27, 0.4376
20250516, PDYN, 8, 20250620, P, 31, 10, 0.1381, 7.27, -0.5397
20250516, PDYN, 9, 20250620, C, 55, 147, 0.1308, 7.27, 0.3189
20250516, PDYN, 9, 20250620, P, 16, 25, 0.125, 7.27, -0.6524
20250516, PDYN, 10, 20250620, C, 154, 43, 0.1096, 7.27, 0.228
20250516, PDYN, 10, 20250620, P, 10, 5, 0.1055, 7.27, -0.7395
20250516, PDYN, 11, 20250620, C, 7, 4, 0.0879, 7.27, 0.1613
20250516, PDYN, 11, 20250620, P, 12, 8, 0.085, 7.27, -0.8039
20250516, PDYN, 12, 20250620, C, 0, 29, 0.0685, 7.27, 0.1134
20250516, PDYN, 12, 20250620, P, 0, 11, 0.0665, 7.27, -0.8503
20250516, PDYN, 1, 20250718, C, 0, 9, 0.0053, 7.27, 0.9921
20250516, PDYN, 1, 20250718, P, 0, 5, 0.0042, 7.27, -0.0172
20250516, PDYN, 2, 20250718, C, 0, 8, 0.0077, 7.27, 0.9944
20250516, PDYN, 2, 20250718, P, 0, 0, 0.0105, 7.27, -0.0288
20250516, PDYN, 3, 20250718, C, 0, 27, 0.0205, 7.27, 0.9859
20250516, PDYN, 3, 20250718, P, 0, 1, 0.022, 7.27, -0.0509
20250516, PDYN, 4, 20250718, C, 10, 37, 0.0602, 7.27, 0.94
20250516, PDYN, 4, 20250718, P, 0, 14, 0.0425, 7.27, -0.0981
20250516, PDYN, 5, 20250718, C, 0, 34, 0.0927, 7.27, 0.8365
20250516, PDYN, 5, 20250718, P, 0, 195, 0.0688, 7.27, -0.1783
20250516, PDYN, 6, 20250718, C, 9, 197, 0.1097, 7.27, 0.7072
20250516, PDYN, 6, 20250718, P, 5, 125, 0.0913, 7.27, -0.2827
20250516, PDYN, 7, 20250718, C, 115, 263, 0.1176, 7.27, 0.5793
20250516, PDYN, 7, 20250718, P, 0, 453, 0.1034, 7.27, -0.3929
20250516, PDYN, 8, 20250718, C, 57, 261, 0.116, 7.27, 0.4651
20250516, PDYN, 8, 20250718, P, 0, 92, 0.1053, 7.27, -0.495
20250516, PDYN, 9, 20250718, C, 4, 319, 0.1081, 7.27, 0.3696
20250516, PDYN, 9, 20250718, P, 0, 61, 0.1, 7.27, -0.5825
20250516, PDYN, 10, 20250718, C, 9, 392, 0.097, 7.27, 0.2923
20250516, PDYN, 10, 20250718, P, 0, 13, 0.091, 7.27, -0.6543
20250516, PDYN, 11, 20250718, C, 8, 149, 0.085, 7.27, 0.231
20250516, PDYN, 11, 20250718, P, 5, 8, 0.0805, 7.27, -0.712
20250516, PDYN, 12, 20250718, C, 9, 298, 0.0734, 7.27, 0.1829
20250516, PDYN, 12, 20250718, P, 0, 10, 0.0699, 7.27, -0.7577
20250516, PDYN, 13, 20250718, C, 0, 57, 0.0626, 7.27, 0.1451
20250516, PDYN, 13, 20250718, P, 0, 1, 0.0599, 7.27, -0.7937
20250516, PDYN, 14, 20250718, C, 10, 42, 0.0531, 7.27, 0.1154
20250516, PDYN, 14, 20250718, P, 0, 2, 0.051, 7.27, -0.822
20250516, PDYN, 15, 20250718, C, 0, 24, 0.0448, 7.27, 0.0922
20250516, PDYN, 15, 20250718, P, 0, 10, 0.0432, 7.27, -0.8444
20250516, PDYN, 16, 20250718, C, 0, 70, 0.0378, 7.27, 0.0739
20250516, PDYN, 16, 20250718, P, 0, 0, 0.0365, 7.27, -0.862
20250516, PDYN, 17, 20250718, C, 0, 3, 0.0318, 7.27, 0.0595
20250516, PDYN, 17, 20250718, P, 0, 1, 0.0308, 7.27, -0.876
20250516, PDYN, 18, 20250718, C, 0, 7, 0.0267, 7.27, 0.048
20250516, PDYN, 18, 20250718, P, 0, 0, 0.0259, 7.27, -0.8871
20250516, PDYN, 19, 20250718, C, 0, 7, 0.0224, 7.27, 0.0389
20250516, PDYN, 19, 20250718, P, 0, 0, 0.0218, 7.27, -0.8959
20250516, PDYN, 20, 20250718, C, 0, 250, 0.0189, 7.27, 0.0316
20250516, PDYN, 20, 20250718, P, 0, 0, 0.0184, 7.27, -0.903
20250516, PDYN, 21, 20250718, C, 0, 0, 0.0159, 7.27, 0.0258
20250516, PDYN, 21, 20250718, P, 0, 0, 0.0156, 7.27, -0.9087
20250516, PDYN, 22, 20250718, C, 0, 0, 0.0134, 7.27, 0.0211
20250516, PDYN, 22, 20250718, P, 0, 0, 0.0132, 7.27, -0.9133
20250516, PDYN, 23, 20250718, C, 0, 13, 0.0113, 7.27, 0.0174
20250516, PDYN, 23, 20250718, P, 0, 0, 0.0112, 7.27, -0.9171
20250516, PDYN, 1, 20251017, C, 1, 3, 0.0017, 7.27, 0.9986
20250516, PDYN, 1, 20251017, P, 0, 0, 0.0042, 7.27, -0.0171
20250516, PDYN, 2, 20251017, C, 0, 0, 0.0149, 7.27, 0.9876
20250516, PDYN, 2, 20251017, P, 0, 0, 0.0116, 7.27, -0.0408
20250516, PDYN, 3, 20251017, C, 0, 47, 0.0392, 7.27, 0.9393
20250516, PDYN, 3, 20251017, P, 5, 33, 0.0225, 7.27, -0.0799
20250516, PDYN, 4, 20251017, C, 0, 13, 0.0519, 7.27, 0.8593
20250516, PDYN, 4, 20251017, P, 0, 4, 0.0351, 7.27, -0.1352
20250516, PDYN, 5, 20251017, C, 154, 410, 0.0611, 7.27, 0.7722
20250516, PDYN, 5, 20251017, P, 5, 145, 0.0465, 7.27, -0.2004
20250516, PDYN, 6, 20251017, C, 1, 83, 0.0674, 7.27, 0.687
20250516, PDYN, 6, 20251017, P, 0, 35, 0.0551, 7.27, -0.2686
20250516, PDYN, 7, 20251017, C, 0, 98, 0.071, 7.27, 0.6083
20250516, PDYN, 7, 20251017, P, 120, 52, 0.0606, 7.27, -0.3347
20250516, PDYN, 8, 20251017, C, 3, 215, 0.0722, 7.27, 0.5377
20250516, PDYN, 8, 20251017, P, 0, 31, 0.0635, 7.27, -0.396
20250516, PDYN, 9, 20251017, C, 6, 152, 0.0717, 7.27, 0.4753
20250516, PDYN, 9, 20251017, P, 0, 4, 0.0644, 7.27, -0.4515
20250516, PDYN, 10, 20251017, C, 0, 119, 0.0699, 7.27, 0.4206
20250516, PDYN, 10, 20251017, P, 0, 18, 0.0638, 7.27, -0.501
20250516, PDYN, 11, 20251017, C, 1, 34, 0.0673, 7.27, 0.3728
20250516, PDYN, 11, 20251017, P, 0, 0, 0.0622, 7.27, -0.5448
20250516, PDYN, 12, 20251017, C, 30, 123, 0.0643, 7.27, 0.3313
20250516, PDYN, 12, 20251017, P, 0, 0, 0.06, 7.27, -0.5833
20250516, PDYN, 13, 20251017, C, 2, 6, 0.061, 7.27, 0.295
20250516, PDYN, 13, 20251017, P, 0, 2, 0.0575, 7.27, -0.6173
20250516, PDYN, 14, 20251017, C, 0, 33, 0.0575, 7.27, 0.2634
20250516, PDYN, 14, 20251017, P, 0, 0, 0.0547, 7.27, -0.6472
20250516, PDYN, 15, 20251017, C, 0, 25, 0.0541, 7.27, 0.2358
20250516, PDYN, 15, 20251017, P, 0, 17, 0.0519, 7.27, -0.6736
20250516, PDYN, 16, 20251017, C, 2, 13, 0.0508, 7.27, 0.2116
20250516, PDYN, 16, 20251017, P, 0, 0, 0.0492, 7.27, -0.6969
20250516, PDYN, 17, 20251017, C, 0, 1, 0.0475, 7.27, 0.1904
20250516, PDYN, 17, 20251017, P, 0, 0, 0.0465, 7.27, -0.7176
20250516, PDYN, 1, 20260116, C, 0, 0, 0.0047, 7.27, 0.9957
20250516, PDYN, 1, 20260116, P, 0, 0, 0.0042, 7.27, -0.0212
20250516, PDYN, 2, 20260116, C, 0, 0, 0.0198, 7.27, 0.9793
20250516, PDYN, 2, 20260116, P, 0, 0, 0.0114, 7.27, -0.0491
20250516, PDYN, 3, 20260116, C, 3, 0, 0.0418, 7.27, 0.9217
20250516, PDYN, 3, 20260116, P, 0, 0, 0.0207, 7.27, -0.0897
20250516, PDYN, 4, 20260116, C, 0, 0, 0.0485, 7.27, 0.8373
20250516, PDYN, 4, 20260116, P, 0, 0, 0.0298, 7.27, -0.141
20250516, PDYN, 5, 20260116, C, 0, 0, 0.0534, 7.27, 0.7561
20250516, PDYN, 5, 20260116, P, 0, 50, 0.0371, 7.27, -0.1958
20250516, PDYN, 6, 20260116, C, 0, 0, 0.056, 7.27, 0.6832
20250516, PDYN, 6, 20260116, P, 0, 0, 0.0422, 7.27, -0.2488
20250516, PDYN, 7, 20260116, C, 22, 0, 0.0572, 7.27, 0.6196
20250516, PDYN, 7, 20260116, P, 0, 0, 0.0455, 7.27, -0.2978
20250516, PDYN, 8, 20260116, C, 2, 0, 0.0574, 7.27, 0.5644
20250516, PDYN, 8, 20260116, P, 0, 0, 0.0474, 7.27, -0.3422
20250516, PDYN, 9, 20260116, C, 3, 0, 0.0569, 7.27, 0.5165
20250516, PDYN, 9, 20260116, P, 0, 0, 0.0484, 7.27, -0.3821
20250516, PDYN, 10, 20260116, C, 12, 0, 0.0559, 7.27, 0.4748
20250516, PDYN, 10, 20260116, P, 0, 1, 0.0487, 7.27, -0.4178
20250516, PDYN, 11, 20260116, C, 2, 0, 0.0547, 7.27, 0.438
20250516, PDYN, 11, 20260116, P, 0, 0, 0.0486, 7.27, -0.4499
20250516, PDYN, 12, 20260116, C, 2, 0, 0.0532, 7.27, 0.4057
20250516, PDYN, 12, 20260116, P, 0, 0, 0.0481, 7.27, -0.4788
20250519, PDYN, 1, 20250620, C, 0, 0, 0.0071, 6.94, 0.988
20250519, PDYN, 1, 20250620, P, 0, 0, 0.0045, 6.94, -0.0165
20250519, PDYN, 2, 20250620, C, 0, 0, 0.0069, 6.94, 0.9966
20250519, PDYN, 2, 20250620, P, 0, 0, 0.0099, 6.94, -0.0212
20250519, PDYN, 3, 20250620, C, 0, 0, 0.0143, 6.94, 0.9947
20250519, PDYN, 3, 20250620, P, 0, 0, 0.0207, 6.94, -0.0342
20250519, PDYN, 4, 20250620, C, 0, 7, 0.0636, 6.94, 0.9617
20250519, PDYN, 4, 20250620, P, 0, 0, 0.0464, 6.94, -0.0729
20250519, PDYN, 5, 20250620, C, 7, 122, 0.1109, 6.94, 0.8554
20250519, PDYN, 5, 20250620, P, 0, 184, 0.0905, 6.94, -0.1602
20250519, PDYN, 6, 20250620, C, 0, 227, 0.1486, 6.94, 0.6989
20250519, PDYN, 6, 20250620, P, 45, 608, 0.1339, 6.94, -0.2978
20250519, PDYN, 7, 20250620, C, 79, 541, 0.1644, 6.94, 0.5293
20250519, PDYN, 7, 20250620, P, 7, 61, 0.1536, 6.94, -0.4543
20250519, PDYN, 8, 20250620, C, 6, 236, 0.1548, 6.94, 0.3791
20250519, PDYN, 8, 20250620, P, 0, 39, 0.1474, 6.94, -0.5961
20250519, PDYN, 9, 20250620, C, 1, 173, 0.131, 6.94, 0.2619
20250519, PDYN, 9, 20250620, P, 0, 30, 0.1261, 6.94, -0.7081
20250519, PDYN, 10, 20250620, C, 159, 195, 0.1036, 6.94, 0.1771
20250519, PDYN, 10, 20250620, P, 0, 15, 0.1003, 6.94, -0.79
20250519, PDYN, 11, 20250620, C, 0, 11, 0.0784, 6.94, 0.1183
20250519, PDYN, 11, 20250620, P, 0, 20, 0.0762, 6.94, -0.847
20250519, PDYN, 12, 20250620, C, 0, 29, 0.0576, 6.94, 0.0785
20250519, PDYN, 12, 20250620, P, 0, 11, 0.0561, 6.94, -0.8856
20250519, PDYN, 1, 20250718, C, 0, 9, 0.0089, 6.94, 0.977
20250519, PDYN, 1, 20250718, P, 0, 5, 0.0047, 6.94, -0.0223
20250519, PDYN, 2, 20250718, C, 0, 8, 0.0173, 6.94, 0.9861
20250519, PDYN, 2, 20250718, P, 0, 0, 0.0124, 6.94, -0.0358
20250519, PDYN, 3, 20250718, C, 0, 27, 0.0351, 6.94, 0.9784
20250519, PDYN, 3, 20250718, P, 0, 1, 0.0255, 6.94, -0.058
20250519, PDYN, 4, 20250718, C, 0, 47, 0.0738, 6.94, 0.9212
20250519, PDYN, 4, 20250718, P, 0, 14, 0.049, 6.94, -0.1086
20250519, PDYN, 5, 20250718, C, 0, 34, 0.1004, 6.94, 0.8088
20250519, PDYN, 5, 20250718, P, 0, 195, 0.0792, 6.94, -0.1971
20250519, PDYN, 6, 20250718, C, 8, 206, 0.1202, 6.94, 0.6727
20250519, PDYN, 6, 20250718, P, 0, 130, 0.1033, 6.94, -0.3118
20250519, PDYN, 7, 20250718, C, 0, 275, 0.1266, 6.94, 0.5391
20250519, PDYN, 7, 20250718, P, 0, 453, 0.1138, 6.94, -0.4296
20250519, PDYN, 8, 20250718, C, 40, 282, 0.1215, 6.94, 0.4236
20250519, PDYN, 8, 20250718, P, 0, 92, 0.1123, 6.94, -0.5348
20250519, PDYN, 9, 20250718, C, 9, 319, 0.1104, 6.94, 0.33
20250519, PDYN, 9, 20250718, P, 0, 61, 0.1036, 6.94, -0.6218
20250519, PDYN, 10, 20250718, C, 0, 400, 0.0968, 6.94, 0.2565
20250519, PDYN, 10, 20250718, P, 0, 13, 0.0918, 6.94, -0.691
20250519, PDYN, 11, 20250718, C, 0, 157, 0.0831, 6.94, 0.1996
20250519, PDYN, 11, 20250718, P, 0, 13, 0.0793, 6.94, -0.7451
20250519, PDYN, 12, 20250718, C, 0, 307, 0.0703, 6.94, 0.1558
20250519, PDYN, 12, 20250718, P, 0, 10, 0.0675, 6.94, -0.7869
20250519, PDYN, 13, 20250718, C, 0, 57, 0.059, 6.94, 0.1221
20250519, PDYN, 13, 20250718, P, 0, 1, 0.0569, 6.94, -0.8193
20250519, PDYN, 14, 20250718, C, 0, 52, 0.0493, 6.94, 0.0961
20250519, PDYN, 14, 20250718, P, 0, 2, 0.0476, 6.94, -0.8444
20250519, PDYN, 15, 20250718, C, 0, 24, 0.0411, 6.94, 0.076
20250519, PDYN, 15, 20250718, P, 0, 10, 0.0398, 6.94, -0.8638
20250519, PDYN, 16, 20250718, C, 0, 70, 0.0341, 6.94, 0.0603
20250519, PDYN, 16, 20250718, P, 0, 0, 0.0332, 6.94, -0.879
20250519, PDYN, 17, 20250718, C, 0, 3, 0.0284, 6.94, 0.0481
20250519, PDYN, 17, 20250718, P, 0, 1, 0.0276, 6.94, -0.8909
20250519, PDYN, 18, 20250718, C, 0, 7, 0.0236, 6.94, 0.0385
20250519, PDYN, 18, 20250718, P, 0, 0, 0.023, 6.94, -0.9002
20250519, PDYN, 19, 20250718, C, 0, 7, 0.0196, 6.94, 0.0309
20250519, PDYN, 19, 20250718, P, 0, 0, 0.0192, 6.94, -0.9076
20250519, PDYN, 20, 20250718, C, 0, 250, 0.0164, 6.94, 0.025
20250519, PDYN, 20, 20250718, P, 0, 0, 0.0161, 6.94, -0.9135
20250519, PDYN, 21, 20250718, C, 0, 0, 0.0136, 6.94, 0.0202
20250519, PDYN, 21, 20250718, P, 0, 0, 0.0135, 6.94, -0.9182
20250519, PDYN, 22, 20250718, C, 0, 0, 0.0114, 6.94, 0.0164
20250519, PDYN, 22, 20250718, P, 0, 0, 0.0114, 6.94, -0.922
20250519, PDYN, 23, 20250718, C, 0, 13, 0.0095, 6.94, 0.0134
20250519, PDYN, 23, 20250718, P, 0, 0, 0.0096, 6.94, -0.9251
20250519, PDYN, 1, 20251017, C, 0, 4, 0.0109, 6.94, 0.9878
20250519, PDYN, 1, 20251017, P, 0, 0, 0.0047, 6.94, -0.0226
20250519, PDYN, 2, 20251017, C, 0, 0, 0.0267, 6.94, 0.9762
20250519, PDYN, 2, 20251017, P, 0, 0, 0.013, 6.94, -0.0483
20250519, PDYN, 3, 20251017, C, 0, 47, 0.0463, 6.94, 0.9284
20250519, PDYN, 3, 20251017, P, 0, 38, 0.0253, 6.94, -0.088
20250519, PDYN, 4, 20251017, C, 0, 13, 0.0586, 6.94, 0.846
20250519, PDYN, 4, 20251017, P, 0, 4, 0.0397, 6.94, -0.1468
20250519, PDYN, 5, 20251017, C, 10, 563, 0.0693, 6.94, 0.7514
20250519, PDYN, 5, 20251017, P, 10, 145, 0.0524, 6.94, -0.2176
20250519, PDYN, 6, 20251017, C, 0, 84, 0.075, 6.94, 0.6596
20250519, PDYN, 6, 20251017, P, 0, 35, 0.061, 6.94, -0.2905
20250519, PDYN, 7, 20251017, C, 0, 98, 0.0772, 6.94, 0.5775
20250519, PDYN, 7, 20251017, P, 0, 160, 0.0657, 6.94, -0.3589
20250519, PDYN, 8, 20251017, C, 100, 214, 0.0767, 6.94, 0.5064
20250519, PDYN, 8, 20251017, P, 0, 31, 0.0673, 6.94, -0.4201
20250519, PDYN, 9, 20251017, C, 0, 150, 0.0746, 6.94, 0.4458
20250519, PDYN, 9, 20251017, P, 0, 4, 0.0669, 6.94, -0.4737
20250519, PDYN, 10, 20251017, C, 0, 119, 0.0716, 6.94, 0.3942
20250519, PDYN, 10, 20251017, P, 0, 18, 0.0652, 6.94, -0.5201
20250519, PDYN, 11, 20251017, C, 0, 33, 0.0682, 6.94, 0.3504
20250519, PDYN, 11, 20251017, P, 0, 0, 0.0629, 6.94, -0.5602
20250519, PDYN, 12, 20251017, C, 0, 153, 0.0645, 6.94, 0.3127
20250519, PDYN, 12, 20251017, P, 0, 0, 0.0601, 6.94, -0.5949
20250519, PDYN, 13, 20251017, C, 0, 6, 0.0608, 6.94, 0.2804
20250519, PDYN, 13, 20251017, P, 0, 2, 0.0572, 6.94, -0.6252
20250519, PDYN, 14, 20251017, C, 0, 33, 0.0572, 6.94, 0.2524
20250519, PDYN, 14, 20251017, P, 0, 0, 0.0543, 6.94, -0.6516
20250519, PDYN, 15, 20251017, C, 0, 25, 0.0538, 6.94, 0.2281
20250519, PDYN, 15, 20251017, P, 0, 17, 0.0515, 6.94, -0.6748
20250519, PDYN, 16, 20251017, C, 0, 13, 0.0505, 6.94, 0.2068
20250519, PDYN, 16, 20251017, P, 0, 0, 0.0488, 6.94, -0.6952
20250519, PDYN, 17, 20251017, C, 0, 1, 0.0474, 6.94, 0.1882
20250519, PDYN, 17, 20251017, P, 0, 0, 0.0463, 6.94, -0.7134
20250519, PDYN, 1, 20260116, C, 0, 0, 0.0018, 6.94, 0.9985
20250519, PDYN, 1, 20260116, P, 0, 0, 0.0047, 6.94, -0.0224
20250519, PDYN, 2, 20260116, C, 0, 0, 0.0271, 6.94, 0.9816
20250519, PDYN, 2, 20260116, P, 0, 0, 0.0127, 6.94, -0.053
20250519, PDYN, 3, 20260116, C, 0, 1, 0.0464, 6.94, 0.9105
20250519, PDYN, 3, 20260116, P, 0, 0, 0.0228, 6.94, -0.0976
20250519, PDYN, 4, 20260116, C, 0, 0, 0.053, 6.94, 0.8195
20250519, PDYN, 4, 20260116, P, 0, 0, 0.032, 6.94, -0.1518
20250519, PDYN, 5, 20260116, C, 0, 0, 0.0569, 6.94, 0.7349
20250519, PDYN, 5, 20260116, P, 0, 50, 0.039, 6.94, -0.2076
20250519, PDYN, 6, 20260116, C, 0, 0, 0.0587, 6.94, 0.6611
20250519, PDYN, 6, 20260116, P, 0, 0, 0.0437, 6.94, -0.2603
20250519, PDYN, 7, 20260116, C, 2, 22, 0.0593, 6.94, 0.5978
20250519, PDYN, 7, 20260116, P, 0, 0, 0.0466, 6.94, -0.3085
20250519, PDYN, 8, 20260116, C, 0, 2, 0.059, 6.94, 0.5435
20250519, PDYN, 8, 20260116, P, 0, 0, 0.0482, 6.94, -0.3517
20250519, PDYN, 9, 20260116, C, 0, 3, 0.0581, 6.94, 0.4966
20250519, PDYN, 9, 20260116, P, 0, 0, 0.0489, 6.94, -0.3903
20250519, PDYN, 10, 20260116, C, 0, 12, 0.0569, 6.94, 0.456
20250519, PDYN, 10, 20260116, P, 0, 1, 0.0491, 6.94, -0.4248
20250519, PDYN, 11, 20260116, C, 0, 2, 0.0554, 6.94, 0.4203
20250519, PDYN, 11, 20260116, P, 0, 0, 0.0488, 6.94, -0.4556
20250519, PDYN, 12, 20260116, C, 0, 2, 0.0538, 6.94, 0.389
20250519, PDYN, 12, 20260116, P, 0, 0, 0.0482, 6.94, -0.4832
20250520, PDYN, 1, 20250620, C, 0, 0, 0.0018, 7.7024, 0.9988
20250520, PDYN, 1, 20250620, P, 0, 0, 0.0026, 7.7024, -0.0081
20250520, PDYN, 2, 20250620, C, 0, 0, 0, 7.7024, 1
20250520, PDYN, 2, 20250620, P, 0, 0, 0.0051, 7.7024, -0.0098
20250520, PDYN, 3, 20250620, C, 0, 0, 0.0001, 7.7024, 1
20250520, PDYN, 3, 20250620, P, 0, 0, 0.0107, 7.7024, -0.0163
20250520, PDYN, 4, 20250620, C, 0, 8, 0.0231, 7.7024, 0.9912
20250520, PDYN, 4, 20250620, P, 0, 75, 0.0263, 7.7024, -0.0381
20250520, PDYN, 5, 20250620, C, 8, 130, 0.0743, 7.7024, 0.9218
20250520, PDYN, 5, 20250620, P, 16, 190, 0.0591, 7.7024, -0.0967
20250520, PDYN, 6, 20250620, C, 154, 328, 0.1094, 7.7024, 0.7978
20250520, PDYN, 6, 20250620, P, 33, 660, 0.0996, 7.7024, -0.2044
20250520, PDYN, 7, 20250620, C, 201, 457, 0.1345, 7.7024, 0.6511
20250520, PDYN, 7, 20250620, P, 539, 155, 0.1269, 7.7024, -0.3406
20250520, PDYN, 8, 20250620, C, 239, 361, 0.1398, 7.7024, 0.5096
20250520, PDYN, 8, 20250620, P, 3, 49, 0.1343, 7.7024, -0.4752
20250520, PDYN, 9, 20250620, C, 50, 215, 0.1309, 7.7024, 0.3893
20250520, PDYN, 9, 20250620, P, 10, 39, 0.127, 7.7024, -0.5911
20250520, PDYN, 10, 20250620, C, 730, 215, 0.1152, 7.7024, 0.2936
20250520, PDYN, 10, 20250620, P, 0, 23, 0.1124, 7.7024, -0.6841
20250520, PDYN, 11, 20250620, C, 41, 35, 0.0974, 7.7024, 0.2203
20250520, PDYN, 11, 20250620, P, 0, 20, 0.0954, 7.7024, -0.7557
20250520, PDYN, 12, 20250620, C, 10, 29, 0.0804, 7.7024, 0.165
20250520, PDYN, 12, 20250620, P, 0, 11, 0.0789, 7.7024, -0.8099
20250520, PDYN, 1, 20250718, C, 0, 9, 0.0059, 7.7024, 0.9917
20250520, PDYN, 1, 20250718, P, 0, 5, 0.0036, 7.7024, -0.0151
20250520, PDYN, 2, 20250718, C, 0, 9, 0.0046, 7.7024, 0.9976
20250520, PDYN, 2, 20250718, P, 0, 0, 0.008, 7.7024, -0.0214
20250520, PDYN, 3, 20250718, C, 0, 24, 0.0113, 7.7024, 0.9956
20250520, PDYN, 3, 20250718, P, 0, 1, 0.0163, 7.7024, -0.0347
20250520, PDYN, 4, 20250718, C, 0, 47, 0.0524, 7.7024, 0.9649
20250520, PDYN, 4, 20250718, P, 0, 14, 0.0332, 7.7024, -0.0687
20250520, PDYN, 5, 20250718, C, 3, 34, 0.0751, 7.7024, 0.8762
20250520, PDYN, 5, 20250718, P, 0, 226, 0.0588, 7.7024, -0.1367
20250520, PDYN, 6, 20250718, C, 18, 147, 0.0961, 7.7024, 0.7595
20250520, PDYN, 6, 20250718, P, 0, 130, 0.0835, 7.7024, -0.2347
20250520, PDYN, 7, 20250718, C, 14, 313, 0.108, 7.7024, 0.6374
20250520, PDYN, 7, 20250718, P, 0, 453, 0.0985, 7.7024, -0.3435
20250520, PDYN, 8, 20250718, C, 37, 355, 0.1102, 7.7024, 0.5258
20250520, PDYN, 8, 20250718, P, 0, 92, 0.1031, 7.7024, -0.4464
20250520, PDYN, 9, 20250718, C, 9, 329, 0.1057, 7.7024, 0.4305
20250520, PDYN, 9, 20250718, P, 0, 61, 0.1004, 7.7024, -0.5358
20250520, PDYN, 10, 20250718, C, 0, 597, 0.0976, 7.7024, 0.3522
20250520, PDYN, 10, 20250718, P, 0, 13, 0.0936, 7.7024, -0.6103
20250520, PDYN, 11, 20250718, C, 5, 157, 0.0882, 7.7024, 0.2888
20250520, PDYN, 11, 20250718, P, 0, 13, 0.0851, 7.7024, -0.6711
20250520, PDYN, 12, 20250718, C, 0, 316, 0.0786, 7.7024, 0.2378
20250520, PDYN, 12, 20250718, P, 2, 4, 0.0761, 7.7024, -0.7204
20250520, PDYN, 13, 20250718, C, 6, 57, 0.0694, 7.7024, 0.1965
20250520, PDYN, 13, 20250718, P, 0, 1, 0.0675, 7.7024, -0.7603
20250520, PDYN, 14, 20250718, C, 0, 52, 0.061, 7.7024, 0.1632
20250520, PDYN, 14, 20250718, P, 0, 2, 0.0595, 7.7024, -0.7927
20250520, PDYN, 15, 20250718, C, 0, 24, 0.0535, 7.7024, 0.1361
20250520, PDYN, 15, 20250718, P, 0, 10, 0.0522, 7.7024, -0.8191
20250520, PDYN, 16, 20250718, C, 0, 70, 0.0468, 7.7024, 0.1141
20250520, PDYN, 16, 20250718, P, 0, 0, 0.0458, 7.7024, -0.8407
20250520, PDYN, 17, 20250718, C, 0, 3, 0.0409, 7.7024, 0.0959
20250520, PDYN, 17, 20250718, P, 0, 1, 0.0402, 7.7024, -0.8585
20250520, PDYN, 18, 20250718, C, 0, 7, 0.0358, 7.7024, 0.081
20250520, PDYN, 18, 20250718, P, 0, 0, 0.0352, 7.7024, -0.8732
20250520, PDYN, 19, 20250718, C, 0, 7, 0.0313, 7.7024, 0.0686
20250520, PDYN, 19, 20250718, P, 0, 0, 0.031, 7.7024, -0.8854
20250520, PDYN, 20, 20250718, C, 0, 250, 0.0274, 7.7024, 0.0584
20250520, PDYN, 20, 20250718, P, 0, 0, 0.0272, 7.7024, -0.8956
20250520, PDYN, 21, 20250718, C, 0, 0, 0.0241, 7.7024, 0.0497
20250520, PDYN, 21, 20250718, P, 0, 0, 0.024, 7.7024, -0.9041
20250520, PDYN, 22, 20250718, C, 0, 0, 0.0211, 7.7024, 0.0426
20250520, PDYN, 22, 20250718, P, 0, 0, 0.0212, 7.7024, -0.9113
20250520, PDYN, 23, 20250718, C, 0, 13, 0.0185, 7.7024, 0.0365
20250520, PDYN, 23, 20250718, P, 0, 0, 0.0188, 7.7024, -0.9174
20250520, PDYN, 1, 20251017, C, 1, 4, 0.0068, 7.7024, 0.9934
20250520, PDYN, 1, 20251017, P, 0, 0, 0.0037, 7.7024, -0.0193
20250520, PDYN, 2, 20251017, C, 0, 0, 0.0182, 7.7024, 0.9852
20250520, PDYN, 2, 20251017, P, 0, 0, 0.01, 7.7024, -0.0407
20250520, PDYN, 3, 20251017, C, 0, 47, 0.0357, 7.7024, 0.9491
20250520, PDYN, 3, 20251017, P, 0, 38, 0.0192, 7.7024, -0.0732
20250520, PDYN, 4, 20251017, C, 1, 13, 0.0475, 7.7024, 0.8801
20250520, PDYN, 4, 20251017, P, 0, 4, 0.0307, 7.7024, -0.1214
20250520, PDYN, 5, 20251017, C, 29, 573, 0.0576, 7.7024, 0.7978
20250520, PDYN, 5, 20251017, P, 20, 154, 0.0419, 7.7024, -0.1818
20250520, PDYN, 6, 20251017, C, 8, 77, 0.0642, 7.7024, 0.7133
20250520, PDYN, 6, 20251017, P, 0, 35, 0.0507, 7.7024, -0.2473
20250520, PDYN, 7, 20251017, C, 9, 110, 0.068, 7.7024, 0.6341
20250520, PDYN, 7, 20251017, P, 0, 155, 0.0566, 7.7024, -0.312
20250520, PDYN, 8, 20251017, C, 0, 144, 0.0694, 7.7024, 0.5628
20250520, PDYN, 8, 20251017, P, 0, 31, 0.0599, 7.7024, -0.3725
20250520, PDYN, 9, 20251017, C, 146, 148, 0.0691, 7.7024, 0.4999
20250520, PDYN, 9, 20251017, P, 0, 4, 0.0611, 7.7024, -0.4274
20250520, PDYN, 10, 20251017, C, 4, 124, 0.0676, 7.7024, 0.445
20250520, PDYN, 10, 20251017, P, 0, 18, 0.0608, 7.7024, -0.4764
20250520, PDYN, 11, 20251017, C, 105, 83, 0.0653, 7.7024, 0.3971
20250520, PDYN, 11, 20251017, P, 0, 0, 0.0596, 7.7024, -0.5196
20250520, PDYN, 12, 20251017, C, 0, 153, 0.0625, 7.7024, 0.3555
20250520, PDYN, 12, 20251017, P, 0, 0, 0.0578, 7.7024, -0.5577
20250520, PDYN, 13, 20251017, C, 0, 6, 0.0596, 7.7024, 0.3194
20250520, PDYN, 13, 20251017, P, 0, 2, 0.0555, 7.7024, -0.5912
20250520, PDYN, 14, 20251017, C, 0, 33, 0.0565, 7.7024, 0.2877
20250520, PDYN, 14, 20251017, P, 0, 0, 0.0532, 7.7024, -0.6208
20250520, PDYN, 15, 20251017, C, 0, 25, 0.0534, 7.7024, 0.26
20250520, PDYN, 15, 20251017, P, 0, 17, 0.0507, 7.7024, -0.6469
20250520, PDYN, 16, 20251017, C, 0, 13, 0.0504, 7.7024, 0.2357
20250520, PDYN, 16, 20251017, P, 0, 0, 0.0482, 7.7024, -0.67
20250520, PDYN, 17, 20251017, C, 0, 1, 0.0476, 7.7024, 0.2142
20250520, PDYN, 17, 20251017, P, 0, 0, 0.0459, 7.7024, -0.6907
20250520, PDYN, 1, 20260116, C, 0, 0, 0.0038, 7.7024, 0.9963
20250520, PDYN, 1, 20260116, P, 0, 0, 0.0037, 7.7024, -0.0191
20250520, PDYN, 2, 20260116, C, 0, 0, 0.0202, 7.7024, 0.9826
20250520, PDYN, 2, 20260116, P, 0, 0, 0.0099, 7.7024, -0.0425
20250520, PDYN, 3, 20260116, C, 1, 1, 0.035, 7.7024, 0.9338
20250520, PDYN, 3, 20260116, P, 10, 0, 0.0184, 7.7024, -0.0776
20250520, PDYN, 4, 20260116, C, 1, 0, 0.0431, 7.7024, 0.861
20250520, PDYN, 4, 20260116, P, 0, 0, 0.0278, 7.7024, -0.1254
20250520, PDYN, 5, 20260116, C, 1, 0, 0.0494, 7.7024, 0.7844
20250520, PDYN, 5, 20260116, P, 32, 71, 0.0359, 7.7024, -0.1797
20250520, PDYN, 6, 20260116, C, 1, 0, 0.0534, 7.7024, 0.712
20250520, PDYN, 6, 20260116, P, 0, 0, 0.0419, 7.7024, -0.2348
20250520, PDYN, 7, 20260116, C, 3, 75, 0.0557, 7.7024, 0.647
20250520, PDYN, 7, 20260116, P, 0, 0, 0.046, 7.7024, -0.2872
20250520, PDYN, 8, 20260116, C, 16, 36, 0.0568, 7.7024, 0.5893
20250520, PDYN, 8, 20260116, P, 0, 0, 0.0486, 7.7024, -0.3354
20250520, PDYN, 9, 20260116, C, 1, 4, 0.0569, 7.7024, 0.5386
20250520, PDYN, 9, 20260116, P, 8, 1, 0.05, 7.7024, -0.3792
20250520, PDYN, 10, 20260116, C, 33, 13, 0.0563, 7.7024, 0.494
20250520, PDYN, 10, 20260116, P, 0, 1, 0.0505, 7.7024, -0.4186
20250520, PDYN, 11, 20260116, C, 1, 2, 0.0553, 7.7024, 0.4546
20250520, PDYN, 11, 20260116, P, 0, 0, 0.0505, 7.7024, -0.4541
20250520, PDYN, 12, 20260116, C, 40, 25, 0.054, 7.7024, 0.4198
20250520, PDYN, 12, 20260116, P, 0, 0, 0.0501, 7.7024, -0.486
20250521, PDYN, 1, 20250620, C, 0, 0, 0.0074, 6.68, 0.9798
20250521, PDYN, 1, 20250620, P, 0, 0, 0.0051, 6.68, -0.019
20250521, PDYN, 2, 20250620, C, 0, 0, 0.0055, 6.68, 0.9979
20250521, PDYN, 2, 20250620, P, 0, 0, 0.0098, 6.68, -0.0181
20250521, PDYN, 3, 20250620, C, 0, 0, 0.0027, 6.68, 0.9993
20250521, PDYN, 3, 20250620, P, 0, 0, 0.0196, 6.68, -0.0257
20250521, PDYN, 4, 20250620, C, 0, 1, 0.0722, 6.68, 0.9721
20250521, PDYN, 4, 20250620, P, 0, 75, 0.05, 6.68, -0.0621
20250521, PDYN, 5, 20250620, C, 0, 137, 0.1246, 6.68, 0.8471
20250521, PDYN, 5, 20250620, P, 6, 183, 0.1093, 6.68, -0.164
20250521, PDYN, 6, 20250620, C, 106, 463, 0.1711, 6.68, 0.6658
20250521, PDYN, 6, 20250620, P, 34, 683, 0.1593, 6.68, -0.3289
20250521, PDYN, 7, 20250620, C, 166, 535, 0.1771, 6.68, 0.4848
20250521, PDYN, 7, 20250620, P, 599, 693, 0.1695, 6.68, -0.4995
20250521, PDYN, 8, 20250620, C, 48, 481, 0.1568, 6.68, 0.3404
20250521, PDYN, 8, 20250620, P, 1, 52, 0.1519, 6.68, -0.6384
20250521, PDYN, 9, 20250620, C, 30, 232, 0.1278, 6.68, 0.2356
20250521, PDYN, 9, 20250620, P, 0, 49, 0.1246, 6.68, -0.74
20250521, PDYN, 10, 20250620, C, 151, 1235, 0.0997, 6.68, 0.1627
20250521, PDYN, 10, 20250620, P, 5, 23, 0.0975, 6.68, -0.8112
20250521, PDYN, 11, 20250620, C, 10, 75, 0.0759, 6.68, 0.1125
20250521, PDYN, 11, 20250620, P, 0, 20, 0.0745, 6.68, -0.8603
20250521, PDYN, 12, 20250620, C, 0, 43, 0.057, 6.68, 0.0782
20250521, PDYN, 12, 20250620, P, 0, 11, 0.0561, 6.68, -0.894
20250521, PDYN, 1, 20250718, C, 0, 9, 0.0061, 6.68, 0.9959
20250521, PDYN, 1, 20250718, P, 0, 5, 0.0049, 6.68, -0.0167
20250521, PDYN, 2, 20250718, C, 0, 9, 0, 6.68, 1
20250521, PDYN, 2, 20250718, P, 0, 0, 0.0117, 6.68, -0.0247
20250521, PDYN, 3, 20250718, C, 0, 24, 0.0085, 6.68, 0.9974
20250521, PDYN, 3, 20250718, P, 0, 1, 0.0268, 6.68, -0.0479
20250521, PDYN, 4, 20250718, C, 0, 47, 0.084, 6.68, 0.9213
20250521, PDYN, 4, 20250718, P, 0, 14, 0.0567, 6.68, -0.1085
20250521, PDYN, 5, 20250718, C, 5, 34, 0.1115, 6.68, 0.7886
20250521, PDYN, 5, 20250718, P, 11, 221, 0.0916, 6.68, -0.2137
20250521, PDYN, 6, 20250718, C, 7, 155, 0.129, 6.68, 0.6413
20250521, PDYN, 6, 20250718, P, 10, 130, 0.114, 6.68, -0.3398
20250521, PDYN, 7, 20250718, C, 10, 320, 0.1305, 6.68, 0.5078
20250521, PDYN, 7, 20250718, P, 30, 453, 0.12, 6.68, -0.46
20250521, PDYN, 8, 20250718, C, 70, 356, 0.1222, 6.68, 0.3978
20250521, PDYN, 8, 20250718, P, 10, 92, 0.1147, 6.68, -0.5619
20250521, PDYN, 9, 20250718, C, 18, 352, 0.1093, 6.68, 0.311
20250521, PDYN, 9, 20250718, P, 0, 61, 0.1039, 6.68, -0.6436
20250521, PDYN, 10, 20250718, C, 13, 597, 0.0952, 6.68, 0.2438
20250521, PDYN, 10, 20250718, P, 0, 13, 0.0912, 6.68, -0.7075
20250521, PDYN, 11, 20250718, C, 4, 161, 0.0816, 6.68, 0.192
20250521, PDYN, 11, 20250718, P, 16, 14, 0.0786, 6.68, -0.7571
20250521, PDYN, 12, 20250718, C, 16, 316, 0.0694, 6.68, 0.1521
20250521, PDYN, 12, 20250718, P, 0, 6, 0.0671, 6.68, -0.7956
20250521, PDYN, 13, 20250718, C, 9, 62, 0.0587, 6.68, 0.1211
20250521, PDYN, 13, 20250718, P, 0, 1, 0.057, 6.68, -0.8256
20250521, PDYN, 14, 20250718, C, 3, 52, 0.0495, 6.68, 0.097
20250521, PDYN, 14, 20250718, P, 0, 2, 0.0482, 6.68, -0.849
20250521, PDYN, 15, 20250718, C, 3, 62, 0.0418, 6.68, 0.078
20250521, PDYN, 15, 20250718, P, 0, 10, 0.0407, 6.68, -0.8674
20250521, PDYN, 16, 20250718, C, 3, 70, 0.0352, 6.68, 0.0631
20250521, PDYN, 16, 20250718, P, 0, 0, 0.0344, 6.68, -0.8819
20250521, PDYN, 17, 20250718, C, 3, 3, 0.0297, 6.68, 0.0513
20250521, PDYN, 17, 20250718, P, 0, 1, 0.0291, 6.68, -0.8935
20250521, PDYN, 18, 20250718, C, 0, 7, 0.0251, 6.68, 0.0419
20250521, PDYN, 18, 20250718, P, 0, 0, 0.0247, 6.68, -0.9028
20250521, PDYN, 19, 20250718, C, 0, 7, 0.0212, 6.68, 0.0343
20250521, PDYN, 19, 20250718, P, 0, 0, 0.021, 6.68, -0.9102
20250521, PDYN, 20, 20250718, C, 0, 250, 0.018, 6.68, 0.0282
20250521, PDYN, 20, 20250718, P, 0, 0, 0.0179, 6.68, -0.9163
20250521, PDYN, 21, 20250718, C, 0, 0, 0.0152, 6.68, 0.0233
20250521, PDYN, 21, 20250718, P, 0, 0, 0.0153, 6.68, -0.9212
20250521, PDYN, 22, 20250718, C, 0, 0, 0.0129, 6.68, 0.0193
20250521, PDYN, 22, 20250718, P, 0, 0, 0.0131, 6.68, -0.9253
20250521, PDYN, 23, 20250718, C, 0, 13, 0.011, 6.68, 0.016
20250521, PDYN, 23, 20250718, P, 0, 0, 0.0114, 6.68, -0.9286
20250521, PDYN, 1, 20251017, C, 0, 3, 0.0096, 6.68, 0.9924
20250521, PDYN, 1, 20251017, P, 0, 0, 0.0052, 6.68, -0.0225
20250521, PDYN, 2, 20251017, C, 0, 0, 0.0277, 6.68, 0.9793
20250521, PDYN, 2, 20251017, P, 0, 0, 0.0144, 6.68, -0.049
20250521, PDYN, 3, 20251017, C, 0, 51, 0.0496, 6.68, 0.923
20250521, PDYN, 3, 20251017, P, 0, 38, 0.0283, 6.68, -0.0929
20250521, PDYN, 4, 20251017, C, 0, 12, 0.0637, 6.68, 0.8321
20250521, PDYN, 4, 20251017, P, 0, 4, 0.0441, 6.68, -0.1572
20250521, PDYN, 5, 20251017, C, 191, 548, 0.0739, 6.68, 0.7326
20250521, PDYN, 5, 20251017, P, 10, 154, 0.0573, 6.68, -0.2326
20250521, PDYN, 6, 20251017, C, 0, 81, 0.0793, 6.68, 0.6387
20250521, PDYN, 6, 20251017, P, 0, 35, 0.0658, 6.68, -0.3086
20250521, PDYN, 7, 20251017, C, 35, 109, 0.081, 6.68, 0.5556
20250521, PDYN, 7, 20251017, P, 10, 155, 0.07, 6.68, -0.379
20250521, PDYN, 8, 20251017, C, 33, 159, 0.08, 6.68, 0.4842
20250521, PDYN, 8, 20251017, P, 0, 31, 0.0711, 6.68, -0.4414
20250521, PDYN, 9, 20251017, C, 98, 540, 0.0774, 6.68, 0.4234
20250521, PDYN, 9, 20251017, P, 0, 4, 0.0701, 6.68, -0.4957
20250521, PDYN, 10, 20251017, C, 0, 120, 0.0739, 6.68, 0.3719
20250521, PDYN, 10, 20251017, P, 0, 18, 0.0679, 6.68, -0.5426
20250521, PDYN, 11, 20251017, C, 0, 178, 0.0699, 6.68, 0.3282
20250521, PDYN, 11, 20251017, P, 0, 0, 0.065, 6.68, -0.5829
20250521, PDYN, 12, 20251017, C, 0, 153, 0.0658, 6.68, 0.2909
20250521, PDYN, 12, 20251017, P, 0, 0, 0.0618, 6.68, -0.6176
20250521, PDYN, 13, 20251017, C, 0, 9, 0.0616, 6.68, 0.2589
20250521, PDYN, 13, 20251017, P, 0, 2, 0.0585, 6.68, -0.6477
20250521, PDYN, 14, 20251017, C, 0, 33, 0.0577, 6.68, 0.2314
20250521, PDYN, 14, 20251017, P, 0, 0, 0.0552, 6.68, -0.6739
20250521, PDYN, 15, 20251017, C, 0, 25, 0.0539, 6.68, 0.2076
20250521, PDYN, 15, 20251017, P, 0, 17, 0.052, 6.68, -0.6968
20250521, PDYN, 16, 20251017, C, 0, 13, 0.0503, 6.68, 0.1869
20250521, PDYN, 16, 20251017, P, 0, 0, 0.0491, 6.68, -0.7169
20250521, PDYN, 17, 20251017, C, 0, 1, 0.0469, 6.68, 0.1688
20250521, PDYN, 17, 20251017, P, 0, 0, 0.0463, 6.68, -0.7347
20250521, PDYN, 1, 20260116, C, 0, 0, 0, 6.68, 1
20250521, PDYN, 1, 20260116, P, 0, 0, 0.0052, 6.68, -0.0201
20250521, PDYN, 2, 20260116, C, 0, 0, 0.0263, 6.68, 0.9853
20250521, PDYN, 2, 20260116, P, 0, 0, 0.0144, 6.68, -0.0488
20250521, PDYN, 3, 20260116, C, 11, 1, 0.047, 6.68, 0.91
20250521, PDYN, 3, 20260116, P, 0, 10, 0.027, 6.68, -0.0968
20250521, PDYN, 4, 20260116, C, 3, 1, 0.0564, 6.68, 0.8156
20250521, PDYN, 4, 20260116, P, 0, 0, 0.0389, 6.68, -0.1588
20250521, PDYN, 5, 20260116, C, 5, 1, 0.062, 6.68, 0.7272
20250521, PDYN, 5, 20260116, P, 11, 113, 0.0476, 6.68, -0.2233
20250521, PDYN, 6, 20260116, C, 0, 3, 0.0649, 6.68, 0.6499
20250521, PDYN, 6, 20260116, P, 0, 0, 0.0532, 6.68, -0.2844
20250521, PDYN, 7, 20260116, C, 7, 90, 0.0659, 6.68, 0.5834
20250521, PDYN, 7, 20260116, P, 0, 0, 0.0563, 6.68, -0.3396
20250521, PDYN, 8, 20260116, C, 4, 53, 0.0657, 6.68, 0.5262
20250521, PDYN, 8, 20260116, P, 0, 0, 0.0578, 6.68, -0.3888
20250521, PDYN, 9, 20260116, C, 8, 5, 0.0646, 6.68, 0.4771
20250521, PDYN, 9, 20260116, P, 0, 9, 0.0581, 6.68, -0.4323
20250521, PDYN, 10, 20260116, C, 5, 46, 0.063, 6.68, 0.4346
20250521, PDYN, 10, 20260116, P, 0, 1, 0.0578, 6.68, -0.4708
20250521, PDYN, 11, 20260116, C, 0, 3, 0.061, 6.68, 0.3975
20250521, PDYN, 11, 20260116, P, 0, 0, 0.057, 6.68, -0.505
20250521, PDYN, 12, 20260116, C, 23, 65, 0.059, 6.68, 0.3651
20250521, PDYN, 12, 20260116, P, 0, 0, 0.0559, 6.68, -0.5355
20250522, PDYN, 1, 20250620, C, 0, 0, 0.0071, 7.13, 0.9874
20250522, PDYN, 1, 20250620, P, 0, 0, 0.004, 7.13, -0.0136
20250522, PDYN, 2, 20250620, C, 0, 0, 0.0121, 7.13, 0.9946
20250522, PDYN, 2, 20250620, P, 0, 0, 0.0083, 7.13, -0.0172
20250522, PDYN, 3, 20250620, C, 0, 0, 0.0232, 7.13, 0.9929
20250522, PDYN, 3, 20250620, P, 0, 0, 0.0168, 7.13, -0.026
20250522, PDYN, 4, 20250620, C, 0, 1, 0.0608, 7.13, 0.9652
20250522, PDYN, 4, 20250620, P, 0, 75, 0.0377, 7.13, -0.0518
20250522, PDYN, 5, 20250620, C, 2, 137, 0.0916, 7.13, 0.8879
20250522, PDYN, 5, 20250620, P, 26, 183, 0.0826, 7.13, -0.1209
20250522, PDYN, 6, 20250620, C, 80, 363, 0.1464, 7.13, 0.7411
20250522, PDYN, 6, 20250620, P, 85, 702, 0.1377, 7.13, -0.2573
20250522, PDYN, 7, 20250620, C, 45, 636, 0.169, 7.13, 0.565
20250522, PDYN, 7, 20250620, P, 7, 1282, 0.1632, 7.13, -0.4252
20250522, PDYN, 8, 20250620, C, 340, 507, 0.16, 7.13, 0.4117
20250522, PDYN, 8, 20250620, P, 4, 52, 0.1562, 7.13, -0.5738
20250522, PDYN, 9, 20250620, C, 20, 223, 0.1368, 7.13, 0.2952
20250522, PDYN, 9, 20250620, P, 0, 49, 0.1342, 7.13, -0.6876
20250522, PDYN, 10, 20250620, C, 109, 1001, 0.1112, 7.13, 0.2113
20250522, PDYN, 10, 20250620, P, 0, 18, 0.1094, 7.13, -0.7699
20250522, PDYN, 11, 20250620, C, 3, 65, 0.088, 7.13, 0.1517
20250522, PDYN, 11, 20250620, P, 0, 20, 0.0868, 7.13, -0.8285
20250522, PDYN, 12, 20250620, C, 1, 43, 0.0688, 7.13, 0.1096
20250522, PDYN, 12, 20250620, P, 0, 11, 0.0679, 7.13, -0.87
20250522, PDYN, 1, 20250718, C, 0, 9, 0.0065, 7.13, 0.9757
20250522, PDYN, 1, 20250718, P, 0, 5, 0.0045, 7.13, -0.0208
20250522, PDYN, 2, 20250718, C, 0, 9, 0.0256, 7.13, 0.9816
20250522, PDYN, 2, 20250718, P, 0, 0, 0.0115, 7.13, -0.0336
20250522, PDYN, 3, 20250718, C, 0, 24, 0.0472, 7.13, 0.9712
20250522, PDYN, 3, 20250718, P, 0, 1, 0.0233, 7.13, -0.0539
20250522, PDYN, 4, 20250718, C, 0, 47, 0.0571, 7.13, 0.9183
20250522, PDYN, 4, 20250718, P, 0, 14, 0.0448, 7.13, -0.0984
20250522, PDYN, 5, 20250718, C, 0, 34, 0.0901, 7.13, 0.824
20250522, PDYN, 5, 20250718, P, 0, 222, 0.0744, 7.13, -0.1794
20250522, PDYN, 6, 20250718, C, 7, 160, 0.1136, 7.13, 0.6968
20250522, PDYN, 6, 20250718, P, 0, 130, 0.1006, 7.13, -0.2904
20250522, PDYN, 7, 20250718, C, 9, 318, 0.1237, 7.13, 0.5658
20250522, PDYN, 7, 20250718, P, 0, 453, 0.1139, 7.13, -0.4092
20250522, PDYN, 8, 20250718, C, 26, 311, 0.1218, 7.13, 0.4489
20250522, PDYN, 8, 20250718, P, 2, 91, 0.1146, 7.13, -0.518
20250522, PDYN, 9, 20250718, C, 7, 350, 0.1124, 7.13, 0.3523
20250522, PDYN, 9, 20250718, P, 0, 61, 0.1071, 7.13, -0.6093
20250522, PDYN, 10, 20250718, C, 0, 589, 0.0997, 7.13, 0.2755
20250522, PDYN, 10, 20250718, P, 0, 13, 0.0957, 7.13, -0.6826
20250522, PDYN, 11, 20250718, C, 0, 162, 0.0863, 7.13, 0.2156
20250522, PDYN, 11, 20250718, P, 0, 30, 0.0833, 7.13, -0.7402
20250522, PDYN, 12, 20250718, C, 0, 315, 0.0736, 7.13, 0.1692
20250522, PDYN, 12, 20250718, P, 0, 6, 0.0713, 7.13, -0.785
20250522, PDYN, 13, 20250718, C, 0, 69, 0.0622, 7.13, 0.1333
20250522, PDYN, 13, 20250718, P, 0, 1, 0.0604, 7.13, -0.8199
20250522, PDYN, 14, 20250718, C, 0, 55, 0.0522, 7.13, 0.1055
20250522, PDYN, 14, 20250718, P, 0, 2, 0.0509, 7.13, -0.847
20250522, PDYN, 15, 20250718, C, 0, 64, 0.0437, 7.13, 0.0838
20250522, PDYN, 15, 20250718, P, 0, 10, 0.0427, 7.13, -0.8681
20250522, PDYN, 16, 20250718, C, 0, 72, 0.0366, 7.13, 0.0668
20250522, PDYN, 16, 20250718, P, 0, 0, 0.0358, 7.13, -0.8847
20250522, PDYN, 17, 20250718, C, 0, 5, 0.0306, 7.13, 0.0536
20250522, PDYN, 17, 20250718, P, 0, 1, 0.03, 7.13, -0.8977
20250522, PDYN, 18, 20250718, C, 0, 7, 0.0255, 7.13, 0.0431
20250522, PDYN, 18, 20250718, P, 0, 0, 0.0251, 7.13, -0.908
20250522, PDYN, 19, 20250718, C, 0, 7, 0.0213, 7.13, 0.0348
20250522, PDYN, 19, 20250718, P, 0, 0, 0.0211, 7.13, -0.9162
20250522, PDYN, 20, 20250718, C, 0, 250, 0.0179, 7.13, 0.0282
20250522, PDYN, 20, 20250718, P, 0, 0, 0.0178, 7.13, -0.9227
20250522, PDYN, 21, 20250718, C, 0, 0, 0.015, 7.13, 0.0229
20250522, PDYN, 21, 20250718, P, 0, 0, 0.015, 7.13, -0.928
20250522, PDYN, 22, 20250718, C, 0, 0, 0.0126, 7.13, 0.0187
20250522, PDYN, 22, 20250718, P, 0, 0, 0.0127, 7.13, -0.9322
20250522, PDYN, 23, 20250718, C, 0, 13, 0.0106, 7.13, 0.0153
20250522, PDYN, 23, 20250718, P, 0, 0, 0.0109, 7.13, -0.9357
20250522, PDYN, 1, 20251017, C, 0, 3, 0.0117, 7.13, 0.9891
20250522, PDYN, 1, 20251017, P, 0, 0, 0.0045, 7.13, -0.0206
20250522, PDYN, 2, 20251017, C, 0, 0, 0.026, 7.13, 0.9757
20250522, PDYN, 2, 20251017, P, 0, 0, 0.0121, 7.13, -0.0434
20250522, PDYN, 3, 20251017, C, 20, 51, 0.0374, 7.13, 0.9292
20250522, PDYN, 3, 20251017, P, 0, 38, 0.0238, 7.13, -0.0804
20250522, PDYN, 4, 20251017, C, 0, 12, 0.0527, 7.13, 0.8554
20250522, PDYN, 4, 20251017, P, 0, 4, 0.0382, 7.13, -0.1365
20250522, PDYN, 5, 20251017, C, 0, 426, 0.064, 7.13, 0.7672
20250522, PDYN, 5, 20251017, P, 0, 154, 0.0513, 7.13, -0.2061
20250522, PDYN, 6, 20251017, C, 3, 81, 0.0715, 7.13, 0.6794
20250522, PDYN, 6, 20251017, P, 0, 35, 0.0609, 7.13, -0.2795
20250522, PDYN, 7, 20251017, C, 0, 94, 0.0752, 7.13, 0.5983
20250522, PDYN, 7, 20251017, P, 0, 155, 0.0665, 7.13, -0.3499
20250522, PDYN, 8, 20251017, C, 6, 181, 0.076, 7.13, 0.5266
20250522, PDYN, 8, 20251017, P, 0, 31, 0.0689, 7.13, -0.4141
20250522, PDYN, 9, 20251017, C, 157, 632, 0.0749, 7.13, 0.4642
20250522, PDYN, 9, 20251017, P, 0, 4, 0.0691, 7.13, -0.471
20250522, PDYN, 10, 20251017, C, 4, 120, 0.0725, 7.13, 0.4105
20250522, PDYN, 10, 20251017, P, 0, 18, 0.0678, 7.13, -0.5207
20250522, PDYN, 11, 20251017, C, 0, 178, 0.0694, 7.13, 0.3642
20250522, PDYN, 11, 20251017, P, 0, 0, 0.0655, 7.13, -0.564
20250522, PDYN, 12, 20251017, C, 0, 153, 0.0659, 7.13, 0.3244
20250522, PDYN, 12, 20251017, P, 0, 0, 0.0628, 7.13, -0.6017
20250522, PDYN, 13, 20251017, C, 0, 9, 0.0623, 7.13, 0.2901
20250522, PDYN, 13, 20251017, P, 0, 2, 0.0599, 7.13, -0.6345
20250522, PDYN, 14, 20251017, C, 1, 33, 0.0587, 7.13, 0.2603
20250522, PDYN, 14, 20251017, P, 0, 0, 0.0569, 7.13, -0.6633
20250522, PDYN, 15, 20251017, C, 0, 25, 0.0552, 7.13, 0.2344
20250522, PDYN, 15, 20251017, P, 0, 17, 0.054, 7.13, -0.6885
20250522, PDYN, 16, 20251017, C, 0, 13, 0.0518, 7.13, 0.2117
20250522, PDYN, 16, 20251017, P, 0, 0, 0.0512, 7.13, -0.7108
20250522, PDYN, 17, 20251017, C, 0, 1, 0.0486, 7.13, 0.1918
20250522, PDYN, 17, 20251017, P, 0, 0, 0.0485, 7.13, -0.7307
20250522, PDYN, 1, 20260116, C, 0, 0, 0, 7.13, 1
20250522, PDYN, 1, 20260116, P, 0, 0, 0.0044, 7.13, -0.0178
20250522, PDYN, 2, 20260116, C, 0, 0, 0.0179, 7.13, 0.989
20250522, PDYN, 2, 20260116, P, 0, 0, 0.0122, 7.13, -0.0448
20250522, PDYN, 3, 20260116, C, 0, 12, 0.0412, 7.13, 0.9207
20250522, PDYN, 3, 20260116, P, 0, 10, 0.0227, 7.13, -0.0882
20250522, PDYN, 4, 20260116, C, 0, 2, 0.0494, 7.13, 0.8343
20250522, PDYN, 4, 20260116, P, 0, 0, 0.033, 7.13, -0.1436
20250522, PDYN, 5, 20260116, C, 0, 6, 0.0553, 7.13, 0.7521
20250522, PDYN, 5, 20260116, P, 0, 124, 0.0412, 7.13, -0.2027
20250522, PDYN, 6, 20260116, C, 1, 3, 0.0587, 7.13, 0.6781
20250522, PDYN, 6, 20260116, P, 0, 0, 0.047, 7.13, -0.2602
20250522, PDYN, 7, 20260116, C, 16, 89, 0.0605, 7.13, 0.6125
20250522, PDYN, 7, 20260116, P, 0, 0, 0.0508, 7.13, -0.3139
20250522, PDYN, 8, 20260116, C, 10, 57, 0.0612, 7.13, 0.5549
20250522, PDYN, 8, 20260116, P, 0, 0, 0.053, 7.13, -0.3629
20250522, PDYN, 9, 20260116, C, 3, 6, 0.0609, 7.13, 0.5043
20250522, PDYN, 9, 20260116, P, 0, 9, 0.054, 7.13, -0.4072
20250522, PDYN, 10, 20260116, C, 48, 49, 0.06, 7.13, 0.4597
20250522, PDYN, 10, 20260116, P, 0, 1, 0.0543, 7.13, -0.447
20250522, PDYN, 11, 20260116, C, 1, 3, 0.0586, 7.13, 0.4205
20250522, PDYN, 11, 20260116, P, 0, 0, 0.054, 7.13, -0.4827
20250522, PDYN, 12, 20260116, C, 2, 85, 0.057, 7.13, 0.3858
20250522, PDYN, 12, 20260116, P, 0, 0, 0.0533, 7.13, -0.5149
20250523, PDYN, 1, 20250620, C, 0, 0, 0.0028, 7.11, 0.9956
20250523, PDYN, 1, 20250620, P, 0, 0, 0.003, 7.11, -0.0081
20250523, PDYN, 2, 20250620, C, 0, 0, 0.0048, 7.11, 0.9955
20250523, PDYN, 2, 20250620, P, 0, 0, 0.0067, 7.11, -0.0119
20250523, PDYN, 3, 20250620, C, 0, 0, 0.0119, 7.11, 0.9911
20250523, PDYN, 3, 20250620, P, 0, 0, 0.0151, 7.11, -0.0213
20250523, PDYN, 4, 20250620, C, 0, 1, 0.038, 7.11, 0.9698
20250523, PDYN, 4, 20250620, P, 0, 75, 0.0369, 7.11, -0.0485
20250523, PDYN, 5, 20250620, C, 0, 139, 0.0941, 7.11, 0.8922
20250523, PDYN, 5, 20250620, P, 2, 185, 0.0832, 7.11, -0.1221
20250523, PDYN, 6, 20250620, C, 24, 406, 0.1458, 7.11, 0.7403
20250523, PDYN, 6, 20250620, P, 0, 744, 0.1361, 7.11, -0.2609
20250523, PDYN, 7, 20250620, C, 40, 662, 0.1662, 7.11, 0.5665
20250523, PDYN, 7, 20250620, P, 0, 1279, 0.1597, 7.11, -0.4255
20250523, PDYN, 8, 20250620, C, 17, 790, 0.1578, 7.11, 0.4156
20250523, PDYN, 8, 20250620, P, 0, 52, 0.1534, 7.11, -0.5712
20250523, PDYN, 9, 20250620, C, 3, 229, 0.1359, 7.11, 0.2997
20250523, PDYN, 9, 20250620, P, 5, 49, 0.1329, 7.11, -0.684
20250523, PDYN, 10, 20250620, C, 5, 1045, 0.1111, 7.11, 0.2152
20250523, PDYN, 10, 20250620, P, 0, 18, 0.1091, 7.11, -0.7668
20250523, PDYN, 11, 20250620, C, 0, 65, 0.0884, 7.11, 0.1548
20250523, PDYN, 11, 20250620, P, 0, 20, 0.087, 7.11, -0.8261
20250523, PDYN, 12, 20250620, C, 0, 44, 0.0692, 7.11, 0.1118
20250523, PDYN, 12, 20250620, P, 0, 11, 0.0682, 7.11, -0.8684
20250523, PDYN, 1, 20250718, C, 0, 9, 0.0065, 7.11, 0.98
20250523, PDYN, 1, 20250718, P, 0, 5, 0.0045, 7.11, -0.02
20250523, PDYN, 2, 20250718, C, 0, 9, 0.0139, 7.11, 0.9789
20250523, PDYN, 2, 20250718, P, 0, 0, 0.0113, 7.11, -0.0318
20250523, PDYN, 3, 20250718, C, 0, 24, 0.0278, 7.11, 0.9674
20250523, PDYN, 3, 20250718, P, 0, 1, 0.0228, 7.11, -0.0509
20250523, PDYN, 4, 20250718, C, 0, 47, 0.0566, 7.11, 0.9235
20250523, PDYN, 4, 20250718, P, 0, 14, 0.0445, 7.11, -0.094
20250523, PDYN, 5, 20250718, C, 0, 34, 0.0891, 7.11, 0.8296
20250523, PDYN, 5, 20250718, P, 0, 222, 0.0752, 7.11, -0.1749
20250523, PDYN, 6, 20250718, C, 0, 159, 0.1131, 7.11, 0.7027
20250523, PDYN, 6, 20250718, P, 0, 130, 0.1022, 7.11, -0.2875
20250523, PDYN, 7, 20250718, C, 100, 325, 0.1236, 7.11, 0.5722
20250523, PDYN, 7, 20250718, P, 0, 453, 0.1154, 7.11, -0.4075
20250523, PDYN, 8, 20250718, C, 0, 318, 0.1217, 7.11, 0.4568
20250523, PDYN, 8, 20250718, P, 0, 92, 0.1158, 7.11, -0.5163
20250523, PDYN, 9, 20250718, C, 0, 351, 0.1126, 7.11, 0.3619
20250523, PDYN, 9, 20250718, P, 0, 61, 0.1082, 7.11, -0.6068
20250523, PDYN, 10, 20250718, C, 0, 589, 0.1004, 7.11, 0.2865
20250523, PDYN, 10, 20250718, P, 0, 13, 0.0971, 7.11, -0.6793
20250523, PDYN, 11, 20250718, C, 0, 162, 0.0876, 7.11, 0.2274
20250523, PDYN, 11, 20250718, P, 0, 30, 0.0851, 7.11, -0.7365
20250523, PDYN, 12, 20250718, C, 1, 315, 0.0754, 7.11, 0.1814
20250523, PDYN, 12, 20250718, P, 0, 6, 0.0736, 7.11, -0.7813
20250523, PDYN, 13, 20250718, C, 0, 69, 0.0645, 7.11, 0.1453
20250523, PDYN, 13, 20250718, P, 0, 1, 0.0631, 7.11, -0.8164
20250523, PDYN, 14, 20250718, C, 0, 55, 0.055, 7.11, 0.117
20250523, PDYN, 14, 20250718, P, 0, 2, 0.0538, 7.11, -0.8442
20250523, PDYN, 15, 20250718, C, 0, 64, 0.0467, 7.11, 0.0947
20250523, PDYN, 15, 20250718, P, 0, 10, 0.0459, 7.11, -0.866
20250523, PDYN, 16, 20250718, C, 0, 72, 0.0397, 7.11, 0.077
20250523, PDYN, 16, 20250718, P, 0, 0, 0.0391, 7.11, -0.8834
20250523, PDYN, 17, 20250718, C, 0, 5, 0.0337, 7.11, 0.0629
20250523, PDYN, 17, 20250718, P, 0, 1, 0.0333, 7.11, -0.8974
20250523, PDYN, 18, 20250718, C, 0, 7, 0.0286, 7.11, 0.0516
20250523, PDYN, 18, 20250718, P, 0, 0, 0.0284, 7.11, -0.9085
20250523, PDYN, 19, 20250718, C, 0, 7, 0.0244, 7.11, 0.0425
20250523, PDYN, 19, 20250718, P, 0, 0, 0.0243, 7.11, -0.9176
20250523, PDYN, 20, 20250718, C, 0, 250, 0.0207, 7.11, 0.0351
20250523, PDYN, 20, 20250718, P, 0, 0, 0.0208, 7.11, -0.925
20250523, PDYN, 21, 20250718, C, 0, 0, 0.0177, 7.11, 0.0291
20250523, PDYN, 21, 20250718, P, 0, 0, 0.018, 7.11, -0.9311
20250523, PDYN, 22, 20250718, C, 0, 0, 0.0151, 7.11, 0.0242
20250523, PDYN, 22, 20250718, P, 0, 0, 0.0156, 7.11, -0.9361
20250523, PDYN, 23, 20250718, C, 0, 13, 0.0129, 7.11, 0.0202
20250523, PDYN, 23, 20250718, P, 0, 0, 0.0135, 7.11, -0.9403
20250523, PDYN, 1, 20251017, C, 0, 3, 0.0071, 7.11, 0.989
20250523, PDYN, 1, 20251017, P, 0, 0, 0.0045, 7.11, -0.0207
20250523, PDYN, 2, 20251017, C, 0, 0, 0.0184, 7.11, 0.9768
20250523, PDYN, 2, 20251017, P, 0, 0, 0.0122, 7.11, -0.0438
20250523, PDYN, 3, 20251017, C, 0, 36, 0.0394, 7.11, 0.9358
20250523, PDYN, 3, 20251017, P, 0, 38, 0.024, 7.11, -0.0812
20250523, PDYN, 4, 20251017, C, 0, 12, 0.0549, 7.11, 0.8583
20250523, PDYN, 4, 20251017, P, 0, 4, 0.0384, 7.11, -0.1379
20250523, PDYN, 5, 20251017, C, 0, 426, 0.066, 7.11, 0.7675
20250523, PDYN, 5, 20251017, P, 0, 154, 0.0515, 7.11, -0.2078
20250523, PDYN, 6, 20251017, C, 0, 83, 0.0731, 7.11, 0.6775
20250523, PDYN, 6, 20251017, P, 0, 35, 0.0609, 7.11, -0.2814
20250523, PDYN, 7, 20251017, C, 0, 94, 0.0764, 7.11, 0.595
20250523, PDYN, 7, 20251017, P, 0, 155, 0.0664, 7.11, -0.3518
20250523, PDYN, 8, 20251017, C, 5, 186, 0.0769, 7.11, 0.5223
20250523, PDYN, 8, 20251017, P, 0, 31, 0.0687, 7.11, -0.4158
20250523, PDYN, 9, 20251017, C, 11, 789, 0.0755, 7.11, 0.4593
20250523, PDYN, 9, 20251017, P, 0, 4, 0.0687, 7.11, -0.4724
20250523, PDYN, 10, 20251017, C, 8, 120, 0.0728, 7.11, 0.4053
20250523, PDYN, 10, 20251017, P, 0, 18, 0.0673, 7.11, -0.5219
20250523, PDYN, 11, 20251017, C, 5, 178, 0.0696, 7.11, 0.3589
20250523, PDYN, 11, 20251017, P, 0, 0, 0.065, 7.11, -0.5649
20250523, PDYN, 12, 20251017, C, 0, 153, 0.0659, 7.11, 0.319
20250523, PDYN, 12, 20251017, P, 0, 0, 0.0622, 7.11, -0.6023
20250523, PDYN, 13, 20251017, C, 0, 9, 0.0622, 7.11, 0.2846
20250523, PDYN, 13, 20251017, P, 0, 2, 0.0592, 7.11, -0.6348
20250523, PDYN, 14, 20251017, C, 0, 33, 0.0584, 7.11, 0.2549
20250523, PDYN, 14, 20251017, P, 0, 0, 0.0561, 7.11, -0.6632
20250523, PDYN, 15, 20251017, C, 0, 25, 0.0548, 7.11, 0.2291
20250523, PDYN, 15, 20251017, P, 0, 17, 0.0531, 7.11, -0.6881
20250523, PDYN, 16, 20251017, C, 0, 13, 0.0514, 7.11, 0.2065
20250523, PDYN, 16, 20251017, P, 0, 0, 0.0502, 7.11, -0.71
20250523, PDYN, 17, 20251017, C, 0, 1, 0.0481, 7.11, 0.1868
20250523, PDYN, 17, 20251017, P, 0, 0, 0.0474, 7.11, -0.7295
20250523, PDYN, 1, 20260116, C, 0, 0, 0.0012, 7.11, 0.9991
20250523, PDYN, 1, 20260116, P, 0, 0, 0.0044, 7.11, -0.0181
20250523, PDYN, 2, 20260116, C, 0, 0, 0.0173, 7.11, 0.9845
20250523, PDYN, 2, 20260116, P, 0, 0, 0.0122, 7.11, -0.0453
20250523, PDYN, 3, 20260116, C, 0, 12, 0.041, 7.11, 0.9214
20250523, PDYN, 3, 20260116, P, 0, 10, 0.0227, 7.11, -0.0888
20250523, PDYN, 4, 20260116, C, 0, 2, 0.0497, 7.11, 0.8357
20250523, PDYN, 4, 20260116, P, 0, 0, 0.033, 7.11, -0.144
20250523, PDYN, 5, 20260116, C, 0, 6, 0.0554, 7.11, 0.7532
20250523, PDYN, 5, 20260116, P, 5, 124, 0.0413, 7.11, -0.2031
20250523, PDYN, 6, 20260116, C, 0, 4, 0.059, 7.11, 0.6787
20250523, PDYN, 6, 20260116, P, 0, 0, 0.0472, 7.11, -0.2609
20250523, PDYN, 7, 20260116, C, 1, 105, 0.061, 7.11, 0.6126
20250523, PDYN, 7, 20260116, P, 0, 0, 0.051, 7.11, -0.3149
20250523, PDYN, 8, 20260116, C, 0, 67, 0.0616, 7.11, 0.5544
20250523, PDYN, 8, 20260116, P, 0, 0, 0.0533, 7.11, -0.3643
20250523, PDYN, 9, 20260116, C, 0, 8, 0.0614, 7.11, 0.5032
20250523, PDYN, 9, 20260116, P, 0, 9, 0.0544, 7.11, -0.4089
20250523, PDYN, 10, 20260116, C, 20, 64, 0.0604, 7.11, 0.4582
20250523, PDYN, 10, 20260116, P, 0, 1, 0.0546, 7.11, -0.4491
20250523, PDYN, 11, 20260116, C, 0, 4, 0.059, 7.11, 0.4185
20250523, PDYN, 11, 20260116, P, 0, 0, 0.0543, 7.11, -0.4852
20250523, PDYN, 12, 20260116, C, 1, 85, 0.0574, 7.11, 0.3834
20250523, PDYN, 12, 20260116, P, 0, 0, 0.0536, 7.11, -0.5177
20250528, PDYN, 1, 20250620, C, 0, 0, 0.0037, 7.5, 0.996
20250528, PDYN, 1, 20250620, P, 0, 0, 0.0029, 7.5, -0.009
20250528, PDYN, 2, 20250620, C, 0, 0, 0.002, 7.5, 0.9991
20250528, PDYN, 2, 20250620, P, 0, 0, 0.0056, 7.5, -0.0107
20250528, PDYN, 3, 20250620, C, 0, 0, 0.0031, 7.5, 0.9991
20250528, PDYN, 3, 20250620, P, 0, 0, 0.0111, 7.5, -0.0158
20250528, PDYN, 4, 20250620, C, 0, 1, 0.0225, 7.5, 0.9925
20250528, PDYN, 4, 20250620, P, 0, 75, 0.0257, 7.5, -0.0319
20250528, PDYN, 5, 20250620, C, 111, 137, 0.0807, 7.5, 0.9411
20250528, PDYN, 5, 20250620, P, 0, 183, 0.0624, 7.5, -0.0792
20250528, PDYN, 6, 20250620, C, 66, 389, 0.1343, 7.5, 0.8145
20250528, PDYN, 6, 20250620, P, 20, 774, 0.1235, 7.5, -0.192
20250528, PDYN, 7, 20250620, C, 85, 758, 0.1778, 7.5, 0.6322
20250528, PDYN, 7, 20250620, P, 92, 1916, 0.1696, 7.5, -0.3632
20250528, PDYN, 8, 20250620, C, 71, 982, 0.1796, 7.5, 0.4517
20250528, PDYN, 8, 20250620, P, 1, 61, 0.1742, 7.5, -0.5368
20250528, PDYN, 9, 20250620, C, 38, 403, 0.1546, 7.5, 0.3082
20250528, PDYN, 9, 20250620, P, 0, 49, 0.1511, 7.5, -0.6765
20250528, PDYN, 10, 20250620, C, 109, 1090, 0.1218, 7.5, 0.2054
20250528, PDYN, 10, 20250620, P, 6, 18, 0.1195, 7.5, -0.777
20250528, PDYN, 11, 20250620, C, 20, 100, 0.0911, 7.5, 0.1356
20250528, PDYN, 11, 20250620, P, 0, 20, 0.0896, 7.5, -0.8455
20250528, PDYN, 12, 20250620, C, 0, 44, 0.0662, 7.5, 0.0892
20250528, PDYN, 12, 20250620, P, 0, 11, 0.0653, 7.5, -0.8912
20250528, PDYN, 1, 20250718, C, 0, 9, 0.0066, 7.5, 0.9818
20250528, PDYN, 1, 20250718, P, 0, 5, 0.004, 7.5, -0.0182
20250528, PDYN, 2, 20250718, C, 0, 9, 0.0164, 7.5, 0.9895
20250528, PDYN, 2, 20250718, P, 0, 0, 0.0094, 7.5, -0.027
20250528, PDYN, 3, 20250718, C, 0, 24, 0.03, 7.5, 0.9882
20250528, PDYN, 3, 20250718, P, 0, 1, 0.0184, 7.5, -0.0403
20250528, PDYN, 4, 20250718, C, 0, 47, 0.0572, 7.5, 0.959
20250528, PDYN, 4, 20250718, P, 0, 14, 0.0362, 7.5, -0.0714
20250528, PDYN, 5, 20250718, C, 2, 33, 0.084, 7.5, 0.8793
20250528, PDYN, 5, 20250718, P, 0, 222, 0.0661, 7.5, -0.1372
20250528, PDYN, 6, 20250718, C, 0, 163, 0.1134, 7.5, 0.7539
20250528, PDYN, 6, 20250718, P, 1, 122, 0.0984, 7.5, -0.244
20250528, PDYN, 7, 20250718, C, 0, 326, 0.1282, 7.5, 0.6134
20250528, PDYN, 7, 20250718, P, 0, 472, 0.1173, 7.5, -0.3697
20250528, PDYN, 8, 20250718, C, 4, 476, 0.1277, 7.5, 0.4858
20250528, PDYN, 8, 20250718, P, 0, 94, 0.1201, 7.5, -0.4877
20250528, PDYN, 9, 20250718, C, 9, 352, 0.1182, 7.5, 0.3814
20250528, PDYN, 9, 20250718, P, 0, 69, 0.1127, 7.5, -0.5863
20250528, PDYN, 10, 20250718, C, 1, 690, 0.1048, 7.5, 0.2992
20250528, PDYN, 10, 20250718, P, 0, 20, 0.1008, 7.5, -0.6648
20250528, PDYN, 11, 20250718, C, 2, 164, 0.0908, 7.5, 0.2356
20250528, PDYN, 11, 20250718, P, 0, 39, 0.0878, 7.5, -0.726
20250528, PDYN, 12, 20250718, C, 1, 318, 0.0776, 7.5, 0.1865
20250528, PDYN, 12, 20250718, P, 0, 6, 0.0754, 7.5, -0.7735
20250528, PDYN, 13, 20250718, C, 0, 70, 0.0659, 7.5, 0.1484
20250528, PDYN, 13, 20250718, P, 0, 1, 0.0642, 7.5, -0.8104
20250528, PDYN, 14, 20250718, C, 0, 55, 0.0558, 7.5, 0.1188
20250528, PDYN, 14, 20250718, P, 0, 2, 0.0544, 7.5, -0.8392
20250528, PDYN, 15, 20250718, C, 0, 64, 0.0471, 7.5, 0.0956
20250528, PDYN, 15, 20250718, P, 0, 10, 0.0461, 7.5, -0.8618
20250528, PDYN, 16, 20250718, C, 0, 72, 0.0398, 7.5, 0.0774
20250528, PDYN, 16, 20250718, P, 0, 5, 0.039, 7.5, -0.8797
20250528, PDYN, 17, 20250718, C, 0, 5, 0.0336, 7.5, 0.063
20250528, PDYN, 17, 20250718, P, 0, 1, 0.033, 7.5, -0.8939
20250528, PDYN, 18, 20250718, C, 0, 7, 0.0284, 7.5, 0.0514
20250528, PDYN, 18, 20250718, P, 0, 0, 0.0279, 7.5, -0.9052
20250528, PDYN, 19, 20250718, C, 0, 7, 0.024, 7.5, 0.0422
20250528, PDYN, 19, 20250718, P, 0, 0, 0.0237, 7.5, -0.9143
20250528, PDYN, 20, 20250718, C, 0, 250, 0.0204, 7.5, 0.0347
20250528, PDYN, 20, 20250718, P, 0, 0, 0.0202, 7.5, -0.9217
20250528, PDYN, 21, 20250718, C, 0, 0, 0.0173, 7.5, 0.0287
20250528, PDYN, 21, 20250718, P, 0, 0, 0.0172, 7.5, -0.9277
20250528, PDYN, 22, 20250718, C, 0, 0, 0.0147, 7.5, 0.0238
20250528, PDYN, 22, 20250718, P, 0, 0, 0.0147, 7.5, -0.9326
20250528, PDYN, 23, 20250718, C, 0, 13, 0.0125, 7.5, 0.0198
20250528, PDYN, 23, 20250718, P, 0, 0, 0.0127, 7.5, -0.9366
20250528, PDYN, 1, 20251017, C, 0, 3, 0.0013, 7.5, 0.9989
20250528, PDYN, 1, 20251017, P, 0, 0, 0.0039, 7.5, -0.0168
20250528, PDYN, 2, 20251017, C, 0, 0, 0.0095, 7.5, 0.9942
20250528, PDYN, 2, 20251017, P, 0, 0, 0.0105, 7.5, -0.0364
20250528, PDYN, 3, 20251017, C, 0, 31, 0.0415, 7.5, 0.958
20250528, PDYN, 3, 20251017, P, 0, 43, 0.021, 7.5, -0.0702
20250528, PDYN, 4, 20251017, C, 0, 12, 0.0513, 7.5, 0.8812
20250528, PDYN, 4, 20251017, P, 0, 4, 0.0342, 7.5, -0.1224
20250528, PDYN, 5, 20251017, C, 12, 428, 0.0619, 7.5, 0.7926
20250528, PDYN, 5, 20251017, P, 0, 146, 0.0469, 7.5, -0.1882
20250528, PDYN, 6, 20251017, C, 4, 84, 0.0693, 7.5, 0.7035
20250528, PDYN, 6, 20251017, P, 0, 38, 0.0566, 7.5, -0.2593
20250528, PDYN, 7, 20251017, C, 13, 92, 0.0734, 7.5, 0.6203
20250528, PDYN, 7, 20251017, P, 0, 155, 0.0629, 7.5, -0.3292
20250528, PDYN, 8, 20251017, C, 3, 223, 0.0748, 7.5, 0.5456
20250528, PDYN, 8, 20251017, P, 0, 31, 0.0661, 7.5, -0.3943
20250528, PDYN, 9, 20251017, C, 2, 749, 0.0741, 7.5, 0.4798
20250528, PDYN, 9, 20251017, P, 0, 4, 0.0669, 7.5, -0.453
20250528, PDYN, 10, 20251017, C, 3, 120, 0.072, 7.5, 0.4225
20250528, PDYN, 10, 20251017, P, 0, 17, 0.066, 7.5, -0.505
20250528, PDYN, 11, 20251017, C, 0, 180, 0.0691, 7.5, 0.373
20250528, PDYN, 11, 20251017, P, 0, 0, 0.0641, 7.5, -0.5506
20250528, PDYN, 12, 20251017, C, 0, 153, 0.0656, 7.5, 0.3301
20250528, PDYN, 12, 20251017, P, 0, 0, 0.0615, 7.5, -0.5905
20250528, PDYN, 13, 20251017, C, 0, 9, 0.062, 7.5, 0.2931
20250528, PDYN, 13, 20251017, P, 0, 2, 0.0586, 7.5, -0.6253
20250528, PDYN, 14, 20251017, C, 0, 33, 0.0582, 7.5, 0.2609
20250528, PDYN, 14, 20251017, P, 0, 0, 0.0555, 7.5, -0.6558
20250528, PDYN, 15, 20251017, C, 0, 30, 0.0546, 7.5, 0.233
20250528, PDYN, 15, 20251017, P, 0, 27, 0.0524, 7.5, -0.6825
20250528, PDYN, 16, 20251017, C, 0, 13, 0.051, 7.5, 0.2086
20250528, PDYN, 16, 20251017, P, 0, 0, 0.0494, 7.5, -0.7059
20250528, PDYN, 17, 20251017, C, 0, 1, 0.0476, 7.5, 0.1874
20250528, PDYN, 17, 20251017, P, 0, 0, 0.0465, 7.5, -0.7266
20250528, PDYN, 1, 20260116, C, 0, 0, 0, 7.5, 1
20250528, PDYN, 1, 20260116, P, 0, 0, 0.004, 7.5, -0.018
20250528, PDYN, 2, 20260116, C, 0, 0, 0.0116, 7.5, 0.9923
20250528, PDYN, 2, 20260116, P, 0, 0, 0.0107, 7.5, -0.0415
20250528, PDYN, 3, 20260116, C, 12, 20, 0.0399, 7.5, 0.9399
20250528, PDYN, 3, 20260116, P, 0, 0, 0.0201, 7.5, -0.0799
20250528, PDYN, 4, 20260116, C, 0, 2, 0.0476, 7.5, 0.8569
20250528, PDYN, 4, 20260116, P, 1, 0, 0.03, 7.5, -0.1313
20250528, PDYN, 5, 20260116, C, 19, 17, 0.0535, 7.5, 0.7741
20250528, PDYN, 5, 20260116, P, 2, 120, 0.0384, 7.5, -0.1884
20250528, PDYN, 6, 20260116, C, 0, 6, 0.0572, 7.5, 0.6982
20250528, PDYN, 6, 20260116, P, 1, 0, 0.0444, 7.5, -0.2454
20250528, PDYN, 7, 20260116, C, 44, 99, 0.0591, 7.5, 0.6308
20250528, PDYN, 7, 20260116, P, 0, 0, 0.0484, 7.5, -0.2992
20250528, PDYN, 8, 20260116, C, 3, 68, 0.0598, 7.5, 0.5715
20250528, PDYN, 8, 20260116, P, 0, 0, 0.0508, 7.5, -0.3484
20250528, PDYN, 9, 20260116, C, 1, 17, 0.0595, 7.5, 0.5196
20250528, PDYN, 9, 20260116, P, 0, 9, 0.0519, 7.5, -0.3929
20250528, PDYN, 10, 20260116, C, 9, 56, 0.0586, 7.5, 0.474
20250528, PDYN, 10, 20260116, P, 0, 1, 0.0522, 7.5, -0.4328
20250528, PDYN, 11, 20260116, C, 0, 4, 0.0573, 7.5, 0.4342
20250528, PDYN, 11, 20260116, P, 0, 0, 0.052, 7.5, -0.4686
20250528, PDYN, 12, 20260116, C, 15, 89, 0.0557, 7.5, 0.3989
20250528, PDYN, 12, 20260116, P, 0, 0, 0.0513, 7.5, -0.5007
20250529, PDYN, 1, 20250620, C, 0, 0, 0.0023, 8.02, 0.9977
20250529, PDYN, 1, 20250620, P, 0, 0, 0.0026, 8.02, -0.0089
20250529, PDYN, 2, 20250620, C, 0, 0, 0.0003, 8.02, 0.9998
20250529, PDYN, 2, 20250620, P, 0, 0, 0.0049, 8.02, -0.0105
20250529, PDYN, 3, 20250620, C, 0, 0, 0, 8.02, 1
20250529, PDYN, 3, 20250620, P, 0, 0, 0.0092, 8.02, -0.0145
20250529, PDYN, 4, 20250620, C, 0, 1, 0.0033, 8.02, 0.9991
20250529, PDYN, 4, 20250620, P, 0, 75, 0.0196, 8.02, -0.0264
20250529, PDYN, 5, 20250620, C, 0, 26, 0.0522, 8.02, 0.9818
20250529, PDYN, 5, 20250620, P, 0, 183, 0.0452, 8.02, -0.0594
20250529, PDYN, 6, 20250620, C, 40, 350, 0.1156, 8.02, 0.8814
20250529, PDYN, 6, 20250620, P, 4, 772, 0.0947, 8.02, -0.1419
20250529, PDYN, 7, 20250620, C, 29, 794, 0.1624, 8.02, 0.7171
20250529, PDYN, 7, 20250620, P, 1, 1933, 0.1473, 8.02, -0.288
20250529, PDYN, 8, 20250620, C, 60, 993, 0.1785, 8.02, 0.5316
20250529, PDYN, 8, 20250620, P, 0, 62, 0.1681, 8.02, -0.4595
20250529, PDYN, 9, 20250620, C, 1, 404, 0.1631, 8.02, 0.3715
20250529, PDYN, 9, 20250620, P, 0, 49, 0.1564, 8.02, -0.6115
20250529, PDYN, 10, 20250620, C, 21, 1058, 0.1335, 8.02, 0.2512
20250529, PDYN, 10, 20250620, P, 0, 18, 0.1291, 8.02, -0.7271
20250529, PDYN, 11, 20250620, C, 7, 102, 0.1024, 8.02, 0.1669
20250529, PDYN, 11, 20250620, P, 0, 20, 0.0995, 8.02, -0.8086
20250529, PDYN, 12, 20250620, C, 0, 44, 0.0755, 8.02, 0.1101
20250529, PDYN, 12, 20250620, P, 0, 11, 0.0736, 8.02, -0.8639
20250529, PDYN, 1, 20250718, C, 0, 9, 0.0062, 8.02, 0.9902
20250529, PDYN, 1, 20250718, P, 0, 5, 0.0034, 8.02, -0.0162
20250529, PDYN, 2, 20250718, C, 0, 9, 0.0029, 8.02, 0.9983
20250529, PDYN, 2, 20250718, P, 0, 0, 0.0077, 8.02, -0.0228
20250529, PDYN, 3, 20250718, C, 0, 24, 0, 8.02, 1
20250529, PDYN, 3, 20250718, P, 0, 1, 0.0145, 8.02, -0.0326
20250529, PDYN, 4, 20250718, C, 0, 47, 0.0187, 8.02, 0.9937
20250529, PDYN, 4, 20250718, P, 0, 14, 0.0284, 8.02, -0.0563
20250529, PDYN, 5, 20250718, C, 0, 33, 0.0905, 8.02, 0.9392
20250529, PDYN, 5, 20250718, P, 10, 222, 0.0533, 8.02, -0.1086
20250529, PDYN, 6, 20250718, C, 0, 163, 0.1088, 8.02, 0.8179
20250529, PDYN, 6, 20250718, P, 0, 123, 0.0845, 8.02, -0.201
20250529, PDYN, 7, 20250718, C, 50, 326, 0.1257, 8.02, 0.6729
20250529, PDYN, 7, 20250718, P, 61, 472, 0.1071, 8.02, -0.3197
20250529, PDYN, 8, 20250718, C, 1, 480, 0.1274, 8.02, 0.5368
20250529, PDYN, 8, 20250718, P, 0, 94, 0.1145, 8.02, -0.4384
20250529, PDYN, 9, 20250718, C, 4, 353, 0.1196, 8.02, 0.4229
20250529, PDYN, 9, 20250718, P, 0, 69, 0.1105, 8.02, -0.5415
20250529, PDYN, 10, 20250718, C, 0, 690, 0.1072, 8.02, 0.3324
20250529, PDYN, 10, 20250718, P, 2, 20, 0.1006, 8.02, -0.6254
20250529, PDYN, 11, 20250718, C, 2, 166, 0.0935, 8.02, 0.2618
20250529, PDYN, 11, 20250718, P, 0, 39, 0.0887, 8.02, -0.6916
20250529, PDYN, 12, 20250718, C, 0, 319, 0.0803, 8.02, 0.2071
20250529, PDYN, 12, 20250718, P, 8, 6, 0.0767, 8.02, -0.7435
20250529, PDYN, 13, 20250718, C, 0, 70, 0.0684, 8.02, 0.1647
20250529, PDYN, 13, 20250718, P, 0, 1, 0.0657, 8.02, -0.7839
20250529, PDYN, 14, 20250718, C, 0, 55, 0.058, 8.02, 0.1318
20250529, PDYN, 14, 20250718, P, 0, 2, 0.0558, 8.02, -0.8156
20250529, PDYN, 15, 20250718, C, 2, 64, 0.049, 8.02, 0.1059
20250529, PDYN, 15, 20250718, P, 0, 10, 0.0474, 8.02, -0.8405
20250529, PDYN, 16, 20250718, C, 0, 72, 0.0414, 8.02, 0.0855
20250529, PDYN, 16, 20250718, P, 0, 5, 0.0401, 8.02, -0.8601
20250529, PDYN, 17, 20250718, C, 0, 5, 0.035, 8.02, 0.0695
20250529, PDYN, 17, 20250718, P, 0, 1, 0.0339, 8.02, -0.8757
20250529, PDYN, 18, 20250718, C, 0, 7, 0.0295, 8.02, 0.0566
20250529, PDYN, 18, 20250718, P, 0, 0, 0.0287, 8.02, -0.8882
20250529, PDYN, 19, 20250718, C, 0, 7, 0.025, 8.02, 0.0463
20250529, PDYN, 19, 20250718, P, 0, 0, 0.0243, 8.02, -0.8981
20250529, PDYN, 20, 20250718, C, 0, 250, 0.0212, 8.02, 0.0381
20250529, PDYN, 20, 20250718, P, 0, 0, 0.0206, 8.02, -0.9062
20250529, PDYN, 21, 20250718, C, 0, 0, 0.0179, 8.02, 0.0314
20250529, PDYN, 21, 20250718, P, 0, 0, 0.0175, 8.02, -0.9127
20250529, PDYN, 22, 20250718, C, 0, 0, 0.0152, 8.02, 0.026
20250529, PDYN, 22, 20250718, P, 0, 0, 0.0149, 8.02, -0.918
20250529, PDYN, 23, 20250718, C, 0, 13, 0.013, 8.02, 0.0216
20250529, PDYN, 23, 20250718, P, 0, 0, 0.0127, 8.02, -0.9223
20250529, PDYN, 1, 20251017, C, 0, 3, 0, 8.02, 1
20250529, PDYN, 1, 20251017, P, 0, 0, 0.0034, 8.02, -0.0158
20250529, PDYN, 2, 20251017, C, 0, 0, 0.0027, 8.02, 0.9982
20250529, PDYN, 2, 20251017, P, 0, 0, 0.0089, 8.02, -0.0336
20250529, PDYN, 3, 20251017, C, 0, 31, 0.036, 8.02, 0.975
20250529, PDYN, 3, 20251017, P, 0, 43, 0.0176, 8.02, -0.0631
20250529, PDYN, 4, 20251017, C, 0, 12, 0.0473, 8.02, 0.9063
20250529, PDYN, 4, 20251017, P, 0, 4, 0.0288, 8.02, -0.1089
20250529, PDYN, 5, 20251017, C, 10, 428, 0.0573, 8.02, 0.8219
20250529, PDYN, 5, 20251017, P, 0, 146, 0.0402, 8.02, -0.1679
20250529, PDYN, 6, 20251017, C, 0, 81, 0.0641, 8.02, 0.7351
20250529, PDYN, 6, 20251017, P, 0, 38, 0.0495, 8.02, -0.2334
20250529, PDYN, 7, 20251017, C, 30, 97, 0.0682, 8.02, 0.653
20250529, PDYN, 7, 20251017, P, 0, 155, 0.056, 8.02, -0.2994
20250529, PDYN, 8, 20251017, C, 0, 224, 0.07, 8.02, 0.5784
20250529, PDYN, 8, 20251017, P, 0, 31, 0.0598, 8.02, -0.3619
20250529, PDYN, 9, 20251017, C, 100, 751, 0.0699, 8.02, 0.512
20250529, PDYN, 9, 20251017, P, 0, 4, 0.0614, 8.02, -0.4193
20250529, PDYN, 10, 20251017, C, 0, 122, 0.0685, 8.02, 0.4537
20250529, PDYN, 10, 20251017, P, 0, 17, 0.0613, 8.02, -0.4708
20250529, PDYN, 11, 20251017, C, 0, 180, 0.0662, 8.02, 0.4029
20250529, PDYN, 11, 20251017, P, 0, 0, 0.0602, 8.02, -0.5166
20250529, PDYN, 12, 20251017, C, 0, 153, 0.0634, 8.02, 0.3586
20250529, PDYN, 12, 20251017, P, 0, 0, 0.0583, 8.02, -0.557
20250529, PDYN, 13, 20251017, C, 0, 9, 0.0603, 8.02, 0.3199
20250529, PDYN, 13, 20251017, P, 0, 2, 0.0559, 8.02, -0.5926
20250529, PDYN, 14, 20251017, C, 0, 33, 0.057, 8.02, 0.2863
20250529, PDYN, 14, 20251017, P, 0, 0, 0.0533, 8.02, -0.6239
20250529, PDYN, 15, 20251017, C, 0, 30, 0.0537, 8.02, 0.2568
20250529, PDYN, 15, 20251017, P, 0, 27, 0.0507, 8.02, -0.6515
20250529, PDYN, 16, 20251017, C, 0, 13, 0.0505, 8.02, 0.231
20250529, PDYN, 16, 20251017, P, 0, 0, 0.048, 8.02, -0.6759
20250529, PDYN, 17, 20251017, C, 7, 1, 0.0474, 8.02, 0.2083
20250529, PDYN, 17, 20251017, P, 0, 0, 0.0454, 8.02, -0.6975
20250529, PDYN, 1, 20260116, C, 0, 0, 0, 8.02, 1
20250529, PDYN, 1, 20260116, P, 0, 0, 0.0034, 8.02, -0.017
20250529, PDYN, 2, 20260116, C, 0, 0, 0.0105, 8.02, 0.9924
20250529, PDYN, 2, 20260116, P, 0, 0, 0.009, 8.02, -0.0382
20250529, PDYN, 3, 20260116, C, 0, 13, 0.0337, 8.02, 0.9495
20250529, PDYN, 3, 20260116, P, 0, 0, 0.0169, 8.02, -0.0716
20250529, PDYN, 4, 20260116, C, 0, 2, 0.0417, 8.02, 0.8761
20250529, PDYN, 4, 20260116, P, 0, 1, 0.0256, 8.02, -0.1172
20250529, PDYN, 5, 20260116, C, 11, 36, 0.0472, 8.02, 0.7995
20250529, PDYN, 5, 20260116, P, 0, 120, 0.0333, 8.02, -0.1694
20250529, PDYN, 6, 20260116, C, 100, 6, 0.0511, 8.02, 0.7276
20250529, PDYN, 6, 20260116, P, 0, 1, 0.0393, 8.02, -0.2228
20250529, PDYN, 7, 20260116, C, 5, 135, 0.0537, 8.02, 0.6626
20250529, PDYN, 7, 20260116, P, 0, 0, 0.0435, 8.02, -0.2743
20250529, PDYN, 8, 20260116, C, 14, 71, 0.0549, 8.02, 0.6043
20250529, PDYN, 8, 20260116, P, 0, 0, 0.0463, 8.02, -0.3222
20250529, PDYN, 9, 20260116, C, 101, 18, 0.0553, 8.02, 0.5527
20250529, PDYN, 9, 20260116, P, 0, 9, 0.0479, 8.02, -0.3662
20250529, PDYN, 10, 20260116, C, 2, 56, 0.055, 8.02, 0.507
20250529, PDYN, 10, 20260116, P, 0, 1, 0.0487, 8.02, -0.4061
20250529, PDYN, 11, 20260116, C, 0, 4, 0.0541, 8.02, 0.4664
20250529, PDYN, 11, 20260116, P, 0, 0, 0.0488, 8.02, -0.4422
20250529, PDYN, 12, 20260116, C, 3, 104, 0.053, 8.02, 0.4304
20250529, PDYN, 12, 20260116, P, 0, 0, 0.0486, 8.02, -0.4748
