20241203101148, CONL, 10, 20241220, C, 0, 0, 0.0004, 59.77, 0.9964
20241203101148, CONL, 10, 20241220, P, 31, 807, 0.0003, 59.77, -0.0053
20241203101148, CONL, 11, 20241220, C, 0, 5, 0.0004, 59.77, 0.9958
20241203101148, CONL, 11, 20241220, P, 0, 82, 0.0004, 59.77, -0.0059
20241203101148, CONL, 12, 20241220, C, 0, 0, 0.0005, 59.77, 0.9952
20241203101148, CONL, 12, 20241220, P, 0, 106, 0.0004, 59.77, -0.0066
20241203101148, CONL, 13, 20241220, C, 0, 1, 0.0006, 59.77, 0.9944
20241203101148, CONL, 13, 20241220, P, 0, 100, 0.0005, 59.77, -0.0073
20241203101148, CONL, 14, 20241220, C, 0, 0, 0.0006, 59.77, 0.9937
20241203101148, CONL, 14, 20241220, P, 0, 44, 0.0005, 59.77, -0.0081
20241203101148, CONL, 15, 20241220, C, 0, 24, 0.0007, 59.77, 0.9928
20241203101148, CONL, 15, 20241220, P, 0, 223, 0.0006, 59.77, -0.009
20241203101148, CONL, 16, 20241220, C, 0, 2, 0.0008, 59.77, 0.9918
20241203101148, CONL, 16, 20241220, P, 17, 226, 0.0007, 59.77, -0.0099
20241203101148, CONL, 17, 20241220, C, 0, 8, 0.0009, 59.77, 0.9908
20241203101148, CONL, 17, 20241220, P, 0, 119, 0.0008, 59.77, -0.0109
20241203101148, CONL, 18, 20241220, C, 0, 19, 0.001, 59.77, 0.9897
20241203101148, CONL, 18, 20241220, P, 0, 234, 0.0008, 59.77, -0.0121
20241203101148, CONL, 19, 20241220, C, 0, 3, 0.0011, 59.77, 0.9884
20241203101148, CONL, 19, 20241220, P, 0, 185, 0.001, 59.77, -0.0133
20241203101148, CONL, 20, 20241220, C, 0, 42, 0.0012, 59.77, 0.987
20241203101148, CONL, 20, 20241220, P, 0, 496, 0.0011, 59.77, -0.0146
20241203101148, CONL, 21, 20241220, C, 0, 91, 0.0014, 59.77, 0.9854
20241203101148, CONL, 21, 20241220, P, 0, 26, 0.0012, 59.77, -0.0161
20241203101148, CONL, 22, 20241220, C, 0, 119, 0.0015, 59.77, 0.9837
20241203101148, CONL, 22, 20241220, P, 0, 40, 0.0013, 59.77, -0.0177
20241203101148, CONL, 23, 20241220, C, 0, 55, 0.0017, 59.77, 0.9818
20241203101148, CONL, 23, 20241220, P, 0, 43, 0.0015, 59.77, -0.0195
20241203101148, CONL, 24, 20241220, C, 0, 68, 0.0018, 59.77, 0.9798
20241203101148, CONL, 24, 20241220, P, 0, 78, 0.0017, 59.77, -0.0215
20241203101148, CONL, 25, 20241220, C, 0, 325, 0.002, 59.77, 0.9775
20241203101148, CONL, 25, 20241220, P, 0, 370, 0.0019, 59.77, -0.0237
20241203101148, CONL, 26, 20241220, C, 0, 5, 0.0023, 59.77, 0.975
20241203101148, CONL, 26, 20241220, P, 0, 74, 0.0021, 59.77, -0.0261
20241203101148, CONL, 27, 20241220, C, 0, 123, 0.0025, 59.77, 0.9722
20241203101148, CONL, 27, 20241220, P, 4, 115, 0.0023, 59.77, -0.0288
20241203101148, CONL, 28, 20241220, C, 0, 40, 0.0027, 59.77, 0.9691
20241203101148, CONL, 28, 20241220, P, 0, 97, 0.0026, 59.77, -0.0318
20241203101148, CONL, 29, 20241220, C, 0, 16, 0.003, 59.77, 0.9657
20241203101148, CONL, 29, 20241220, P, 0, 97, 0.0028, 59.77, -0.035
20241203101148, CONL, 30, 20241220, C, 1, 177, 0.0033, 59.77, 0.962
20241203101148, CONL, 30, 20241220, P, 7, 880, 0.0032, 59.77, -0.0387
20241203101148, CONL, 31, 20241220, C, 0, 29, 0.0037, 59.77, 0.9578
20241203101148, CONL, 31, 20241220, P, 1, 94, 0.0035, 59.77, -0.0427
20241203101148, CONL, 32, 20241220, C, 0, 95, 0.004, 59.77, 0.9532
20241203101148, CONL, 32, 20241220, P, 0, 81, 0.0039, 59.77, -0.0471
20241203101148, CONL, 33, 20241220, C, 0, 27, 0.0044, 59.77, 0.9482
20241203101148, CONL, 33, 20241220, P, 10, 124, 0.0043, 59.77, -0.0521
20241203101148, CONL, 34, 20241220, C, 0, 12, 0.0049, 59.77, 0.9426
20241203101148, CONL, 34, 20241220, P, 0, 90, 0.0047, 59.77, -0.0575
20241203101148, CONL, 35, 20241220, C, 0, 169, 0.0054, 59.77, 0.9364
20241203101148, CONL, 35, 20241220, P, 9, 663, 0.0052, 59.77, -0.0635
20241203101148, CONL, 36, 20241220, C, 0, 82, 0.0059, 59.77, 0.9296
20241203101148, CONL, 36, 20241220, P, 0, 63, 0.0057, 59.77, -0.0702
20241203101148, CONL, 37, 20241220, C, 0, 20, 0.0064, 59.77, 0.9222
20241203101148, CONL, 37, 20241220, P, 0, 71, 0.0062, 59.77, -0.0775
20241203101148, CONL, 38, 20241220, C, 1, 52, 0.007, 59.77, 0.914
20241203101148, CONL, 38, 20241220, P, 0, 127, 0.0068, 59.77, -0.0855
20241203101148, CONL, 39, 20241220, C, 0, 22, 0.0076, 59.77, 0.905
20241203101148, CONL, 39, 20241220, P, 2, 106, 0.0075, 59.77, -0.0943
20241203101148, CONL, 40, 20241220, C, 0, 279, 0.0083, 59.77, 0.8952
20241203101148, CONL, 40, 20241220, P, 1, 499, 0.0081, 59.77, -0.104
20241203101148, CONL, 41, 20241220, C, 0, 22, 0.009, 59.77, 0.8846
20241203101148, CONL, 41, 20241220, P, 1, 36, 0.0088, 59.77, -0.1144
20241203101148, CONL, 42, 20241220, C, 0, 24, 0.0097, 59.77, 0.8731
20241203101148, CONL, 42, 20241220, P, 1, 90, 0.0095, 59.77, -0.1258
20241203101148, CONL, 43, 20241220, C, 0, 35, 0.0104, 59.77, 0.8607
20241203101148, CONL, 43, 20241220, P, 1, 89, 0.0103, 59.77, -0.138
20241203101148, CONL, 44, 20241220, C, 0, 61, 0.0112, 59.77, 0.8474
20241203101148, CONL, 44, 20241220, P, 0, 125, 0.011, 59.77, -0.1512
20241203101148, CONL, 45, 20241220, C, 0, 230, 0.0119, 59.77, 0.8331
20241203101148, CONL, 45, 20241220, P, 12, 562, 0.0118, 59.77, -0.1652
20241203101148, CONL, 46, 20241220, C, 20, 47, 0.0127, 59.77, 0.8181
20241203101148, CONL, 46, 20241220, P, 3, 65, 0.0125, 59.77, -0.1801
20241203101148, CONL, 47, 20241220, C, 0, 26, 0.0134, 59.77, 0.8022
20241203101148, CONL, 47, 20241220, P, 0, 72, 0.0132, 59.77, -0.1958
20241203101148, CONL, 48, 20241220, C, 0, 28, 0.0141, 59.77, 0.7856
20241203101148, CONL, 48, 20241220, P, 3, 125, 0.014, 59.77, -0.2122
20241203101148, CONL, 49, 20241220, C, 0, 23, 0.0148, 59.77, 0.7683
20241203101148, CONL, 49, 20241220, P, 2, 185, 0.0146, 59.77, -0.2294
20241203101148, CONL, 50, 20241220, C, 0, 690, 0.0154, 59.77, 0.7504
20241203101148, CONL, 50, 20241220, P, 22, 1177, 0.0153, 59.77, -0.2471
20241203101148, CONL, 51, 20241220, C, 0, 75, 0.016, 59.77, 0.7319
20241203101148, CONL, 51, 20241220, P, 1, 69, 0.0159, 59.77, -0.2653
20241203101148, CONL, 52, 20241220, C, 11, 40, 0.0166, 59.77, 0.7131
20241203101148, CONL, 52, 20241220, P, 3, 99, 0.0164, 59.77, -0.284
20241203101148, CONL, 53, 20241220, C, 2, 34, 0.017, 59.77, 0.6941
20241203101148, CONL, 53, 20241220, P, 0, 177, 0.0169, 59.77, -0.3029
20241203101148, CONL, 54, 20241220, C, 0, 77, 0.0175, 59.77, 0.6748
20241203101148, CONL, 54, 20241220, P, 4, 44, 0.0174, 59.77, -0.322
20241203101148, CONL, 55, 20241220, C, 256, 1209, 0.0178, 59.77, 0.6554
20241203101148, CONL, 55, 20241220, P, 9, 223, 0.0177, 59.77, -0.3413
20241203101148, CONL, 56, 20241220, C, 5, 66, 0.0182, 59.77, 0.6361
20241203101148, CONL, 56, 20241220, P, 0, 47, 0.018, 59.77, -0.3605
20241203101148, CONL, 57, 20241220, C, 10, 141, 0.0184, 59.77, 0.6168
20241203101148, CONL, 57, 20241220, P, 42, 100, 0.0183, 59.77, -0.3796
20241203101148, CONL, 58, 20241220, C, 8, 196, 0.0186, 59.77, 0.5978
20241203101148, CONL, 58, 20241220, P, 40, 59, 0.0185, 59.77, -0.3986
20241203101148, CONL, 59, 20241220, C, 5, 121, 0.0187, 59.77, 0.5789
20241203101148, CONL, 59, 20241220, P, 0, 282, 0.0186, 59.77, -0.4173
20241203101148, CONL, 60, 20241220, C, 22, 904, 0.0188, 59.77, 0.5604
20241203101148, CONL, 60, 20241220, P, 3, 603, 0.0187, 59.77, -0.4357
20241203101148, CONL, 61, 20241220, C, 3, 82, 0.0188, 59.77, 0.5422
20241203101148, CONL, 61, 20241220, P, 1, 11, 0.0187, 59.77, -0.4538
20241203101148, CONL, 62, 20241220, C, 3, 193, 0.0188, 59.77, 0.5244
20241203101148, CONL, 62, 20241220, P, 0, 26, 0.0187, 59.77, -0.4715
20241203101148, CONL, 63, 20241220, C, 3, 125, 0.0188, 59.77, 0.507
20241203101148, CONL, 63, 20241220, P, 0, 44, 0.0187, 59.77, -0.4888
20241203101148, CONL, 64, 20241220, C, 1, 387, 0.0187, 59.77, 0.4901
20241203101148, CONL, 64, 20241220, P, 0, 53, 0.0186, 59.77, -0.5056
20241203101148, CONL, 65, 20241220, C, 71, 831, 0.0186, 59.77, 0.4736
20241203101148, CONL, 65, 20241220, P, 0, 82, 0.0185, 59.77, -0.522
20241203101148, CONL, 66, 20241220, C, 0, 207, 0.0184, 59.77, 0.4577
20241203101148, CONL, 66, 20241220, P, 0, 13, 0.0183, 59.77, -0.5379
20241203101148, CONL, 67, 20241220, C, 22, 90, 0.0182, 59.77, 0.4422
20241203101148, CONL, 67, 20241220, P, 0, 5, 0.0181, 59.77, -0.5533
20241203101148, CONL, 68, 20241220, C, 42, 57, 0.018, 59.77, 0.4272
20241203101148, CONL, 68, 20241220, P, 0, 10, 0.0179, 59.77, -0.5682
20241203101148, CONL, 69, 20241220, C, 1, 84, 0.0178, 59.77, 0.4127
20241203101148, CONL, 69, 20241220, P, 0, 66, 0.0177, 59.77, -0.5827
20241203101148, CONL, 70, 20241220, C, 81, 543, 0.0175, 59.77, 0.3987
20241203101148, CONL, 70, 20241220, P, 0, 26, 0.0175, 59.77, -0.5966
20241203101148, CONL, 71, 20241220, C, 0, 58, 0.0173, 59.77, 0.3852
20241203101148, CONL, 71, 20241220, P, 0, 1, 0.0172, 59.77, -0.6101
20241203101148, CONL, 72, 20241220, C, 0, 131, 0.017, 59.77, 0.3722
20241203101148, CONL, 72, 20241220, P, 0, 18, 0.017, 59.77, -0.6231
20241203101148, CONL, 73, 20241220, C, 0, 49, 0.0167, 59.77, 0.3596
20241203101148, CONL, 73, 20241220, P, 0, 3, 0.0167, 59.77, -0.6356
20241203101148, CONL, 74, 20241220, C, 0, 18, 0.0164, 59.77, 0.3475
20241203101148, CONL, 74, 20241220, P, 0, 2, 0.0164, 59.77, -0.6477
20241203101148, CONL, 75, 20241220, C, 22, 414, 0.0162, 59.77, 0.3358
20241203101148, CONL, 75, 20241220, P, 0, 15, 0.0161, 59.77, -0.6593
20241203101148, CONL, 76, 20241220, C, 0, 52, 0.0159, 59.77, 0.3246
20241203101148, CONL, 76, 20241220, P, 0, 0, 0.0158, 59.77, -0.6705
20241203101148, CONL, 77, 20241220, C, 0, 8, 0.0156, 59.77, 0.3137
20241203101148, CONL, 77, 20241220, P, 0, 1, 0.0155, 59.77, -0.6813
20241203101148, CONL, 78, 20241220, C, 0, 36, 0.0153, 59.77, 0.3033
20241203101148, CONL, 78, 20241220, P, 0, 28, 0.0152, 59.77, -0.6917
20241203101148, CONL, 79, 20241220, C, 0, 26, 0.015, 59.77, 0.2933
20241203101148, CONL, 79, 20241220, P, 0, 3, 0.0149, 59.77, -0.7017
20241203101148, CONL, 80, 20241220, C, 34, 384, 0.0147, 59.77, 0.2837
20241203101148, CONL, 80, 20241220, P, 0, 4, 0.0146, 59.77, -0.7113
20241203101148, CONL, 81, 20241220, C, 3, 75, 0.0144, 59.77, 0.2744
20241203101148, CONL, 81, 20241220, P, 0, 0, 0.0143, 59.77, -0.7206
20241203101148, CONL, 82, 20241220, C, 0, 77, 0.014, 59.77, 0.2655
20241203101148, CONL, 82, 20241220, P, 0, 6, 0.014, 59.77, -0.7295
20241203101148, CONL, 83, 20241220, C, 0, 27, 0.0138, 59.77, 0.2568
20241203101148, CONL, 83, 20241220, P, 0, 0, 0.0137, 59.77, -0.7381
20241203101148, CONL, 84, 20241220, C, 3, 13, 0.0135, 59.77, 0.2486
20241203101148, CONL, 84, 20241220, P, 0, 2, 0.0134, 59.77, -0.7463
20241203101148, CONL, 85, 20241220, C, 1, 144, 0.0132, 59.77, 0.2406
20241203101148, CONL, 85, 20241220, P, 0, 1, 0.0132, 59.77, -0.7543
20241203101148, CONL, 86, 20241220, C, 0, 37, 0.0129, 59.77, 0.233
20241203101148, CONL, 86, 20241220, P, 0, 1, 0.0129, 59.77, -0.7619
20241203101148, CONL, 87, 20241220, C, 0, 30, 0.0126, 59.77, 0.2256
20241203101148, CONL, 87, 20241220, P, 0, 0, 0.0126, 59.77, -0.7693
20241203101148, CONL, 88, 20241220, C, 0, 30, 0.0123, 59.77, 0.2185
20241203101148, CONL, 88, 20241220, P, 0, 3, 0.0123, 59.77, -0.7764
20241203101148, CONL, 89, 20241220, C, 0, 67, 0.012, 59.77, 0.2117
20241203101148, CONL, 89, 20241220, P, 0, 0, 0.012, 59.77, -0.7832
20241203101148, CONL, 90, 20241220, C, 0, 571, 0.0118, 59.77, 0.2051
20241203101148, CONL, 90, 20241220, P, 0, 3, 0.0118, 59.77, -0.7898
20241203101148, CONL, 95, 20241220, C, 11, 125, 0.0105, 59.77, 0.1756
20241203101148, CONL, 95, 20241220, P, 0, 1, 0.0105, 59.77, -0.8193
20241203101148, CONL, 100, 20241220, C, 0, 122, 0.0094, 59.77, 0.1511
20241203101148, CONL, 100, 20241220, P, 0, 52, 0.0094, 59.77, -0.8439
20241203101148, CONL, 105, 20241220, C, 18, 235, 0.0083, 59.77, 0.1306
20241203101148, CONL, 105, 20241220, P, 0, 0, 0.0084, 59.77, -0.8645
20241203101148, CONL, 15, 20250117, C, 0, 26, 0.0004, 59.77, 0.9984
20241203101148, CONL, 15, 20250117, P, 0, 63, 0.0007, 59.77, -0.0106
20241203101148, CONL, 20, 20250117, C, 0, 3, 0.0019, 59.77, 0.9861
20241203101148, CONL, 20, 20250117, P, 0, 114, 0.0014, 59.77, -0.0226
20241203101148, CONL, 21, 20250117, C, 0, 2, 0.0022, 59.77, 0.9822
20241203101148, CONL, 21, 20250117, P, 0, 42, 0.0016, 59.77, -0.0259
20241203101148, CONL, 22, 20250117, C, 0, 0, 0.0023, 59.77, 0.9776
20241203101148, CONL, 22, 20250117, P, 0, 20, 0.0018, 59.77, -0.0295
20241203101148, CONL, 23, 20250117, C, 0, 7, 0.0025, 59.77, 0.9728
20241203101148, CONL, 23, 20250117, P, 0, 32, 0.002, 59.77, -0.0334
20241203101148, CONL, 24, 20250117, C, 0, 13, 0.0028, 59.77, 0.9676
20241203101148, CONL, 24, 20250117, P, 0, 8, 0.0022, 59.77, -0.0377
20241203101148, CONL, 25, 20250117, C, 0, 2, 0.003, 59.77, 0.9621
20241203101148, CONL, 25, 20250117, P, 0, 55, 0.0025, 59.77, -0.0423
20241203101148, CONL, 26, 20250117, C, 0, 16, 0.0033, 59.77, 0.9564
20241203101148, CONL, 26, 20250117, P, 0, 41, 0.0027, 59.77, -0.0473
20241203101148, CONL, 27, 20250117, C, 0, 16, 0.0035, 59.77, 0.9502
20241203101148, CONL, 27, 20250117, P, 1, 12, 0.003, 59.77, -0.0528
20241203101148, CONL, 28, 20250117, C, 0, 27, 0.0038, 59.77, 0.9434
20241203101148, CONL, 28, 20250117, P, 0, 3, 0.0033, 59.77, -0.0586
20241203101148, CONL, 29, 20250117, C, 0, 12, 0.0041, 59.77, 0.9365
20241203101148, CONL, 29, 20250117, P, 0, 7, 0.0036, 59.77, -0.0648
20241203101148, CONL, 30, 20250117, C, 0, 26, 0.0044, 59.77, 0.9292
20241203101148, CONL, 30, 20250117, P, 0, 65, 0.0039, 59.77, -0.0715
20241203101148, CONL, 31, 20250117, C, 0, 18, 0.0047, 59.77, 0.9214
20241203101148, CONL, 31, 20250117, P, 0, 6, 0.0042, 59.77, -0.0786
20241203101148, CONL, 32, 20250117, C, 0, 12, 0.005, 59.77, 0.9131
20241203101148, CONL, 32, 20250117, P, 0, 6, 0.0046, 59.77, -0.0861
20241203101148, CONL, 33, 20250117, C, 0, 2, 0.0054, 59.77, 0.9045
20241203101148, CONL, 33, 20250117, P, 0, 9, 0.0049, 59.77, -0.094
20241203101148, CONL, 34, 20250117, C, 0, 14, 0.0057, 59.77, 0.8955
20241203101148, CONL, 34, 20250117, P, 0, 7, 0.0053, 59.77, -0.1023
20241203101148, CONL, 35, 20250117, C, 0, 55, 0.0061, 59.77, 0.8862
20241203101148, CONL, 35, 20250117, P, 0, 63, 0.0056, 59.77, -0.111
20241203101148, CONL, 36, 20250117, C, 0, 10, 0.0064, 59.77, 0.8763
20241203101148, CONL, 36, 20250117, P, 1, 17, 0.006, 59.77, -0.1202
20241203101148, CONL, 37, 20250117, C, 0, 86, 0.0068, 59.77, 0.8662
20241203101148, CONL, 37, 20250117, P, 0, 20, 0.0063, 59.77, -0.1297
20241203101148, CONL, 38, 20250117, C, 0, 31, 0.0071, 59.77, 0.8558
20241203101148, CONL, 38, 20250117, P, 0, 15, 0.0067, 59.77, -0.1395
20241203101148, CONL, 39, 20250117, C, 0, 3, 0.0074, 59.77, 0.845
20241203101148, CONL, 39, 20250117, P, 0, 13, 0.007, 59.77, -0.1497
20241203101148, CONL, 40, 20250117, C, 1, 125, 0.0078, 59.77, 0.8339
20241203101148, CONL, 40, 20250117, P, 0, 133, 0.0074, 59.77, -0.1602
20241203101148, CONL, 41, 20250117, C, 0, 5, 0.0081, 59.77, 0.8226
20241203101148, CONL, 41, 20250117, P, 0, 5, 0.0077, 59.77, -0.171
20241203101148, CONL, 42, 20250117, C, 4, 42, 0.0084, 59.77, 0.811
20241203101148, CONL, 42, 20250117, P, 0, 3, 0.008, 59.77, -0.1821
20241203101148, CONL, 43, 20250117, C, 0, 43, 0.0087, 59.77, 0.7992
20241203101148, CONL, 43, 20250117, P, 1, 4, 0.0084, 59.77, -0.1934
20241203101148, CONL, 44, 20250117, C, 0, 11, 0.009, 59.77, 0.7872
20241203101148, CONL, 44, 20250117, P, 0, 1, 0.0087, 59.77, -0.2049
20241203101148, CONL, 45, 20250117, C, 0, 74, 0.0093, 59.77, 0.775
20241203101148, CONL, 45, 20250117, P, 1, 1045, 0.009, 59.77, -0.2166
20241203101148, CONL, 46, 20250117, C, 4, 117, 0.0096, 59.77, 0.7627
20241203101148, CONL, 46, 20250117, P, 0, 29, 0.0092, 59.77, -0.2284
20241203101148, CONL, 47, 20250117, C, 0, 15, 0.0098, 59.77, 0.7504
20241203101148, CONL, 47, 20250117, P, 0, 13, 0.0095, 59.77, -0.2404
20241203101148, CONL, 48, 20250117, C, 3, 18, 0.0101, 59.77, 0.7379
20241203101148, CONL, 48, 20250117, P, 0, 18, 0.0098, 59.77, -0.2524
20241203101148, CONL, 49, 20250117, C, 0, 19, 0.0103, 59.77, 0.7253
20241203101148, CONL, 49, 20250117, P, 0, 15, 0.01, 59.77, -0.2646
20241203101148, CONL, 50, 20250117, C, 0, 678, 0.0105, 59.77, 0.7127
20241203101148, CONL, 50, 20250117, P, 7, 323, 0.0102, 59.77, -0.2768
20241203101148, CONL, 51, 20250117, C, 0, 250, 0.0107, 59.77, 0.7002
20241203101148, CONL, 51, 20250117, P, 0, 6, 0.0104, 59.77, -0.289
20241203101148, CONL, 52, 20250117, C, 1, 35, 0.0109, 59.77, 0.6877
20241203101148, CONL, 52, 20250117, P, 0, 12, 0.0106, 59.77, -0.3011
20241203101148, CONL, 53, 20250117, C, 0, 31, 0.0111, 59.77, 0.6752
20241203101148, CONL, 53, 20250117, P, 0, 19, 0.0108, 59.77, -0.3133
20241203101148, CONL, 54, 20250117, C, 0, 17, 0.0112, 59.77, 0.6628
20241203101148, CONL, 54, 20250117, P, 2, 22, 0.011, 59.77, -0.3254
20241203101148, CONL, 55, 20250117, C, 2, 102, 0.0114, 59.77, 0.6504
20241203101148, CONL, 55, 20250117, P, 0, 57, 0.0111, 59.77, -0.3374
20241203101148, CONL, 56, 20250117, C, 0, 30, 0.0115, 59.77, 0.6382
20241203101148, CONL, 56, 20250117, P, 0, 28, 0.0112, 59.77, -0.3493
20241203101148, CONL, 57, 20250117, C, 2, 38, 0.0116, 59.77, 0.6261
20241203101148, CONL, 57, 20250117, P, 0, 3, 0.0114, 59.77, -0.3611
20241203101148, CONL, 58, 20250117, C, 6, 56, 0.0117, 59.77, 0.6142
20241203101148, CONL, 58, 20250117, P, 0, 125, 0.0114, 59.77, -0.3728
20241203101148, CONL, 59, 20250117, C, 1, 42, 0.0118, 59.77, 0.6023
20241203101148, CONL, 59, 20250117, P, 0, 37, 0.0115, 59.77, -0.3844
20241203101148, CONL, 60, 20250117, C, 23, 383, 0.0118, 59.77, 0.5907
20241203101148, CONL, 60, 20250117, P, 0, 50, 0.0116, 59.77, -0.3958
20241203101148, CONL, 61, 20250117, C, 2, 76, 0.0119, 59.77, 0.5792
20241203101148, CONL, 61, 20250117, P, 0, 5, 0.0117, 59.77, -0.4071
20241203101148, CONL, 62, 20250117, C, 1, 57, 0.0119, 59.77, 0.5679
20241203101148, CONL, 62, 20250117, P, 0, 10, 0.0117, 59.77, -0.4182
20241203101148, CONL, 63, 20250117, C, 0, 40, 0.012, 59.77, 0.5568
20241203101148, CONL, 63, 20250117, P, 8, 18, 0.0117, 59.77, -0.4291
20241203101148, CONL, 64, 20250117, C, 0, 42, 0.012, 59.77, 0.5458
20241203101148, CONL, 64, 20250117, P, 0, 46, 0.0118, 59.77, -0.4398
20241203101148, CONL, 65, 20250117, C, 7, 172, 0.012, 59.77, 0.5351
20241203101148, CONL, 65, 20250117, P, 7, 23, 0.0118, 59.77, -0.4503
20241203101148, CONL, 66, 20250117, C, 0, 27, 0.012, 59.77, 0.5246
20241203101148, CONL, 66, 20250117, P, 7, 1, 0.0118, 59.77, -0.4607
20241203101148, CONL, 67, 20250117, C, 0, 10, 0.012, 59.77, 0.5142
20241203101148, CONL, 67, 20250117, P, 0, 11, 0.0118, 59.77, -0.4708
20241203101148, CONL, 68, 20250117, C, 0, 20, 0.0119, 59.77, 0.5041
20241203101148, CONL, 68, 20250117, P, 7, 20, 0.0118, 59.77, -0.4808
20241203101148, CONL, 69, 20250117, C, 0, 10, 0.0119, 59.77, 0.4942
20241203101148, CONL, 69, 20250117, P, 0, 33, 0.0117, 59.77, -0.4905
20241203101148, CONL, 70, 20250117, C, 4, 179, 0.0119, 59.77, 0.4845
20241203101148, CONL, 70, 20250117, P, 0, 20, 0.0117, 59.77, -0.5001
20241203101148, CONL, 71, 20250117, C, 0, 20, 0.0118, 59.77, 0.475
20241203101148, CONL, 71, 20250117, P, 0, 4, 0.0117, 59.77, -0.5094
20241203101148, CONL, 72, 20250117, C, 0, 824, 0.0118, 59.77, 0.4658
20241203101148, CONL, 72, 20250117, P, 0, 2, 0.0116, 59.77, -0.5186
20241203101148, CONL, 73, 20250117, C, 0, 2, 0.0117, 59.77, 0.4567
20241203101148, CONL, 73, 20250117, P, 1, 1, 0.0116, 59.77, -0.5275
20241203101148, CONL, 74, 20250117, C, 1, 12, 0.0117, 59.77, 0.4478
20241203101148, CONL, 74, 20250117, P, 0, 13, 0.0115, 59.77, -0.5363
20241203101148, CONL, 75, 20250117, C, 0, 69, 0.0116, 59.77, 0.4391
20241203101148, CONL, 75, 20250117, P, 1, 25, 0.0115, 59.77, -0.5448
20241203101148, CONL, 76, 20250117, C, 0, 6, 0.0115, 59.77, 0.4307
20241203101148, CONL, 76, 20250117, P, 0, 24, 0.0114, 59.77, -0.5532
20241203101148, CONL, 77, 20250117, C, 0, 36, 0.0115, 59.77, 0.4224
20241203101148, CONL, 77, 20250117, P, 3, 100, 0.0113, 59.77, -0.5614
20241203101148, CONL, 78, 20250117, C, 0, 0, 0.0114, 59.77, 0.4143
20241203101148, CONL, 78, 20250117, P, 6, 91, 0.0112, 59.77, -0.5693
20241203101148, CONL, 79, 20250117, C, 0, 5, 0.0113, 59.77, 0.4064
20241203101148, CONL, 79, 20250117, P, 0, 40, 0.0112, 59.77, -0.5771
20241203101148, CONL, 80, 20250117, C, 10, 259, 0.0112, 59.77, 0.3988
20241203101148, CONL, 80, 20250117, P, 1, 32, 0.0111, 59.77, -0.5847
20241203101148, CONL, 81, 20250117, C, 0, 3, 0.0111, 59.77, 0.3912
20241203101148, CONL, 81, 20250117, P, 1, 39, 0.011, 59.77, -0.5922
20241203101148, CONL, 85, 20250117, C, 0, 75, 0.0108, 59.77, 0.3629
20241203101148, CONL, 85, 20250117, P, 0, 16, 0.0107, 59.77, -0.6202
20241203101148, CONL, 90, 20250117, C, 0, 34, 0.0103, 59.77, 0.3313
20241203101148, CONL, 90, 20250117, P, 0, 36, 0.0102, 59.77, -0.6515
20241203101148, CONL, 95, 20250117, C, 0, 73, 0.0098, 59.77, 0.3033
20241203101148, CONL, 95, 20250117, P, 3, 39, 0.0097, 59.77, -0.6793
20241203101148, CONL, 100, 20250117, C, 4, 92, 0.0093, 59.77, 0.2786
20241203101148, CONL, 100, 20250117, P, 0, 62, 0.0092, 59.77, -0.704
20241203101148, CONL, 105, 20250117, C, 0, 102, 0.0088, 59.77, 0.2565
20241203101148, CONL, 105, 20250117, P, 3, 42, 0.0088, 59.77, -0.7259
20241203101148, CONL, 10, 20250321, C, 0, 39, 0, 59.77, 1
20241203101148, CONL, 10, 20250321, P, 0, 47, 0.0005, 59.77, -0.0127
20241203101148, CONL, 11, 20250321, C, 0, 0, 0.0001, 59.77, 0.9996
20241203101148, CONL, 11, 20250321, P, 0, 24, 0.0006, 59.77, -0.0153
20241203101148, CONL, 12, 20250321, C, 0, 2, 0.0004, 59.77, 0.998
20241203101148, CONL, 12, 20250321, P, 0, 13, 0.0008, 59.77, -0.0182
20241203101148, CONL, 13, 20250321, C, 0, 1, 0.001, 59.77, 0.9952
20241203101148, CONL, 13, 20250321, P, 0, 75, 0.0009, 59.77, -0.0213
20241203101148, CONL, 14, 20250321, C, 0, 0, 0.0016, 59.77, 0.9916
20241203101148, CONL, 14, 20250321, P, 0, 22, 0.001, 59.77, -0.0246
20241203101148, CONL, 15, 20250321, C, 0, 42, 0.002, 59.77, 0.9868
20241203101148, CONL, 15, 20250321, P, 0, 72, 0.0011, 59.77, -0.0283
20241203101148, CONL, 16, 20250321, C, 0, 7, 0.0022, 59.77, 0.9808
20241203101148, CONL, 16, 20250321, P, 0, 26, 0.0013, 59.77, -0.0322
20241203101148, CONL, 17, 20250321, C, 0, 1, 0.0023, 59.77, 0.974
20241203101148, CONL, 17, 20250321, P, 0, 58, 0.0014, 59.77, -0.0364
20241203101148, CONL, 18, 20250321, C, 0, 4, 0.0025, 59.77, 0.9672
20241203101148, CONL, 18, 20250321, P, 0, 51, 0.0016, 59.77, -0.0409
20241203101148, CONL, 19, 20250321, C, 0, 9, 0.0026, 59.77, 0.9602
20241203101148, CONL, 19, 20250321, P, 0, 3, 0.0017, 59.77, -0.0456
20241203101148, CONL, 20, 20250321, C, 0, 48, 0.0027, 59.77, 0.9534
20241203101148, CONL, 20, 20250321, P, 0, 88, 0.0019, 59.77, -0.0506
20241203101148, CONL, 21, 20250321, C, 0, 8, 0.0029, 59.77, 0.9461
20241203101148, CONL, 21, 20250321, P, 0, 13, 0.002, 59.77, -0.0558
20241203101148, CONL, 22, 20250321, C, 0, 11, 0.003, 59.77, 0.9387
20241203101148, CONL, 22, 20250321, P, 0, 10, 0.0022, 59.77, -0.0613
20241203101148, CONL, 23, 20250321, C, 0, 16, 0.0032, 59.77, 0.9314
20241203101148, CONL, 23, 20250321, P, 0, 27, 0.0024, 59.77, -0.067
20241203101148, CONL, 24, 20250321, C, 0, 7, 0.0034, 59.77, 0.9238
20241203101148, CONL, 24, 20250321, P, 1, 21, 0.0026, 59.77, -0.0729
20241203101148, CONL, 25, 20250321, C, 0, 163, 0.0035, 59.77, 0.916
20241203101148, CONL, 25, 20250321, P, 0, 110, 0.0027, 59.77, -0.079
20241203101148, CONL, 26, 20250321, C, 0, 30, 0.0037, 59.77, 0.9081
20241203101148, CONL, 26, 20250321, P, 0, 15, 0.0029, 59.77, -0.0853
20241203101148, CONL, 27, 20250321, C, 0, 11, 0.0038, 59.77, 0.9002
20241203101148, CONL, 27, 20250321, P, 0, 8, 0.0031, 59.77, -0.0918
20241203101148, CONL, 28, 20250321, C, 0, 42, 0.004, 59.77, 0.892
20241203101148, CONL, 28, 20250321, P, 0, 50, 0.0033, 59.77, -0.0985
20241203101148, CONL, 29, 20250321, C, 0, 23, 0.0042, 59.77, 0.8838
20241203101148, CONL, 29, 20250321, P, 0, 25, 0.0034, 59.77, -0.1053
20241203101148, CONL, 30, 20250321, C, 0, 178, 0.0043, 59.77, 0.8755
20241203101148, CONL, 30, 20250321, P, 0, 126, 0.0036, 59.77, -0.1122
20241203101148, CONL, 31, 20250321, C, 0, 27, 0.0045, 59.77, 0.8671
20241203101148, CONL, 31, 20250321, P, 0, 21, 0.0038, 59.77, -0.1192
20241203101148, CONL, 32, 20250321, C, 0, 39, 0.0046, 59.77, 0.8587
20241203101148, CONL, 32, 20250321, P, 0, 9, 0.0039, 59.77, -0.1264
20241203101148, CONL, 33, 20250321, C, 0, 16, 0.0048, 59.77, 0.8503
20241203101148, CONL, 33, 20250321, P, 0, 4, 0.0041, 59.77, -0.1337
20241203101148, CONL, 34, 20250321, C, 0, 12, 0.0049, 59.77, 0.8418
20241203101148, CONL, 34, 20250321, P, 0, 6, 0.0042, 59.77, -0.141
20241203101148, CONL, 35, 20250321, C, 0, 107, 0.005, 59.77, 0.8332
20241203101148, CONL, 35, 20250321, P, 0, 64, 0.0044, 59.77, -0.1484
20241203101148, CONL, 36, 20250321, C, 0, 14, 0.0052, 59.77, 0.8247
20241203101148, CONL, 36, 20250321, P, 0, 0, 0.0046, 59.77, -0.1559
20241203101148, CONL, 37, 20250321, C, 0, 15, 0.0053, 59.77, 0.8162
20241203101148, CONL, 37, 20250321, P, 0, 3, 0.0047, 59.77, -0.1634
20241203101148, CONL, 38, 20250321, C, 0, 28, 0.0054, 59.77, 0.8077
20241203101148, CONL, 38, 20250321, P, 0, 48, 0.0048, 59.77, -0.171
20241203101148, CONL, 39, 20250321, C, 0, 24, 0.0056, 59.77, 0.7992
20241203101148, CONL, 39, 20250321, P, 0, 3, 0.005, 59.77, -0.1786
20241203101148, CONL, 40, 20250321, C, 1, 74, 0.0057, 59.77, 0.7907
20241203101148, CONL, 40, 20250321, P, 10, 63, 0.0051, 59.77, -0.1862
20241203101148, CONL, 41, 20250321, C, 0, 17, 0.0058, 59.77, 0.7822
20241203101148, CONL, 41, 20250321, P, 0, 5, 0.0052, 59.77, -0.1938
20241203101148, CONL, 42, 20250321, C, 0, 21, 0.0059, 59.77, 0.7738
20241203101148, CONL, 42, 20250321, P, 0, 6, 0.0054, 59.77, -0.2014
20241203101148, CONL, 43, 20250321, C, 0, 20, 0.006, 59.77, 0.7654
20241203101148, CONL, 43, 20250321, P, 0, 1, 0.0055, 59.77, -0.2089
20241203101148, CONL, 44, 20250321, C, 0, 18, 0.0061, 59.77, 0.7571
20241203101148, CONL, 44, 20250321, P, 0, 8, 0.0056, 59.77, -0.2165
20241203101148, CONL, 45, 20250321, C, 0, 18, 0.0062, 59.77, 0.7489
20241203101148, CONL, 45, 20250321, P, 0, 187, 0.0057, 59.77, -0.224
20241203101148, CONL, 46, 20250321, C, 0, 26, 0.0063, 59.77, 0.7407
20241203101148, CONL, 46, 20250321, P, 0, 14, 0.0058, 59.77, -0.2315
20241203101148, CONL, 47, 20250321, C, 0, 19, 0.0064, 59.77, 0.7326
20241203101148, CONL, 47, 20250321, P, 0, 7, 0.0059, 59.77, -0.239
20241203101148, CONL, 48, 20250321, C, 0, 2, 0.0065, 59.77, 0.7246
20241203101148, CONL, 48, 20250321, P, 0, 10, 0.006, 59.77, -0.2464
20241203101148, CONL, 49, 20250321, C, 0, 2, 0.0065, 59.77, 0.7166
20241203101148, CONL, 49, 20250321, P, 0, 16, 0.0061, 59.77, -0.2538
20241203101148, CONL, 50, 20250321, C, 0, 88, 0.0066, 59.77, 0.7087
20241203101148, CONL, 50, 20250321, P, 0, 42, 0.0062, 59.77, -0.2611
20241203101148, CONL, 51, 20250321, C, 0, 1, 0.0067, 59.77, 0.7008
20241203101148, CONL, 51, 20250321, P, 0, 2, 0.0062, 59.77, -0.2684
20241203101148, CONL, 52, 20250321, C, 0, 48, 0.0068, 59.77, 0.6931
20241203101148, CONL, 52, 20250321, P, 0, 21, 0.0063, 59.77, -0.2756
20241203101148, CONL, 53, 20250321, C, 0, 17, 0.0068, 59.77, 0.6855
20241203101148, CONL, 53, 20250321, P, 0, 2, 0.0064, 59.77, -0.2827
20241203101148, CONL, 54, 20250321, C, 0, 12, 0.0069, 59.77, 0.678
20241203101148, CONL, 54, 20250321, P, 0, 0, 0.0064, 59.77, -0.2897
20241203101148, CONL, 55, 20250321, C, 0, 116, 0.0069, 59.77, 0.6705
20241203101148, CONL, 55, 20250321, P, 1, 33, 0.0065, 59.77, -0.2967
20241203101148, CONL, 56, 20250321, C, 5, 19, 0.007, 59.77, 0.6632
20241203101148, CONL, 56, 20250321, P, 0, 0, 0.0066, 59.77, -0.3036
20241203101148, CONL, 57, 20250321, C, 0, 3, 0.007, 59.77, 0.6559
20241203101148, CONL, 57, 20250321, P, 0, 5, 0.0066, 59.77, -0.3105
20241203101148, CONL, 58, 20250321, C, 0, 17, 0.007, 59.77, 0.6487
20241203101148, CONL, 58, 20250321, P, 0, 3, 0.0067, 59.77, -0.3172
20241203101148, CONL, 59, 20250321, C, 0, 27, 0.0071, 59.77, 0.6416
20241203101148, CONL, 59, 20250321, P, 0, 3, 0.0067, 59.77, -0.3239
20241203101148, CONL, 60, 20250321, C, 8, 224, 0.0071, 59.77, 0.6346
20241203101148, CONL, 60, 20250321, P, 0, 5, 0.0068, 59.77, -0.3305
20241203101148, CONL, 61, 20250321, C, 0, 6, 0.0072, 59.77, 0.6278
20241203101148, CONL, 61, 20250321, P, 0, 0, 0.0068, 59.77, -0.337
20241203101148, CONL, 62, 20250321, C, 0, 45, 0.0072, 59.77, 0.621
20241203101148, CONL, 62, 20250321, P, 0, 1, 0.0068, 59.77, -0.3435
20241203101148, CONL, 63, 20250321, C, 0, 36, 0.0072, 59.77, 0.6143
20241203101148, CONL, 63, 20250321, P, 0, 0, 0.0069, 59.77, -0.3498
20241203101148, CONL, 64, 20250321, C, 0, 35, 0.0072, 59.77, 0.6077
20241203101148, CONL, 64, 20250321, P, 0, 1, 0.0069, 59.77, -0.3561
20241203101148, CONL, 65, 20250321, C, 0, 28, 0.0073, 59.77, 0.6012
20241203101148, CONL, 65, 20250321, P, 0, 17, 0.0069, 59.77, -0.3623
20241203101148, CONL, 66, 20250321, C, 0, 6, 0.0073, 59.77, 0.5948
20241203101148, CONL, 66, 20250321, P, 0, 0, 0.007, 59.77, -0.3684
20241203101148, CONL, 67, 20250321, C, 0, 5, 0.0073, 59.77, 0.5884
20241203101148, CONL, 67, 20250321, P, 0, 0, 0.007, 59.77, -0.3744
20241203101148, CONL, 68, 20250321, C, 0, 1, 0.0073, 59.77, 0.5822
20241203101148, CONL, 68, 20250321, P, 0, 0, 0.007, 59.77, -0.3804
20241203101148, CONL, 69, 20250321, C, 0, 7, 0.0073, 59.77, 0.5761
20241203101148, CONL, 69, 20250321, P, 0, 0, 0.007, 59.77, -0.3863
20241203101148, CONL, 70, 20250321, C, 0, 54, 0.0073, 59.77, 0.57
20241203101148, CONL, 70, 20250321, P, 0, 1, 0.0071, 59.77, -0.392
20241203101148, CONL, 71, 20250321, C, 0, 8, 0.0074, 59.77, 0.5641
20241203101148, CONL, 71, 20250321, P, 0, 0, 0.0071, 59.77, -0.3978
20241203101148, CONL, 72, 20250321, C, 0, 3, 0.0074, 59.77, 0.5583
20241203101148, CONL, 72, 20250321, P, 0, 0, 0.0071, 59.77, -0.4034
20241203101148, CONL, 73, 20250321, C, 0, 15, 0.0074, 59.77, 0.5525
20241203101148, CONL, 73, 20250321, P, 0, 0, 0.0071, 59.77, -0.4089
20241203101148, CONL, 74, 20250321, C, 0, 3, 0.0074, 59.77, 0.5468
20241203101148, CONL, 74, 20250321, P, 0, 0, 0.0071, 59.77, -0.4144
20241203101148, CONL, 75, 20250321, C, 0, 52, 0.0074, 59.77, 0.5412
20241203101148, CONL, 75, 20250321, P, 0, 10, 0.0071, 59.77, -0.4198
20241203101148, CONL, 76, 20250321, C, 0, 3, 0.0074, 59.77, 0.5357
20241203101148, CONL, 76, 20250321, P, 0, 0, 0.0071, 59.77, -0.4251
20241203101148, CONL, 77, 20250321, C, 0, 0, 0.0074, 59.77, 0.5303
20241203101148, CONL, 77, 20250321, P, 0, 0, 0.0071, 59.77, -0.4303
20241203101148, CONL, 78, 20250321, C, 0, 2, 0.0074, 59.77, 0.525
20241203101148, CONL, 78, 20250321, P, 0, 0, 0.0071, 59.77, -0.4355
20241203101148, CONL, 79, 20250321, C, 0, 9, 0.0074, 59.77, 0.5197
20241203101148, CONL, 79, 20250321, P, 0, 0, 0.0071, 59.77, -0.4406
20241203101148, CONL, 80, 20250321, C, 0, 123, 0.0074, 59.77, 0.5145
20241203101148, CONL, 80, 20250321, P, 0, 0, 0.0071, 59.77, -0.4456
20241203101148, CONL, 81, 20250321, C, 0, 11, 0.0074, 59.77, 0.5094
20241203101148, CONL, 81, 20250321, P, 0, 0, 0.0071, 59.77, -0.4505
20241203101148, CONL, 82, 20250321, C, 0, 9, 0.0073, 59.77, 0.5044
20241203101148, CONL, 82, 20250321, P, 0, 3, 0.0071, 59.77, -0.4554
20241203101148, CONL, 83, 20250321, C, 0, 2, 0.0073, 59.77, 0.4995
20241203101148, CONL, 83, 20250321, P, 0, 0, 0.0071, 59.77, -0.4602
20241203101148, CONL, 84, 20250321, C, 0, 1, 0.0073, 59.77, 0.4946
20241203101148, CONL, 84, 20250321, P, 0, 0, 0.0071, 59.77, -0.4649
20241203101148, CONL, 85, 20250321, C, 0, 55, 0.0073, 59.77, 0.4898
20241203101148, CONL, 85, 20250321, P, 0, 0, 0.0071, 59.77, -0.4696
20241203101148, CONL, 86, 20250321, C, 0, 3, 0.0073, 59.77, 0.4851
20241203101148, CONL, 86, 20250321, P, 0, 0, 0.0071, 59.77, -0.4742
20241203101148, CONL, 87, 20250321, C, 0, 9, 0.0073, 59.77, 0.4805
20241203101148, CONL, 87, 20250321, P, 0, 2, 0.0071, 59.77, -0.4787
20241203101148, CONL, 88, 20250321, C, 0, 2, 0.0073, 59.77, 0.4759
20241203101148, CONL, 88, 20250321, P, 0, 0, 0.0071, 59.77, -0.4832
20241203101148, CONL, 89, 20250321, C, 0, 10, 0.0073, 59.77, 0.4714
20241203101148, CONL, 89, 20250321, P, 0, 0, 0.0071, 59.77, -0.4876
20241203101148, CONL, 90, 20250321, C, 0, 176, 0.0072, 59.77, 0.467
20241203101148, CONL, 90, 20250321, P, 0, 3, 0.0071, 59.77, -0.4919
20241203101148, CONL, 95, 20250321, C, 0, 5, 0.0072, 59.77, 0.4457
20241203101148, CONL, 95, 20250321, P, 0, 0, 0.007, 59.77, -0.5127
20241203101148, CONL, 100, 20250321, C, 1, 44, 0.0071, 59.77, 0.4261
20241203101148, CONL, 100, 20250321, P, 0, 0, 0.007, 59.77, -0.532
20241203101148, CONL, 105, 20250321, C, 0, 57, 0.007, 59.77, 0.4079
20241203101148, CONL, 105, 20250321, P, 0, 0, 0.0069, 59.77, -0.55
20241203101148, CONL, 15, 20250620, C, 0, 23, 0.002, 59.77, 0.9605
20241203101148, CONL, 15, 20250620, P, 0, 10, 0.0012, 59.77, -0.0404
20241203101148, CONL, 19, 20250620, C, 0, 2, 0.0024, 59.77, 0.931
20241203101148, CONL, 19, 20250620, P, 0, 4, 0.0016, 59.77, -0.0597
20241203101148, CONL, 20, 20250620, C, 0, 48, 0.0025, 59.77, 0.9238
20241203101148, CONL, 20, 20250620, P, 0, 27, 0.0018, 59.77, -0.0648
20241203101148, CONL, 21, 20250620, C, 0, 2, 0.0026, 59.77, 0.9165
20241203101148, CONL, 21, 20250620, P, 0, 5, 0.0019, 59.77, -0.07
20241203101148, CONL, 22, 20250620, C, 0, 1, 0.0027, 59.77, 0.9092
20241203101148, CONL, 22, 20250620, P, 0, 11, 0.002, 59.77, -0.0752
20241203101148, CONL, 23, 20250620, C, 0, 8, 0.0028, 59.77, 0.9019
20241203101148, CONL, 23, 20250620, P, 0, 14, 0.0021, 59.77, -0.0806
20241203101148, CONL, 24, 20250620, C, 0, 26, 0.0029, 59.77, 0.8949
20241203101148, CONL, 24, 20250620, P, 0, 4, 0.0022, 59.77, -0.086
20241203101148, CONL, 25, 20250620, C, 0, 48, 0.003, 59.77, 0.8879
20241203101148, CONL, 25, 20250620, P, 0, 30, 0.0023, 59.77, -0.0914
20241203101148, CONL, 26, 20250620, C, 0, 1, 0.0031, 59.77, 0.8808
20241203101148, CONL, 26, 20250620, P, 0, 0, 0.0024, 59.77, -0.0968
20241203101148, CONL, 27, 20250620, C, 0, 0, 0.0031, 59.77, 0.8739
20241203101148, CONL, 27, 20250620, P, 0, 1, 0.0025, 59.77, -0.1023
20241203101148, CONL, 28, 20250620, C, 0, 203, 0.0032, 59.77, 0.867
20241203101148, CONL, 28, 20250620, P, 0, 2, 0.0026, 59.77, -0.1078
20241203101148, CONL, 29, 20250620, C, 0, 2, 0.0033, 59.77, 0.8602
20241203101148, CONL, 29, 20250620, P, 0, 2, 0.0027, 59.77, -0.1133
20241203101148, CONL, 30, 20250620, C, 0, 21, 0.0034, 59.77, 0.8534
20241203101148, CONL, 30, 20250620, P, 0, 24, 0.0028, 59.77, -0.1188
20241203101148, CONL, 31, 20250620, C, 0, 8, 0.0034, 59.77, 0.8468
20241203101148, CONL, 31, 20250620, P, 0, 2, 0.0029, 59.77, -0.1244
20241203101148, CONL, 32, 20250620, C, 0, 1, 0.0035, 59.77, 0.8401
20241203101148, CONL, 32, 20250620, P, 0, 2, 0.003, 59.77, -0.1299
20241203101148, CONL, 33, 20250620, C, 0, 2, 0.0036, 59.77, 0.8336
20241203101148, CONL, 33, 20250620, P, 0, 1, 0.003, 59.77, -0.1354
20241203101148, CONL, 34, 20250620, C, 0, 0, 0.0037, 59.77, 0.8271
20241203101148, CONL, 34, 20250620, P, 0, 1, 0.0031, 59.77, -0.1408
20241203101148, CONL, 35, 20250620, C, 0, 6, 0.0037, 59.77, 0.8206
20241203101148, CONL, 35, 20250620, P, 2, 4, 0.0032, 59.77, -0.1463
20241203101148, CONL, 36, 20250620, C, 0, 1, 0.0038, 59.77, 0.8143
20241203101148, CONL, 36, 20250620, P, 0, 0, 0.0033, 59.77, -0.1517
20241203101148, CONL, 37, 20250620, C, 0, 1, 0.0039, 59.77, 0.808
20241203101148, CONL, 37, 20250620, P, 0, 0, 0.0034, 59.77, -0.1571
20241203101148, CONL, 38, 20250620, C, 0, 2, 0.0039, 59.77, 0.8018
20241203101148, CONL, 38, 20250620, P, 0, 2, 0.0034, 59.77, -0.1625
20241203101148, CONL, 39, 20250620, C, 0, 42, 0.004, 59.77, 0.7956
20241203101148, CONL, 39, 20250620, P, 0, 0, 0.0035, 59.77, -0.1679
20241203101148, CONL, 40, 20250620, C, 0, 54, 0.004, 59.77, 0.7896
20241203101148, CONL, 40, 20250620, P, 0, 253, 0.0036, 59.77, -0.1732
20241203101148, CONL, 41, 20250620, C, 0, 3, 0.0041, 59.77, 0.7835
20241203101148, CONL, 41, 20250620, P, 0, 0, 0.0036, 59.77, -0.1785
20241203101148, CONL, 42, 20250620, C, 0, 0, 0.0042, 59.77, 0.7776
20241203101148, CONL, 42, 20250620, P, 0, 1, 0.0037, 59.77, -0.1837
20241203101148, CONL, 43, 20250620, C, 0, 1, 0.0042, 59.77, 0.7717
20241203101148, CONL, 43, 20250620, P, 0, 1, 0.0038, 59.77, -0.1889
20241203101148, CONL, 44, 20250620, C, 0, 3, 0.0043, 59.77, 0.766
20241203101148, CONL, 44, 20250620, P, 0, 5, 0.0038, 59.77, -0.1941
20241203101148, CONL, 45, 20250620, C, 0, 60, 0.0043, 59.77, 0.7602
20241203101148, CONL, 45, 20250620, P, 0, 12, 0.0039, 59.77, -0.1992
20241203101148, CONL, 46, 20250620, C, 0, 0, 0.0044, 59.77, 0.7546
20241203101148, CONL, 46, 20250620, P, 0, 1, 0.0039, 59.77, -0.2043
20241203101148, CONL, 47, 20250620, C, 0, 4, 0.0044, 59.77, 0.749
20241203101148, CONL, 47, 20250620, P, 0, 1, 0.004, 59.77, -0.2093
20241203101148, CONL, 48, 20250620, C, 0, 1, 0.0044, 59.77, 0.7434
20241203101148, CONL, 48, 20250620, P, 0, 0, 0.004, 59.77, -0.2143
20241203101148, CONL, 49, 20250620, C, 0, 1, 0.0045, 59.77, 0.738
20241203101148, CONL, 49, 20250620, P, 0, 0, 0.0041, 59.77, -0.2193
20241203101148, CONL, 50, 20250620, C, 0, 52, 0.0045, 59.77, 0.7326
20241203101148, CONL, 50, 20250620, P, 0, 7, 0.0041, 59.77, -0.2242
20241203101148, CONL, 51, 20250620, C, 0, 1334, 0.0046, 59.77, 0.7272
20241203101148, CONL, 51, 20250620, P, 0, 0, 0.0042, 59.77, -0.229
20241203101148, CONL, 52, 20250620, C, 8, 10, 0.0046, 59.77, 0.722
20241203101148, CONL, 52, 20250620, P, 0, 0, 0.0042, 59.77, -0.2338
20241203101148, CONL, 53, 20250620, C, 0, 4, 0.0046, 59.77, 0.7168
20241203101148, CONL, 53, 20250620, P, 0, 0, 0.0043, 59.77, -0.2386
20241203101148, CONL, 54, 20250620, C, 0, 15, 0.0047, 59.77, 0.7116
20241203101148, CONL, 54, 20250620, P, 0, 2, 0.0043, 59.77, -0.2433
20241203101148, CONL, 55, 20250620, C, 0, 67, 0.0047, 59.77, 0.7066
20241203101148, CONL, 55, 20250620, P, 0, 0, 0.0044, 59.77, -0.248
20241203101148, CONL, 56, 20250620, C, 0, 1422, 0.0048, 59.77, 0.7016
20241203101148, CONL, 56, 20250620, P, 0, 3, 0.0044, 59.77, -0.2526
20241203101148, CONL, 57, 20250620, C, 0, 16, 0.0048, 59.77, 0.6966
20241203101148, CONL, 57, 20250620, P, 0, 0, 0.0044, 59.77, -0.2572
20241203101148, CONL, 58, 20250620, C, 0, 4, 0.0048, 59.77, 0.6917
20241203101148, CONL, 58, 20250620, P, 0, 1, 0.0045, 59.77, -0.2618
20241203101148, CONL, 59, 20250620, C, 0, 0, 0.0048, 59.77, 0.6869
20241203101148, CONL, 59, 20250620, P, 0, 0, 0.0045, 59.77, -0.2663
20241203101148, CONL, 60, 20250620, C, 44, 83, 0.0049, 59.77, 0.6821
20241203101148, CONL, 60, 20250620, P, 0, 13, 0.0046, 59.77, -0.2707
20241203101148, CONL, 61, 20250620, C, 0, 3, 0.0049, 59.77, 0.6774
20241203101148, CONL, 61, 20250620, P, 0, 0, 0.0046, 59.77, -0.2751
20241203101148, CONL, 62, 20250620, C, 0, 2, 0.0049, 59.77, 0.6727
20241203101148, CONL, 62, 20250620, P, 0, 0, 0.0046, 59.77, -0.2795
20241203101148, CONL, 63, 20250620, C, 0, 1, 0.0049, 59.77, 0.6681
20241203101148, CONL, 63, 20250620, P, 0, 0, 0.0046, 59.77, -0.2838
20241203101148, CONL, 64, 20250620, C, 0, 3, 0.005, 59.77, 0.6636
20241203101148, CONL, 64, 20250620, P, 0, 0, 0.0047, 59.77, -0.2881
20241203101148, CONL, 65, 20250620, C, 0, 48, 0.005, 59.77, 0.6591
20241203101148, CONL, 65, 20250620, P, 0, 0, 0.0047, 59.77, -0.2923
20241203101148, CONL, 66, 20250620, C, 0, 4, 0.005, 59.77, 0.6546
20241203101148, CONL, 66, 20250620, P, 0, 0, 0.0047, 59.77, -0.2965
20241203101148, CONL, 67, 20250620, C, 0, 4, 0.005, 59.77, 0.6503
20241203101148, CONL, 67, 20250620, P, 0, 0, 0.0048, 59.77, -0.3006
20241203101148, CONL, 68, 20250620, C, 0, 2, 0.005, 59.77, 0.6459
20241203101148, CONL, 68, 20250620, P, 0, 0, 0.0048, 59.77, -0.3047
20241203101148, CONL, 69, 20250620, C, 0, 0, 0.0051, 59.77, 0.6417
20241203101148, CONL, 69, 20250620, P, 0, 0, 0.0048, 59.77, -0.3088
20241203101148, CONL, 70, 20250620, C, 0, 16, 0.0051, 59.77, 0.6374
20241203101148, CONL, 70, 20250620, P, 0, 0, 0.0048, 59.77, -0.3128
20241203101148, CONL, 71, 20250620, C, 0, 0, 0.0051, 59.77, 0.6333
20241203101148, CONL, 71, 20250620, P, 0, 0, 0.0048, 59.77, -0.3168
20241203101148, CONL, 72, 20250620, C, 0, 0, 0.0051, 59.77, 0.6291
20241203101148, CONL, 72, 20250620, P, 0, 0, 0.0049, 59.77, -0.3207
20241203101148, CONL, 73, 20250620, C, 0, 0, 0.0051, 59.77, 0.625
20241203101148, CONL, 73, 20250620, P, 0, 0, 0.0049, 59.77, -0.3246
20241203101148, CONL, 74, 20250620, C, 0, 5, 0.0051, 59.77, 0.621
20241203101148, CONL, 74, 20250620, P, 0, 0, 0.0049, 59.77, -0.3284
20241203101148, CONL, 75, 20250620, C, 0, 2, 0.0052, 59.77, 0.617
20241203101148, CONL, 75, 20250620, P, 0, 0, 0.0049, 59.77, -0.3322
20241203101148, CONL, 76, 20250620, C, 0, 3, 0.0052, 59.77, 0.6131
20241203101148, CONL, 76, 20250620, P, 0, 0, 0.005, 59.77, -0.336
20241203101148, CONL, 77, 20250620, C, 0, 0, 0.0052, 59.77, 0.6092
20241203101148, CONL, 77, 20250620, P, 0, 0, 0.005, 59.77, -0.3397
20241203101148, CONL, 78, 20250620, C, 0, 0, 0.0052, 59.77, 0.6053
20241203101148, CONL, 78, 20250620, P, 0, 0, 0.005, 59.77, -0.3434
20241203101148, CONL, 79, 20250620, C, 0, 0, 0.0052, 59.77, 0.6015
20241203101148, CONL, 79, 20250620, P, 0, 0, 0.005, 59.77, -0.3471
20241203101148, CONL, 80, 20250620, C, 0, 5, 0.0052, 59.77, 0.5978
20241203101148, CONL, 80, 20250620, P, 0, 0, 0.005, 59.77, -0.3507
20241203101148, CONL, 81, 20250620, C, 0, 10, 0.0052, 59.77, 0.5941
20241203101148, CONL, 81, 20250620, P, 0, 0, 0.005, 59.77, -0.3543
20241203101148, CONL, 85, 20250620, C, 0, 9, 0.0052, 59.77, 0.5796
20241203101148, CONL, 85, 20250620, P, 0, 0, 0.0051, 59.77, -0.3683
20241203101148, CONL, 90, 20250620, C, 0, 3, 0.0053, 59.77, 0.5625
20241203101148, CONL, 90, 20250620, P, 0, 0, 0.0052, 59.77, -0.385
20241203101148, CONL, 95, 20250620, C, 0, 13, 0.0053, 59.77, 0.5462
20241203101148, CONL, 95, 20250620, P, 0, 0, 0.0052, 59.77, -0.4009
20241203101148, CONL, 100, 20250620, C, 0, 6, 0.0053, 59.77, 0.5308
20241203101148, CONL, 100, 20250620, P, 0, 0, 0.0052, 59.77, -0.4161
20241203101148, CONL, 105, 20250620, C, 48, 92, 0.0053, 59.77, 0.5163
20241203101148, CONL, 105, 20250620, P, 0, 0, 0.0053, 59.77, -0.4305
20241203101148, CONL, 12, 20260116, C, 0, 24, 0.0016, 59.77, 0.9551
20241203101148, CONL, 12, 20260116, P, 0, 130, 0.0008, 59.77, -0.0349
20241203101148, CONL, 13, 20260116, C, 0, 1, 0.0016, 59.77, 0.9479
20241203101148, CONL, 13, 20260116, P, 0, 20, 0.0008, 59.77, -0.0386
20241203101148, CONL, 14, 20260116, C, 0, 0, 0.0017, 59.77, 0.9406
20241203101148, CONL, 14, 20260116, P, 0, 1, 0.0009, 59.77, -0.0424
20241203101148, CONL, 15, 20260116, C, 0, 27, 0.0017, 59.77, 0.9337
20241203101148, CONL, 15, 20260116, P, 0, 107, 0.001, 59.77, -0.0462
20241203101148, CONL, 16, 20260116, C, 0, 11, 0.0018, 59.77, 0.9271
20241203101148, CONL, 16, 20260116, P, 0, 0, 0.001, 59.77, -0.0501
20241203101148, CONL, 17, 20260116, C, 0, 0, 0.0018, 59.77, 0.9205
20241203101148, CONL, 17, 20260116, P, 0, 1, 0.0011, 59.77, -0.0539
20241203101148, CONL, 18, 20260116, C, 0, 63, 0.0019, 59.77, 0.9142
20241203101148, CONL, 18, 20260116, P, 0, 2, 0.0012, 59.77, -0.0578
20241203101148, CONL, 19, 20260116, C, 0, 1, 0.0019, 59.77, 0.908
20241203101148, CONL, 19, 20260116, P, 0, 0, 0.0012, 59.77, -0.0616
20241203101148, CONL, 20, 20260116, C, 0, 2, 0.002, 59.77, 0.9022
20241203101148, CONL, 20, 20260116, P, 0, 19, 0.0013, 59.77, -0.0655
20241203101148, CONL, 21, 20260116, C, 0, 1, 0.002, 59.77, 0.8964
20241203101148, CONL, 21, 20260116, P, 0, 3, 0.0013, 59.77, -0.0693
20241203101148, CONL, 22, 20260116, C, 0, 3, 0.0021, 59.77, 0.8906
20241203101148, CONL, 22, 20260116, P, 0, 4, 0.0014, 59.77, -0.0732
20241203101148, CONL, 23, 20260116, C, 0, 11, 0.0021, 59.77, 0.8849
20241203101148, CONL, 23, 20260116, P, 0, 7, 0.0014, 59.77, -0.077
20241203101148, CONL, 24, 20260116, C, 0, 4, 0.0022, 59.77, 0.8794
20241203101148, CONL, 24, 20260116, P, 0, 1, 0.0015, 59.77, -0.0808
20241203101148, CONL, 25, 20260116, C, 0, 8, 0.0022, 59.77, 0.8741
20241203101148, CONL, 25, 20260116, P, 0, 34, 0.0016, 59.77, -0.0845
20241203101148, CONL, 26, 20260116, C, 0, 0, 0.0022, 59.77, 0.8689
20241203101148, CONL, 26, 20260116, P, 0, 0, 0.0016, 59.77, -0.0883
20241203101148, CONL, 27, 20260116, C, 0, 2, 0.0023, 59.77, 0.8638
20241203101148, CONL, 27, 20260116, P, 0, 1, 0.0017, 59.77, -0.092
20241203101148, CONL, 28, 20260116, C, 0, 1, 0.0023, 59.77, 0.8587
20241203101148, CONL, 28, 20260116, P, 0, 0, 0.0017, 59.77, -0.0957
20241203101148, CONL, 29, 20260116, C, 0, 3, 0.0024, 59.77, 0.8538
20241203101148, CONL, 29, 20260116, P, 0, 0, 0.0018, 59.77, -0.0994
20241203101148, CONL, 30, 20260116, C, 0, 12, 0.0024, 59.77, 0.8489
20241203101148, CONL, 30, 20260116, P, 0, 3, 0.0018, 59.77, -0.1031
20241203101148, CONL, 31, 20260116, C, 0, 6, 0.0024, 59.77, 0.8441
20241203101148, CONL, 31, 20260116, P, 0, 10, 0.0019, 59.77, -0.1067
20241203101148, CONL, 32, 20260116, C, 0, 0, 0.0024, 59.77, 0.8394
20241203101148, CONL, 32, 20260116, P, 0, 10, 0.0019, 59.77, -0.1103
20241203101148, CONL, 33, 20260116, C, 0, 3, 0.0025, 59.77, 0.8348
20241203101148, CONL, 33, 20260116, P, 0, 0, 0.002, 59.77, -0.1138
20241203101148, CONL, 34, 20260116, C, 0, 1, 0.0025, 59.77, 0.8303
20241203101148, CONL, 34, 20260116, P, 0, 10, 0.002, 59.77, -0.1174
20241203101148, CONL, 35, 20260116, C, 0, 8, 0.0026, 59.77, 0.8259
20241203101148, CONL, 35, 20260116, P, 0, 25, 0.002, 59.77, -0.1209
20241203101148, CONL, 36, 20260116, C, 0, 0, 0.0026, 59.77, 0.8215
20241203101148, CONL, 36, 20260116, P, 0, 0, 0.0021, 59.77, -0.1244
20241203101148, CONL, 37, 20260116, C, 0, 0, 0.0026, 59.77, 0.8172
20241203101148, CONL, 37, 20260116, P, 0, 0, 0.0021, 59.77, -0.1278
20241203101148, CONL, 38, 20260116, C, 0, 10, 0.0026, 59.77, 0.813
20241203101148, CONL, 38, 20260116, P, 0, 2, 0.0022, 59.77, -0.1312
20241203101148, CONL, 39, 20260116, C, 0, 0, 0.0027, 59.77, 0.8088
20241203101148, CONL, 39, 20260116, P, 0, 0, 0.0022, 59.77, -0.1346
20241203101148, CONL, 40, 20260116, C, 0, 24, 0.0027, 59.77, 0.8047
20241203101148, CONL, 40, 20260116, P, 0, 6, 0.0022, 59.77, -0.138
20241203101148, CONL, 41, 20260116, C, 0, 0, 0.0027, 59.77, 0.8006
20241203101148, CONL, 41, 20260116, P, 0, 0, 0.0023, 59.77, -0.1413
20241203101148, CONL, 42, 20260116, C, 0, 0, 0.0028, 59.77, 0.7966
20241203101148, CONL, 42, 20260116, P, 0, 7, 0.0023, 59.77, -0.1446
20241203101148, CONL, 43, 20260116, C, 0, 53, 0.0028, 59.77, 0.7927
20241203101148, CONL, 43, 20260116, P, 0, 0, 0.0023, 59.77, -0.1479
20241203101148, CONL, 44, 20260116, C, 0, 0, 0.0028, 59.77, 0.7889
20241203101148, CONL, 44, 20260116, P, 0, 0, 0.0024, 59.77, -0.1512
20241203101148, CONL, 45, 20260116, C, 0, 4, 0.0028, 59.77, 0.785
20241203101148, CONL, 45, 20260116, P, 0, 12, 0.0024, 59.77, -0.1544
20241203101148, CONL, 46, 20260116, C, 0, 1, 0.0029, 59.77, 0.7813
20241203101148, CONL, 46, 20260116, P, 0, 0, 0.0024, 59.77, -0.1576
20241203101148, CONL, 47, 20260116, C, 0, 0, 0.0029, 59.77, 0.7775
20241203101148, CONL, 47, 20260116, P, 0, 0, 0.0025, 59.77, -0.1607
20241203101148, CONL, 48, 20260116, C, 0, 1, 0.0029, 59.77, 0.7739
20241203101148, CONL, 48, 20260116, P, 0, 0, 0.0025, 59.77, -0.1638
20241203101148, CONL, 49, 20260116, C, 0, 3, 0.0029, 59.77, 0.7702
20241203101148, CONL, 49, 20260116, P, 0, 0, 0.0025, 59.77, -0.1669
20241203101148, CONL, 50, 20260116, C, 0, 158, 0.003, 59.77, 0.7667
20241203101148, CONL, 50, 20260116, P, 0, 8, 0.0026, 59.77, -0.17
20241203101148, CONL, 51, 20260116, C, 0, 3, 0.003, 59.77, 0.7632
20241203101148, CONL, 51, 20260116, P, 0, 0, 0.0026, 59.77, -0.1731
20241203101148, CONL, 52, 20260116, C, 0, 4, 0.003, 59.77, 0.7597
20241203101148, CONL, 52, 20260116, P, 0, 0, 0.0026, 59.77, -0.1761
20241203101148, CONL, 53, 20260116, C, 0, 0, 0.003, 59.77, 0.7563
20241203101148, CONL, 53, 20260116, P, 0, 10, 0.0026, 59.77, -0.1791
20241203101148, CONL, 54, 20260116, C, 0, 10, 0.003, 59.77, 0.7529
20241203101148, CONL, 54, 20260116, P, 0, 0, 0.0027, 59.77, -0.1821
20241203101148, CONL, 55, 20260116, C, 0, 8, 0.0031, 59.77, 0.7496
20241203101148, CONL, 55, 20260116, P, 0, 3, 0.0027, 59.77, -0.185
20241203101148, CONL, 56, 20260116, C, 0, 15, 0.0031, 59.77, 0.7462
20241203101148, CONL, 56, 20260116, P, 0, 0, 0.0027, 59.77, -0.188
20241203101148, CONL, 57, 20260116, C, 0, 1, 0.0031, 59.77, 0.743
20241203101148, CONL, 57, 20260116, P, 0, 0, 0.0028, 59.77, -0.1909
20241203101148, CONL, 58, 20260116, C, 0, 5, 0.0031, 59.77, 0.7398
20241203101148, CONL, 58, 20260116, P, 0, 0, 0.0028, 59.77, -0.1938
20241203101148, CONL, 59, 20260116, C, 0, 0, 0.0031, 59.77, 0.7366
20241203101148, CONL, 59, 20260116, P, 0, 0, 0.0028, 59.77, -0.1966
20241203101148, CONL, 60, 20260116, C, 0, 15, 0.0032, 59.77, 0.7334
20241203101148, CONL, 60, 20260116, P, 0, 1, 0.0028, 59.77, -0.1994
20241203101148, CONL, 61, 20260116, C, 0, 1, 0.0032, 59.77, 0.7303
20241203101148, CONL, 61, 20260116, P, 0, 0, 0.0029, 59.77, -0.2022
20241203101148, CONL, 62, 20260116, C, 0, 2, 0.0032, 59.77, 0.7272
20241203101148, CONL, 62, 20260116, P, 0, 0, 0.0029, 59.77, -0.205
20241203101148, CONL, 63, 20260116, C, 0, 1, 0.0032, 59.77, 0.7241
20241203101148, CONL, 63, 20260116, P, 0, 0, 0.0029, 59.77, -0.2078
20241203101148, CONL, 64, 20260116, C, 0, 0, 0.0032, 59.77, 0.7211
20241203101148, CONL, 64, 20260116, P, 0, 0, 0.0029, 59.77, -0.2105
20241203101148, CONL, 65, 20260116, C, 0, 42, 0.0032, 59.77, 0.7182
20241203101148, CONL, 65, 20260116, P, 0, 10, 0.003, 59.77, -0.2132
20241203101148, CONL, 66, 20260116, C, 0, 0, 0.0032, 59.77, 0.7152
20241203101148, CONL, 66, 20260116, P, 0, 0, 0.003, 59.77, -0.2159
20241203101148, CONL, 67, 20260116, C, 0, 0, 0.0033, 59.77, 0.7123
20241203101148, CONL, 67, 20260116, P, 0, 0, 0.003, 59.77, -0.2186
20241203101148, CONL, 68, 20260116, C, 0, 3, 0.0033, 59.77, 0.7094
20241203101148, CONL, 68, 20260116, P, 0, 0, 0.003, 59.77, -0.2212
20241203101148, CONL, 69, 20260116, C, 0, 0, 0.0033, 59.77, 0.7066
20241203101148, CONL, 69, 20260116, P, 0, 0, 0.003, 59.77, -0.2239
20241203101148, CONL, 70, 20260116, C, 0, 1, 0.0033, 59.77, 0.7038
20241203101148, CONL, 70, 20260116, P, 0, 0, 0.0031, 59.77, -0.2265
20241203101148, CONL, 71, 20260116, C, 0, 0, 0.0033, 59.77, 0.701
20241203101148, CONL, 71, 20260116, P, 0, 0, 0.0031, 59.77, -0.2291
20241203101148, CONL, 72, 20260116, C, 0, 0, 0.0033, 59.77, 0.6983
20241203101148, CONL, 72, 20260116, P, 0, 0, 0.0031, 59.77, -0.2316
20241203101148, CONL, 73, 20260116, C, 0, 0, 0.0033, 59.77, 0.6955
20241203101148, CONL, 73, 20260116, P, 0, 0, 0.0031, 59.77, -0.2342
20241203101148, CONL, 74, 20260116, C, 0, 1, 0.0034, 59.77, 0.6928
20241203101148, CONL, 74, 20260116, P, 0, 0, 0.0031, 59.77, -0.2367
20241203101148, CONL, 75, 20260116, C, 0, 2, 0.0034, 59.77, 0.6901
20241203101148, CONL, 75, 20260116, P, 0, 0, 0.0032, 59.77, -0.2392
20241203101148, CONL, 76, 20260116, C, 0, 0, 0.0034, 59.77, 0.6875
20241203101148, CONL, 76, 20260116, P, 0, 0, 0.0032, 59.77, -0.2417
20241203101148, CONL, 77, 20260116, C, 0, 0, 0.0034, 59.77, 0.6848
20241203101148, CONL, 77, 20260116, P, 0, 0, 0.0032, 59.77, -0.2442
20241203101148, CONL, 78, 20260116, C, 0, 0, 0.0034, 59.77, 0.6822
20241203101148, CONL, 78, 20260116, P, 0, 0, 0.0032, 59.77, -0.2466
20241203101148, CONL, 79, 20260116, C, 0, 0, 0.0034, 59.77, 0.6797
20241203101148, CONL, 79, 20260116, P, 0, 0, 0.0032, 59.77, -0.2491
20241203101148, CONL, 80, 20260116, C, 0, 1, 0.0034, 59.77, 0.6771
20241203101148, CONL, 80, 20260116, P, 0, 0, 0.0033, 59.77, -0.2515
20241203101148, CONL, 85, 20260116, C, 0, 1, 0.0035, 59.77, 0.6647
20241203101148, CONL, 85, 20260116, P, 0, 0, 0.0033, 59.77, -0.2633
20241203101148, CONL, 90, 20260116, C, 0, 1, 0.0035, 59.77, 0.6529
20241203101148, CONL, 90, 20260116, P, 0, 0, 0.0034, 59.77, -0.2747
20241203101148, CONL, 95, 20260116, C, 0, 9, 0.0036, 59.77, 0.6416
20241203101148, CONL, 95, 20260116, P, 0, 0, 0.0035, 59.77, -0.2858
20241203101148, CONL, 100, 20260116, C, 0, 21, 0.0036, 59.77, 0.6308
20241203101148, CONL, 100, 20260116, P, 0, 0, 0.0036, 59.77, -0.2965
20241203101148, CONL, 105, 20260116, C, 0, 89, 0.0036, 59.77, 0.6204
20241203101148, CONL, 105, 20260116, P, 0, 0, 0.0036, 59.77, -0.3068
20241203101148, CONL, 15, 20260618, C, 0, 26, 0.0016, 59.77, 0.9265
20241203101148, CONL, 15, 20260618, P, 0, 0, 0.0008, 59.77, -0.0435
20241203101148, CONL, 20, 20260618, C, 0, 13, 0.0017, 59.77, 0.8977
20241203101148, CONL, 20, 20260618, P, 0, 21, 0.001, 59.77, -0.0593
20241203101148, CONL, 21, 20260618, C, 0, 0, 0.0018, 59.77, 0.8926
20241203101148, CONL, 21, 20260618, P, 0, 0, 0.0011, 59.77, -0.0624
20241203101148, CONL, 22, 20260618, C, 0, 0, 0.0018, 59.77, 0.8876
20241203101148, CONL, 22, 20260618, P, 0, 0, 0.0011, 59.77, -0.0654
20241203101148, CONL, 23, 20260618, C, 0, 0, 0.0018, 59.77, 0.8826
20241203101148, CONL, 23, 20260618, P, 0, 0, 0.0011, 59.77, -0.0685
20241203101148, CONL, 24, 20260618, C, 0, 0, 0.0018, 59.77, 0.8778
20241203101148, CONL, 24, 20260618, P, 0, 0, 0.0012, 59.77, -0.0715
20241203101148, CONL, 25, 20260618, C, 0, 1, 0.0019, 59.77, 0.8732
20241203101148, CONL, 25, 20260618, P, 0, 2, 0.0012, 59.77, -0.0745
20241203101148, CONL, 26, 20260618, C, 0, 2, 0.0019, 59.77, 0.8687
20241203101148, CONL, 26, 20260618, P, 0, 0, 0.0013, 59.77, -0.0775
20241203101148, CONL, 27, 20260618, C, 0, 0, 0.0019, 59.77, 0.8643
20241203101148, CONL, 27, 20260618, P, 0, 0, 0.0013, 59.77, -0.0804
20241203101148, CONL, 28, 20260618, C, 0, 0, 0.002, 59.77, 0.86
20241203101148, CONL, 28, 20260618, P, 0, 0, 0.0013, 59.77, -0.0834
20241203101148, CONL, 29, 20260618, C, 0, 0, 0.002, 59.77, 0.8559
20241203101148, CONL, 29, 20260618, P, 0, 0, 0.0014, 59.77, -0.0862
20241203101148, CONL, 30, 20260618, C, 0, 0, 0.002, 59.77, 0.8518
20241203101148, CONL, 30, 20260618, P, 0, 0, 0.0014, 59.77, -0.0891
20241203101148, CONL, 31, 20260618, C, 0, 0, 0.002, 59.77, 0.8478
20241203101148, CONL, 31, 20260618, P, 0, 0, 0.0014, 59.77, -0.092
20241203101148, CONL, 32, 20260618, C, 0, 1, 0.002, 59.77, 0.8438
20241203101148, CONL, 32, 20260618, P, 0, 0, 0.0015, 59.77, -0.0948
20241203101148, CONL, 33, 20260618, C, 0, 0, 0.0021, 59.77, 0.8399
20241203101148, CONL, 33, 20260618, P, 0, 1, 0.0015, 59.77, -0.0976
20241203101148, CONL, 34, 20260618, C, 0, 2, 0.0021, 59.77, 0.8361
20241203101148, CONL, 34, 20260618, P, 0, 0, 0.0015, 59.77, -0.1004
20241203101148, CONL, 35, 20260618, C, 0, 3, 0.0021, 59.77, 0.8323
20241203101148, CONL, 35, 20260618, P, 0, 10, 0.0016, 59.77, -0.1031
20241203101148, CONL, 36, 20260618, C, 0, 0, 0.0021, 59.77, 0.8287
20241203101148, CONL, 36, 20260618, P, 0, 0, 0.0016, 59.77, -0.1058
20241203101148, CONL, 37, 20260618, C, 0, 0, 0.0022, 59.77, 0.8251
20241203101148, CONL, 37, 20260618, P, 0, 0, 0.0016, 59.77, -0.1085
20241203101148, CONL, 38, 20260618, C, 0, 0, 0.0022, 59.77, 0.8216
20241203101148, CONL, 38, 20260618, P, 0, 0, 0.0017, 59.77, -0.1112
20241203101148, CONL, 39, 20260618, C, 0, 0, 0.0022, 59.77, 0.8181
20241203101148, CONL, 39, 20260618, P, 0, 1, 0.0017, 59.77, -0.1139
20241203101148, CONL, 40, 20260618, C, 0, 16, 0.0022, 59.77, 0.8147
20241203101148, CONL, 40, 20260618, P, 0, 1, 0.0017, 59.77, -0.1165
20241203101148, CONL, 41, 20260618, C, 0, 2, 0.0022, 59.77, 0.8114
20241203101148, CONL, 41, 20260618, P, 0, 0, 0.0018, 59.77, -0.1191
20241203101148, CONL, 42, 20260618, C, 0, 0, 0.0022, 59.77, 0.8081
20241203101148, CONL, 42, 20260618, P, 0, 0, 0.0018, 59.77, -0.1217
20241203101148, CONL, 43, 20260618, C, 0, 0, 0.0023, 59.77, 0.8049
20241203101148, CONL, 43, 20260618, P, 0, 1, 0.0018, 59.77, -0.1242
20241203101148, CONL, 44, 20260618, C, 0, 0, 0.0023, 59.77, 0.8017
20241203101148, CONL, 44, 20260618, P, 0, 0, 0.0018, 59.77, -0.1268
20241203101148, CONL, 45, 20260618, C, 0, 0, 0.0023, 59.77, 0.7985
20241203101148, CONL, 45, 20260618, P, 0, 1, 0.0019, 59.77, -0.1293
20241203101148, CONL, 46, 20260618, C, 0, 0, 0.0023, 59.77, 0.7954
20241203101148, CONL, 46, 20260618, P, 0, 0, 0.0019, 59.77, -0.1318
20241203101148, CONL, 47, 20260618, C, 0, 0, 0.0023, 59.77, 0.7923
20241203101148, CONL, 47, 20260618, P, 0, 0, 0.0019, 59.77, -0.1343
20241203101148, CONL, 48, 20260618, C, 0, 0, 0.0024, 59.77, 0.7893
20241203101148, CONL, 48, 20260618, P, 0, 0, 0.0019, 59.77, -0.1368
20241203101148, CONL, 49, 20260618, C, 0, 0, 0.0024, 59.77, 0.7863
20241203101148, CONL, 49, 20260618, P, 0, 0, 0.002, 59.77, -0.1392
20241203101148, CONL, 50, 20260618, C, 0, 5, 0.0024, 59.77, 0.7834
20241203101148, CONL, 50, 20260618, P, 0, 0, 0.002, 59.77, -0.1416
20241203101148, CONL, 51, 20260618, C, 0, 0, 0.0024, 59.77, 0.7805
20241203101148, CONL, 51, 20260618, P, 0, 0, 0.002, 59.77, -0.144
20241203101148, CONL, 52, 20260618, C, 0, 0, 0.0024, 59.77, 0.7776
20241203101148, CONL, 52, 20260618, P, 0, 0, 0.002, 59.77, -0.1464
20241203101148, CONL, 53, 20260618, C, 0, 0, 0.0024, 59.77, 0.7748
20241203101148, CONL, 53, 20260618, P, 0, 0, 0.002, 59.77, -0.1488
20241203101148, CONL, 54, 20260618, C, 0, 0, 0.0024, 59.77, 0.772
20241203101148, CONL, 54, 20260618, P, 0, 0, 0.0021, 59.77, -0.1511
20241203101148, CONL, 55, 20260618, C, 0, 0, 0.0025, 59.77, 0.7693
20241203101148, CONL, 55, 20260618, P, 0, 0, 0.0021, 59.77, -0.1534
20241203101148, CONL, 56, 20260618, C, 0, 0, 0.0025, 59.77, 0.7666
20241203101148, CONL, 56, 20260618, P, 0, 0, 0.0021, 59.77, -0.1558
20241203101148, CONL, 57, 20260618, C, 0, 1, 0.0025, 59.77, 0.7639
20241203101148, CONL, 57, 20260618, P, 0, 0, 0.0022, 59.77, -0.158
20241203101148, CONL, 58, 20260618, C, 0, 0, 0.0025, 59.77, 0.7612
20241203101148, CONL, 58, 20260618, P, 0, 0, 0.0022, 59.77, -0.1603
20241203101148, CONL, 59, 20260618, C, 0, 0, 0.0025, 59.77, 0.7587
20241203101148, CONL, 59, 20260618, P, 0, 0, 0.0022, 59.77, -0.1626
20241203101148, CONL, 60, 20260618, C, 7, 11, 0.0025, 59.77, 0.7561
20241203101148, CONL, 60, 20260618, P, 0, 0, 0.0022, 59.77, -0.1648
20241203101148, CONL, 61, 20260618, C, 0, 0, 0.0026, 59.77, 0.7535
20241203101148, CONL, 61, 20260618, P, 0, 0, 0.0022, 59.77, -0.167
20241203101148, CONL, 62, 20260618, C, 0, 1, 0.0026, 59.77, 0.751
20241203101148, CONL, 62, 20260618, P, 0, 0, 0.0022, 59.77, -0.1693
20241203101148, CONL, 63, 20260618, C, 0, 1, 0.0026, 59.77, 0.7485
20241203101148, CONL, 63, 20260618, P, 0, 0, 0.0023, 59.77, -0.1714
20241203101148, CONL, 64, 20260618, C, 0, 0, 0.0026, 59.77, 0.746
20241203101148, CONL, 64, 20260618, P, 0, 0, 0.0023, 59.77, -0.1736
20241203101148, CONL, 65, 20260618, C, 0, 1, 0.0026, 59.77, 0.7436
20241203101148, CONL, 65, 20260618, P, 0, 4, 0.0023, 59.77, -0.1758
20241203101148, CONL, 66, 20260618, C, 0, 0, 0.0026, 59.77, 0.7411
20241203101148, CONL, 66, 20260618, P, 0, 0, 0.0023, 59.77, -0.178
20241203101148, CONL, 67, 20260618, C, 0, 0, 0.0026, 59.77, 0.7387
20241203101148, CONL, 67, 20260618, P, 0, 0, 0.0024, 59.77, -0.1801
20241203101148, CONL, 68, 20260618, C, 0, 0, 0.0026, 59.77, 0.7363
20241203101148, CONL, 68, 20260618, P, 0, 0, 0.0024, 59.77, -0.1822
20241203101148, CONL, 69, 20260618, C, 0, 0, 0.0026, 59.77, 0.734
20241203101148, CONL, 69, 20260618, P, 0, 0, 0.0024, 59.77, -0.1843
20241203101148, CONL, 70, 20260618, C, 0, 0, 0.0026, 59.77, 0.7317
20241203101148, CONL, 70, 20260618, P, 0, 0, 0.0024, 59.77, -0.1864
20241203101148, CONL, 71, 20260618, C, 0, 0, 0.0027, 59.77, 0.7294
20241203101148, CONL, 71, 20260618, P, 0, 0, 0.0024, 59.77, -0.1885
20241203101148, CONL, 72, 20260618, C, 0, 0, 0.0027, 59.77, 0.7271
20241203101148, CONL, 72, 20260618, P, 0, 0, 0.0024, 59.77, -0.1906
20241203101148, CONL, 73, 20260618, C, 0, 0, 0.0027, 59.77, 0.7249
20241203101148, CONL, 73, 20260618, P, 0, 0, 0.0025, 59.77, -0.1926
20241203101148, CONL, 74, 20260618, C, 0, 0, 0.0027, 59.77, 0.7226
20241203101148, CONL, 74, 20260618, P, 0, 0, 0.0025, 59.77, -0.1946
20241203101148, CONL, 75, 20260618, C, 0, 0, 0.0027, 59.77, 0.7204
20241203101148, CONL, 75, 20260618, P, 0, 0, 0.0025, 59.77, -0.1967
20241203101148, CONL, 76, 20260618, C, 0, 3, 0.0027, 59.77, 0.7183
20241203101148, CONL, 76, 20260618, P, 0, 0, 0.0025, 59.77, -0.1987
20241203101148, CONL, 77, 20260618, C, 0, 0, 0.0027, 59.77, 0.7161
20241203101148, CONL, 77, 20260618, P, 0, 0, 0.0025, 59.77, -0.2007
20241203101148, CONL, 78, 20260618, C, 0, 0, 0.0027, 59.77, 0.714
20241203101148, CONL, 78, 20260618, P, 0, 0, 0.0026, 59.77, -0.2027
20241203101148, CONL, 79, 20260618, C, 0, 2, 0.0027, 59.77, 0.7118
20241203101148, CONL, 79, 20260618, P, 0, 0, 0.0026, 59.77, -0.2047
20241203101148, CONL, 80, 20260618, C, 0, 0, 0.0028, 59.77, 0.7097
20241203101148, CONL, 80, 20260618, P, 0, 0, 0.0026, 59.77, -0.2066
20241203101148, CONL, 85, 20260618, C, 0, 0, 0.0028, 59.77, 0.6995
20241203101148, CONL, 85, 20260618, P, 0, 0, 0.0027, 59.77, -0.2162
20241203101148, CONL, 90, 20260618, C, 0, 1, 0.0028, 59.77, 0.6898
20241203101148, CONL, 90, 20260618, P, 0, 0, 0.0027, 59.77, -0.2256
20241203101148, CONL, 95, 20260618, C, 0, 0, 0.0029, 59.77, 0.6803
20241203101148, CONL, 95, 20260618, P, 0, 0, 0.0028, 59.77, -0.2347
20241203101148, CONL, 100, 20260618, C, 0, 9, 0.0029, 59.77, 0.6713
20241203101148, CONL, 100, 20260618, P, 0, 0, 0.0029, 59.77, -0.2436
20241203101148, CONL, 105, 20260618, C, 0, 41, 0.0029, 59.77, 0.6627
20241203101148, CONL, 105, 20260618, P, 0, 0, 0.003, 59.77, -0.2522
20241203101148, CONL, 12, 20270115, C, 1, 48, 0.0013, 59.77, 0.9412
20241203101148, CONL, 12, 20270115, P, 0, 145, 0.0005, 59.77, -0.0307
20241203101148, CONL, 13, 20270115, C, 0, 0, 0.0013, 59.77, 0.9343
20241203101148, CONL, 13, 20270115, P, 0, 2, 0.0006, 59.77, -0.0334
20241203101148, CONL, 14, 20270115, C, 0, 0, 0.0014, 59.77, 0.9283
20241203101148, CONL, 14, 20270115, P, 0, 5, 0.0006, 59.77, -0.036
20241203101148, CONL, 15, 20270115, C, 0, 11, 0.0014, 59.77, 0.9225
20241203101148, CONL, 15, 20270115, P, 0, 0, 0.0006, 59.77, -0.0387
20241203101148, CONL, 16, 20270115, C, 0, 0, 0.0014, 59.77, 0.9167
20241203101148, CONL, 16, 20270115, P, 0, 1, 0.0007, 59.77, -0.0413
20241203101148, CONL, 17, 20270115, C, 0, 0, 0.0014, 59.77, 0.9116
20241203101148, CONL, 17, 20270115, P, 0, 0, 0.0007, 59.77, -0.0439
20241203101148, CONL, 18, 20270115, C, 0, 0, 0.0015, 59.77, 0.9065
20241203101148, CONL, 18, 20270115, P, 0, 1, 0.0007, 59.77, -0.0465
20241203101148, CONL, 19, 20270115, C, 0, 11, 0.0015, 59.77, 0.9015
20241203101148, CONL, 19, 20270115, P, 0, 2, 0.0008, 59.77, -0.049
20241203101148, CONL, 20, 20270115, C, 0, 20, 0.0015, 59.77, 0.8968
20241203101148, CONL, 20, 20270115, P, 0, 8, 0.0008, 59.77, -0.0516
20241203101148, CONL, 21, 20270115, C, 0, 14, 0.0015, 59.77, 0.8923
20241203101148, CONL, 21, 20270115, P, 0, 0, 0.0008, 59.77, -0.0541
20241203101148, CONL, 22, 20270115, C, 0, 6, 0.0015, 59.77, 0.8879
20241203101148, CONL, 22, 20270115, P, 0, 1, 0.0009, 59.77, -0.0566
20241203101148, CONL, 23, 20270115, C, 0, 6, 0.0016, 59.77, 0.8836
20241203101148, CONL, 23, 20270115, P, 0, 1, 0.0009, 59.77, -0.059
20241203101148, CONL, 24, 20270115, C, 0, 8, 0.0016, 59.77, 0.8794
20241203101148, CONL, 24, 20270115, P, 0, 0, 0.0009, 59.77, -0.0615
20241203101148, CONL, 25, 20270115, C, 0, 18, 0.0016, 59.77, 0.8754
20241203101148, CONL, 25, 20270115, P, 0, 3, 0.001, 59.77, -0.0639
20241203101148, CONL, 26, 20270115, C, 0, 50, 0.0016, 59.77, 0.8716
20241203101148, CONL, 26, 20270115, P, 0, 0, 0.001, 59.77, -0.0663
20241203101148, CONL, 27, 20270115, C, 0, 3, 0.0016, 59.77, 0.8677
20241203101148, CONL, 27, 20270115, P, 0, 0, 0.001, 59.77, -0.0687
20241203101148, CONL, 28, 20270115, C, 0, 1, 0.0016, 59.77, 0.864
20241203101148, CONL, 28, 20270115, P, 0, 0, 0.0011, 59.77, -0.0711
20241203101148, CONL, 29, 20270115, C, 0, 3, 0.0017, 59.77, 0.8603
20241203101148, CONL, 29, 20270115, P, 0, 2, 0.0011, 59.77, -0.0734
20241203101148, CONL, 30, 20270115, C, 0, 10, 0.0017, 59.77, 0.8568
20241203101148, CONL, 30, 20270115, P, 0, 0, 0.0011, 59.77, -0.0757
20241203101148, CONL, 31, 20270115, C, 0, 14, 0.0017, 59.77, 0.8534
20241203101148, CONL, 31, 20270115, P, 0, 0, 0.0011, 59.77, -0.078
20241203101148, CONL, 32, 20270115, C, 0, 13, 0.0017, 59.77, 0.85
20241203101148, CONL, 32, 20270115, P, 0, 1, 0.0012, 59.77, -0.0803
20241203101148, CONL, 33, 20270115, C, 0, 4, 0.0017, 59.77, 0.8466
20241203101148, CONL, 33, 20270115, P, 0, 0, 0.0012, 59.77, -0.0826
20241203101148, CONL, 34, 20270115, C, 0, 3, 0.0018, 59.77, 0.8433
20241203101148, CONL, 34, 20270115, P, 0, 0, 0.0012, 59.77, -0.0848
20241203101148, CONL, 35, 20270115, C, 0, 26, 0.0018, 59.77, 0.84
20241203101148, CONL, 35, 20270115, P, 0, 0, 0.0012, 59.77, -0.0871
20241203101148, CONL, 36, 20270115, C, 0, 0, 0.0018, 59.77, 0.8369
20241203101148, CONL, 36, 20270115, P, 0, 0, 0.0013, 59.77, -0.0893
20241203101148, CONL, 37, 20270115, C, 0, 2, 0.0018, 59.77, 0.8339
20241203101148, CONL, 37, 20270115, P, 0, 0, 0.0013, 59.77, -0.0915
20241203101148, CONL, 38, 20270115, C, 0, 0, 0.0018, 59.77, 0.8309
20241203101148, CONL, 38, 20270115, P, 0, 0, 0.0013, 59.77, -0.0937
20241203101148, CONL, 39, 20270115, C, 0, 0, 0.0018, 59.77, 0.8279
20241203101148, CONL, 39, 20270115, P, 0, 0, 0.0014, 59.77, -0.0958
20241203101148, CONL, 40, 20270115, C, 0, 7, 0.0018, 59.77, 0.825
20241203101148, CONL, 40, 20270115, P, 0, 1, 0.0014, 59.77, -0.098
20241203101148, CONL, 41, 20270115, C, 0, 1, 0.0019, 59.77, 0.8221
20241203101148, CONL, 41, 20270115, P, 0, 0, 0.0014, 59.77, -0.1001
20241203101148, CONL, 42, 20270115, C, 0, 1, 0.0019, 59.77, 0.8193
20241203101148, CONL, 42, 20270115, P, 0, 3, 0.0014, 59.77, -0.1023
20241203101148, CONL, 43, 20270115, C, 0, 25, 0.0019, 59.77, 0.8165
20241203101148, CONL, 43, 20270115, P, 0, 1, 0.0014, 59.77, -0.1044
20241203101148, CONL, 44, 20270115, C, 0, 1, 0.0019, 59.77, 0.8138
20241203101148, CONL, 44, 20270115, P, 0, 0, 0.0015, 59.77, -0.1064
20241203101148, CONL, 45, 20270115, C, 0, 0, 0.0019, 59.77, 0.8111
20241203101148, CONL, 45, 20270115, P, 0, 0, 0.0015, 59.77, -0.1085
20241203101148, CONL, 46, 20270115, C, 0, 0, 0.0019, 59.77, 0.8084
20241203101148, CONL, 46, 20270115, P, 0, 0, 0.0015, 59.77, -0.1106
20241203101148, CONL, 47, 20270115, C, 0, 0, 0.002, 59.77, 0.8058
20241203101148, CONL, 47, 20270115, P, 0, 0, 0.0015, 59.77, -0.1126
20241203101148, CONL, 48, 20270115, C, 0, 0, 0.002, 59.77, 0.8032
20241203101148, CONL, 48, 20270115, P, 0, 0, 0.0016, 59.77, -0.1147
20241203101148, CONL, 49, 20270115, C, 0, 0, 0.002, 59.77, 0.8007
20241203101148, CONL, 49, 20270115, P, 0, 0, 0.0016, 59.77, -0.1167
20241203101148, CONL, 50, 20270115, C, 0, 34, 0.002, 59.77, 0.7981
20241203101148, CONL, 50, 20270115, P, 0, 7, 0.0016, 59.77, -0.1187
20241203101148, CONL, 51, 20270115, C, 0, 17, 0.002, 59.77, 0.7956
20241203101148, CONL, 51, 20270115, P, 0, 10, 0.0016, 59.77, -0.1207
20241203101148, CONL, 52, 20270115, C, 0, 0, 0.002, 59.77, 0.7932
20241203101148, CONL, 52, 20270115, P, 0, 0, 0.0016, 59.77, -0.1227
20241203101148, CONL, 53, 20270115, C, 0, 0, 0.002, 59.77, 0.7908
20241203101148, CONL, 53, 20270115, P, 0, 0, 0.0017, 59.77, -0.1247
20241203101148, CONL, 54, 20270115, C, 0, 3, 0.002, 59.77, 0.7884
20241203101148, CONL, 54, 20270115, P, 0, 1, 0.0017, 59.77, -0.1266
20241203101148, CONL, 55, 20270115, C, 0, 1, 0.002, 59.77, 0.7861
20241203101148, CONL, 55, 20270115, P, 0, 1, 0.0017, 59.77, -0.1286
20241203101148, CONL, 56, 20270115, C, 0, 0, 0.0021, 59.77, 0.7838
20241203101148, CONL, 56, 20270115, P, 0, 2, 0.0017, 59.77, -0.1305
20241203101148, CONL, 57, 20270115, C, 0, 0, 0.0021, 59.77, 0.7815
20241203101148, CONL, 57, 20270115, P, 0, 3, 0.0017, 59.77, -0.1324
20241203101148, CONL, 58, 20270115, C, 0, 0, 0.0021, 59.77, 0.7792
20241203101148, CONL, 58, 20270115, P, 0, 0, 0.0018, 59.77, -0.1343
20241203101148, CONL, 59, 20270115, C, 0, 0, 0.0021, 59.77, 0.7769
20241203101148, CONL, 59, 20270115, P, 0, 1, 0.0018, 59.77, -0.1362
20241203101148, CONL, 60, 20270115, C, 0, 18, 0.0021, 59.77, 0.7747
20241203101148, CONL, 60, 20270115, P, 0, 5, 0.0018, 59.77, -0.1381
20241203101148, CONL, 61, 20270115, C, 0, 0, 0.0021, 59.77, 0.7725
20241203101148, CONL, 61, 20270115, P, 0, 0, 0.0018, 59.77, -0.14
20241203101148, CONL, 62, 20270115, C, 0, 0, 0.0021, 59.77, 0.7703
20241203101148, CONL, 62, 20270115, P, 0, 0, 0.0018, 59.77, -0.1418
20241203101148, CONL, 63, 20270115, C, 0, 1, 0.0021, 59.77, 0.7682
20241203101148, CONL, 63, 20270115, P, 0, 0, 0.0019, 59.77, -0.1437
20241203101148, CONL, 64, 20270115, C, 0, 5, 0.0022, 59.77, 0.766
20241203101148, CONL, 64, 20270115, P, 0, 1, 0.0019, 59.77, -0.1456
20241203101148, CONL, 65, 20270115, C, 0, 33, 0.0022, 59.77, 0.764
20241203101148, CONL, 65, 20270115, P, 0, 22, 0.0019, 59.77, -0.1474
20241203101148, CONL, 66, 20270115, C, 0, 1, 0.0022, 59.77, 0.7619
20241203101148, CONL, 66, 20270115, P, 0, 0, 0.0019, 59.77, -0.1492
20241203101148, CONL, 67, 20270115, C, 0, 0, 0.0022, 59.77, 0.7598
20241203101148, CONL, 67, 20270115, P, 0, 0, 0.0019, 59.77, -0.151
20241203101148, CONL, 68, 20270115, C, 0, 0, 0.0022, 59.77, 0.7578
20241203101148, CONL, 68, 20270115, P, 0, 0, 0.002, 59.77, -0.1528
20241203101148, CONL, 69, 20270115, C, 0, 1, 0.0022, 59.77, 0.7558
20241203101148, CONL, 69, 20270115, P, 0, 0, 0.002, 59.77, -0.1546
20241203101148, CONL, 70, 20270115, C, 0, 3, 0.0022, 59.77, 0.7538
20241203101148, CONL, 70, 20270115, P, 0, 0, 0.002, 59.77, -0.1564
20241203101148, CONL, 71, 20270115, C, 0, 0, 0.0022, 59.77, 0.7518
20241203101148, CONL, 71, 20270115, P, 0, 0, 0.002, 59.77, -0.1582
20241203101148, CONL, 72, 20270115, C, 0, 0, 0.0022, 59.77, 0.7498
20241203101148, CONL, 72, 20270115, P, 0, 0, 0.002, 59.77, -0.16
20241203101148, CONL, 73, 20270115, C, 0, 0, 0.0022, 59.77, 0.7479
20241203101148, CONL, 73, 20270115, P, 0, 0, 0.002, 59.77, -0.1617
20241203101148, CONL, 74, 20270115, C, 0, 15, 0.0022, 59.77, 0.746
20241203101148, CONL, 74, 20270115, P, 0, 0, 0.002, 59.77, -0.1635
20241203101148, CONL, 75, 20270115, C, 0, 0, 0.0022, 59.77, 0.744
20241203101148, CONL, 75, 20270115, P, 0, 0, 0.0021, 59.77, -0.1652
20241203101148, CONL, 76, 20270115, C, 0, 0, 0.0023, 59.77, 0.7422
20241203101148, CONL, 76, 20270115, P, 0, 0, 0.0021, 59.77, -0.1669
20241203101148, CONL, 77, 20270115, C, 0, 0, 0.0023, 59.77, 0.7403
20241203101148, CONL, 77, 20270115, P, 0, 0, 0.0021, 59.77, -0.1687
20241203101148, CONL, 78, 20270115, C, 0, 0, 0.0023, 59.77, 0.7384
20241203101148, CONL, 78, 20270115, P, 0, 0, 0.0021, 59.77, -0.1704
20241203101148, CONL, 79, 20270115, C, 0, 0, 0.0023, 59.77, 0.7366
20241203101148, CONL, 79, 20270115, P, 0, 0, 0.0021, 59.77, -0.1721
20241203101148, CONL, 80, 20270115, C, 0, 3, 0.0023, 59.77, 0.7348
20241203101148, CONL, 80, 20270115, P, 0, 0, 0.0022, 59.77, -0.1738
20241203101148, CONL, 85, 20270115, C, 0, 0, 0.0023, 59.77, 0.726
20241203101148, CONL, 85, 20270115, P, 0, 4, 0.0022, 59.77, -0.1822
20241203101148, CONL, 90, 20270115, C, 0, 1, 0.0024, 59.77, 0.7174
20241203101148, CONL, 90, 20270115, P, 0, 0, 0.0023, 59.77, -0.1904
20241203101148, CONL, 95, 20270115, C, 0, 3, 0.0024, 59.77, 0.7093
20241203101148, CONL, 95, 20270115, P, 0, 0, 0.0024, 59.77, -0.1984
20241203101148, CONL, 100, 20270115, C, 0, 42, 0.0024, 59.77, 0.7014
20241203101148, CONL, 100, 20270115, P, 0, 8, 0.0025, 59.77, -0.2062
20241203101148, CONL, 105, 20270115, C, 0, 37, 0.0025, 59.77, 0.6938
20241203101148, CONL, 105, 20270115, P, 0, 16, 0.0025, 59.77, -0.2139
