20241220, CRDO, 2.5, 20250117, C, 0, 2, 0, 67.97, 1
20241220, CRDO, 2.5, 20250117, P, 0, 0, 0, 67.97, -0.0013
20241220, CRDO, 5, 20250117, C, 0, 0, 0.0001, 67.97, 0.9997
20241220, CRDO, 5, 20250117, P, 0, 0, 0.0001, 67.97, -0.0019
20241220, CRDO, 7.5, 20250117, C, 0, 0, 0.0001, 67.97, 0.9993
20241220, CRDO, 7.5, 20250117, P, 0, 0, 0.0001, 67.97, -0.0023
20241220, CRDO, 10, 20250117, C, 0, 4, 0.0001, 67.97, 0.999
20241220, CRDO, 10, 20250117, P, 0, 80, 0.0001, 67.97, -0.0026
20241220, CRDO, 12.5, 20250117, C, 0, 2, 0.0002, 67.97, 0.9987
20241220, CRDO, 12.5, 20250117, P, 0, 18, 0.0002, 67.97, -0.003
20241220, CRDO, 15, 20250117, C, 0, 30, 0.0002, 67.97, 0.9983
20241220, CRDO, 15, 20250117, P, 0, 15, 0.0002, 67.97, -0.0033
20241220, CRDO, 17.5, 20250117, C, 0, 27, 0.0003, 67.97, 0.9979
20241220, CRDO, 17.5, 20250117, P, 0, 193, 0.0003, 67.97, -0.0037
20241220, CRDO, 20, 20250117, C, 0, 231, 0.0004, 67.97, 0.9974
20241220, CRDO, 20, 20250117, P, 0, 29, 0.0004, 67.97, -0.0043
20241220, CRDO, 22.5, 20250117, C, 0, 443, 0.0004, 67.97, 0.9967
20241220, CRDO, 22.5, 20250117, P, 0, 93, 0.0004, 67.97, -0.0049
20241220, CRDO, 25, 20250117, C, 0, 380, 0.0006, 67.97, 0.9959
20241220, CRDO, 25, 20250117, P, 1, 2845, 0.0006, 67.97, -0.0058
20241220, CRDO, 30, 20250117, C, 1, 401, 0.0009, 67.97, 0.9933
20241220, CRDO, 30, 20250117, P, 0, 1818, 0.0009, 67.97, -0.0083
20241220, CRDO, 35, 20250117, C, 0, 687, 0.0015, 67.97, 0.9887
20241220, CRDO, 35, 20250117, P, 0, 752, 0.0015, 67.97, -0.0129
20241220, CRDO, 40, 20250117, C, 1, 1043, 0.0027, 67.97, 0.9801
20241220, CRDO, 40, 20250117, P, 0, 724, 0.0027, 67.97, -0.0216
20241220, CRDO, 45, 20250117, C, 6, 1585, 0.0048, 67.97, 0.9633
20241220, CRDO, 45, 20250117, P, 0, 204, 0.0049, 67.97, -0.0384
20241220, CRDO, 50, 20250117, C, 0, 2300, 0.0087, 67.97, 0.9303
20241220, CRDO, 50, 20250117, P, 10, 870, 0.0088, 67.97, -0.0716
20241220, CRDO, 55, 20250117, C, 28, 1310, 0.0148, 67.97, 0.869
20241220, CRDO, 55, 20250117, P, 11, 373, 0.0149, 67.97, -0.1334
20241220, CRDO, 60, 20250117, C, 2, 343, 0.022, 67.97, 0.7693
20241220, CRDO, 60, 20250117, P, 42, 588, 0.0222, 67.97, -0.2338
20241220, CRDO, 65, 20250117, C, 182, 764, 0.0277, 67.97, 0.6359
20241220, CRDO, 65, 20250117, P, 73, 1007, 0.028, 67.97, -0.3685
20241220, CRDO, 70, 20250117, C, 225, 1187, 0.0295, 67.97, 0.4906
20241220, CRDO, 70, 20250117, P, 24, 368, 0.0299, 67.97, -0.5154
20241220, CRDO, 75, 20250117, C, 96, 1361, 0.0274, 67.97, 0.3572
20241220, CRDO, 75, 20250117, P, 14, 125, 0.0279, 67.97, -0.6506
20241220, CRDO, 80, 20250117, C, 117, 835, 0.023, 67.97, 0.2491
20241220, CRDO, 80, 20250117, P, 0, 47, 0.0236, 67.97, -0.7608
20241220, CRDO, 85, 20250117, C, 9, 446, 0.018, 67.97, 0.1684
20241220, CRDO, 85, 20250117, P, 0, 3, 0.0187, 67.97, -0.8438
20241220, CRDO, 90, 20250117, C, 10, 332, 0.0134, 67.97, 0.1114
20241220, CRDO, 90, 20250117, P, 0, 3, 0.0141, 67.97, -0.903
20241220, CRDO, 95, 20250117, C, 1, 191, 0.0096, 67.97, 0.0726
20241220, CRDO, 95, 20250117, P, 0, 0, 0.0102, 67.97, -0.944
20241220, CRDO, 100, 20250117, C, 2, 1231, 0.0067, 67.97, 0.0469
20241220, CRDO, 100, 20250117, P, 0, 0, 0.0068, 67.97, -0.9708
20241220, CRDO, 105, 20250117, C, 0, 152, 0.0046, 67.97, 0.0301
20241220, CRDO, 105, 20250117, P, 0, 0, 0.004, 67.97, -0.9867
20241220, CRDO, 110, 20250117, C, 0, 54, 0.0031, 67.97, 0.0192
20241220, CRDO, 110, 20250117, P, 0, 0, 0.0019, 67.97, -0.9948
20241220, CRDO, 15, 20250221, C, 0, 2, 0.0003, 67.97, 0.9973
20241220, CRDO, 15, 20250221, P, 0, 0, 0.0003, 67.97, -0.0038
20241220, CRDO, 17.5, 20250221, C, 0, 6, 0.0003, 67.97, 0.9967
20241220, CRDO, 17.5, 20250221, P, 0, 456, 0.0003, 67.97, -0.0044
20241220, CRDO, 20, 20250221, C, 0, 20, 0.0004, 67.97, 0.9958
20241220, CRDO, 20, 20250221, P, 0, 112, 0.0004, 67.97, -0.0053
20241220, CRDO, 22.5, 20250221, C, 0, 57, 0.0005, 67.97, 0.9946
20241220, CRDO, 22.5, 20250221, P, 0, 159, 0.0005, 67.97, -0.0066
20241220, CRDO, 25, 20250221, C, 0, 180, 0.0007, 67.97, 0.9928
20241220, CRDO, 25, 20250221, P, 0, 183, 0.0007, 67.97, -0.0083
20241220, CRDO, 30, 20250221, C, 0, 700, 0.0013, 67.97, 0.9872
20241220, CRDO, 30, 20250221, P, 0, 478, 0.0013, 67.97, -0.0139
20241220, CRDO, 35, 20250221, C, 0, 152, 0.0022, 67.97, 0.9765
20241220, CRDO, 35, 20250221, P, 0, 792, 0.0023, 67.97, -0.0247
20241220, CRDO, 40, 20250221, C, 0, 1093, 0.0039, 67.97, 0.9568
20241220, CRDO, 40, 20250221, P, 0, 491, 0.0039, 67.97, -0.0445
20241220, CRDO, 45, 20250221, C, 0, 395, 0.0064, 67.97, 0.9234
20241220, CRDO, 45, 20250221, P, 12, 656, 0.0064, 67.97, -0.078
20241220, CRDO, 50, 20250221, C, 1, 241, 0.0095, 67.97, 0.8728
20241220, CRDO, 50, 20250221, P, 0, 491, 0.0096, 67.97, -0.129
20241220, CRDO, 55, 20250221, C, 0, 119, 0.0129, 67.97, 0.8042
20241220, CRDO, 55, 20250221, P, 7, 127, 0.013, 67.97, -0.1982
20241220, CRDO, 60, 20250221, C, 7, 453, 0.0159, 67.97, 0.7208
20241220, CRDO, 60, 20250221, P, 30, 399, 0.0161, 67.97, -0.2822
20241220, CRDO, 65, 20250221, C, 1, 871, 0.018, 67.97, 0.6289
20241220, CRDO, 65, 20250221, P, 11, 219, 0.0183, 67.97, -0.3753
20241220, CRDO, 70, 20250221, C, 164, 585, 0.019, 67.97, 0.5353
20241220, CRDO, 70, 20250221, P, 4, 309, 0.0194, 67.97, -0.4704
20241220, CRDO, 75, 20250221, C, 47, 712, 0.019, 67.97, 0.4455
20241220, CRDO, 75, 20250221, P, 3, 81, 0.0194, 67.97, -0.5616
20241220, CRDO, 80, 20250221, C, 52, 3818, 0.018, 67.97, 0.3643
20241220, CRDO, 80, 20250221, P, 0, 37, 0.0185, 67.97, -0.645
20241220, CRDO, 85, 20250221, C, 3, 215, 0.0165, 67.97, 0.293
20241220, CRDO, 85, 20250221, P, 1, 8, 0.0171, 67.97, -0.7185
20241220, CRDO, 90, 20250221, C, 15, 235, 0.0147, 67.97, 0.2326
20241220, CRDO, 90, 20250221, P, 2, 7, 0.0153, 67.97, -0.7813
20241220, CRDO, 95, 20250221, C, 0, 105, 0.0127, 67.97, 0.1826
20241220, CRDO, 95, 20250221, P, 0, 0, 0.0134, 67.97, -0.8338
20241220, CRDO, 100, 20250221, C, 3, 759, 0.0107, 67.97, 0.1421
20241220, CRDO, 100, 20250221, P, 0, 1, 0.0116, 67.97, -0.877
20241220, CRDO, 105, 20250221, C, 1, 8, 0.009, 67.97, 0.1098
20241220, CRDO, 105, 20250221, P, 0, 0, 0.01, 67.97, -0.9123
20241220, CRDO, 110, 20250221, C, 0, 28, 0.0074, 67.97, 0.0844
20241220, CRDO, 110, 20250221, P, 0, 1, 0.0084, 67.97, -0.941
20241220, CRDO, 15, 20250516, C, 0, 0, 0.0004, 67.97, 0.9952
20241220, CRDO, 15, 20250516, P, 0, 0, 0.0004, 67.97, -0.0061
20241220, CRDO, 17.5, 20250516, C, 0, 0, 0.0005, 67.97, 0.9925
20241220, CRDO, 17.5, 20250516, P, 0, 0, 0.0005, 67.97, -0.0088
20241220, CRDO, 20, 20250516, C, 0, 40, 0.0007, 67.97, 0.9889
20241220, CRDO, 20, 20250516, P, 0, 76, 0.0007, 67.97, -0.0124
20241220, CRDO, 22.5, 20250516, C, 0, 0, 0.001, 67.97, 0.9841
20241220, CRDO, 22.5, 20250516, P, 0, 51, 0.001, 67.97, -0.0173
20241220, CRDO, 25, 20250516, C, 0, 1, 0.0014, 67.97, 0.9777
20241220, CRDO, 25, 20250516, P, 0, 19, 0.0014, 67.97, -0.0237
20241220, CRDO, 30, 20250516, C, 0, 69, 0.0023, 67.97, 0.9597
20241220, CRDO, 30, 20250516, P, 0, 159, 0.0023, 67.97, -0.0418
20241220, CRDO, 35, 20250516, C, 0, 61, 0.0034, 67.97, 0.9337
20241220, CRDO, 35, 20250516, P, 1, 846, 0.0034, 67.97, -0.068
20241220, CRDO, 40, 20250516, C, 30, 213, 0.0048, 67.97, 0.8996
20241220, CRDO, 40, 20250516, P, 0, 139, 0.0048, 67.97, -0.1024
20241220, CRDO, 45, 20250516, C, 0, 158, 0.0061, 67.97, 0.8581
20241220, CRDO, 45, 20250516, P, 129, 377, 0.0062, 67.97, -0.1443
20241220, CRDO, 50, 20250516, C, 8, 1036, 0.0074, 67.97, 0.8109
20241220, CRDO, 50, 20250516, P, 1, 198, 0.0076, 67.97, -0.1922
20241220, CRDO, 55, 20250516, C, 3, 1003, 0.0086, 67.97, 0.7596
20241220, CRDO, 55, 20250516, P, 2, 51, 0.0088, 67.97, -0.2443
20241220, CRDO, 60, 20250516, C, 7, 181, 0.0096, 67.97, 0.706
20241220, CRDO, 60, 20250516, P, 2, 70, 0.0098, 67.97, -0.2988
20241220, CRDO, 65, 20250516, C, 70, 417, 0.0103, 67.97, 0.6519
20241220, CRDO, 65, 20250516, P, 0, 51, 0.0106, 67.97, -0.3542
20241220, CRDO, 70, 20250516, C, 6, 230, 0.0108, 67.97, 0.5983
20241220, CRDO, 70, 20250516, P, 0, 92, 0.0111, 67.97, -0.409
20241220, CRDO, 75, 20250516, C, 3, 355, 0.0111, 67.97, 0.5465
20241220, CRDO, 75, 20250516, P, 0, 144, 0.0115, 67.97, -0.4623
20241220, CRDO, 80, 20250516, C, 7, 201, 0.0112, 67.97, 0.497
20241220, CRDO, 80, 20250516, P, 0, 110, 0.0116, 67.97, -0.5134
20241220, CRDO, 85, 20250516, C, 5, 261, 0.0112, 67.97, 0.4506
20241220, CRDO, 85, 20250516, P, 0, 113, 0.0116, 67.97, -0.5617
20241220, CRDO, 90, 20250516, C, 0, 119, 0.011, 67.97, 0.4073
20241220, CRDO, 90, 20250516, P, 0, 177, 0.0115, 67.97, -0.6068
20241220, CRDO, 95, 20250516, C, 41, 24, 0.0106, 67.97, 0.3674
20241220, CRDO, 95, 20250516, P, 0, 71, 0.0112, 67.97, -0.6489
20241220, CRDO, 100, 20250516, C, 1, 175, 0.0102, 67.97, 0.3307
20241220, CRDO, 100, 20250516, P, 0, 18, 0.0109, 67.97, -0.6878
20241220, CRDO, 105, 20250516, C, 11, 65, 0.0098, 67.97, 0.2973
20241220, CRDO, 105, 20250516, P, 0, 4, 0.0105, 67.97, -0.7237
20241220, CRDO, 110, 20250516, C, 1, 22, 0.0093, 67.97, 0.2669
20241220, CRDO, 110, 20250516, P, 0, 0, 0.0101, 67.97, -0.7566
20241220, CRDO, 40, 20250815, C, 0, 0, 0.0043, 67.97, 0.8802
20241220, CRDO, 40, 20250815, P, 0, 0, 0.0044, 67.97, -0.125
20241220, CRDO, 45, 20250815, C, 0, 0, 0.0052, 67.97, 0.8431
20241220, CRDO, 45, 20250815, P, 1, 0, 0.0054, 67.97, -0.1628
20241220, CRDO, 50, 20250815, C, 0, 0, 0.0061, 67.97, 0.8032
20241220, CRDO, 50, 20250815, P, 0, 0, 0.0062, 67.97, -0.2035
20241220, CRDO, 55, 20250815, C, 0, 0, 0.0068, 67.97, 0.7618
20241220, CRDO, 55, 20250815, P, 0, 0, 0.007, 67.97, -0.246
20241220, CRDO, 60, 20250815, C, 3, 0, 0.0074, 67.97, 0.7196
20241220, CRDO, 60, 20250815, P, 0, 0, 0.0077, 67.97, -0.2894
20241220, CRDO, 65, 20250815, C, 21, 0, 0.008, 67.97, 0.6776
20241220, CRDO, 65, 20250815, P, 0, 0, 0.0082, 67.97, -0.3328
20241220, CRDO, 70, 20250815, C, 0, 0, 0.0083, 67.97, 0.6363
20241220, CRDO, 70, 20250815, P, 0, 0, 0.0087, 67.97, -0.3756
20241220, CRDO, 75, 20250815, C, 0, 0, 0.0086, 67.97, 0.5963
20241220, CRDO, 75, 20250815, P, 0, 0, 0.009, 67.97, -0.4174
20241220, CRDO, 80, 20250815, C, 0, 0, 0.0088, 67.97, 0.5578
20241220, CRDO, 80, 20250815, P, 0, 0, 0.0092, 67.97, -0.4578
20241220, CRDO, 85, 20250815, C, 0, 0, 0.0089, 67.97, 0.5211
20241220, CRDO, 85, 20250815, P, 0, 0, 0.0094, 67.97, -0.4966
20241220, CRDO, 90, 20250815, C, 0, 0, 0.0089, 67.97, 0.4863
20241220, CRDO, 90, 20250815, P, 0, 0, 0.0095, 67.97, -0.5336
20241220, CRDO, 95, 20250815, C, 0, 0, 0.0088, 67.97, 0.4534
20241220, CRDO, 95, 20250815, P, 0, 0, 0.0095, 67.97, -0.5687
20241220, CRDO, 100, 20250815, C, 0, 0, 0.0087, 67.97, 0.4226
20241220, CRDO, 100, 20250815, P, 0, 0, 0.0095, 67.97, -0.6021
20241220, CRDO, 105, 20250815, C, 0, 0, 0.0086, 67.97, 0.3937
20241220, CRDO, 105, 20250815, P, 0, 0, 0.0094, 67.97, -0.6336
20241220, CRDO, 110, 20250815, C, 0, 0, 0.0084, 67.97, 0.3666
20241220, CRDO, 110, 20250815, P, 0, 0, 0.0093, 67.97, -0.6634
20241220, CRDO, 2.5, 20260116, C, 0, 11, 0.0001, 67.97, 0.9988
20241220, CRDO, 2.5, 20260116, P, 0, 1, 0.0001, 67.97, -0.002
20241220, CRDO, 5, 20260116, C, 0, 1, 0.0001, 67.97, 0.9968
20241220, CRDO, 5, 20260116, P, 0, 0, 0.0001, 67.97, -0.004
20241220, CRDO, 7.5, 20260116, C, 0, 6, 0.0002, 67.97, 0.9942
20241220, CRDO, 7.5, 20260116, P, 0, 1, 0.0002, 67.97, -0.0066
20241220, CRDO, 10, 20260116, C, 0, 45, 0.0004, 67.97, 0.9908
20241220, CRDO, 10, 20260116, P, 0, 48, 0.0004, 67.97, -0.01
20241220, CRDO, 12.5, 20260116, C, 0, 13, 0.0005, 67.97, 0.9864
20241220, CRDO, 12.5, 20260116, P, 0, 40, 0.0005, 67.97, -0.0145
20241220, CRDO, 15, 20260116, C, 0, 29, 0.0007, 67.97, 0.9807
20241220, CRDO, 15, 20260116, P, 0, 3, 0.0007, 67.97, -0.0202
20241220, CRDO, 17.5, 20260116, C, 0, 6, 0.0009, 67.97, 0.9738
20241220, CRDO, 17.5, 20260116, P, 0, 37, 0.001, 67.97, -0.0272
20241220, CRDO, 20, 20260116, C, 0, 79, 0.0012, 67.97, 0.9656
20241220, CRDO, 20, 20260116, P, 0, 117, 0.0012, 67.97, -0.0356
20241220, CRDO, 22.5, 20260116, C, 0, 27, 0.0015, 67.97, 0.9562
20241220, CRDO, 22.5, 20260116, P, 0, 48, 0.0015, 67.97, -0.0452
20241220, CRDO, 25, 20260116, C, 0, 112, 0.0018, 67.97, 0.9456
20241220, CRDO, 25, 20260116, P, 0, 53, 0.0018, 67.97, -0.056
20241220, CRDO, 30, 20260116, C, 0, 217, 0.0024, 67.97, 0.9215
20241220, CRDO, 30, 20260116, P, 0, 132, 0.0024, 67.97, -0.0806
20241220, CRDO, 35, 20260116, C, 0, 390, 0.003, 67.97, 0.8942
20241220, CRDO, 35, 20260116, P, 0, 234, 0.0031, 67.97, -0.1085
20241220, CRDO, 40, 20260116, C, 0, 72, 0.0036, 67.97, 0.8648
20241220, CRDO, 40, 20260116, P, 10, 141, 0.0037, 67.97, -0.1387
20241220, CRDO, 45, 20260116, C, 0, 211, 0.0042, 67.97, 0.8341
20241220, CRDO, 45, 20260116, P, 0, 63, 0.0043, 67.97, -0.1704
20241220, CRDO, 50, 20260116, C, 0, 530, 0.0046, 67.97, 0.8027
20241220, CRDO, 50, 20260116, P, 0, 91, 0.0048, 67.97, -0.203
20241220, CRDO, 55, 20260116, C, 0, 6, 0.0051, 67.97, 0.7712
20241220, CRDO, 55, 20260116, P, 1, 1, 0.0053, 67.97, -0.2358
20241220, CRDO, 60, 20260116, C, 2, 60, 0.0055, 67.97, 0.7399
20241220, CRDO, 60, 20260116, P, 0, 33, 0.0057, 67.97, -0.2685
20241220, CRDO, 65, 20260116, C, 5, 60, 0.0058, 67.97, 0.7092
20241220, CRDO, 65, 20260116, P, 0, 0, 0.0061, 67.97, -0.3008
20241220, CRDO, 70, 20260116, C, 13, 145, 0.006, 67.97, 0.6793
20241220, CRDO, 70, 20260116, P, 0, 1174, 0.0064, 67.97, -0.3324
20241220, CRDO, 75, 20260116, C, 2, 83, 0.0062, 67.97, 0.6502
20241220, CRDO, 75, 20260116, P, 0, 50, 0.0067, 67.97, -0.3633
20241220, CRDO, 80, 20260116, C, 1, 48, 0.0064, 67.97, 0.6223
20241220, CRDO, 80, 20260116, P, 0, 49, 0.0069, 67.97, -0.3933
20241220, CRDO, 85, 20260116, C, 0, 27, 0.0066, 67.97, 0.5954
20241220, CRDO, 85, 20260116, P, 0, 10, 0.0071, 67.97, -0.4224
20241220, CRDO, 90, 20260116, C, 0, 73, 0.0066, 67.97, 0.5695
20241220, CRDO, 90, 20260116, P, 0, 3, 0.0073, 67.97, -0.4504
20241220, CRDO, 95, 20260116, C, 0, 20, 0.0067, 67.97, 0.5448
20241220, CRDO, 95, 20260116, P, 0, 0, 0.0074, 67.97, -0.4775
20241220, CRDO, 100, 20260116, C, 0, 184, 0.0067, 67.97, 0.5212
20241220, CRDO, 100, 20260116, P, 0, 0, 0.0075, 67.97, -0.5036
20241220, CRDO, 105, 20260116, C, 12, 123, 0.0068, 67.97, 0.4986
20241220, CRDO, 105, 20260116, P, 0, 0, 0.0076, 67.97, -0.5288
20241220, CRDO, 110, 20260116, C, 5, 109, 0.0067, 67.97, 0.4773
20241220, CRDO, 110, 20260116, P, 0, 0, 0.0076, 67.97, -0.553
20241220, CRDO, 15, 20270115, C, 0, 0, 0.0008, 67.97, 0.9765
20241220, CRDO, 15, 20270115, P, 0, 11, 0.0008, 67.97, -0.0307
20241220, CRDO, 17.5, 20270115, C, 0, 1, 0.0009, 67.97, 0.9687
20241220, CRDO, 17.5, 20270115, P, 0, 9, 0.001, 67.97, -0.0388
20241220, CRDO, 20, 20270115, C, 0, 0, 0.0011, 67.97, 0.96
20241220, CRDO, 20, 20270115, P, 0, 2, 0.0012, 67.97, -0.0478
20241220, CRDO, 22.5, 20270115, C, 0, 0, 0.0013, 67.97, 0.9508
20241220, CRDO, 22.5, 20270115, P, 0, 4, 0.0014, 67.97, -0.0574
20241220, CRDO, 25, 20270115, C, 0, 2, 0.0015, 67.97, 0.941
20241220, CRDO, 25, 20270115, P, 0, 18, 0.0016, 67.97, -0.0676
20241220, CRDO, 30, 20270115, C, 0, 10, 0.0019, 67.97, 0.9203
20241220, CRDO, 30, 20270115, P, 0, 11, 0.002, 67.97, -0.0894
20241220, CRDO, 35, 20270115, C, 0, 10, 0.0023, 67.97, 0.8986
20241220, CRDO, 35, 20270115, P, 0, 9, 0.0024, 67.97, -0.1125
20241220, CRDO, 40, 20270115, C, 0, 35, 0.0026, 67.97, 0.8761
20241220, CRDO, 40, 20270115, P, 0, 11, 0.0028, 67.97, -0.1363
20241220, CRDO, 45, 20270115, C, 0, 15, 0.003, 67.97, 0.8535
20241220, CRDO, 45, 20270115, P, 0, 18, 0.0032, 67.97, -0.1607
20241220, CRDO, 50, 20270115, C, 0, 16, 0.0033, 67.97, 0.8307
20241220, CRDO, 50, 20270115, P, 0, 7, 0.0036, 67.97, -0.1853
20241220, CRDO, 55, 20270115, C, 0, 9, 0.0036, 67.97, 0.8082
20241220, CRDO, 55, 20270115, P, 0, 3, 0.0039, 67.97, -0.21
20241220, CRDO, 60, 20270115, C, 0, 9, 0.0038, 67.97, 0.7859
20241220, CRDO, 60, 20270115, P, 0, 5, 0.0042, 67.97, -0.2344
20241220, CRDO, 65, 20270115, C, 0, 62, 0.004, 67.97, 0.7642
20241220, CRDO, 65, 20270115, P, 0, 5, 0.0045, 67.97, -0.2587
20241220, CRDO, 70, 20270115, C, 2, 39, 0.0042, 67.97, 0.743
20241220, CRDO, 70, 20270115, P, 0, 4, 0.0048, 67.97, -0.2827
20241220, CRDO, 75, 20270115, C, 0, 6, 0.0044, 67.97, 0.7222
20241220, CRDO, 75, 20270115, P, 0, 1, 0.005, 67.97, -0.3061
20241220, CRDO, 80, 20270115, C, 0, 16, 0.0046, 67.97, 0.702
20241220, CRDO, 80, 20270115, P, 0, 0, 0.0052, 67.97, -0.3292
20241220, CRDO, 85, 20270115, C, 0, 0, 0.0047, 67.97, 0.6825
20241220, CRDO, 85, 20270115, P, 0, 17, 0.0055, 67.97, -0.3519
20241220, CRDO, 90, 20270115, C, 0, 1, 0.0048, 67.97, 0.6636
20241220, CRDO, 90, 20270115, P, 0, 0, 0.0057, 67.97, -0.374
20241220, CRDO, 95, 20270115, C, 4, 0, 0.0049, 67.97, 0.6454
20241220, CRDO, 95, 20270115, P, 0, 38, 0.0058, 67.97, -0.3957
20241220, CRDO, 100, 20270115, C, 0, 6, 0.005, 67.97, 0.6278
20241220, CRDO, 100, 20270115, P, 0, 16, 0.006, 67.97, -0.4168
20241220, CRDO, 105, 20270115, C, 1, 88, 0.005, 67.97, 0.6108
20241220, CRDO, 105, 20270115, P, 18, 9, 0.0062, 67.97, -0.4376
20241220, CRDO, 110, 20270115, C, 40, 13, 0.0051, 67.97, 0.5944
20241220, CRDO, 110, 20270115, P, 33, 0, 0.0063, 67.97, -0.4577
20241227, CRDO, 2.5, 20250117, C, 0, 2, 0, 67.89, 1
20241227, CRDO, 2.5, 20250117, P, 0, 0, 0, 67.89, 0
20241227, CRDO, 5, 20250117, C, 0, 0, 0, 67.89, 0.9999
20241227, CRDO, 5, 20250117, P, 0, 0, 0, 67.89, -0.0001
20241227, CRDO, 7.5, 20250117, C, 0, 0, 0, 67.89, 0.9999
20241227, CRDO, 7.5, 20250117, P, 0, 0, 0, 67.89, -0.0001
20241227, CRDO, 10, 20250117, C, 0, 4, 0, 67.89, 0.9997
20241227, CRDO, 10, 20250117, P, 0, 80, 0, 67.89, -0.0001
20241227, CRDO, 12.5, 20250117, C, 0, 2, 0, 67.89, 0.9996
20241227, CRDO, 12.5, 20250117, P, 0, 18, 0, 67.89, -0.0001
20241227, CRDO, 15, 20250117, C, 0, 30, 0, 67.89, 0.9995
20241227, CRDO, 15, 20250117, P, 0, 15, 0, 67.89, -0.0001
20241227, CRDO, 17.5, 20250117, C, 0, 27, 0, 67.89, 0.9995
20241227, CRDO, 17.5, 20250117, P, 0, 193, 0, 67.89, -0.0001
20241227, CRDO, 20, 20250117, C, 0, 231, 0, 67.89, 0.9994
20241227, CRDO, 20, 20250117, P, 0, 29, 0, 67.89, -0.0002
20241227, CRDO, 22.5, 20250117, C, 0, 443, 0, 67.89, 0.9994
20241227, CRDO, 22.5, 20250117, P, 0, 93, 0, 67.89, -0.0002
20241227, CRDO, 25, 20250117, C, 0, 380, 0, 67.89, 0.9993
20241227, CRDO, 25, 20250117, P, 0, 2845, 0, 67.89, -0.0003
20241227, CRDO, 30, 20250117, C, 0, 400, 0.0001, 67.89, 0.999
20241227, CRDO, 30, 20250117, P, 0, 1818, 0.0001, 67.89, -0.0006
20241227, CRDO, 35, 20250117, C, 0, 687, 0.0003, 67.89, 0.998
20241227, CRDO, 35, 20250117, P, 0, 753, 0.0003, 67.89, -0.0015
20241227, CRDO, 40, 20250117, C, 1, 1044, 0.0009, 67.89, 0.9953
20241227, CRDO, 40, 20250117, P, 1, 724, 0.0009, 67.89, -0.0043
20241227, CRDO, 45, 20250117, C, 0, 1654, 0.0025, 67.89, 0.9867
20241227, CRDO, 45, 20250117, P, 0, 201, 0.0025, 67.89, -0.0129
20241227, CRDO, 50, 20250117, C, 198, 2317, 0.0066, 67.89, 0.9622
20241227, CRDO, 50, 20250117, P, 0, 929, 0.0066, 67.89, -0.0375
20241227, CRDO, 55, 20250117, C, 0, 1334, 0.0143, 67.89, 0.9036
20241227, CRDO, 55, 20250117, P, 10, 388, 0.0143, 67.89, -0.0963
20241227, CRDO, 60, 20250117, C, 0, 465, 0.0244, 67.89, 0.7948
20241227, CRDO, 60, 20250117, P, 45, 579, 0.0245, 67.89, -0.2056
20241227, CRDO, 65, 20250117, C, 236, 803, 0.0324, 67.89, 0.6405
20241227, CRDO, 65, 20250117, P, 11, 1111, 0.0326, 67.89, -0.3607
20241227, CRDO, 70, 20250117, C, 94, 1434, 0.0346, 67.89, 0.4694
20241227, CRDO, 70, 20250117, P, 2, 400, 0.0349, 67.89, -0.5329
20241227, CRDO, 75, 20250117, C, 443, 1894, 0.0308, 67.89, 0.3145
20241227, CRDO, 75, 20250117, P, 0, 117, 0.0312, 67.89, -0.689
20241227, CRDO, 80, 20250117, C, 54, 988, 0.0238, 67.89, 0.1949
20241227, CRDO, 80, 20250117, P, 0, 53, 0.0242, 67.89, -0.81
20241227, CRDO, 85, 20250117, C, 10, 574, 0.0165, 67.89, 0.1133
20241227, CRDO, 85, 20250117, P, 0, 3, 0.017, 67.89, -0.8934
20241227, CRDO, 90, 20250117, C, 3, 355, 0.0105, 67.89, 0.0624
20241227, CRDO, 90, 20250117, P, 90, 3, 0.011, 67.89, -0.946
20241227, CRDO, 95, 20250117, C, 0, 211, 0.0062, 67.89, 0.033
20241227, CRDO, 95, 20250117, P, 0, 90, 0.0063, 67.89, -0.9765
20241227, CRDO, 100, 20250117, C, 6, 1435, 0.0035, 67.89, 0.0169
20241227, CRDO, 100, 20250117, P, 90, 90, 0.0029, 67.89, -0.9917
20241227, CRDO, 105, 20250117, C, 0, 132, 0.0019, 67.89, 0.0084
20241227, CRDO, 105, 20250117, P, 0, 0, 0.001, 67.89, -0.9978
20241227, CRDO, 110, 20250117, C, 3, 74, 0.001, 67.89, 0.0041
20241227, CRDO, 110, 20250117, P, 0, 0, 0.0002, 67.89, -0.9996
20241227, CRDO, 15, 20250221, C, 0, 2, 0.0004, 67.89, 0.9938
20241227, CRDO, 15, 20250221, P, 0, 0, 0.0004, 67.89, -0.0062
20241227, CRDO, 17.5, 20250221, C, 0, 6, 0.0004, 67.89, 0.9931
20241227, CRDO, 17.5, 20250221, P, 0, 456, 0.0004, 67.89, -0.007
20241227, CRDO, 20, 20250221, C, 0, 16, 0.0006, 67.89, 0.9922
20241227, CRDO, 20, 20250221, P, 0, 112, 0.0006, 67.89, -0.0079
20241227, CRDO, 22.5, 20250221, C, 0, 57, 0.0007, 67.89, 0.991
20241227, CRDO, 22.5, 20250221, P, 0, 159, 0.0007, 67.89, -0.0091
20241227, CRDO, 25, 20250221, C, 1, 183, 0.0008, 67.89, 0.9894
20241227, CRDO, 25, 20250221, P, 0, 183, 0.0008, 67.89, -0.0106
20241227, CRDO, 30, 20250221, C, 0, 700, 0.0014, 67.89, 0.9846
20241227, CRDO, 30, 20250221, P, 0, 478, 0.0014, 67.89, -0.0154
20241227, CRDO, 35, 20250221, C, 0, 152, 0.0022, 67.89, 0.976
20241227, CRDO, 35, 20250221, P, 0, 793, 0.0022, 67.89, -0.0241
20241227, CRDO, 40, 20250221, C, 0, 1092, 0.0037, 67.89, 0.9606
20241227, CRDO, 40, 20250221, P, 0, 491, 0.0037, 67.89, -0.0396
20241227, CRDO, 45, 20250221, C, 0, 395, 0.0061, 67.89, 0.9333
20241227, CRDO, 45, 20250221, P, 0, 654, 0.0061, 67.89, -0.067
20241227, CRDO, 50, 20250221, C, 70, 280, 0.0096, 67.89, 0.8882
20241227, CRDO, 50, 20250221, P, 0, 495, 0.0096, 67.89, -0.1124
20241227, CRDO, 55, 20250221, C, 91, 120, 0.0137, 67.89, 0.8206
20241227, CRDO, 55, 20250221, P, 6, 130, 0.0138, 67.89, -0.1804
20241227, CRDO, 60, 20250221, C, 0, 454, 0.0177, 67.89, 0.7316
20241227, CRDO, 60, 20250221, P, 9, 427, 0.0178, 67.89, -0.2702
20241227, CRDO, 65, 20250221, C, 0, 891, 0.0206, 67.89, 0.6282
20241227, CRDO, 65, 20250221, P, 2, 219, 0.0208, 67.89, -0.3745
20241227, CRDO, 70, 20250221, C, 38, 555, 0.0218, 67.89, 0.521
20241227, CRDO, 70, 20250221, P, 2, 372, 0.0221, 67.89, -0.4831
20241227, CRDO, 75, 20250221, C, 24, 946, 0.0214, 67.89, 0.4194
20241227, CRDO, 75, 20250221, P, 0, 94, 0.0218, 67.89, -0.5864
20241227, CRDO, 80, 20250221, C, 114, 3928, 0.0198, 67.89, 0.3293
20241227, CRDO, 80, 20250221, P, 0, 92, 0.0203, 67.89, -0.6784
20241227, CRDO, 85, 20250221, C, 2, 295, 0.0174, 67.89, 0.2536
20241227, CRDO, 85, 20250221, P, 0, 8, 0.018, 67.89, -0.7564
20241227, CRDO, 90, 20250221, C, 1, 281, 0.0148, 67.89, 0.1923
20241227, CRDO, 90, 20250221, P, 0, 6, 0.0155, 67.89, -0.8202
20241227, CRDO, 95, 20250221, C, 2, 150, 0.0122, 67.89, 0.1441
20241227, CRDO, 95, 20250221, P, 0, 1, 0.013, 67.89, -0.8711
20241227, CRDO, 100, 20250221, C, 5, 762, 0.0099, 67.89, 0.107
20241227, CRDO, 100, 20250221, P, 0, 1, 0.0108, 67.89, -0.911
20241227, CRDO, 105, 20250221, C, 0, 9, 0.0078, 67.89, 0.0789
20241227, CRDO, 105, 20250221, P, 0, 0, 0.0088, 67.89, -0.9421
20241227, CRDO, 110, 20250221, C, 0, 28, 0.0061, 67.89, 0.0578
20241227, CRDO, 110, 20250221, P, 0, 1, 0.0068, 67.89, -0.9656
20241227, CRDO, 15, 20250516, C, 0, 0, 0.0004, 67.89, 0.9924
20241227, CRDO, 15, 20250516, P, 0, 0, 0.0004, 67.89, -0.0074
20241227, CRDO, 17.5, 20250516, C, 0, 0, 0.0006, 67.89, 0.9899
20241227, CRDO, 17.5, 20250516, P, 0, 0, 0.0006, 67.89, -0.0099
20241227, CRDO, 20, 20250516, C, 0, 40, 0.0008, 67.89, 0.9865
20241227, CRDO, 20, 20250516, P, 0, 76, 0.0008, 67.89, -0.0133
20241227, CRDO, 22.5, 20250516, C, 0, 0, 0.001, 67.89, 0.9821
20241227, CRDO, 22.5, 20250516, P, 0, 51, 0.001, 67.89, -0.0177
20241227, CRDO, 25, 20250516, C, 0, 1, 0.0014, 67.89, 0.9764
20241227, CRDO, 25, 20250516, P, 0, 19, 0.0014, 67.89, -0.0235
20241227, CRDO, 30, 20250516, C, 0, 74, 0.0022, 67.89, 0.9599
20241227, CRDO, 30, 20250516, P, 0, 159, 0.0022, 67.89, -0.0401
20241227, CRDO, 35, 20250516, C, 0, 61, 0.0034, 67.89, 0.9357
20241227, CRDO, 35, 20250516, P, 1, 796, 0.0034, 67.89, -0.0645
20241227, CRDO, 40, 20250516, C, 0, 183, 0.0048, 67.89, 0.9028
20241227, CRDO, 40, 20250516, P, 0, 179, 0.0048, 67.89, -0.0976
20241227, CRDO, 45, 20250516, C, 0, 182, 0.0063, 67.89, 0.8618
20241227, CRDO, 45, 20250516, P, 0, 495, 0.0063, 67.89, -0.1391
20241227, CRDO, 50, 20250516, C, 5, 1043, 0.0077, 67.89, 0.8138
20241227, CRDO, 50, 20250516, P, 0, 200, 0.0078, 67.89, -0.1877
20241227, CRDO, 55, 20250516, C, 0, 1002, 0.0091, 67.89, 0.7605
20241227, CRDO, 55, 20250516, P, 0, 55, 0.0092, 67.89, -0.2417
20241227, CRDO, 60, 20250516, C, 60, 189, 0.0102, 67.89, 0.7041
20241227, CRDO, 60, 20250516, P, 0, 90, 0.0104, 67.89, -0.299
20241227, CRDO, 65, 20250516, C, 7, 555, 0.011, 67.89, 0.6463
20241227, CRDO, 65, 20250516, P, 0, 110, 0.0113, 67.89, -0.3579
20241227, CRDO, 70, 20250516, C, 4, 246, 0.0116, 67.89, 0.589
20241227, CRDO, 70, 20250516, P, 0, 90, 0.0119, 67.89, -0.4165
20241227, CRDO, 75, 20250516, C, 78, 357, 0.0119, 67.89, 0.5333
20241227, CRDO, 75, 20250516, P, 0, 227, 0.0122, 67.89, -0.4737
20241227, CRDO, 80, 20250516, C, 6, 208, 0.012, 67.89, 0.4803
20241227, CRDO, 80, 20250516, P, 2, 109, 0.0124, 67.89, -0.5284
20241227, CRDO, 85, 20250516, C, 18, 270, 0.0118, 67.89, 0.4306
20241227, CRDO, 85, 20250516, P, 0, 112, 0.0123, 67.89, -0.5799
20241227, CRDO, 90, 20250516, C, 3, 147, 0.0115, 67.89, 0.3846
20241227, CRDO, 90, 20250516, P, 0, 177, 0.0121, 67.89, -0.6279
20241227, CRDO, 95, 20250516, C, 0, 62, 0.0111, 67.89, 0.3425
20241227, CRDO, 95, 20250516, P, 0, 71, 0.0117, 67.89, -0.6722
20241227, CRDO, 100, 20250516, C, 1, 167, 0.0106, 67.89, 0.3042
20241227, CRDO, 100, 20250516, P, 0, 18, 0.0113, 67.89, -0.7129
20241227, CRDO, 105, 20250516, C, 0, 68, 0.01, 67.89, 0.2696
20241227, CRDO, 105, 20250516, P, 0, 4, 0.0108, 67.89, -0.75
20241227, CRDO, 110, 20250516, C, 0, 48, 0.0094, 67.89, 0.2386
20241227, CRDO, 110, 20250516, P, 0, 0, 0.0103, 67.89, -0.7838
20241227, CRDO, 40, 20250815, C, 0, 0, 0.0044, 67.89, 0.8824
20241227, CRDO, 40, 20250815, P, 0, 0, 0.0045, 67.89, -0.1202
20241227, CRDO, 45, 20250815, C, 0, 0, 0.0054, 67.89, 0.8441
20241227, CRDO, 45, 20250815, P, 0, 1, 0.0055, 67.89, -0.1594
20241227, CRDO, 50, 20250815, C, 0, 0, 0.0063, 67.89, 0.8027
20241227, CRDO, 50, 20250815, P, 0, 0, 0.0065, 67.89, -0.2016
20241227, CRDO, 55, 20250815, C, 5, 0, 0.0071, 67.89, 0.7594
20241227, CRDO, 55, 20250815, P, 0, 0, 0.0073, 67.89, -0.246
20241227, CRDO, 60, 20250815, C, 0, 3, 0.0078, 67.89, 0.7152
20241227, CRDO, 60, 20250815, P, 0, 0, 0.008, 67.89, -0.2913
20241227, CRDO, 65, 20250815, C, 0, 32, 0.0083, 67.89, 0.6712
20241227, CRDO, 65, 20250815, P, 0, 0, 0.0086, 67.89, -0.3367
20241227, CRDO, 70, 20250815, C, 0, 3, 0.0087, 67.89, 0.628
20241227, CRDO, 70, 20250815, P, 0, 0, 0.0091, 67.89, -0.3815
20241227, CRDO, 75, 20250815, C, 2, 4, 0.009, 67.89, 0.5861
20241227, CRDO, 75, 20250815, P, 0, 0, 0.0094, 67.89, -0.4252
20241227, CRDO, 80, 20250815, C, 0, 2, 0.0092, 67.89, 0.5459
20241227, CRDO, 80, 20250815, P, 0, 0, 0.0096, 67.89, -0.4672
20241227, CRDO, 85, 20250815, C, 0, 0, 0.0092, 67.89, 0.5077
20241227, CRDO, 85, 20250815, P, 0, 0, 0.0098, 67.89, -0.5076
20241227, CRDO, 90, 20250815, C, 0, 0, 0.0092, 67.89, 0.4715
20241227, CRDO, 90, 20250815, P, 0, 0, 0.0098, 67.89, -0.5459
20241227, CRDO, 95, 20250815, C, 0, 0, 0.0091, 67.89, 0.4375
20241227, CRDO, 95, 20250815, P, 0, 0, 0.0098, 67.89, -0.5823
20241227, CRDO, 100, 20250815, C, 0, 0, 0.009, 67.89, 0.4057
20241227, CRDO, 100, 20250815, P, 0, 0, 0.0098, 67.89, -0.6165
20241227, CRDO, 105, 20250815, C, 0, 0, 0.0088, 67.89, 0.376
20241227, CRDO, 105, 20250815, P, 0, 0, 0.0096, 67.89, -0.6489
20241227, CRDO, 110, 20250815, C, 0, 0, 0.0086, 67.89, 0.3484
20241227, CRDO, 110, 20250815, P, 0, 0, 0.0095, 67.89, -0.6792
20241227, CRDO, 2.5, 20260116, C, 0, 11, 0.0001, 67.89, 0.998
20241227, CRDO, 2.5, 20260116, P, 0, 1, 0.0001, 67.89, -0.0024
20241227, CRDO, 5, 20260116, C, 0, 1, 0.0001, 67.89, 0.9958
20241227, CRDO, 5, 20260116, P, 0, 0, 0.0001, 67.89, -0.0046
20241227, CRDO, 7.5, 20260116, C, 0, 6, 0.0002, 67.89, 0.9932
20241227, CRDO, 7.5, 20260116, P, 0, 1, 0.0002, 67.89, -0.0072
20241227, CRDO, 10, 20260116, C, 0, 45, 0.0004, 67.89, 0.9898
20241227, CRDO, 10, 20260116, P, 0, 48, 0.0004, 67.89, -0.0106
20241227, CRDO, 12.5, 20260116, C, 0, 13, 0.0005, 67.89, 0.9856
20241227, CRDO, 12.5, 20260116, P, 0, 40, 0.0005, 67.89, -0.0149
20241227, CRDO, 15, 20260116, C, 0, 29, 0.0007, 67.89, 0.9802
20241227, CRDO, 15, 20260116, P, 0, 3, 0.0007, 67.89, -0.0203
20241227, CRDO, 17.5, 20260116, C, 0, 6, 0.0009, 67.89, 0.9737
20241227, CRDO, 17.5, 20260116, P, 0, 37, 0.001, 67.89, -0.0269
20241227, CRDO, 20, 20260116, C, 0, 79, 0.0012, 67.89, 0.9659
20241227, CRDO, 20, 20260116, P, 0, 117, 0.0012, 67.89, -0.0348
20241227, CRDO, 22.5, 20260116, C, 0, 27, 0.0015, 67.89, 0.9569
20241227, CRDO, 22.5, 20260116, P, 0, 48, 0.0015, 67.89, -0.0439
20241227, CRDO, 25, 20260116, C, 4, 112, 0.0018, 67.89, 0.9468
20241227, CRDO, 25, 20260116, P, 0, 53, 0.0018, 67.89, -0.0543
20241227, CRDO, 30, 20260116, C, 0, 217, 0.0024, 67.89, 0.9232
20241227, CRDO, 30, 20260116, P, 0, 132, 0.0025, 67.89, -0.0783
20241227, CRDO, 35, 20260116, C, 0, 390, 0.0031, 67.89, 0.896
20241227, CRDO, 35, 20260116, P, 0, 234, 0.0031, 67.89, -0.106
20241227, CRDO, 40, 20260116, C, 0, 72, 0.0037, 67.89, 0.8662
20241227, CRDO, 40, 20260116, P, 0, 138, 0.0038, 67.89, -0.1367
20241227, CRDO, 45, 20260116, C, 0, 211, 0.0043, 67.89, 0.8345
20241227, CRDO, 45, 20260116, P, 0, 63, 0.0045, 67.89, -0.1695
20241227, CRDO, 50, 20260116, C, 1, 535, 0.0049, 67.89, 0.8018
20241227, CRDO, 50, 20260116, P, 0, 91, 0.0051, 67.89, -0.2034
20241227, CRDO, 55, 20260116, C, 0, 6, 0.0054, 67.89, 0.7686
20241227, CRDO, 55, 20260116, P, 0, 2, 0.0056, 67.89, -0.238
20241227, CRDO, 60, 20260116, C, 0, 64, 0.0058, 67.89, 0.7354
20241227, CRDO, 60, 20260116, P, 0, 33, 0.0061, 67.89, -0.2724
20241227, CRDO, 65, 20260116, C, 1, 65, 0.0062, 67.89, 0.7026
20241227, CRDO, 65, 20260116, P, 0, 0, 0.0065, 67.89, -0.3071
20241227, CRDO, 70, 20260116, C, 4, 129, 0.0064, 67.89, 0.6706
20241227, CRDO, 70, 20260116, P, 0, 1179, 0.0068, 67.89, -0.341
20241227, CRDO, 75, 20260116, C, 4, 84, 0.0067, 67.89, 0.6394
20241227, CRDO, 75, 20260116, P, 0, 50, 0.0071, 67.89, -0.3742
20241227, CRDO, 80, 20260116, C, 2, 47, 0.0069, 67.89, 0.6093
20241227, CRDO, 80, 20260116, P, 0, 49, 0.0074, 67.89, -0.4064
20241227, CRDO, 85, 20260116, C, 0, 29, 0.007, 67.89, 0.5804
20241227, CRDO, 85, 20260116, P, 0, 10, 0.0076, 67.89, -0.4377
20241227, CRDO, 90, 20260116, C, 0, 73, 0.0071, 67.89, 0.5527
20241227, CRDO, 90, 20260116, P, 0, 3, 0.0078, 67.89, -0.4679
20241227, CRDO, 95, 20260116, C, 0, 58, 0.0071, 67.89, 0.5262
20241227, CRDO, 95, 20260116, P, 0, 0, 0.0079, 67.89, -0.497
20241227, CRDO, 100, 20260116, C, 0, 187, 0.0072, 67.89, 0.501
20241227, CRDO, 100, 20260116, P, 0, 0, 0.008, 67.89, -0.525
20241227, CRDO, 105, 20260116, C, 0, 137, 0.0072, 67.89, 0.4769
20241227, CRDO, 105, 20260116, P, 0, 0, 0.008, 67.89, -0.5519
20241227, CRDO, 110, 20260116, C, 0, 119, 0.0071, 67.89, 0.4541
20241227, CRDO, 110, 20260116, P, 0, 0, 0.0081, 67.89, -0.5777
20241227, CRDO, 15, 20270115, C, 0, 0, 0.0008, 67.89, 0.9693
20241227, CRDO, 15, 20270115, P, 0, 11, 0.0008, 67.89, -0.0301
20241227, CRDO, 17.5, 20270115, C, 0, 1, 0.001, 67.89, 0.9613
20241227, CRDO, 17.5, 20270115, P, 0, 9, 0.001, 67.89, -0.0384
20241227, CRDO, 20, 20270115, C, 0, 0, 0.0011, 67.89, 0.9525
20241227, CRDO, 20, 20270115, P, 0, 2, 0.0012, 67.89, -0.0475
20241227, CRDO, 22.5, 20270115, C, 0, 0, 0.0013, 67.89, 0.9431
20241227, CRDO, 22.5, 20270115, P, 0, 4, 0.0014, 67.89, -0.0572
20241227, CRDO, 25, 20270115, C, 0, 2, 0.0015, 67.89, 0.9333
20241227, CRDO, 25, 20270115, P, 0, 17, 0.0016, 67.89, -0.0675
20241227, CRDO, 30, 20270115, C, 0, 9, 0.0019, 67.89, 0.9124
20241227, CRDO, 30, 20270115, P, 0, 11, 0.002, 67.89, -0.0894
20241227, CRDO, 35, 20270115, C, 0, 10, 0.0023, 67.89, 0.8905
20241227, CRDO, 35, 20270115, P, 0, 9, 0.0024, 67.89, -0.1126
20241227, CRDO, 40, 20270115, C, 0, 35, 0.0027, 67.89, 0.8679
20241227, CRDO, 40, 20270115, P, 0, 11, 0.0029, 67.89, -0.1367
20241227, CRDO, 45, 20270115, C, 0, 15, 0.003, 67.89, 0.8449
20241227, CRDO, 45, 20270115, P, 0, 18, 0.0032, 67.89, -0.1612
20241227, CRDO, 50, 20270115, C, 0, 16, 0.0033, 67.89, 0.8219
20241227, CRDO, 50, 20270115, P, 0, 7, 0.0036, 67.89, -0.186
20241227, CRDO, 55, 20270115, C, 0, 9, 0.0036, 67.89, 0.799
20241227, CRDO, 55, 20270115, P, 0, 3, 0.004, 67.89, -0.211
20241227, CRDO, 60, 20270115, C, 0, 9, 0.0039, 67.89, 0.7763
20241227, CRDO, 60, 20270115, P, 0, 5, 0.0043, 67.89, -0.2359
20241227, CRDO, 65, 20270115, C, 1, 62, 0.0041, 67.89, 0.754
20241227, CRDO, 65, 20270115, P, 0, 5, 0.0046, 67.89, -0.2608
20241227, CRDO, 70, 20270115, C, 5, 40, 0.0043, 67.89, 0.7322
20241227, CRDO, 70, 20270115, P, 0, 4, 0.0048, 67.89, -0.285
20241227, CRDO, 75, 20270115, C, 0, 6, 0.0045, 67.89, 0.7109
20241227, CRDO, 75, 20270115, P, 0, 1, 0.0051, 67.89, -0.3091
20241227, CRDO, 80, 20270115, C, 0, 16, 0.0046, 67.89, 0.6902
20241227, CRDO, 80, 20270115, P, 0, 0, 0.0053, 67.89, -0.3328
20241227, CRDO, 85, 20270115, C, 0, 0, 0.0048, 67.89, 0.67
20241227, CRDO, 85, 20270115, P, 0, 17, 0.0056, 67.89, -0.3561
20241227, CRDO, 90, 20270115, C, 0, 1, 0.0049, 67.89, 0.6504
20241227, CRDO, 90, 20270115, P, 0, 0, 0.0058, 67.89, -0.3789
20241227, CRDO, 95, 20270115, C, 1, 4, 0.005, 67.89, 0.6315
20241227, CRDO, 95, 20270115, P, 0, 38, 0.006, 67.89, -0.4013
20241227, CRDO, 100, 20270115, C, 0, 6, 0.0051, 67.89, 0.6132
20241227, CRDO, 100, 20270115, P, 0, 16, 0.0061, 67.89, -0.4234
20241227, CRDO, 105, 20270115, C, 0, 88, 0.0052, 67.89, 0.5955
20241227, CRDO, 105, 20270115, P, 0, 27, 0.0063, 67.89, -0.445
20241227, CRDO, 110, 20270115, C, 0, 51, 0.0052, 67.89, 0.5784
20241227, CRDO, 110, 20270115, P, 0, 33, 0.0065, 67.89, -0.4659
20241230, CRDO, 2.5, 20250117, C, 0, 2, 0, 69.6, 1
20241230, CRDO, 2.5, 20250117, P, 0, 0, 0, 69.6, -0.0001
20241230, CRDO, 5, 20250117, C, 0, 0, 0, 69.6, 0.9999
20241230, CRDO, 5, 20250117, P, 0, 0, 0, 69.6, -0.0001
20241230, CRDO, 7.5, 20250117, C, 0, 0, 0, 69.6, 0.9997
20241230, CRDO, 7.5, 20250117, P, 0, 0, 0, 69.6, -0.0002
20241230, CRDO, 10, 20250117, C, 0, 4, 0, 69.6, 0.9996
20241230, CRDO, 10, 20250117, P, 0, 80, 0, 69.6, -0.0002
20241230, CRDO, 12.5, 20250117, C, 0, 1, 0, 69.6, 0.9994
20241230, CRDO, 12.5, 20250117, P, 0, 18, 0, 69.6, -0.0003
20241230, CRDO, 15, 20250117, C, 0, 30, 0, 69.6, 0.9993
20241230, CRDO, 15, 20250117, P, 0, 15, 0, 69.6, -0.0003
20241230, CRDO, 17.5, 20250117, C, 0, 27, 0, 69.6, 0.9992
20241230, CRDO, 17.5, 20250117, P, 0, 193, 0, 69.6, -0.0004
20241230, CRDO, 20, 20250117, C, 0, 231, 0.0001, 69.6, 0.999
20241230, CRDO, 20, 20250117, P, 0, 29, 0.0001, 69.6, -0.0005
20241230, CRDO, 22.5, 20250117, C, 3, 443, 0.0001, 69.6, 0.9989
20241230, CRDO, 22.5, 20250117, P, 0, 93, 0.0001, 69.6, -0.0007
20241230, CRDO, 25, 20250117, C, 0, 380, 0.0001, 69.6, 0.9987
20241230, CRDO, 25, 20250117, P, 0, 2845, 0.0001, 69.6, -0.0009
20241230, CRDO, 30, 20250117, C, 3, 400, 0.0002, 69.6, 0.998
20241230, CRDO, 30, 20250117, P, 0, 1816, 0.0002, 69.6, -0.0016
20241230, CRDO, 35, 20250117, C, 0, 679, 0.0005, 69.6, 0.9966
20241230, CRDO, 35, 20250117, P, 3, 753, 0.0005, 69.6, -0.003
20241230, CRDO, 40, 20250117, C, 2, 1038, 0.001, 69.6, 0.9936
20241230, CRDO, 40, 20250117, P, 0, 724, 0.001, 69.6, -0.006
20241230, CRDO, 45, 20250117, C, 6, 1654, 0.0023, 69.6, 0.9869
20241230, CRDO, 45, 20250117, P, 13, 201, 0.0023, 69.6, -0.0127
20241230, CRDO, 50, 20250117, C, 63, 2317, 0.0051, 69.6, 0.9709
20241230, CRDO, 50, 20250117, P, 0, 930, 0.0051, 69.6, -0.0287
20241230, CRDO, 55, 20250117, C, 4, 1334, 0.0111, 69.6, 0.9335
20241230, CRDO, 55, 20250117, P, 14, 388, 0.0111, 69.6, -0.0663
20241230, CRDO, 60, 20250117, C, 202, 465, 0.0214, 69.6, 0.8527
20241230, CRDO, 60, 20250117, P, 74, 594, 0.0215, 69.6, -0.1474
20241230, CRDO, 65, 20250117, C, 217, 689, 0.0335, 69.6, 0.7091
20241230, CRDO, 65, 20250117, P, 39, 1115, 0.0337, 69.6, -0.2918
20241230, CRDO, 70, 20250117, C, 206, 1399, 0.0399, 69.6, 0.5181
20241230, CRDO, 70, 20250117, P, 176, 426, 0.0401, 69.6, -0.4838
20241230, CRDO, 75, 20250117, C, 168, 1573, 0.0363, 69.6, 0.3325
20241230, CRDO, 75, 20250117, P, 3, 127, 0.0366, 69.6, -0.6708
20241230, CRDO, 80, 20250117, C, 77, 991, 0.027, 69.6, 0.1933
20241230, CRDO, 80, 20250117, P, 0, 53, 0.0274, 69.6, -0.8114
20241230, CRDO, 85, 20250117, C, 44, 558, 0.0176, 69.6, 0.1054
20241230, CRDO, 85, 20250117, P, 0, 6, 0.018, 69.6, -0.9008
20241230, CRDO, 90, 20250117, C, 14, 364, 0.0105, 69.6, 0.0556
20241230, CRDO, 90, 20250117, P, 0, 93, 0.011, 69.6, -0.9523
20241230, CRDO, 95, 20250117, C, 2, 211, 0.006, 69.6, 0.0288
20241230, CRDO, 95, 20250117, P, 0, 90, 0.0071, 69.6, -0.9814
20241230, CRDO, 100, 20250117, C, 35, 1444, 0.0034, 69.6, 0.0149
20241230, CRDO, 100, 20250117, P, 0, 75, 0.0027, 69.6, -0.9966
20241230, CRDO, 105, 20250117, C, 0, 132, 0.0018, 69.6, 0.0077
20241230, CRDO, 105, 20250117, P, 0, 0, 0, 69.6, -1
20241230, CRDO, 110, 20250117, C, 6, 74, 0.001, 69.6, 0.004
20241230, CRDO, 110, 20250117, P, 0, 0, 0, 69.6, -1
20241230, CRDO, 15, 20250221, C, 0, 2, 0.0003, 69.6, 0.9972
20241230, CRDO, 15, 20250221, P, 0, 0, 0.0003, 69.6, -0.0042
20241230, CRDO, 17.5, 20250221, C, 0, 6, 0.0003, 69.6, 0.9967
20241230, CRDO, 17.5, 20250221, P, 0, 456, 0.0003, 69.6, -0.0047
20241230, CRDO, 20, 20250221, C, 0, 16, 0.0004, 69.6, 0.996
20241230, CRDO, 20, 20250221, P, 0, 112, 0.0004, 69.6, -0.0054
20241230, CRDO, 22.5, 20250221, C, 0, 57, 0.0005, 69.6, 0.995
20241230, CRDO, 22.5, 20250221, P, 0, 159, 0.0005, 69.6, -0.0063
20241230, CRDO, 25, 20250221, C, 0, 182, 0.0006, 69.6, 0.9938
20241230, CRDO, 25, 20250221, P, 0, 183, 0.0006, 69.6, -0.0075
20241230, CRDO, 30, 20250221, C, 0, 700, 0.001, 69.6, 0.9902
20241230, CRDO, 30, 20250221, P, 0, 478, 0.001, 69.6, -0.0112
20241230, CRDO, 35, 20250221, C, 10, 152, 0.0017, 69.6, 0.9836
20241230, CRDO, 35, 20250221, P, 0, 793, 0.0017, 69.6, -0.0178
20241230, CRDO, 40, 20250221, C, 1, 1091, 0.003, 69.6, 0.9714
20241230, CRDO, 40, 20250221, P, 15, 491, 0.003, 69.6, -0.03
20241230, CRDO, 45, 20250221, C, 0, 395, 0.0051, 69.6, 0.9495
20241230, CRDO, 45, 20250221, P, 0, 654, 0.0051, 69.6, -0.0521
20241230, CRDO, 50, 20250221, C, 21, 219, 0.0083, 69.6, 0.9117
20241230, CRDO, 50, 20250221, P, 0, 495, 0.0083, 69.6, -0.0901
20241230, CRDO, 55, 20250221, C, 51, 120, 0.0124, 69.6, 0.8521
20241230, CRDO, 55, 20250221, P, 4, 141, 0.0125, 69.6, -0.15
20241230, CRDO, 60, 20250221, C, 0, 454, 0.0169, 69.6, 0.7688
20241230, CRDO, 60, 20250221, P, 38, 457, 0.017, 69.6, -0.2342
20241230, CRDO, 65, 20250221, C, 7, 893, 0.0205, 69.6, 0.6666
20241230, CRDO, 65, 20250221, P, 19, 254, 0.0208, 69.6, -0.3375
20241230, CRDO, 70, 20250221, C, 25, 533, 0.0225, 69.6, 0.5554
20241230, CRDO, 70, 20250221, P, 8, 400, 0.0228, 69.6, -0.4502
20241230, CRDO, 75, 20250221, C, 56, 949, 0.0226, 69.6, 0.4464
20241230, CRDO, 75, 20250221, P, 21, 108, 0.023, 69.6, -0.5611
20241230, CRDO, 80, 20250221, C, 80, 3940, 0.0211, 69.6, 0.3478
20241230, CRDO, 80, 20250221, P, 0, 92, 0.0217, 69.6, -0.6619
20241230, CRDO, 85, 20250221, C, 14, 350, 0.0186, 69.6, 0.2643
20241230, CRDO, 85, 20250221, P, 0, 8, 0.0193, 69.6, -0.748
20241230, CRDO, 90, 20250221, C, 8, 299, 0.0157, 69.6, 0.1967
20241230, CRDO, 90, 20250221, P, 0, 6, 0.0165, 69.6, -0.8185
20241230, CRDO, 95, 20250221, C, 1, 149, 0.0128, 69.6, 0.1441
20241230, CRDO, 95, 20250221, P, 0, 1, 0.0137, 69.6, -0.8743
20241230, CRDO, 100, 20250221, C, 3, 762, 0.0102, 69.6, 0.1042
20241230, CRDO, 100, 20250221, P, 0, 1, 0.0112, 69.6, -0.9176
20241230, CRDO, 105, 20250221, C, 0, 9, 0.0079, 69.6, 0.0746
20241230, CRDO, 105, 20250221, P, 0, 0, 0.0089, 69.6, -0.9505
20241230, CRDO, 110, 20250221, C, 0, 28, 0.006, 69.6, 0.053
20241230, CRDO, 110, 20250221, P, 0, 1, 0.0081, 69.6, -0.9768
20241230, CRDO, 15, 20250516, C, 0, 0, 0.0003, 69.6, 0.9965
20241230, CRDO, 15, 20250516, P, 0, 0, 0.0003, 69.6, -0.0046
20241230, CRDO, 17.5, 20250516, C, 0, 0, 0.0004, 69.6, 0.9945
20241230, CRDO, 17.5, 20250516, P, 0, 0, 0.0004, 69.6, -0.0066
20241230, CRDO, 20, 20250516, C, 0, 40, 0.0006, 69.6, 0.9916
20241230, CRDO, 20, 20250516, P, 0, 76, 0.0006, 69.6, -0.0095
20241230, CRDO, 22.5, 20250516, C, 0, 0, 0.0008, 69.6, 0.9878
20241230, CRDO, 22.5, 20250516, P, 0, 51, 0.0008, 69.6, -0.0133
20241230, CRDO, 25, 20250516, C, 0, 1, 0.0011, 69.6, 0.9827
20241230, CRDO, 25, 20250516, P, 0, 19, 0.0011, 69.6, -0.0184
20241230, CRDO, 30, 20250516, C, 0, 74, 0.0019, 69.6, 0.9678
20241230, CRDO, 30, 20250516, P, 0, 159, 0.002, 69.6, -0.0335
20241230, CRDO, 35, 20250516, C, 0, 61, 0.003, 69.6, 0.9454
20241230, CRDO, 35, 20250516, P, 0, 796, 0.0031, 69.6, -0.056
20241230, CRDO, 40, 20250516, C, 0, 183, 0.0044, 69.6, 0.9146
20241230, CRDO, 40, 20250516, P, 8, 179, 0.0044, 69.6, -0.087
20241230, CRDO, 45, 20250516, C, 30, 182, 0.0058, 69.6, 0.8757
20241230, CRDO, 45, 20250516, P, 4, 495, 0.0059, 69.6, -0.1262
20241230, CRDO, 50, 20250516, C, 0, 1044, 0.0073, 69.6, 0.8296
20241230, CRDO, 50, 20250516, P, 3, 200, 0.0074, 69.6, -0.1728
20241230, CRDO, 55, 20250516, C, 0, 1002, 0.0087, 69.6, 0.7779
20241230, CRDO, 55, 20250516, P, 7, 55, 0.0088, 69.6, -0.2253
20241230, CRDO, 60, 20250516, C, 40, 230, 0.0099, 69.6, 0.7224
20241230, CRDO, 60, 20250516, P, 3, 90, 0.01, 69.6, -0.2818
20241230, CRDO, 65, 20250516, C, 3, 547, 0.0108, 69.6, 0.6651
20241230, CRDO, 65, 20250516, P, 48, 110, 0.011, 69.6, -0.3402
20241230, CRDO, 70, 20250516, C, 7, 257, 0.0114, 69.6, 0.6075
20241230, CRDO, 70, 20250516, P, 4, 90, 0.0117, 69.6, -0.3991
20241230, CRDO, 75, 20250516, C, 12, 349, 0.0118, 69.6, 0.5511
20241230, CRDO, 75, 20250516, P, 32, 227, 0.0122, 69.6, -0.4569
20241230, CRDO, 80, 20250516, C, 5, 208, 0.012, 69.6, 0.4971
20241230, CRDO, 80, 20250516, P, 10, 111, 0.0124, 69.6, -0.5126
20241230, CRDO, 85, 20250516, C, 19, 285, 0.0119, 69.6, 0.4458
20241230, CRDO, 85, 20250516, P, 9, 112, 0.0124, 69.6, -0.5657
20241230, CRDO, 90, 20250516, C, 34, 161, 0.0116, 69.6, 0.3981
20241230, CRDO, 90, 20250516, P, 0, 177, 0.0122, 69.6, -0.6155
20241230, CRDO, 95, 20250516, C, 10, 62, 0.0112, 69.6, 0.3542
20241230, CRDO, 95, 20250516, P, 0, 71, 0.0119, 69.6, -0.6615
20241230, CRDO, 100, 20250516, C, 6, 167, 0.0107, 69.6, 0.3141
20241230, CRDO, 100, 20250516, P, 0, 18, 0.0114, 69.6, -0.704
20241230, CRDO, 105, 20250516, C, 3, 68, 0.0102, 69.6, 0.2779
20241230, CRDO, 105, 20250516, P, 0, 4, 0.011, 69.6, -0.7428
20241230, CRDO, 110, 20250516, C, 0, 49, 0.0096, 69.6, 0.2452
20241230, CRDO, 110, 20250516, P, 0, 0, 0.0104, 69.6, -0.7782
20241230, CRDO, 40, 20250815, C, 0, 0, 0.0041, 69.6, 0.8881
20241230, CRDO, 40, 20250815, P, 0, 0, 0.0042, 69.6, -0.1166
20241230, CRDO, 45, 20250815, C, 0, 0, 0.005, 69.6, 0.8527
20241230, CRDO, 45, 20250815, P, 0, 1, 0.0051, 69.6, -0.1527
20241230, CRDO, 50, 20250815, C, 0, 0, 0.0059, 69.6, 0.8138
20241230, CRDO, 50, 20250815, P, 0, 4, 0.006, 69.6, -0.1921
20241230, CRDO, 55, 20250815, C, 0, 5, 0.0067, 69.6, 0.7727
20241230, CRDO, 55, 20250815, P, 0, 0, 0.0069, 69.6, -0.2344
20241230, CRDO, 60, 20250815, C, 0, 3, 0.0074, 69.6, 0.7301
20241230, CRDO, 60, 20250815, P, 0, 0, 0.0076, 69.6, -0.2779
20241230, CRDO, 65, 20250815, C, 0, 32, 0.008, 69.6, 0.687
20241230, CRDO, 65, 20250815, P, 2, 0, 0.0082, 69.6, -0.3225
20241230, CRDO, 70, 20250815, C, 0, 3, 0.0084, 69.6, 0.6443
20241230, CRDO, 70, 20250815, P, 0, 0, 0.0088, 69.6, -0.3669
20241230, CRDO, 75, 20250815, C, 7, 7, 0.0088, 69.6, 0.6021
20241230, CRDO, 75, 20250815, P, 0, 0, 0.0092, 69.6, -0.4106
20241230, CRDO, 80, 20250815, C, 2, 2, 0.009, 69.6, 0.5612
20241230, CRDO, 80, 20250815, P, 0, 0, 0.0094, 69.6, -0.4533
20241230, CRDO, 85, 20250815, C, 0, 0, 0.0091, 69.6, 0.522
20241230, CRDO, 85, 20250815, P, 0, 0, 0.0096, 69.6, -0.4946
20241230, CRDO, 90, 20250815, C, 0, 1, 0.0092, 69.6, 0.4846
20241230, CRDO, 90, 20250815, P, 0, 0, 0.0098, 69.6, -0.5342
20241230, CRDO, 95, 20250815, C, 0, 0, 0.0091, 69.6, 0.4492
20241230, CRDO, 95, 20250815, P, 0, 0, 0.0098, 69.6, -0.572
20241230, CRDO, 100, 20250815, C, 5, 0, 0.009, 69.6, 0.4158
20241230, CRDO, 100, 20250815, P, 0, 0, 0.0098, 69.6, -0.608
20241230, CRDO, 105, 20250815, C, 10, 0, 0.0089, 69.6, 0.3845
20241230, CRDO, 105, 20250815, P, 0, 0, 0.0097, 69.6, -0.642
20241230, CRDO, 110, 20250815, C, 5, 0, 0.0087, 69.6, 0.3552
20241230, CRDO, 110, 20250815, P, 0, 0, 0.0096, 69.6, -0.6741
20241230, CRDO, 2.5, 20260116, C, 0, 11, 0.0001, 69.6, 0.9967
20241230, CRDO, 2.5, 20260116, P, 0, 1, 0.0001, 69.6, -0.0026
20241230, CRDO, 5, 20260116, C, 0, 1, 0.0001, 69.6, 0.9943
20241230, CRDO, 5, 20260116, P, 0, 0, 0.0001, 69.6, -0.005
20241230, CRDO, 7.5, 20260116, C, 0, 6, 0.0002, 69.6, 0.9916
20241230, CRDO, 7.5, 20260116, P, 0, 1, 0.0002, 69.6, -0.0078
20241230, CRDO, 10, 20260116, C, 0, 45, 0.0004, 69.6, 0.9881
20241230, CRDO, 10, 20260116, P, 0, 48, 0.0004, 69.6, -0.0113
20241230, CRDO, 12.5, 20260116, C, 0, 13, 0.0005, 69.6, 0.9839
20241230, CRDO, 12.5, 20260116, P, 0, 40, 0.0005, 69.6, -0.0155
20241230, CRDO, 15, 20260116, C, 0, 29, 0.0007, 69.6, 0.9787
20241230, CRDO, 15, 20260116, P, 0, 3, 0.0007, 69.6, -0.0208
20241230, CRDO, 17.5, 20260116, C, 0, 6, 0.0009, 69.6, 0.9724
20241230, CRDO, 17.5, 20260116, P, 0, 37, 0.0009, 69.6, -0.0272
20241230, CRDO, 20, 20260116, C, 0, 79, 0.0011, 69.6, 0.965
20241230, CRDO, 20, 20260116, P, 0, 117, 0.0011, 69.6, -0.0346
20241230, CRDO, 22.5, 20260116, C, 0, 27, 0.0014, 69.6, 0.9566
20241230, CRDO, 22.5, 20260116, P, 0, 48, 0.0014, 69.6, -0.0432
20241230, CRDO, 25, 20260116, C, 1, 110, 0.0017, 69.6, 0.947
20241230, CRDO, 25, 20260116, P, 0, 53, 0.0017, 69.6, -0.053
20241230, CRDO, 30, 20260116, C, 0, 217, 0.0023, 69.6, 0.9247
20241230, CRDO, 30, 20260116, P, 1, 132, 0.0023, 69.6, -0.0757
20241230, CRDO, 35, 20260116, C, 0, 390, 0.0029, 69.6, 0.8989
20241230, CRDO, 35, 20260116, P, 0, 234, 0.003, 69.6, -0.102
20241230, CRDO, 40, 20260116, C, 0, 72, 0.0035, 69.6, 0.8704
20241230, CRDO, 40, 20260116, P, 11, 139, 0.0036, 69.6, -0.1313
20241230, CRDO, 45, 20260116, C, 0, 211, 0.0041, 69.6, 0.8399
20241230, CRDO, 45, 20260116, P, 10, 63, 0.0042, 69.6, -0.1627
20241230, CRDO, 50, 20260116, C, 0, 535, 0.0046, 69.6, 0.8081
20241230, CRDO, 50, 20260116, P, 0, 91, 0.0048, 69.6, -0.1955
20241230, CRDO, 55, 20260116, C, 0, 6, 0.0051, 69.6, 0.7757
20241230, CRDO, 55, 20260116, P, 0, 2, 0.0054, 69.6, -0.2292
20241230, CRDO, 60, 20260116, C, 0, 64, 0.0056, 69.6, 0.7431
20241230, CRDO, 60, 20260116, P, 0, 33, 0.0058, 69.6, -0.2632
20241230, CRDO, 65, 20260116, C, 0, 58, 0.0059, 69.6, 0.7107
20241230, CRDO, 65, 20260116, P, 0, 0, 0.0062, 69.6, -0.2972
20241230, CRDO, 70, 20260116, C, 0, 125, 0.0062, 69.6, 0.6789
20241230, CRDO, 70, 20260116, P, 0, 1179, 0.0066, 69.6, -0.3308
20241230, CRDO, 75, 20260116, C, 10, 83, 0.0065, 69.6, 0.6477
20241230, CRDO, 75, 20260116, P, 0, 50, 0.0069, 69.6, -0.3638
20241230, CRDO, 80, 20260116, C, 0, 49, 0.0067, 69.6, 0.6176
20241230, CRDO, 80, 20260116, P, 0, 49, 0.0072, 69.6, -0.3957
20241230, CRDO, 85, 20260116, C, 0, 29, 0.0068, 69.6, 0.5885
20241230, CRDO, 85, 20260116, P, 0, 10, 0.0074, 69.6, -0.4272
20241230, CRDO, 90, 20260116, C, 0, 73, 0.007, 69.6, 0.5605
20241230, CRDO, 90, 20260116, P, 0, 3, 0.0076, 69.6, -0.4575
20241230, CRDO, 95, 20260116, C, 0, 58, 0.007, 69.6, 0.5337
20241230, CRDO, 95, 20260116, P, 0, 0, 0.0077, 69.6, -0.4868
20241230, CRDO, 100, 20260116, C, 0, 187, 0.007, 69.6, 0.5081
20241230, CRDO, 100, 20260116, P, 0, 0, 0.0078, 69.6, -0.515
20241230, CRDO, 105, 20260116, C, 3, 137, 0.007, 69.6, 0.4837
20241230, CRDO, 105, 20260116, P, 0, 5, 0.0079, 69.6, -0.5421
20241230, CRDO, 110, 20260116, C, 15, 119, 0.007, 69.6, 0.4605
20241230, CRDO, 110, 20260116, P, 0, 0, 0.0079, 69.6, -0.5682
20241230, CRDO, 15, 20270115, C, 0, 0, 0.0007, 69.6, 0.9688
20241230, CRDO, 15, 20270115, P, 0, 11, 0.0007, 69.6, -0.0307
20241230, CRDO, 17.5, 20270115, C, 0, 1, 0.0009, 69.6, 0.9614
20241230, CRDO, 17.5, 20270115, P, 0, 9, 0.0009, 69.6, -0.0383
20241230, CRDO, 20, 20270115, C, 0, 0, 0.0011, 69.6, 0.9533
20241230, CRDO, 20, 20270115, P, 0, 2, 0.0011, 69.6, -0.0467
20241230, CRDO, 22.5, 20270115, C, 0, 0, 0.0013, 69.6, 0.9446
20241230, CRDO, 22.5, 20270115, P, 0, 3, 0.0013, 69.6, -0.0557
20241230, CRDO, 25, 20270115, C, 0, 2, 0.0015, 69.6, 0.9353
20241230, CRDO, 25, 20270115, P, 0, 14, 0.0015, 69.6, -0.0654
20241230, CRDO, 30, 20270115, C, 0, 9, 0.0018, 69.6, 0.9154
20241230, CRDO, 30, 20270115, P, 0, 11, 0.0019, 69.6, -0.0863
20241230, CRDO, 35, 20270115, C, 0, 10, 0.0022, 69.6, 0.894
20241230, CRDO, 35, 20270115, P, 0, 10, 0.0024, 69.6, -0.1087
20241230, CRDO, 40, 20270115, C, 0, 35, 0.0026, 69.6, 0.8718
20241230, CRDO, 40, 20270115, P, 0, 13, 0.0028, 69.6, -0.1324
20241230, CRDO, 45, 20270115, C, 0, 15, 0.0029, 69.6, 0.849
20241230, CRDO, 45, 20270115, P, 0, 17, 0.0032, 69.6, -0.1566
20241230, CRDO, 50, 20270115, C, 0, 16, 0.0032, 69.6, 0.826
20241230, CRDO, 50, 20270115, P, 0, 7, 0.0035, 69.6, -0.1814
20241230, CRDO, 55, 20270115, C, 0, 9, 0.0035, 69.6, 0.803
20241230, CRDO, 55, 20270115, P, 0, 3, 0.0039, 69.6, -0.2063
20241230, CRDO, 60, 20270115, C, 0, 9, 0.0038, 69.6, 0.7802
20241230, CRDO, 60, 20270115, P, 0, 5, 0.0042, 69.6, -0.2313
20241230, CRDO, 65, 20270115, C, 0, 62, 0.004, 69.6, 0.7578
20241230, CRDO, 65, 20270115, P, 0, 5, 0.0045, 69.6, -0.256
20241230, CRDO, 70, 20270115, C, 0, 35, 0.0042, 69.6, 0.7358
20241230, CRDO, 70, 20270115, P, 0, 4, 0.0048, 69.6, -0.2806
20241230, CRDO, 75, 20270115, C, 0, 6, 0.0044, 69.6, 0.7142
20241230, CRDO, 75, 20270115, P, 0, 1, 0.005, 69.6, -0.3048
20241230, CRDO, 80, 20270115, C, 0, 16, 0.0046, 69.6, 0.6932
20241230, CRDO, 80, 20270115, P, 0, 0, 0.0052, 69.6, -0.3285
20241230, CRDO, 85, 20270115, C, 0, 0, 0.0047, 69.6, 0.6729
20241230, CRDO, 85, 20270115, P, 0, 17, 0.0055, 69.6, -0.3519
20241230, CRDO, 90, 20270115, C, 0, 1, 0.0049, 69.6, 0.6531
20241230, CRDO, 90, 20270115, P, 0, 0, 0.0057, 69.6, -0.3748
20241230, CRDO, 95, 20270115, C, 0, 4, 0.005, 69.6, 0.6342
20241230, CRDO, 95, 20270115, P, 0, 38, 0.0059, 69.6, -0.3972
20241230, CRDO, 100, 20270115, C, 0, 6, 0.005, 69.6, 0.6157
20241230, CRDO, 100, 20270115, P, 0, 16, 0.006, 69.6, -0.4192
20241230, CRDO, 105, 20270115, C, 0, 86, 0.0051, 69.6, 0.5978
20241230, CRDO, 105, 20270115, P, 0, 27, 0.0062, 69.6, -0.4406
20241230, CRDO, 110, 20270115, C, 10, 51, 0.0052, 69.6, 0.5806
20241230, CRDO, 110, 20270115, P, 0, 33, 0.0064, 69.6, -0.4614
