20241230113616, GOOG, 90, 20250103, C, 0, 0, 0, 192.54, 1
20241230113616, GOOG, 90, 20250103, P, 0, 0, 0, 192.54, -0.0001
20241230113616, GOOG, 95, 20250103, C, 0, 0, 0, 192.54, 1
20241230113616, GOOG, 95, 20250103, P, 0, 0, 0, 192.54, -0.0002
20241230113616, GOOG, 100, 20250103, C, 0, 7, 0, 192.54, 1
20241230113616, GOOG, 100, 20250103, P, 0, 0, 0, 192.54, -0.0002
20241230113616, GOOG, 105, 20250103, C, 0, 1, 0, 192.54, 0.9999
20241230113616, GOOG, 105, 20250103, P, 0, 0, 0, 192.54, -0.0003
20241230113616, GOOG, 110, 20250103, C, 0, 2, 0, 192.54, 0.9998
20241230113616, GOOG, 110, 20250103, P, 11, 1, 0, 192.54, -0.0004
20241230113616, GOOG, 115, 20250103, C, 0, 0, 0, 192.54, 0.9997
20241230113616, GOOG, 115, 20250103, P, 0, 1, 0, 192.54, -0.0005
20241230113616, GOOG, 120, 20250103, C, 0, 6, 0.0001, 192.54, 0.9995
20241230113616, GOOG, 120, 20250103, P, 0, 1, 0.0001, 192.54, -0.0006
20241230113616, GOOG, 125, 20250103, C, 0, 1, 0.0001, 192.54, 0.9993
20241230113616, GOOG, 125, 20250103, P, 0, 2, 0.0001, 192.54, -0.0008
20241230113616, GOOG, 130, 20250103, C, 0, 1, 0.0001, 192.54, 0.999
20241230113616, GOOG, 130, 20250103, P, 0, 12, 0.0001, 192.54, -0.0011
20241230113616, GOOG, 135, 20250103, C, 0, 11, 0.0002, 192.54, 0.9987
20241230113616, GOOG, 135, 20250103, P, 0, 501, 0.0002, 192.54, -0.0015
20241230113616, GOOG, 140, 20250103, C, 2, 18, 0.0003, 192.54, 0.9981
20241230113616, GOOG, 140, 20250103, P, 0, 26, 0.0003, 192.54, -0.002
20241230113616, GOOG, 145, 20250103, C, 2, 8, 0.0004, 192.54, 0.9974
20241230113616, GOOG, 145, 20250103, P, 0, 264, 0.0004, 192.54, -0.0028
20241230113616, GOOG, 150, 20250103, C, 1, 48, 0.0006, 192.54, 0.9963
20241230113616, GOOG, 150, 20250103, P, 0, 134, 0.0006, 192.54, -0.0039
20241230113616, GOOG, 155, 20250103, C, 0, 11, 0.0009, 192.54, 0.9947
20241230113616, GOOG, 155, 20250103, P, 553, 1565, 0.0009, 192.54, -0.0055
20241230113616, GOOG, 160, 20250103, C, 137, 245, 0.0014, 192.54, 0.9922
20241230113616, GOOG, 160, 20250103, P, 794, 593, 0.0014, 192.54, -0.0079
20241230113616, GOOG, 162.5, 20250103, C, 1, 1, 0.0018, 192.54, 0.9905
20241230113616, GOOG, 162.5, 20250103, P, 240, 108, 0.0018, 192.54, -0.0096
20241230113616, GOOG, 165, 20250103, C, 0, 55, 0.0023, 192.54, 0.9884
20241230113616, GOOG, 165, 20250103, P, 69, 502, 0.0023, 192.54, -0.0118
20241230113616, GOOG, 167.5, 20250103, C, 0, 2, 0.0029, 192.54, 0.9856
20241230113616, GOOG, 167.5, 20250103, P, 16, 309, 0.0029, 192.54, -0.0146
20241230113616, GOOG, 170, 20250103, C, 57, 177, 0.0038, 192.54, 0.982
20241230113616, GOOG, 170, 20250103, P, 50, 714, 0.0038, 192.54, -0.0182
20241230113616, GOOG, 172.5, 20250103, C, 0, 61, 0.005, 192.54, 0.9772
20241230113616, GOOG, 172.5, 20250103, P, 14, 533, 0.005, 192.54, -0.023
20241230113616, GOOG, 175, 20250103, C, 6, 487, 0.0067, 192.54, 0.9706
20241230113616, GOOG, 175, 20250103, P, 60, 1164, 0.0068, 192.54, -0.0296
20241230113616, GOOG, 177.5, 20250103, C, 2, 385, 0.0093, 192.54, 0.9612
20241230113616, GOOG, 177.5, 20250103, P, 10, 1611, 0.0093, 192.54, -0.0391
20241230113616, GOOG, 180, 20250103, C, 10, 2926, 0.0131, 192.54, 0.947
20241230113616, GOOG, 180, 20250103, P, 1308, 863, 0.0132, 192.54, -0.0533
20241230113616, GOOG, 182.5, 20250103, C, 5, 279, 0.0193, 192.54, 0.9238
20241230113616, GOOG, 182.5, 20250103, P, 290, 1611, 0.0194, 192.54, -0.0767
20241230113616, GOOG, 185, 20250103, C, 42, 1923, 0.0294, 192.54, 0.8825
20241230113616, GOOG, 185, 20250103, P, 1036, 1307, 0.0296, 192.54, -0.1184
20241230113616, GOOG, 187.5, 20250103, C, 13, 292, 0.0442, 192.54, 0.8081
20241230113616, GOOG, 187.5, 20250103, P, 898, 1167, 0.0447, 192.54, -0.1936
20241230113616, GOOG, 190, 20250103, C, 578, 1943, 0.0611, 192.54, 0.6865
20241230113616, GOOG, 190, 20250103, P, 1547, 1156, 0.0619, 192.54, -0.3169
20241230113616, GOOG, 192.5, 20250103, C, 2576, 2108, 0.0715, 192.54, 0.5216
20241230113616, GOOG, 192.5, 20250103, P, 275, 1490, 0.0726, 192.54, -0.4844
20241230113616, GOOG, 195, 20250103, C, 2527, 4884, 0.0674, 192.54, 0.3451
20241230113616, GOOG, 195, 20250103, P, 104, 996, 0.0682, 192.54, -0.6636
20241230113616, GOOG, 197.5, 20250103, C, 2032, 1807, 0.0509, 192.54, 0.1995
20241230113616, GOOG, 197.5, 20250103, P, 43, 291, 0.0516, 192.54, -0.8109
20241230113616, GOOG, 200, 20250103, C, 3084, 9192, 0.0324, 192.54, 0.106
20241230113616, GOOG, 200, 20250103, P, 12, 233, 0.0342, 192.54, -0.9067
20241230113616, GOOG, 202.5, 20250103, C, 455, 1780, 0.0191, 192.54, 0.0568
20241230113616, GOOG, 202.5, 20250103, P, 4, 103, 0.0204, 192.54, -0.9582
20241230113616, GOOG, 205, 20250103, C, 501, 3035, 0.0115, 192.54, 0.0333
20241230113616, GOOG, 205, 20250103, P, 0, 84, 0.0111, 192.54, -0.9812
20241230113616, GOOG, 207.5, 20250103, C, 111, 600, 0.0074, 192.54, 0.0216
20241230113616, GOOG, 207.5, 20250103, P, 0, 0, 0.006, 192.54, -0.9907
20241230113616, GOOG, 210, 20250103, C, 380, 2054, 0.005, 192.54, 0.0152
20241230113616, GOOG, 210, 20250103, P, 2, 2, 0.0033, 192.54, -0.9952
20241230113616, GOOG, 212.5, 20250103, C, 68, 815, 0.0036, 192.54, 0.0111
20241230113616, GOOG, 212.5, 20250103, P, 0, 1, 0.0019, 192.54, -0.9972
20241230113616, GOOG, 215, 20250103, C, 138, 1372, 0.0026, 192.54, 0.0084
20241230113616, GOOG, 215, 20250103, P, 0, 0, 0.0011, 192.54, -0.9985
20241230113616, GOOG, 217.5, 20250103, C, 11, 71, 0.002, 192.54, 0.0065
20241230113616, GOOG, 217.5, 20250103, P, 0, 0, 0.0007, 192.54, -0.999
20241230113616, GOOG, 220, 20250103, C, 329, 758, 0.0015, 192.54, 0.0051
20241230113616, GOOG, 220, 20250103, P, 0, 0, 0.0004, 192.54, -0.9994
20241230113616, GOOG, 222.5, 20250103, C, 0, 302, 0.0012, 192.54, 0.0041
20241230113616, GOOG, 222.5, 20250103, P, 0, 0, 0.0002, 192.54, -0.9997
20241230113616, GOOG, 225, 20250103, C, 7, 692, 0.0009, 192.54, 0.0034
20241230113616, GOOG, 225, 20250103, P, 0, 0, 0.0002, 192.54, -0.9998
20241230113616, GOOG, 230, 20250103, C, 556, 1950, 0.0006, 192.54, 0.0023
20241230113616, GOOG, 230, 20250103, P, 0, 0, 0.0001, 192.54, -0.9999
20241230113616, GOOG, 235, 20250103, C, 0, 151, 0.0004, 192.54, 0.0017
20241230113616, GOOG, 235, 20250103, P, 0, 0, 0, 192.54, -1
20241230113616, GOOG, 240, 20250103, C, 1, 98, 0.0003, 192.54, 0.0012
20241230113616, GOOG, 240, 20250103, P, 0, 0, 0, 192.54, -1
20241230113616, GOOG, 245, 20250103, C, 0, 520, 0.0002, 192.54, 0.0009
20241230113616, GOOG, 245, 20250103, P, 0, 0, 0, 192.54, -1
20241230113616, GOOG, 250, 20250103, C, 0, 134, 0.0002, 192.54, 0.0007
20241230113616, GOOG, 250, 20250103, P, 0, 0, 0, 192.54, -1
20241230113616, GOOG, 255, 20250103, C, 0, 35, 0.0001, 192.54, 0.0006
20241230113616, GOOG, 255, 20250103, P, 0, 0, 0, 192.54, -1
20241230113616, GOOG, 260, 20250103, C, 0, 7, 0.0001, 192.54, 0.0005
20241230113616, GOOG, 260, 20250103, P, 0, 0, 0, 192.54, -1
20241230113616, GOOG, 265, 20250103, C, 0, 152, 0.0001, 192.54, 0.0004
20241230113616, GOOG, 265, 20250103, P, 0, 0, 0, 192.54, -1
20241230113616, GOOG, 90, 20250110, C, 0, 0, 0, 192.54, 1
20241230113616, GOOG, 90, 20250110, P, 0, 26, 0, 192.54, -0.0002
20241230113616, GOOG, 95, 20250110, C, 0, 1, 0, 192.54, 1
20241230113616, GOOG, 95, 20250110, P, 0, 0, 0, 192.54, -0.0003
20241230113616, GOOG, 100, 20250110, C, 0, 1, 0, 192.54, 0.9999
20241230113616, GOOG, 100, 20250110, P, 0, 0, 0, 192.54, -0.0004
20241230113616, GOOG, 105, 20250110, C, 0, 0, 0, 192.54, 0.9997
20241230113616, GOOG, 105, 20250110, P, 0, 0, 0, 192.54, -0.0005
20241230113616, GOOG, 110, 20250110, C, 0, 0, 0.0001, 192.54, 0.9996
20241230113616, GOOG, 110, 20250110, P, 0, 0, 0.0001, 192.54, -0.0007
20241230113616, GOOG, 115, 20250110, C, 0, 152, 0.0001, 192.54, 0.9994
20241230113616, GOOG, 115, 20250110, P, 0, 0, 0.0001, 192.54, -0.0009
20241230113616, GOOG, 120, 20250110, C, 0, 2, 0.0001, 192.54, 0.999
20241230113616, GOOG, 120, 20250110, P, 0, 1, 0.0001, 192.54, -0.0012
20241230113616, GOOG, 125, 20250110, C, 0, 5, 0.0002, 192.54, 0.9986
20241230113616, GOOG, 125, 20250110, P, 0, 1, 0.0002, 192.54, -0.0016
20241230113616, GOOG, 130, 20250110, C, 0, 20, 0.0002, 192.54, 0.9981
20241230113616, GOOG, 130, 20250110, P, 2, 5, 0.0002, 192.54, -0.0022
20241230113616, GOOG, 135, 20250110, C, 0, 11, 0.0004, 192.54, 0.9973
20241230113616, GOOG, 135, 20250110, P, 0, 93, 0.0004, 192.54, -0.003
20241230113616, GOOG, 140, 20250110, C, 0, 0, 0.0005, 192.54, 0.9962
20241230113616, GOOG, 140, 20250110, P, 1, 26, 0.0005, 192.54, -0.004
20241230113616, GOOG, 145, 20250110, C, 1, 2, 0.0007, 192.54, 0.9947
20241230113616, GOOG, 145, 20250110, P, 0, 49, 0.0007, 192.54, -0.0056
20241230113616, GOOG, 150, 20250110, C, 0, 5, 0.001, 192.54, 0.9924
20241230113616, GOOG, 150, 20250110, P, 3, 50, 0.001, 192.54, -0.0078
20241230113616, GOOG, 155, 20250110, C, 0, 7, 0.0016, 192.54, 0.9891
20241230113616, GOOG, 155, 20250110, P, 0, 292, 0.0016, 192.54, -0.0111
20241230113616, GOOG, 160, 20250110, C, 0, 42, 0.0023, 192.54, 0.9842
20241230113616, GOOG, 160, 20250110, P, 3, 627, 0.0023, 192.54, -0.0161
20241230113616, GOOG, 165, 20250110, C, 0, 10, 0.0036, 192.54, 0.9765
20241230113616, GOOG, 165, 20250110, P, 4, 759, 0.0036, 192.54, -0.0238
20241230113616, GOOG, 167.5, 20250110, C, 0, 1, 0.0045, 192.54, 0.9711
20241230113616, GOOG, 167.5, 20250110, P, 5, 21, 0.0045, 192.54, -0.0292
20241230113616, GOOG, 170, 20250110, C, 1, 81, 0.0057, 192.54, 0.9642
20241230113616, GOOG, 170, 20250110, P, 0, 269, 0.0057, 192.54, -0.0362
20241230113616, GOOG, 172.5, 20250110, C, 2, 3, 0.0073, 192.54, 0.9552
20241230113616, GOOG, 172.5, 20250110, P, 0, 15, 0.0073, 192.54, -0.0452
20241230113616, GOOG, 175, 20250110, C, 0, 201, 0.0095, 192.54, 0.943
20241230113616, GOOG, 175, 20250110, P, 20, 430, 0.0095, 192.54, -0.0575
20241230113616, GOOG, 177.5, 20250110, C, 0, 10, 0.0124, 192.54, 0.926
20241230113616, GOOG, 177.5, 20250110, P, 4, 25, 0.0125, 192.54, -0.0745
20241230113616, GOOG, 180, 20250110, C, 4, 316, 0.0165, 192.54, 0.9014
20241230113616, GOOG, 180, 20250110, P, 421, 749, 0.0166, 192.54, -0.0996
20241230113616, GOOG, 182.5, 20250110, C, 0, 29, 0.0219, 192.54, 0.8649
20241230113616, GOOG, 182.5, 20250110, P, 205, 73, 0.0222, 192.54, -0.1366
20241230113616, GOOG, 185, 20250110, C, 22, 1451, 0.0288, 192.54, 0.8113
20241230113616, GOOG, 185, 20250110, P, 214, 903, 0.0292, 192.54, -0.191
20241230113616, GOOG, 187.5, 20250110, C, 10, 31, 0.0364, 192.54, 0.7365
20241230113616, GOOG, 187.5, 20250110, P, 164, 311, 0.0369, 192.54, -0.2668
20241230113616, GOOG, 190, 20250110, C, 39, 1163, 0.043, 192.54, 0.6402
20241230113616, GOOG, 190, 20250110, P, 282, 525, 0.0436, 192.54, -0.3647
20241230113616, GOOG, 192.5, 20250110, C, 299, 309, 0.0467, 192.54, 0.5283
20241230113616, GOOG, 192.5, 20250110, P, 536, 348, 0.0474, 192.54, -0.4785
20241230113616, GOOG, 195, 20250110, C, 394, 3816, 0.0461, 192.54, 0.412
20241230113616, GOOG, 195, 20250110, P, 109, 542, 0.047, 192.54, -0.5969
20241230113616, GOOG, 197.5, 20250110, C, 157, 748, 0.0414, 192.54, 0.3042
20241230113616, GOOG, 197.5, 20250110, P, 1, 76, 0.0425, 192.54, -0.7071
20241230113616, GOOG, 200, 20250110, C, 1810, 4737, 0.0342, 192.54, 0.2149
20241230113616, GOOG, 200, 20250110, P, 0, 218, 0.0354, 192.54, -0.799
20241230113616, GOOG, 202.5, 20250110, C, 48, 225, 0.0265, 192.54, 0.1478
20241230113616, GOOG, 202.5, 20250110, P, 60, 0, 0.0276, 192.54, -0.8683
20241230113616, GOOG, 205, 20250110, C, 91, 1621, 0.0197, 192.54, 0.1015
20241230113616, GOOG, 205, 20250110, P, 0, 40, 0.0214, 192.54, -0.9167
20241230113616, GOOG, 207.5, 20250110, C, 61, 359, 0.0145, 192.54, 0.0717
20241230113616, GOOG, 207.5, 20250110, P, 0, 0, 0.0167, 192.54, -0.9492
20241230113616, GOOG, 210, 20250110, C, 42, 2731, 0.0108, 192.54, 0.0524
20241230113616, GOOG, 210, 20250110, P, 0, 19, 0.0125, 192.54, -0.9696
20241230113616, GOOG, 212.5, 20250110, C, 4, 129, 0.0082, 192.54, 0.0398
20241230113616, GOOG, 212.5, 20250110, P, 0, 2, 0.0088, 192.54, -0.9823
20241230113616, GOOG, 215, 20250110, C, 14, 439, 0.0064, 192.54, 0.0314
20241230113616, GOOG, 215, 20250110, P, 0, 2, 0.0058, 192.54, -0.9894
20241230113616, GOOG, 217.5, 20250110, C, 0, 16, 0.0051, 192.54, 0.0253
20241230113616, GOOG, 217.5, 20250110, P, 0, 1, 0.0037, 192.54, -0.9937
20241230113616, GOOG, 220, 20250110, C, 47, 625, 0.0041, 192.54, 0.0208
20241230113616, GOOG, 220, 20250110, P, 0, 0, 0.0023, 192.54, -0.9965
20241230113616, GOOG, 222.5, 20250110, C, 0, 11, 0.0033, 192.54, 0.0173
20241230113616, GOOG, 222.5, 20250110, P, 0, 0, 0.0015, 192.54, -0.9978
20241230113616, GOOG, 225, 20250110, C, 5, 159, 0.0028, 192.54, 0.0146
20241230113616, GOOG, 225, 20250110, P, 0, 0, 0.0009, 192.54, -0.9987
20241230113616, GOOG, 230, 20250110, C, 0, 140, 0.0019, 192.54, 0.0106
20241230113616, GOOG, 230, 20250110, P, 0, 0, 0.0002, 192.54, -0.9997
20241230113616, GOOG, 235, 20250110, C, 11, 39, 0.0014, 192.54, 0.008
20241230113616, GOOG, 235, 20250110, P, 0, 0, 0.0001, 192.54, -0.9999
20241230113616, GOOG, 240, 20250110, C, 3, 53, 0.001, 192.54, 0.0061
20241230113616, GOOG, 240, 20250110, P, 0, 0, 0, 192.54, -1
20241230113616, GOOG, 245, 20250110, C, 0, 3, 0.0008, 192.54, 0.0048
20241230113616, GOOG, 245, 20250110, P, 0, 0, 0, 192.54, -1
20241230113616, GOOG, 250, 20250110, C, 0, 245, 0.0006, 192.54, 0.0038
20241230113616, GOOG, 250, 20250110, P, 0, 0, 0, 192.54, -1
20241230113616, GOOG, 255, 20250110, C, 0, 44, 0.0005, 192.54, 0.0031
20241230113616, GOOG, 255, 20250110, P, 0, 0, 0, 192.54, -1
20241230113616, GOOG, 260, 20250110, C, 0, 231, 0.0004, 192.54, 0.0025
20241230113616, GOOG, 260, 20250110, P, 0, 0, 0, 192.54, -1
20241230113616, GOOG, 265, 20250110, C, 0, 320, 0.0003, 192.54, 0.0021
20241230113616, GOOG, 265, 20250110, P, 0, 0, 0, 192.54, -1
20241230113616, GOOG, 45, 20250117, C, 0, 1242, 0, 192.54, 1
20241230113616, GOOG, 45, 20250117, P, 0, 3670, 0, 192.54, -0.0001
20241230113616, GOOG, 50, 20250117, C, 0, 281, 0, 192.54, 1
20241230113616, GOOG, 50, 20250117, P, 0, 7245, 0, 192.54, -0.0001
20241230113616, GOOG, 55, 20250117, C, 0, 312, 0, 192.54, 1
20241230113616, GOOG, 55, 20250117, P, 0, 1472, 0, 192.54, -0.0002
20241230113616, GOOG, 60, 20250117, C, 0, 857, 0, 192.54, 1
20241230113616, GOOG, 60, 20250117, P, 0, 1722, 0, 192.54, -0.0002
20241230113616, GOOG, 65, 20250117, C, 0, 394, 0, 192.54, 0.9999
20241230113616, GOOG, 65, 20250117, P, 0, 1681, 0, 192.54, -0.0003
20241230113616, GOOG, 70, 20250117, C, 0, 868, 0, 192.54, 0.9998
20241230113616, GOOG, 70, 20250117, P, 0, 3407, 0, 192.54, -0.0004
20241230113616, GOOG, 75, 20250117, C, 0, 659, 0, 192.54, 0.9998
20241230113616, GOOG, 75, 20250117, P, 0, 5204, 0, 192.54, -0.0005
20241230113616, GOOG, 80, 20250117, C, 10, 1886, 0, 192.54, 0.9996
20241230113616, GOOG, 80, 20250117, P, 0, 5901, 0, 192.54, -0.0006
20241230113616, GOOG, 85, 20250117, C, 3, 1148, 0, 192.54, 0.9995
20241230113616, GOOG, 85, 20250117, P, 0, 5938, 0, 192.54, -0.0008
20241230113616, GOOG, 90, 20250117, C, 0, 1245, 0.0001, 192.54, 0.9993
20241230113616, GOOG, 90, 20250117, P, 0, 7465, 0.0001, 192.54, -0.001
20241230113616, GOOG, 95, 20250117, C, 0, 1614, 0.0001, 192.54, 0.999
20241230113616, GOOG, 95, 20250117, P, 2, 4107, 0.0001, 192.54, -0.0012
20241230113616, GOOG, 100, 20250117, C, 0, 2908, 0.0001, 192.54, 0.9987
20241230113616, GOOG, 100, 20250117, P, 4, 4160, 0.0001, 192.54, -0.0015
20241230113616, GOOG, 105, 20250117, C, 0, 1816, 0.0001, 192.54, 0.9983
20241230113616, GOOG, 105, 20250117, P, 0, 3640, 0.0001, 192.54, -0.0019
20241230113616, GOOG, 110, 20250117, C, 0, 1318, 0.0002, 192.54, 0.9978
20241230113616, GOOG, 110, 20250117, P, 0, 3002, 0.0002, 192.54, -0.0024
20241230113616, GOOG, 115, 20250117, C, 0, 2964, 0.0002, 192.54, 0.9971
20241230113616, GOOG, 115, 20250117, P, 21, 4040, 0.0002, 192.54, -0.0031
20241230113616, GOOG, 120, 20250117, C, 2, 2840, 0.0003, 192.54, 0.9963
20241230113616, GOOG, 120, 20250117, P, 0, 7362, 0.0003, 192.54, -0.0039
20241230113616, GOOG, 125, 20250117, C, 0, 3303, 0.0004, 192.54, 0.9953
20241230113616, GOOG, 125, 20250117, P, 22, 7601, 0.0004, 192.54, -0.0049
20241230113616, GOOG, 130, 20250117, C, 2, 2510, 0.0006, 192.54, 0.994
20241230113616, GOOG, 130, 20250117, P, 2, 5198, 0.0006, 192.54, -0.0063
20241230113616, GOOG, 135, 20250117, C, 4, 3159, 0.0007, 192.54, 0.9922
20241230113616, GOOG, 135, 20250117, P, 10, 7036, 0.0007, 192.54, -0.008
20241230113616, GOOG, 140, 20250117, C, 0, 16800, 0.001, 192.54, 0.9899
20241230113616, GOOG, 140, 20250117, P, 12, 15454, 0.001, 192.54, -0.0103
20241230113616, GOOG, 145, 20250117, C, 1, 3240, 0.0013, 192.54, 0.9869
20241230113616, GOOG, 145, 20250117, P, 10, 15215, 0.0013, 192.54, -0.0133
20241230113616, GOOG, 150, 20250117, C, 0, 12810, 0.0018, 192.54, 0.9829
20241230113616, GOOG, 150, 20250117, P, 0, 15881, 0.0018, 192.54, -0.0174
20241230113616, GOOG, 155, 20250117, C, 10, 4392, 0.0025, 192.54, 0.9774
20241230113616, GOOG, 155, 20250117, P, 1, 6555, 0.0025, 192.54, -0.0229
20241230113616, GOOG, 160, 20250117, C, 27, 28177, 0.0035, 192.54, 0.9698
20241230113616, GOOG, 160, 20250117, P, 54, 29894, 0.0035, 192.54, -0.0305
20241230113616, GOOG, 165, 20250117, C, 12, 12168, 0.0049, 192.54, 0.9589
20241230113616, GOOG, 165, 20250117, P, 78, 9228, 0.005, 192.54, -0.0415
20241230113616, GOOG, 167.5, 20250117, C, 0, 1, 0.0059, 192.54, 0.9516
20241230113616, GOOG, 167.5, 20250117, P, 51, 36, 0.006, 192.54, -0.049
20241230113616, GOOG, 170, 20250117, C, 25, 7188, 0.0072, 192.54, 0.9423
20241230113616, GOOG, 170, 20250117, P, 44, 7334, 0.0073, 192.54, -0.0583
20241230113616, GOOG, 172.5, 20250117, C, 0, 0, 0.0089, 192.54, 0.9303
20241230113616, GOOG, 172.5, 20250117, P, 11, 26, 0.0089, 192.54, -0.0704
20241230113616, GOOG, 175, 20250117, C, 83, 11666, 0.011, 192.54, 0.9142
20241230113616, GOOG, 175, 20250117, P, 103, 5812, 0.0111, 192.54, -0.0867
20241230113616, GOOG, 177.5, 20250117, C, 0, 5, 0.0138, 192.54, 0.8922
20241230113616, GOOG, 177.5, 20250117, P, 15, 65, 0.0139, 192.54, -0.109
20241230113616, GOOG, 180, 20250117, C, 30, 34709, 0.0172, 192.54, 0.8619
20241230113616, GOOG, 180, 20250117, P, 113, 9064, 0.0174, 192.54, -0.1396
20241230113616, GOOG, 182.5, 20250117, C, 0, 85, 0.0214, 192.54, 0.8208
20241230113616, GOOG, 182.5, 20250117, P, 47, 141, 0.0217, 192.54, -0.1818
20241230113616, GOOG, 185, 20250117, C, 77, 6706, 0.0259, 192.54, 0.7669
20241230113616, GOOG, 185, 20250117, P, 262, 4257, 0.0263, 192.54, -0.2366
20241230113616, GOOG, 187.5, 20250117, C, 8, 39, 0.0303, 192.54, 0.6998
20241230113616, GOOG, 187.5, 20250117, P, 41, 762, 0.0308, 192.54, -0.3049
20241230113616, GOOG, 190, 20250117, C, 184, 12405, 0.0339, 192.54, 0.6208
20241230113616, GOOG, 190, 20250117, P, 448, 4862, 0.0345, 192.54, -0.3854
20241230113616, GOOG, 192.5, 20250117, C, 211, 188, 0.036, 192.54, 0.5336
20241230113616, GOOG, 192.5, 20250117, P, 36, 201, 0.0367, 192.54, -0.4745
20241230113616, GOOG, 195, 20250117, C, 286, 10466, 0.0361, 192.54, 0.4436
20241230113616, GOOG, 195, 20250117, P, 187, 3503, 0.0369, 192.54, -0.5665
20241230113616, GOOG, 197.5, 20250117, C, 256, 996, 0.0342, 192.54, 0.3568
20241230113616, GOOG, 197.5, 20250117, P, 75, 622, 0.0352, 192.54, -0.6557
20241230113616, GOOG, 200, 20250117, C, 1088, 30145, 0.0307, 192.54, 0.2784
20241230113616, GOOG, 200, 20250117, P, 9, 2292, 0.0319, 192.54, -0.7367
20241230113616, GOOG, 202.5, 20250117, C, 71, 544, 0.0263, 192.54, 0.212
20241230113616, GOOG, 202.5, 20250117, P, 0, 7, 0.0276, 192.54, -0.8056
20241230113616, GOOG, 205, 20250117, C, 125, 9713, 0.0217, 192.54, 0.159
20241230113616, GOOG, 205, 20250117, P, 2, 267, 0.023, 192.54, -0.8611
20241230113616, GOOG, 207.5, 20250117, C, 6, 166, 0.0174, 192.54, 0.1192
20241230113616, GOOG, 207.5, 20250117, P, 0, 11, 0.0186, 192.54, -0.9034
20241230113616, GOOG, 210, 20250117, C, 863, 17648, 0.0138, 192.54, 0.0897
20241230113616, GOOG, 210, 20250117, P, 2, 127, 0.0154, 192.54, -0.9346
20241230113616, GOOG, 212.5, 20250117, C, 4, 99, 0.0109, 192.54, 0.0686
20241230113616, GOOG, 212.5, 20250117, P, 0, 0, 0.0132, 192.54, -0.9584
20241230113616, GOOG, 215, 20250117, C, 140, 2708, 0.0087, 192.54, 0.0536
20241230113616, GOOG, 215, 20250117, P, 0, 31, 0.01, 192.54, -0.9745
20241230113616, GOOG, 217.5, 20250117, C, 0, 5, 0.007, 192.54, 0.0429
20241230113616, GOOG, 217.5, 20250117, P, 0, 0, 0.0073, 192.54, -0.985
20241230113616, GOOG, 220, 20250117, C, 56, 9659, 0.0057, 192.54, 0.0351
20241230113616, GOOG, 220, 20250117, P, 0, 0, 0.0048, 192.54, -0.9913
20241230113616, GOOG, 222.5, 20250117, C, 0, 6, 0.0047, 192.54, 0.0292
20241230113616, GOOG, 222.5, 20250117, P, 0, 0, 0.0029, 192.54, -0.9951
20241230113616, GOOG, 225, 20250117, C, 20, 4091, 0.0039, 192.54, 0.0247
20241230113616, GOOG, 225, 20250117, P, 0, 0, 0.0017, 192.54, -0.9975
20241230113616, GOOG, 230, 20250117, C, 5, 2109, 0.0028, 192.54, 0.0183
20241230113616, GOOG, 230, 20250117, P, 0, 0, 0.0006, 192.54, -0.9992
20241230113616, GOOG, 235, 20250117, C, 20, 1418, 0.0021, 192.54, 0.0139
20241230113616, GOOG, 235, 20250117, P, 0, 0, 0.0001, 192.54, -0.9999
20241230113616, GOOG, 240, 20250117, C, 0, 2083, 0.0016, 192.54, 0.0109
20241230113616, GOOG, 240, 20250117, P, 0, 0, 0, 192.54, -1
20241230113616, GOOG, 245, 20250117, C, 2, 64, 0.0012, 192.54, 0.0087
20241230113616, GOOG, 245, 20250117, P, 0, 0, 0, 192.54, -1
20241230113616, GOOG, 250, 20250117, C, 0, 3189, 0.001, 192.54, 0.0071
20241230113616, GOOG, 250, 20250117, P, 0, 0, 0, 192.54, -1
20241230113616, GOOG, 255, 20250117, C, 0, 223, 0.0008, 192.54, 0.0058
20241230113616, GOOG, 255, 20250117, P, 0, 0, 0, 192.54, -1
20241230113616, GOOG, 260, 20250117, C, 0, 672, 0.0006, 192.54, 0.0049
20241230113616, GOOG, 260, 20250117, P, 0, 0, 0, 192.54, -1
20241230113616, GOOG, 265, 20250117, C, 10, 112, 0.0005, 192.54, 0.0041
20241230113616, GOOG, 265, 20250117, P, 0, 0, 0, 192.54, -1
20241230113616, GOOG, 270, 20250117, C, 13, 2280, 0.0004, 192.54, 0.0035
20241230113616, GOOG, 270, 20250117, P, 0, 0, 0, 192.54, -1
20241230113616, GOOG, 275, 20250117, C, 0, 746, 0.0004, 192.54, 0.003
20241230113616, GOOG, 275, 20250117, P, 0, 0, 0, 192.54, -1
20241230113616, GOOG, 90, 20250124, C, 0, 11, 0.0001, 192.54, 0.9986
20241230113616, GOOG, 90, 20250124, P, 0, 0, 0.0001, 192.54, -0.0017
20241230113616, GOOG, 95, 20250124, C, 0, 1, 0.0001, 192.54, 0.9982
20241230113616, GOOG, 95, 20250124, P, 0, 0, 0.0001, 192.54, -0.0021
20241230113616, GOOG, 100, 20250124, C, 0, 0, 0.0002, 192.54, 0.9977
20241230113616, GOOG, 100, 20250124, P, 0, 0, 0.0002, 192.54, -0.0026
20241230113616, GOOG, 105, 20250124, C, 0, 0, 0.0002, 192.54, 0.9971
20241230113616, GOOG, 105, 20250124, P, 0, 0, 0.0002, 192.54, -0.0032
20241230113616, GOOG, 110, 20250124, C, 0, 2, 0.0003, 192.54, 0.9963
20241230113616, GOOG, 110, 20250124, P, 0, 0, 0.0003, 192.54, -0.004
20241230113616, GOOG, 115, 20250124, C, 0, 0, 0.0004, 192.54, 0.9954
20241230113616, GOOG, 115, 20250124, P, 0, 5, 0.0004, 192.54, -0.0049
20241230113616, GOOG, 120, 20250124, C, 0, 1, 0.0004, 192.54, 0.9942
20241230113616, GOOG, 120, 20250124, P, 0, 21, 0.0004, 192.54, -0.0061
20241230113616, GOOG, 125, 20250124, C, 0, 1, 0.0006, 192.54, 0.9928
20241230113616, GOOG, 125, 20250124, P, 0, 1, 0.0006, 192.54, -0.0075
20241230113616, GOOG, 130, 20250124, C, 0, 1, 0.0007, 192.54, 0.991
20241230113616, GOOG, 130, 20250124, P, 0, 15, 0.0007, 192.54, -0.0093
20241230113616, GOOG, 135, 20250124, C, 0, 1, 0.001, 192.54, 0.9887
20241230113616, GOOG, 135, 20250124, P, 0, 2, 0.001, 192.54, -0.0117
20241230113616, GOOG, 140, 20250124, C, 0, 7, 0.0012, 192.54, 0.9857
20241230113616, GOOG, 140, 20250124, P, 0, 5, 0.0013, 192.54, -0.0147
20241230113616, GOOG, 145, 20250124, C, 1, 1, 0.0016, 192.54, 0.9818
20241230113616, GOOG, 145, 20250124, P, 0, 2, 0.0017, 192.54, -0.0186
20241230113616, GOOG, 150, 20250124, C, 0, 2, 0.0022, 192.54, 0.9767
20241230113616, GOOG, 150, 20250124, P, 0, 213, 0.0022, 192.54, -0.0238
20241230113616, GOOG, 155, 20250124, C, 0, 0, 0.0029, 192.54, 0.9698
20241230113616, GOOG, 155, 20250124, P, 1, 159, 0.003, 192.54, -0.0307
20241230113616, GOOG, 160, 20250124, C, 0, 2, 0.004, 192.54, 0.9604
20241230113616, GOOG, 160, 20250124, P, 2, 31, 0.004, 192.54, -0.0403
20241230113616, GOOG, 165, 20250124, C, 0, 14, 0.0056, 192.54, 0.9469
20241230113616, GOOG, 165, 20250124, P, 4, 146, 0.0056, 192.54, -0.0539
20241230113616, GOOG, 170, 20250124, C, 1, 1313, 0.0079, 192.54, 0.9266
20241230113616, GOOG, 170, 20250124, P, 9, 1364, 0.008, 192.54, -0.0742
20241230113616, GOOG, 175, 20250124, C, 51, 109, 0.0116, 192.54, 0.8934
20241230113616, GOOG, 175, 20250124, P, 272, 197, 0.0117, 192.54, -0.1079
20241230113616, GOOG, 180, 20250124, C, 2, 222, 0.017, 192.54, 0.8367
20241230113616, GOOG, 180, 20250124, P, 38, 1363, 0.0172, 192.54, -0.1653
20241230113616, GOOG, 185, 20250124, C, 16, 708, 0.0238, 192.54, 0.7444
20241230113616, GOOG, 185, 20250124, P, 15, 314, 0.0241, 192.54, -0.2593
20241230113616, GOOG, 190, 20250124, C, 73, 685, 0.0295, 192.54, 0.6134
20241230113616, GOOG, 190, 20250124, P, 3, 357, 0.0302, 192.54, -0.393
20241230113616, GOOG, 195, 20250124, C, 163, 695, 0.0313, 192.54, 0.46
20241230113616, GOOG, 195, 20250124, P, 8, 149, 0.0322, 192.54, -0.5504
20241230113616, GOOG, 200, 20250124, C, 458, 1999, 0.028, 192.54, 0.3137
20241230113616, GOOG, 200, 20250124, P, 1, 177, 0.0293, 192.54, -0.7021
20241230113616, GOOG, 205, 20250124, C, 36, 1042, 0.0217, 192.54, 0.1988
20241230113616, GOOG, 205, 20250124, P, 1, 55, 0.0232, 192.54, -0.8231
20241230113616, GOOG, 210, 20250124, C, 25, 1106, 0.0152, 192.54, 0.1227
20241230113616, GOOG, 210, 20250124, P, 0, 6, 0.0167, 192.54, -0.9041
20241230113616, GOOG, 215, 20250124, C, 3, 827, 0.0104, 192.54, 0.0786
20241230113616, GOOG, 215, 20250124, P, 0, 1, 0.0126, 192.54, -0.9526
20241230113616, GOOG, 220, 20250124, C, 14, 439, 0.0073, 192.54, 0.0546
20241230113616, GOOG, 220, 20250124, P, 0, 26, 0.0089, 192.54, -0.9788
20241230113616, GOOG, 225, 20250124, C, 0, 146, 0.0053, 192.54, 0.041
20241230113616, GOOG, 225, 20250124, P, 0, 0, 0.0047, 192.54, -0.9901
20241230113616, GOOG, 230, 20250124, C, 0, 321, 0.0041, 192.54, 0.0326
20241230113616, GOOG, 230, 20250124, P, 0, 0, 0.0025, 192.54, -0.9959
20241230113616, GOOG, 235, 20250124, C, 2, 58, 0.0032, 192.54, 0.0267
20241230113616, GOOG, 235, 20250124, P, 0, 0, 0.0014, 192.54, -0.9977
20241230113616, GOOG, 240, 20250124, C, 0, 270, 0.0026, 192.54, 0.0224
20241230113616, GOOG, 240, 20250124, P, 0, 0, 0.0006, 192.54, -0.9988
20241230113616, GOOG, 245, 20250124, C, 0, 42, 0.0022, 192.54, 0.0191
20241230113616, GOOG, 245, 20250124, P, 0, 0, 0.0002, 192.54, -0.9997
20241230113616, GOOG, 250, 20250124, C, 0, 53, 0.0018, 192.54, 0.0164
20241230113616, GOOG, 250, 20250124, P, 0, 0, 0, 192.54, -1
20241230113616, GOOG, 255, 20250124, C, 0, 27, 0.0015, 192.54, 0.0143
20241230113616, GOOG, 255, 20250124, P, 0, 0, 0, 192.54, -1
20241230113616, GOOG, 260, 20250124, C, 5, 12, 0.0013, 192.54, 0.0126
20241230113616, GOOG, 260, 20250124, P, 0, 0, 0, 192.54, -1
20241230113616, GOOG, 265, 20250124, C, 0, 0, 0.0011, 192.54, 0.0112
20241230113616, GOOG, 265, 20250124, P, 0, 0, 0, 192.54, -1
20241230113616, GOOG, 125, 20250131, C, 0, 1, 0.0008, 192.54, 0.9884
20241230113616, GOOG, 125, 20250131, P, 9, 0, 0.0008, 192.54, -0.0122
20241230113616, GOOG, 130, 20250131, C, 0, 1, 0.001, 192.54, 0.9855
20241230113616, GOOG, 130, 20250131, P, 2, 3, 0.001, 192.54, -0.0151
20241230113616, GOOG, 135, 20250131, C, 0, 0, 0.0013, 192.54, 0.9818
20241230113616, GOOG, 135, 20250131, P, 0, 1, 0.0013, 192.54, -0.0188
20241230113616, GOOG, 140, 20250131, C, 0, 3, 0.0017, 192.54, 0.9772
20241230113616, GOOG, 140, 20250131, P, 2, 0, 0.0017, 192.54, -0.0234
20241230113616, GOOG, 145, 20250131, C, 0, 2, 0.0022, 192.54, 0.9714
20241230113616, GOOG, 145, 20250131, P, 0, 7, 0.0022, 192.54, -0.0293
20241230113616, GOOG, 150, 20250131, C, 0, 0, 0.0028, 192.54, 0.9637
20241230113616, GOOG, 150, 20250131, P, 31, 3, 0.0028, 192.54, -0.037
20241230113616, GOOG, 155, 20250131, C, 0, 0, 0.0037, 192.54, 0.9536
20241230113616, GOOG, 155, 20250131, P, 0, 28, 0.0037, 192.54, -0.0472
20241230113616, GOOG, 160, 20250131, C, 0, 4, 0.0049, 192.54, 0.9395
20241230113616, GOOG, 160, 20250131, P, 2, 64, 0.0049, 192.54, -0.0616
20241230113616, GOOG, 165, 20250131, C, 0, 6, 0.0066, 192.54, 0.9192
20241230113616, GOOG, 165, 20250131, P, 4, 206, 0.0066, 192.54, -0.082
20241230113616, GOOG, 170, 20250131, C, 0, 56, 0.0089, 192.54, 0.8892
20241230113616, GOOG, 170, 20250131, P, 19, 122, 0.0089, 192.54, -0.1122
20241230113616, GOOG, 175, 20250131, C, 0, 15, 0.0119, 192.54, 0.8449
20241230113616, GOOG, 175, 20250131, P, 71, 731, 0.012, 192.54, -0.1569
20241230113616, GOOG, 180, 20250131, C, 4, 159, 0.0154, 192.54, 0.7818
20241230113616, GOOG, 180, 20250131, P, 58, 636, 0.0156, 192.54, -0.2208
20241230113616, GOOG, 185, 20250131, C, 3, 121, 0.019, 192.54, 0.698
20241230113616, GOOG, 185, 20250131, P, 18, 369, 0.0193, 192.54, -0.3064
20241230113616, GOOG, 190, 20250131, C, 12, 328, 0.0216, 192.54, 0.5964
20241230113616, GOOG, 190, 20250131, P, 18, 352, 0.0221, 192.54, -0.4101
20241230113616, GOOG, 195, 20250131, C, 81, 672, 0.0227, 192.54, 0.4852
20241230113616, GOOG, 195, 20250131, P, 13, 297, 0.0233, 192.54, -0.524
20241230113616, GOOG, 200, 20250131, C, 75, 555, 0.0217, 192.54, 0.3759
20241230113616, GOOG, 200, 20250131, P, 0, 71, 0.0225, 192.54, -0.6368
20241230113616, GOOG, 205, 20250131, C, 214, 443, 0.0192, 192.54, 0.2789
20241230113616, GOOG, 205, 20250131, P, 1, 15, 0.0201, 192.54, -0.7377
20241230113616, GOOG, 210, 20250131, C, 25, 424, 0.0158, 192.54, 0.2008
20241230113616, GOOG, 210, 20250131, P, 0, 12, 0.0169, 192.54, -0.82
20241230113616, GOOG, 215, 20250131, C, 11, 517, 0.0124, 192.54, 0.1427
20241230113616, GOOG, 215, 20250131, P, 0, 0, 0.0136, 192.54, -0.8821
20241230113616, GOOG, 220, 20250131, C, 8, 1056, 0.0095, 192.54, 0.1022
20241230113616, GOOG, 220, 20250131, P, 0, 2, 0.011, 192.54, -0.9263
20241230113616, GOOG, 225, 20250131, C, 5, 281, 0.0073, 192.54, 0.0752
20241230113616, GOOG, 225, 20250131, P, 0, 4, 0.0089, 192.54, -0.9568
20241230113616, GOOG, 230, 20250131, C, 7, 49, 0.0056, 192.54, 0.0571
20241230113616, GOOG, 230, 20250131, P, 0, 0, 0.0067, 192.54, -0.9767
20241230113616, GOOG, 235, 20250131, C, 1, 52, 0.0044, 192.54, 0.045
20241230113616, GOOG, 235, 20250131, P, 0, 0, 0.0042, 192.54, -0.9878
20241230113616, GOOG, 240, 20250131, C, 0, 203, 0.0036, 192.54, 0.0366
20241230113616, GOOG, 240, 20250131, P, 0, 0, 0.0024, 192.54, -0.9941
20241230113616, GOOG, 245, 20250131, C, 0, 23, 0.0029, 192.54, 0.0305
20241230113616, GOOG, 245, 20250131, P, 0, 0, 0.0014, 192.54, -0.9971
20241230113616, GOOG, 250, 20250131, C, 0, 42, 0.0024, 192.54, 0.026
20241230113616, GOOG, 250, 20250131, P, 0, 0, 0.0007, 192.54, -0.9985
20241230113616, GOOG, 255, 20250131, C, 0, 1, 0.0021, 192.54, 0.0224
20241230113616, GOOG, 255, 20250131, P, 0, 0, 0.0003, 192.54, -0.9993
20241230113616, GOOG, 260, 20250131, C, 0, 1, 0.0018, 192.54, 0.0195
20241230113616, GOOG, 260, 20250131, P, 0, 0, 0, 192.54, -1
20241230113616, GOOG, 265, 20250131, C, 11, 19, 0.0015, 192.54, 0.0172
20241230113616, GOOG, 265, 20250131, P, 0, 0, 0, 192.54, -1
20241230113616, GOOG, 125, 20250207, C, 0, 0, 0.0009, 192.54, 0.9864
20241230113616, GOOG, 125, 20250207, P, 0, 0, 0.0009, 192.54, -0.0144
20241230113616, GOOG, 130, 20250207, C, 0, 1, 0.0012, 192.54, 0.9828
20241230113616, GOOG, 130, 20250207, P, 0, 0, 0.0012, 192.54, -0.0181
20241230113616, GOOG, 135, 20250207, C, 0, 0, 0.0015, 192.54, 0.9783
20241230113616, GOOG, 135, 20250207, P, 0, 0, 0.0015, 192.54, -0.0227
20241230113616, GOOG, 140, 20250207, C, 0, 0, 0.0019, 192.54, 0.9725
20241230113616, GOOG, 140, 20250207, P, 0, 2, 0.0019, 192.54, -0.0285
20241230113616, GOOG, 145, 20250207, C, 0, 0, 0.0024, 192.54, 0.9651
20241230113616, GOOG, 145, 20250207, P, 0, 0, 0.0024, 192.54, -0.0359
20241230113616, GOOG, 150, 20250207, C, 0, 0, 0.0031, 192.54, 0.9555
20241230113616, GOOG, 150, 20250207, P, 0, 241, 0.0032, 192.54, -0.0456
20241230113616, GOOG, 155, 20250207, C, 0, 0, 0.004, 192.54, 0.9428
20241230113616, GOOG, 155, 20250207, P, 0, 0, 0.0041, 192.54, -0.0585
20241230113616, GOOG, 160, 20250207, C, 136, 4, 0.0053, 192.54, 0.9255
20241230113616, GOOG, 160, 20250207, P, 0, 0, 0.0053, 192.54, -0.076
20241230113616, GOOG, 165, 20250207, C, 0, 1, 0.0069, 192.54, 0.9013
20241230113616, GOOG, 165, 20250207, P, 0, 0, 0.007, 192.54, -0.1004
20241230113616, GOOG, 170, 20250207, C, 0, 1, 0.009, 192.54, 0.8674
20241230113616, GOOG, 170, 20250207, P, 0, 46, 0.0091, 192.54, -0.1345
20241230113616, GOOG, 175, 20250207, C, 0, 1, 0.0115, 192.54, 0.8208
20241230113616, GOOG, 175, 20250207, P, 9, 148, 0.0116, 192.54, -0.1818
20241230113616, GOOG, 180, 20250207, C, 1, 8, 0.0142, 192.54, 0.7591
20241230113616, GOOG, 180, 20250207, P, 6, 89, 0.0144, 192.54, -0.2444
20241230113616, GOOG, 185, 20250207, C, 7, 6, 0.0168, 192.54, 0.6823
20241230113616, GOOG, 185, 20250207, P, 6, 43, 0.0171, 192.54, -0.323
20241230113616, GOOG, 190, 20250207, C, 26, 11, 0.0187, 192.54, 0.5932
20241230113616, GOOG, 190, 20250207, P, 1, 44, 0.0191, 192.54, -0.4141
20241230113616, GOOG, 195, 20250207, C, 17, 33, 0.0195, 192.54, 0.4977
20241230113616, GOOG, 195, 20250207, P, 10, 2, 0.02, 192.54, -0.5121
20241230113616, GOOG, 200, 20250207, C, 29, 124, 0.019, 192.54, 0.4032
20241230113616, GOOG, 200, 20250207, P, 0, 8, 0.0197, 192.54, -0.6098
20241230113616, GOOG, 205, 20250207, C, 12, 3, 0.0174, 192.54, 0.3167
20241230113616, GOOG, 205, 20250207, P, 0, 0, 0.0183, 192.54, -0.6999
20241230113616, GOOG, 210, 20250207, C, 1, 64, 0.0152, 192.54, 0.2432
20241230113616, GOOG, 210, 20250207, P, 0, 0, 0.0162, 192.54, -0.7774
20241230113616, GOOG, 215, 20250207, C, 2, 84, 0.0127, 192.54, 0.1849
20241230113616, GOOG, 215, 20250207, P, 0, 0, 0.0138, 192.54, -0.8399
20241230113616, GOOG, 220, 20250207, C, 2, 7, 0.0104, 192.54, 0.1402
20241230113616, GOOG, 220, 20250207, P, 0, 0, 0.0115, 192.54, -0.8879
20241230113616, GOOG, 225, 20250207, C, 1, 0, 0.0084, 192.54, 0.1078
20241230113616, GOOG, 225, 20250207, P, 0, 0, 0.0094, 192.54, -0.9232
20241230113616, GOOG, 230, 20250207, C, 0, 0, 0.0067, 192.54, 0.0843
20241230113616, GOOG, 230, 20250207, P, 0, 0, 0.0082, 192.54, -0.9494
20241230113616, GOOG, 235, 20250207, C, 0, 0, 0.0055, 192.54, 0.0672
20241230113616, GOOG, 235, 20250207, P, 0, 0, 0.007, 192.54, -0.9678
20241230113616, GOOG, 240, 20250207, C, 0, 0, 0.0045, 192.54, 0.0547
20241230113616, GOOG, 240, 20250207, P, 0, 0, 0.0051, 192.54, -0.9816
20241230113616, GOOG, 245, 20250207, C, 0, 0, 0.0037, 192.54, 0.0454
20241230113616, GOOG, 245, 20250207, P, 0, 0, 0.0036, 192.54, -0.9901
20241230113616, GOOG, 250, 20250207, C, 0, 0, 0.0031, 192.54, 0.0383
20241230113616, GOOG, 250, 20250207, P, 0, 0, 0.0021, 192.54, -0.9949
20241230113616, GOOG, 255, 20250207, C, 0, 0, 0.0026, 192.54, 0.0328
20241230113616, GOOG, 255, 20250207, P, 0, 0, 0.001, 192.54, -0.9975
20241230113616, GOOG, 260, 20250207, C, 0, 0, 0.0023, 192.54, 0.0283
20241230113616, GOOG, 260, 20250207, P, 0, 0, 0.0003, 192.54, -0.9992
20241230113616, GOOG, 265, 20250207, C, 0, 0, 0.002, 192.54, 0.0248
20241230113616, GOOG, 265, 20250207, P, 0, 0, 0, 192.54, -1
20241230113616, GOOG, 80, 20250221, C, 0, 5, 0.0001, 192.54, 0.9983
20241230113616, GOOG, 80, 20250221, P, 0, 34, 0.0001, 192.54, -0.0023
20241230113616, GOOG, 85, 20250221, C, 0, 1, 0.0001, 192.54, 0.9977
20241230113616, GOOG, 85, 20250221, P, 0, 15, 0.0001, 192.54, -0.0029
20241230113616, GOOG, 90, 20250221, C, 0, 4, 0.0002, 192.54, 0.9969
20241230113616, GOOG, 90, 20250221, P, 0, 28, 0.0002, 192.54, -0.0037
20241230113616, GOOG, 95, 20250221, C, 0, 5, 0.0002, 192.54, 0.9959
20241230113616, GOOG, 95, 20250221, P, 0, 21, 0.0002, 192.54, -0.0047
20241230113616, GOOG, 100, 20250221, C, 0, 20, 0.0003, 192.54, 0.9947
20241230113616, GOOG, 100, 20250221, P, 0, 74, 0.0003, 192.54, -0.0059
20241230113616, GOOG, 105, 20250221, C, 0, 2, 0.0004, 192.54, 0.9932
20241230113616, GOOG, 105, 20250221, P, 0, 176, 0.0004, 192.54, -0.0074
20241230113616, GOOG, 110, 20250221, C, 0, 10, 0.0005, 192.54, 0.9913
20241230113616, GOOG, 110, 20250221, P, 1, 1117, 0.0005, 192.54, -0.0093
20241230113616, GOOG, 115, 20250221, C, 0, 44, 0.0006, 192.54, 0.989
20241230113616, GOOG, 115, 20250221, P, 30, 260, 0.0006, 192.54, -0.0116
20241230113616, GOOG, 120, 20250221, C, 0, 163, 0.0008, 192.54, 0.9861
20241230113616, GOOG, 120, 20250221, P, 42, 292, 0.0008, 192.54, -0.0145
20241230113616, GOOG, 125, 20250221, C, 0, 107, 0.001, 192.54, 0.9826
20241230113616, GOOG, 125, 20250221, P, 0, 381, 0.001, 192.54, -0.0181
20241230113616, GOOG, 130, 20250221, C, 0, 114, 0.0013, 192.54, 0.9782
20241230113616, GOOG, 130, 20250221, P, 4, 502, 0.0013, 192.54, -0.0226
20241230113616, GOOG, 135, 20250221, C, 0, 135, 0.0017, 192.54, 0.9727
20241230113616, GOOG, 135, 20250221, P, 1, 793, 0.0017, 192.54, -0.028
20241230113616, GOOG, 140, 20250221, C, 0, 155, 0.0021, 192.54, 0.9658
20241230113616, GOOG, 140, 20250221, P, 3, 1078, 0.0021, 192.54, -0.0349
20241230113616, GOOG, 145, 20250221, C, 0, 211, 0.0027, 192.54, 0.9572
20241230113616, GOOG, 145, 20250221, P, 0, 1154, 0.0027, 192.54, -0.0436
20241230113616, GOOG, 150, 20250221, C, 0, 1095, 0.0034, 192.54, 0.9462
20241230113616, GOOG, 150, 20250221, P, 18, 2293, 0.0034, 192.54, -0.0547
20241230113616, GOOG, 155, 20250221, C, 0, 2318, 0.0043, 192.54, 0.932
20241230113616, GOOG, 155, 20250221, P, 224, 1595, 0.0044, 192.54, -0.0692
20241230113616, GOOG, 160, 20250221, C, 2, 1101, 0.0055, 192.54, 0.9131
20241230113616, GOOG, 160, 20250221, P, 83, 2147, 0.0056, 192.54, -0.0885
20241230113616, GOOG, 165, 20250221, C, 7, 3035, 0.007, 192.54, 0.8874
20241230113616, GOOG, 165, 20250221, P, 51, 3841, 0.0071, 192.54, -0.1144
20241230113616, GOOG, 170, 20250221, C, 53, 3752, 0.0089, 192.54, 0.8526
20241230113616, GOOG, 170, 20250221, P, 7, 2396, 0.009, 192.54, -0.1498
20241230113616, GOOG, 175, 20250221, C, 5, 1707, 0.0111, 192.54, 0.8063
20241230113616, GOOG, 175, 20250221, P, 40, 5173, 0.0112, 192.54, -0.1965
20241230113616, GOOG, 180, 20250221, C, 28, 2176, 0.0133, 192.54, 0.7471
20241230113616, GOOG, 180, 20250221, P, 17, 3064, 0.0136, 192.54, -0.2571
20241230113616, GOOG, 185, 20250221, C, 55, 3384, 0.0154, 192.54, 0.6755
20241230113616, GOOG, 185, 20250221, P, 34, 1501, 0.0158, 192.54, -0.33
20241230113616, GOOG, 190, 20250221, C, 125, 4601, 0.017, 192.54, 0.594
20241230113616, GOOG, 190, 20250221, P, 28, 1610, 0.0174, 192.54, -0.4142
20241230113616, GOOG, 195, 20250221, C, 326, 4006, 0.0177, 192.54, 0.5074
20241230113616, GOOG, 195, 20250221, P, 8, 705, 0.0183, 192.54, -0.5037
20241230113616, GOOG, 200, 20250221, C, 161, 9847, 0.0174, 192.54, 0.421
20241230113616, GOOG, 200, 20250221, P, 5, 513, 0.0182, 192.54, -0.5936
20241230113616, GOOG, 205, 20250221, C, 76, 3473, 0.0164, 192.54, 0.3403
20241230113616, GOOG, 205, 20250221, P, 0, 302, 0.0173, 192.54, -0.6784
20241230113616, GOOG, 210, 20250221, C, 50, 2273, 0.0147, 192.54, 0.2695
20241230113616, GOOG, 210, 20250221, P, 0, 71, 0.0158, 192.54, -0.7541
20241230113616, GOOG, 215, 20250221, C, 306, 2437, 0.0127, 192.54, 0.2098
20241230113616, GOOG, 215, 20250221, P, 0, 131, 0.0139, 192.54, -0.8184
20241230113616, GOOG, 220, 20250221, C, 252, 4277, 0.0106, 192.54, 0.162
20241230113616, GOOG, 220, 20250221, P, 0, 64, 0.012, 192.54, -0.8707
20241230113616, GOOG, 225, 20250221, C, 40, 1650, 0.0088, 192.54, 0.1254
20241230113616, GOOG, 225, 20250221, P, 1, 8, 0.0101, 192.54, -0.9117
20241230113616, GOOG, 230, 20250221, C, 25, 962, 0.0072, 192.54, 0.0977
20241230113616, GOOG, 230, 20250221, P, 0, 4, 0.009, 192.54, -0.9438
20241230113616, GOOG, 235, 20250221, C, 40, 407, 0.0059, 192.54, 0.0776
20241230113616, GOOG, 235, 20250221, P, 0, 0, 0.0076, 192.54, -0.967
20241230113616, GOOG, 240, 20250221, C, 57, 525, 0.0048, 192.54, 0.0626
20241230113616, GOOG, 240, 20250221, P, 0, 11, 0.0051, 192.54, -0.9832
20241230113616, GOOG, 245, 20250221, C, 6, 192, 0.004, 192.54, 0.0514
20241230113616, GOOG, 245, 20250221, P, 0, 0, 0.0031, 192.54, -0.9926
20241230113616, GOOG, 250, 20250221, C, 6, 796, 0.0033, 192.54, 0.0429
20241230113616, GOOG, 250, 20250221, P, 0, 0, 0.0014, 192.54, -0.9966
20241230113616, GOOG, 255, 20250221, C, 0, 37, 0.0028, 192.54, 0.0364
20241230113616, GOOG, 255, 20250221, P, 0, 0, 0.0003, 192.54, -0.9993
20241230113616, GOOG, 260, 20250221, C, 0, 136, 0.0024, 192.54, 0.0311
20241230113616, GOOG, 260, 20250221, P, 0, 0, 0, 192.54, -1
20241230113616, GOOG, 265, 20250221, C, 1, 35, 0.0021, 192.54, 0.0269
20241230113616, GOOG, 265, 20250221, P, 0, 0, 0, 192.54, -1
20241230113616, GOOG, 270, 20250221, C, 52, 422, 0.0018, 192.54, 0.0235
20241230113616, GOOG, 270, 20250221, P, 0, 0, 0, 192.54, -1
20241230113616, GOOG, 275, 20250221, C, 0, 10, 0.0016, 192.54, 0.0206
20241230113616, GOOG, 275, 20250221, P, 0, 0, 0, 192.54, -1
20241230113616, GOOG, 280, 20250221, C, 1, 53, 0.0014, 192.54, 0.0182
20241230113616, GOOG, 280, 20250221, P, 0, 0, 0, 192.54, -1
20241230113616, GOOG, 285, 20250221, C, 0, 25, 0.0012, 192.54, 0.0161
20241230113616, GOOG, 285, 20250221, P, 0, 0, 0, 192.54, -1
20241230113616, GOOG, 290, 20250221, C, 0, 19, 0.0011, 192.54, 0.0144
20241230113616, GOOG, 290, 20250221, P, 0, 0, 0, 192.54, -1
20241230113616, GOOG, 295, 20250221, C, 0, 1, 0.001, 192.54, 0.0129
20241230113616, GOOG, 295, 20250221, P, 0, 0, 0, 192.54, -1
20241230113616, GOOG, 300, 20250221, C, 0, 261, 0.0008, 192.54, 0.0116
20241230113616, GOOG, 300, 20250221, P, 0, 0, 0, 192.54, -1
20241230113616, GOOG, 70, 20250321, C, 0, 11, 0.0001, 192.54, 0.9988
20241230113616, GOOG, 70, 20250321, P, 0, 400, 0.0001, 192.54, -0.002
20241230113616, GOOG, 75, 20250321, C, 0, 1, 0.0001, 192.54, 0.9983
20241230113616, GOOG, 75, 20250321, P, 0, 656, 0.0001, 192.54, -0.0025
20241230113616, GOOG, 80, 20250321, C, 0, 31, 0.0001, 192.54, 0.9976
20241230113616, GOOG, 80, 20250321, P, 0, 329, 0.0001, 192.54, -0.0032
20241230113616, GOOG, 85, 20250321, C, 0, 1, 0.0002, 192.54, 0.9968
20241230113616, GOOG, 85, 20250321, P, 0, 29, 0.0002, 192.54, -0.004
20241230113616, GOOG, 90, 20250321, C, 0, 37, 0.0002, 192.54, 0.9957
20241230113616, GOOG, 90, 20250321, P, 0, 99, 0.0002, 192.54, -0.0051
20241230113616, GOOG, 95, 20250321, C, 0, 16, 0.0003, 192.54, 0.9945
20241230113616, GOOG, 95, 20250321, P, 0, 179, 0.0003, 192.54, -0.0064
20241230113616, GOOG, 100, 20250321, C, 0, 5719, 0.0004, 192.54, 0.993
20241230113616, GOOG, 100, 20250321, P, 0, 1253, 0.0004, 192.54, -0.0079
20241230113616, GOOG, 105, 20250321, C, 0, 391, 0.0005, 192.54, 0.9911
20241230113616, GOOG, 105, 20250321, P, 1, 820, 0.0005, 192.54, -0.0098
20241230113616, GOOG, 110, 20250321, C, 0, 205, 0.0006, 192.54, 0.9887
20241230113616, GOOG, 110, 20250321, P, 0, 1798, 0.0006, 192.54, -0.0122
20241230113616, GOOG, 115, 20250321, C, 0, 497, 0.0008, 192.54, 0.9859
20241230113616, GOOG, 115, 20250321, P, 0, 923, 0.0008, 192.54, -0.015
20241230113616, GOOG, 120, 20250321, C, 15, 685, 0.001, 192.54, 0.9824
20241230113616, GOOG, 120, 20250321, P, 1, 1944, 0.001, 192.54, -0.0185
20241230113616, GOOG, 125, 20250321, C, 0, 895, 0.0012, 192.54, 0.9782
20241230113616, GOOG, 125, 20250321, P, 0, 6445, 0.0012, 192.54, -0.0228
20241230113616, GOOG, 130, 20250321, C, 0, 791, 0.0015, 192.54, 0.973
20241230113616, GOOG, 130, 20250321, P, 0, 2960, 0.0015, 192.54, -0.0281
20241230113616, GOOG, 135, 20250321, C, 0, 553, 0.0018, 192.54, 0.9666
20241230113616, GOOG, 135, 20250321, P, 1, 1029, 0.0019, 192.54, -0.0346
20241230113616, GOOG, 140, 20250321, C, 0, 963, 0.0023, 192.54, 0.9586
20241230113616, GOOG, 140, 20250321, P, 27, 3218, 0.0023, 192.54, -0.0427
20241230113616, GOOG, 145, 20250321, C, 5, 421, 0.0029, 192.54, 0.9485
20241230113616, GOOG, 145, 20250321, P, 0, 1695, 0.0029, 192.54, -0.0529
20241230113616, GOOG, 150, 20250321, C, 18, 1027, 0.0036, 192.54, 0.9356
20241230113616, GOOG, 150, 20250321, P, 1, 3436, 0.0036, 192.54, -0.066
20241230113616, GOOG, 155, 20250321, C, 0, 572, 0.0045, 192.54, 0.9187
20241230113616, GOOG, 155, 20250321, P, 1, 3505, 0.0046, 192.54, -0.0831
20241230113616, GOOG, 160, 20250321, C, 0, 3230, 0.0056, 192.54, 0.8966
20241230113616, GOOG, 160, 20250321, P, 12, 3385, 0.0057, 192.54, -0.1054
20241230113616, GOOG, 165, 20250321, C, 5, 5708, 0.007, 192.54, 0.8677
20241230113616, GOOG, 165, 20250321, P, 10, 2792, 0.0071, 192.54, -0.135
20241230113616, GOOG, 170, 20250321, C, 0, 7183, 0.0086, 192.54, 0.8306
20241230113616, GOOG, 170, 20250321, P, 34, 6616, 0.0087, 192.54, -0.1724
20241230113616, GOOG, 175, 20250321, C, 1, 4287, 0.0102, 192.54, 0.7844
20241230113616, GOOG, 175, 20250321, P, 23, 2278, 0.0104, 192.54, -0.2192
20241230113616, GOOG, 180, 20250321, C, 11, 5016, 0.0119, 192.54, 0.729
20241230113616, GOOG, 180, 20250321, P, 16, 3017, 0.0121, 192.54, -0.2757
20241230113616, GOOG, 185, 20250321, C, 4, 4683, 0.0133, 192.54, 0.6654
20241230113616, GOOG, 185, 20250321, P, 78, 1239, 0.0136, 192.54, -0.3413
20241230113616, GOOG, 190, 20250321, C, 27, 4330, 0.0144, 192.54, 0.5955
20241230113616, GOOG, 190, 20250321, P, 47, 10410, 0.0148, 192.54, -0.4128
20241230113616, GOOG, 195, 20250321, C, 271, 7439, 0.0149, 192.54, 0.5228
20241230113616, GOOG, 195, 20250321, P, 0, 639, 0.0155, 192.54, -0.4891
20241230113616, GOOG, 200, 20250321, C, 86, 6709, 0.0149, 192.54, 0.4491
20241230113616, GOOG, 200, 20250321, P, 1, 595, 0.0157, 192.54, -0.5659
20241230113616, GOOG, 205, 20250321, C, 35, 4696, 0.0144, 192.54, 0.3794
20241230113616, GOOG, 205, 20250321, P, 2, 151, 0.0154, 192.54, -0.6404
20241230113616, GOOG, 210, 20250321, C, 93, 5459, 0.0134, 192.54, 0.3147
20241230113616, GOOG, 210, 20250321, P, 0, 57, 0.0146, 192.54, -0.7101
20241230113616, GOOG, 215, 20250321, C, 45, 1927, 0.0122, 192.54, 0.2576
20241230113616, GOOG, 215, 20250321, P, 0, 70, 0.0136, 192.54, -0.773
20241230113616, GOOG, 220, 20250321, C, 18, 4092, 0.0107, 192.54, 0.2083
20241230113616, GOOG, 220, 20250321, P, 0, 20, 0.0124, 192.54, -0.8282
20241230113616, GOOG, 225, 20250321, C, 60, 772, 0.0093, 192.54, 0.168
20241230113616, GOOG, 225, 20250321, P, 0, 2, 0.0111, 192.54, -0.8754
20241230113616, GOOG, 230, 20250321, C, 56, 1757, 0.0079, 192.54, 0.1349
20241230113616, GOOG, 230, 20250321, P, 0, 6, 0.0097, 192.54, -0.9142
20241230113616, GOOG, 235, 20250321, C, 12, 852, 0.0067, 192.54, 0.1093
20241230113616, GOOG, 235, 20250321, P, 0, 5, 0.0087, 192.54, -0.9464
20241230113616, GOOG, 240, 20250321, C, 0, 452, 0.0057, 192.54, 0.0886
20241230113616, GOOG, 240, 20250321, P, 0, 1, 0.0082, 192.54, -0.9723
20241230113616, GOOG, 245, 20250321, C, 0, 144, 0.0048, 192.54, 0.0731
20241230113616, GOOG, 245, 20250321, P, 0, 0, 0.0044, 192.54, -0.9886
20241230113616, GOOG, 250, 20250321, C, 0, 1305, 0.004, 192.54, 0.0607
20241230113616, GOOG, 250, 20250321, P, 0, 0, 0.0011, 192.54, -0.997
20241230113616, GOOG, 255, 20250321, C, 0, 359, 0.0034, 192.54, 0.0511
20241230113616, GOOG, 255, 20250321, P, 0, 0, 0, 192.54, -1
20241230113616, GOOG, 260, 20250321, C, 1, 134, 0.003, 192.54, 0.0434
20241230113616, GOOG, 260, 20250321, P, 0, 0, 0, 192.54, -1
20241230113616, GOOG, 265, 20250321, C, 0, 85, 0.0026, 192.54, 0.0377
20241230113616, GOOG, 265, 20250321, P, 0, 0, 0, 192.54, -1
20241230113616, GOOG, 270, 20250321, C, 0, 238, 0.0022, 192.54, 0.0329
20241230113616, GOOG, 270, 20250321, P, 0, 0, 0, 192.54, -1
20241230113616, GOOG, 275, 20250321, C, 1, 33, 0.002, 192.54, 0.0289
20241230113616, GOOG, 275, 20250321, P, 0, 0, 0, 192.54, -1
20241230113616, GOOG, 280, 20250321, C, 0, 345, 0.0017, 192.54, 0.0257
20241230113616, GOOG, 280, 20250321, P, 0, 0, 0, 192.54, -1
20241230113616, GOOG, 285, 20250321, C, 0, 154, 0.0015, 192.54, 0.0229
20241230113616, GOOG, 285, 20250321, P, 0, 0, 0, 192.54, -1
20241230113616, GOOG, 290, 20250321, C, 0, 134, 0.0014, 192.54, 0.0206
20241230113616, GOOG, 290, 20250321, P, 0, 0, 0, 192.54, -1
20241230113616, GOOG, 100, 20250417, C, 0, 20, 0.0004, 192.54, 0.9914
20241230113616, GOOG, 100, 20250417, P, 0, 12, 0.0004, 192.54, -0.0097
20241230113616, GOOG, 105, 20250417, C, 0, 5, 0.0006, 192.54, 0.9892
20241230113616, GOOG, 105, 20250417, P, 0, 183, 0.0006, 192.54, -0.012
20241230113616, GOOG, 110, 20250417, C, 0, 2, 0.0007, 192.54, 0.9865
20241230113616, GOOG, 110, 20250417, P, 0, 14, 0.0007, 192.54, -0.0147
20241230113616, GOOG, 115, 20250417, C, 0, 0, 0.0008, 192.54, 0.9832
20241230113616, GOOG, 115, 20250417, P, 0, 0, 0.0009, 192.54, -0.018
20241230113616, GOOG, 120, 20250417, C, 0, 0, 0.001, 192.54, 0.9793
20241230113616, GOOG, 120, 20250417, P, 0, 52, 0.0011, 192.54, -0.022
20241230113616, GOOG, 125, 20250417, C, 4, 5, 0.0013, 192.54, 0.9745
20241230113616, GOOG, 125, 20250417, P, 0, 28, 0.0013, 192.54, -0.0269
20241230113616, GOOG, 130, 20250417, C, 0, 6, 0.0016, 192.54, 0.9686
20241230113616, GOOG, 130, 20250417, P, 0, 42, 0.0016, 192.54, -0.0329
20241230113616, GOOG, 135, 20250417, C, 0, 22, 0.002, 192.54, 0.9613
20241230113616, GOOG, 135, 20250417, P, 0, 36, 0.002, 192.54, -0.0402
20241230113616, GOOG, 140, 20250417, C, 0, 72, 0.0024, 192.54, 0.9523
20241230113616, GOOG, 140, 20250417, P, 3, 547, 0.0025, 192.54, -0.0495
20241230113616, GOOG, 145, 20250417, C, 0, 180, 0.003, 192.54, 0.9409
20241230113616, GOOG, 145, 20250417, P, 20, 327, 0.0031, 192.54, -0.0611
20241230113616, GOOG, 150, 20250417, C, 0, 541, 0.0037, 192.54, 0.9263
20241230113616, GOOG, 150, 20250417, P, 2, 187, 0.0038, 192.54, -0.076
20241230113616, GOOG, 155, 20250417, C, 1, 47, 0.0046, 192.54, 0.9076
20241230113616, GOOG, 155, 20250417, P, 0, 138, 0.0047, 192.54, -0.095
20241230113616, GOOG, 160, 20250417, C, 0, 319, 0.0056, 192.54, 0.8837
20241230113616, GOOG, 160, 20250417, P, 0, 554, 0.0058, 192.54, -0.1196
20241230113616, GOOG, 165, 20250417, C, 2, 428, 0.0068, 192.54, 0.8537
20241230113616, GOOG, 165, 20250417, P, 21, 270, 0.007, 192.54, -0.1499
20241230113616, GOOG, 170, 20250417, C, 1, 481, 0.0081, 192.54, 0.8167
20241230113616, GOOG, 170, 20250417, P, 5, 1440, 0.0083, 192.54, -0.1884
20241230113616, GOOG, 175, 20250417, C, 1, 597, 0.0095, 192.54, 0.7724
20241230113616, GOOG, 175, 20250417, P, 15, 325, 0.0098, 192.54, -0.234
20241230113616, GOOG, 180, 20250417, C, 0, 2134, 0.0108, 192.54, 0.721
20241230113616, GOOG, 180, 20250417, P, 18, 2445, 0.0111, 192.54, -0.287
20241230113616, GOOG, 185, 20250417, C, 2, 2023, 0.0119, 192.54, 0.6635
20241230113616, GOOG, 185, 20250417, P, 1, 1928, 0.0123, 192.54, -0.3462
20241230113616, GOOG, 190, 20250417, C, 49, 555, 0.0127, 192.54, 0.6016
20241230113616, GOOG, 190, 20250417, P, 2, 378, 0.0133, 192.54, -0.411
20241230113616, GOOG, 195, 20250417, C, 20, 1176, 0.0132, 192.54, 0.5368
20241230113616, GOOG, 195, 20250417, P, 0, 208, 0.0139, 192.54, -0.4795
20241230113616, GOOG, 200, 20250417, C, 44, 2238, 0.0134, 192.54, 0.4716
20241230113616, GOOG, 200, 20250417, P, 1, 1078, 0.0142, 192.54, -0.5486
20241230113616, GOOG, 205, 20250417, C, 13, 1075, 0.0131, 192.54, 0.4081
20241230113616, GOOG, 205, 20250417, P, 0, 64, 0.0141, 192.54, -0.6166
20241230113616, GOOG, 210, 20250417, C, 25, 888, 0.0125, 192.54, 0.3484
20241230113616, GOOG, 210, 20250417, P, 0, 86, 0.0137, 192.54, -0.6817
20241230113616, GOOG, 215, 20250417, C, 110, 555, 0.0116, 192.54, 0.294
20241230113616, GOOG, 215, 20250417, P, 0, 0, 0.0131, 192.54, -0.7422
20241230113616, GOOG, 220, 20250417, C, 21, 1009, 0.0106, 192.54, 0.2456
20241230113616, GOOG, 220, 20250417, P, 0, 70, 0.0122, 192.54, -0.7971
20241230113616, GOOG, 225, 20250417, C, 3, 2059, 0.0095, 192.54, 0.2036
20241230113616, GOOG, 225, 20250417, P, 0, 6, 0.0114, 192.54, -0.8459
20241230113616, GOOG, 230, 20250417, C, 2, 235, 0.0083, 192.54, 0.1686
20241230113616, GOOG, 230, 20250417, P, 0, 80, 0.0104, 192.54, -0.8888
20241230113616, GOOG, 235, 20250417, C, 1, 78, 0.0073, 192.54, 0.1393
20241230113616, GOOG, 235, 20250417, P, 0, 23, 0.0093, 192.54, -0.9245
20241230113616, GOOG, 240, 20250417, C, 0, 173, 0.0063, 192.54, 0.1157
20241230113616, GOOG, 240, 20250417, P, 0, 5, 0.009, 192.54, -0.9571
20241230113616, GOOG, 245, 20250417, C, 0, 158, 0.0054, 192.54, 0.0963
20241230113616, GOOG, 245, 20250417, P, 0, 0, 0.0074, 192.54, -0.979
20241230113616, GOOG, 250, 20250417, C, 7, 322, 0.0047, 192.54, 0.0809
20241230113616, GOOG, 250, 20250417, P, 0, 0, 0.0026, 192.54, -0.9924
20241230113616, GOOG, 255, 20250417, C, 5, 208, 0.004, 192.54, 0.0684
20241230113616, GOOG, 255, 20250417, P, 0, 0, 0.0001, 192.54, -0.9998
20241230113616, GOOG, 260, 20250417, C, 1, 419, 0.0035, 192.54, 0.0587
20241230113616, GOOG, 260, 20250417, P, 0, 0, 0, 192.54, -1
20241230113616, GOOG, 270, 20250417, C, 0, 81, 0.0027, 192.54, 0.0441
20241230113616, GOOG, 270, 20250417, P, 0, 0, 0, 192.54, -1
20241230113616, GOOG, 280, 20250417, C, 0, 164, 0.0021, 192.54, 0.0342
20241230113616, GOOG, 280, 20250417, P, 0, 0, 0, 192.54, -1
20241230113616, GOOG, 290, 20250417, C, 3, 158, 0.0017, 192.54, 0.0274
20241230113616, GOOG, 290, 20250417, P, 0, 0, 0, 192.54, -1
20241230113616, GOOG, 85, 20250516, C, 0, 0, 0.0003, 192.54, 0.995
20241230113616, GOOG, 85, 20250516, P, 0, 115, 0.0003, 192.54, -0.0066
20241230113616, GOOG, 90, 20250516, C, 0, 1, 0.0003, 192.54, 0.9933
20241230113616, GOOG, 90, 20250516, P, 0, 4, 0.0003, 192.54, -0.0083
20241230113616, GOOG, 95, 20250516, C, 0, 1, 0.0004, 192.54, 0.9914
20241230113616, GOOG, 95, 20250516, P, 0, 15, 0.0004, 192.54, -0.0103
20241230113616, GOOG, 100, 20250516, C, 0, 16, 0.0005, 192.54, 0.989
20241230113616, GOOG, 100, 20250516, P, 0, 9, 0.0005, 192.54, -0.0127
20241230113616, GOOG, 105, 20250516, C, 0, 1, 0.0006, 192.54, 0.9861
20241230113616, GOOG, 105, 20250516, P, 0, 35, 0.0006, 192.54, -0.0156
20241230113616, GOOG, 110, 20250516, C, 0, 46, 0.0008, 192.54, 0.9826
20241230113616, GOOG, 110, 20250516, P, 0, 99, 0.0008, 192.54, -0.0192
20241230113616, GOOG, 115, 20250516, C, 0, 39, 0.001, 192.54, 0.9784
20241230113616, GOOG, 115, 20250516, P, 0, 1869, 0.001, 192.54, -0.0234
20241230113616, GOOG, 120, 20250516, C, 0, 208, 0.0012, 192.54, 0.9733
20241230113616, GOOG, 120, 20250516, P, 1, 117, 0.0012, 192.54, -0.0285
20241230113616, GOOG, 125, 20250516, C, 13, 88, 0.0015, 192.54, 0.9672
20241230113616, GOOG, 125, 20250516, P, 0, 133, 0.0015, 192.54, -0.0348
20241230113616, GOOG, 130, 20250516, C, 0, 48, 0.0018, 192.54, 0.9597
20241230113616, GOOG, 130, 20250516, P, 0, 146, 0.0018, 192.54, -0.0424
20241230113616, GOOG, 135, 20250516, C, 0, 50, 0.0022, 192.54, 0.9505
20241230113616, GOOG, 135, 20250516, P, 0, 630, 0.0022, 192.54, -0.0518
20241230113616, GOOG, 140, 20250516, C, 2, 592, 0.0027, 192.54, 0.9391
20241230113616, GOOG, 140, 20250516, P, 0, 751, 0.0027, 192.54, -0.0634
20241230113616, GOOG, 145, 20250516, C, 0, 127, 0.0033, 192.54, 0.9249
20241230113616, GOOG, 145, 20250516, P, 0, 1315, 0.0033, 192.54, -0.0779
20241230113616, GOOG, 150, 20250516, C, 0, 677, 0.0039, 192.54, 0.9074
20241230113616, GOOG, 150, 20250516, P, 0, 762, 0.004, 192.54, -0.0958
20241230113616, GOOG, 155, 20250516, C, 0, 128, 0.0047, 192.54, 0.886
20241230113616, GOOG, 155, 20250516, P, 0, 1088, 0.0048, 192.54, -0.1177
20241230113616, GOOG, 160, 20250516, C, 0, 584, 0.0056, 192.54, 0.8599
20241230113616, GOOG, 160, 20250516, P, 0, 674, 0.0057, 192.54, -0.1446
20241230113616, GOOG, 165, 20250516, C, 1, 247, 0.0065, 192.54, 0.829
20241230113616, GOOG, 165, 20250516, P, 2, 633, 0.0067, 192.54, -0.1764
20241230113616, GOOG, 170, 20250516, C, 1, 560, 0.0074, 192.54, 0.793
20241230113616, GOOG, 170, 20250516, P, 8, 718, 0.0077, 192.54, -0.2137
20241230113616, GOOG, 175, 20250516, C, 6, 351, 0.0084, 192.54, 0.752
20241230113616, GOOG, 175, 20250516, P, 2, 537, 0.0087, 192.54, -0.2563
20241230113616, GOOG, 180, 20250516, C, 0, 637, 0.0093, 192.54, 0.7064
20241230113616, GOOG, 180, 20250516, P, 0, 884, 0.0096, 192.54, -0.3033
20241230113616, GOOG, 185, 20250516, C, 7, 612, 0.01, 192.54, 0.6572
20241230113616, GOOG, 185, 20250516, P, 5, 397, 0.0105, 192.54, -0.3554
20241230113616, GOOG, 190, 20250516, C, 2, 4131, 0.0106, 192.54, 0.6047
20241230113616, GOOG, 190, 20250516, P, 4, 185, 0.0111, 192.54, -0.4097
20241230113616, GOOG, 195, 20250516, C, 11, 548, 0.011, 192.54, 0.5509
20241230113616, GOOG, 195, 20250516, P, 0, 138, 0.0116, 192.54, -0.4666
20241230113616, GOOG, 200, 20250516, C, 4, 2065, 0.0112, 192.54, 0.4967
20241230113616, GOOG, 200, 20250516, P, 2, 186, 0.0119, 192.54, -0.5244
20241230113616, GOOG, 210, 20250516, C, 14, 1377, 0.0108, 192.54, 0.3926
20241230113616, GOOG, 210, 20250516, P, 0, 49, 0.0118, 192.54, -0.6378
20241230113616, GOOG, 220, 20250516, C, 21, 917, 0.0098, 192.54, 0.2999
20241230113616, GOOG, 220, 20250516, P, 0, 10, 0.0111, 192.54, -0.7411
20241230113616, GOOG, 230, 20250516, C, 10, 411, 0.0084, 192.54, 0.2242
20241230113616, GOOG, 230, 20250516, P, 0, 18, 0.01, 192.54, -0.8295
20241230113616, GOOG, 240, 20250516, C, 0, 6121, 0.0068, 192.54, 0.1657
20241230113616, GOOG, 240, 20250516, P, 0, 96, 0.009, 192.54, -0.9021
20241230113616, GOOG, 250, 20250516, C, 23, 776, 0.0055, 192.54, 0.1227
20241230113616, GOOG, 250, 20250516, P, 0, 2, 0.0078, 192.54, -0.959
20241230113616, GOOG, 260, 20250516, C, 2, 611, 0.0044, 192.54, 0.0921
20241230113616, GOOG, 260, 20250516, P, 0, 0, 0.0029, 192.54, -0.9901
20241230113616, GOOG, 270, 20250516, C, 2, 909, 0.0034, 192.54, 0.0704
20241230113616, GOOG, 270, 20250516, P, 0, 0, 0, 192.54, -1
20241230113616, GOOG, 280, 20250516, C, 5, 53, 0.0028, 192.54, 0.055
20241230113616, GOOG, 280, 20250516, P, 0, 0, 0, 192.54, -1
20241230113616, GOOG, 290, 20250516, C, 0, 127, 0.0022, 192.54, 0.0439
20241230113616, GOOG, 290, 20250516, P, 0, 0, 0, 192.54, -1
20241230113616, GOOG, 45, 20250620, C, 0, 121, 0, 192.54, 1
20241230113616, GOOG, 45, 20250620, P, 0, 518, 0, 192.54, -0.001
20241230113616, GOOG, 50, 20250620, C, 0, 82, 0, 192.54, 1
20241230113616, GOOG, 50, 20250620, P, 0, 1996, 0, 192.54, -0.0013
20241230113616, GOOG, 55, 20250620, C, 0, 376, 0.0001, 192.54, 0.9998
20241230113616, GOOG, 55, 20250620, P, 0, 903, 0.0001, 192.54, -0.0018
20241230113616, GOOG, 60, 20250620, C, 0, 144, 0.0001, 192.54, 0.9992
20241230113616, GOOG, 60, 20250620, P, 0, 432, 0.0001, 192.54, -0.0023
20241230113616, GOOG, 65, 20250620, C, 0, 73, 0.0001, 192.54, 0.9986
20241230113616, GOOG, 65, 20250620, P, 0, 1041, 0.0001, 192.54, -0.0031
20241230113616, GOOG, 70, 20250620, C, 0, 147, 0.0001, 192.54, 0.9977
20241230113616, GOOG, 70, 20250620, P, 0, 1359, 0.0001, 192.54, -0.0039
20241230113616, GOOG, 75, 20250620, C, 0, 43, 0.0002, 192.54, 0.9966
20241230113616, GOOG, 75, 20250620, P, 0, 1196, 0.0002, 192.54, -0.005
20241230113616, GOOG, 80, 20250620, C, 0, 125, 0.0002, 192.54, 0.9953
20241230113616, GOOG, 80, 20250620, P, 0, 777, 0.0002, 192.54, -0.0063
20241230113616, GOOG, 85, 20250620, C, 0, 37, 0.0003, 192.54, 0.9937
20241230113616, GOOG, 85, 20250620, P, 0, 570, 0.0003, 192.54, -0.0079
20241230113616, GOOG, 90, 20250620, C, 0, 585, 0.0004, 192.54, 0.9918
20241230113616, GOOG, 90, 20250620, P, 0, 1227, 0.0004, 192.54, -0.0099
20241230113616, GOOG, 95, 20250620, C, 20, 128, 0.0005, 192.54, 0.9895
20241230113616, GOOG, 95, 20250620, P, 0, 790, 0.0005, 192.54, -0.0122
20241230113616, GOOG, 100, 20250620, C, 0, 498, 0.0006, 192.54, 0.9867
20241230113616, GOOG, 100, 20250620, P, 0, 1681, 0.0006, 192.54, -0.015
20241230113616, GOOG, 105, 20250620, C, 0, 109, 0.0007, 192.54, 0.9834
20241230113616, GOOG, 105, 20250620, P, 0, 1059, 0.0007, 192.54, -0.0184
20241230113616, GOOG, 110, 20250620, C, 0, 1105, 0.0009, 192.54, 0.9794
20241230113616, GOOG, 110, 20250620, P, 0, 2123, 0.0009, 192.54, -0.0225
20241230113616, GOOG, 115, 20250620, C, 0, 347, 0.0011, 192.54, 0.9745
20241230113616, GOOG, 115, 20250620, P, 5, 1754, 0.0011, 192.54, -0.0274
20241230113616, GOOG, 120, 20250620, C, 0, 1258, 0.0013, 192.54, 0.9687
20241230113616, GOOG, 120, 20250620, P, 0, 3256, 0.0013, 192.54, -0.0333
20241230113616, GOOG, 125, 20250620, C, 1, 645, 0.0016, 192.54, 0.9617
20241230113616, GOOG, 125, 20250620, P, 0, 1872, 0.0016, 192.54, -0.0404
20241230113616, GOOG, 130, 20250620, C, 12, 1198, 0.0019, 192.54, 0.9532
20241230113616, GOOG, 130, 20250620, P, 0, 3611, 0.002, 192.54, -0.0491
20241230113616, GOOG, 135, 20250620, C, 0, 696, 0.0023, 192.54, 0.9428
20241230113616, GOOG, 135, 20250620, P, 0, 2521, 0.0024, 192.54, -0.0597
20241230113616, GOOG, 140, 20250620, C, 30, 2124, 0.0028, 192.54, 0.9301
20241230113616, GOOG, 140, 20250620, P, 11, 2078, 0.0028, 192.54, -0.0725
20241230113616, GOOG, 145, 20250620, C, 0, 4811, 0.0033, 192.54, 0.9146
20241230113616, GOOG, 145, 20250620, P, 0, 4599, 0.0034, 192.54, -0.0884
20241230113616, GOOG, 150, 20250620, C, 6, 2814, 0.004, 192.54, 0.896
20241230113616, GOOG, 150, 20250620, P, 0, 3572, 0.004, 192.54, -0.1074
20241230113616, GOOG, 155, 20250620, C, 0, 1905, 0.0047, 192.54, 0.8737
20241230113616, GOOG, 155, 20250620, P, 4, 3654, 0.0048, 192.54, -0.1303
20241230113616, GOOG, 160, 20250620, C, 29, 4335, 0.0054, 192.54, 0.8475
20241230113616, GOOG, 160, 20250620, P, 23, 6449, 0.0056, 192.54, -0.157
20241230113616, GOOG, 165, 20250620, C, 2, 2234, 0.0062, 192.54, 0.817
20241230113616, GOOG, 165, 20250620, P, 1, 4211, 0.0064, 192.54, -0.1883
20241230113616, GOOG, 170, 20250620, C, 9, 4872, 0.007, 192.54, 0.7824
20241230113616, GOOG, 170, 20250620, P, 14, 1829, 0.0072, 192.54, -0.2242
20241230113616, GOOG, 175, 20250620, C, 14, 2109, 0.0078, 192.54, 0.7438
20241230113616, GOOG, 175, 20250620, P, 3, 3666, 0.0081, 192.54, -0.2646
20241230113616, GOOG, 180, 20250620, C, 14, 5196, 0.0085, 192.54, 0.7018
20241230113616, GOOG, 180, 20250620, P, 2, 2764, 0.0089, 192.54, -0.309
20241230113616, GOOG, 185, 20250620, C, 0, 1720, 0.0091, 192.54, 0.6566
20241230113616, GOOG, 185, 20250620, P, 2, 720, 0.0096, 192.54, -0.3561
20241230113616, GOOG, 190, 20250620, C, 18, 4546, 0.0096, 192.54, 0.6092
20241230113616, GOOG, 190, 20250620, P, 404, 1279, 0.0102, 192.54, -0.4064
20241230113616, GOOG, 195, 20250620, C, 8, 1745, 0.01, 192.54, 0.56
20241230113616, GOOG, 195, 20250620, P, 75, 927, 0.0106, 192.54, -0.4584
20241230113616, GOOG, 200, 20250620, C, 75, 6179, 0.0101, 192.54, 0.5109
20241230113616, GOOG, 200, 20250620, P, 10, 778, 0.0109, 192.54, -0.5115
20241230113616, GOOG, 205, 20250620, C, 21, 3009, 0.0102, 192.54, 0.4625
20241230113616, GOOG, 205, 20250620, P, 0, 450, 0.0111, 192.54, -0.5648
20241230113616, GOOG, 210, 20250620, C, 63, 6699, 0.01, 192.54, 0.4151
20241230113616, GOOG, 210, 20250620, P, 0, 113, 0.0111, 192.54, -0.6169
20241230113616, GOOG, 215, 20250620, C, 4, 3275, 0.0097, 192.54, 0.3705
20241230113616, GOOG, 215, 20250620, P, 0, 152, 0.011, 192.54, -0.6674
20241230113616, GOOG, 220, 20250620, C, 9, 2403, 0.0093, 192.54, 0.3283
20241230113616, GOOG, 220, 20250620, P, 0, 18, 0.0107, 192.54, -0.7156
20241230113616, GOOG, 225, 20250620, C, 1, 2376, 0.0088, 192.54, 0.2892
20241230113616, GOOG, 225, 20250620, P, 0, 115, 0.0104, 192.54, -0.7611
20241230113616, GOOG, 230, 20250620, C, 50, 3593, 0.0082, 192.54, 0.2538
20241230113616, GOOG, 230, 20250620, P, 0, 55, 0.01, 192.54, -0.8035
20241230113616, GOOG, 235, 20250620, C, 4, 183, 0.0076, 192.54, 0.2222
20241230113616, GOOG, 235, 20250620, P, 0, 16, 0.0096, 192.54, -0.8425
20241230113616, GOOG, 240, 20250620, C, 0, 5051, 0.007, 192.54, 0.1945
20241230113616, GOOG, 240, 20250620, P, 0, 85, 0.0093, 192.54, -0.8788
20241230113616, GOOG, 245, 20250620, C, 34, 431, 0.0064, 192.54, 0.1696
20241230113616, GOOG, 245, 20250620, P, 0, 72, 0.0088, 192.54, -0.9109
20241230113616, GOOG, 250, 20250620, C, 67, 4173, 0.0058, 192.54, 0.1482
20241230113616, GOOG, 250, 20250620, P, 0, 2, 0.0086, 192.54, -0.942
20241230113616, GOOG, 260, 20250620, C, 11, 847, 0.0047, 192.54, 0.1139
20241230113616, GOOG, 260, 20250620, P, 0, 0, 0.0047, 192.54, -0.9825
20241230113616, GOOG, 270, 20250620, C, 104, 1119, 0.0038, 192.54, 0.0887
20241230113616, GOOG, 270, 20250620, P, 0, 0, 0.0001, 192.54, -0.9998
20241230113616, GOOG, 280, 20250620, C, 0, 54, 0.0032, 192.54, 0.0703
20241230113616, GOOG, 280, 20250620, P, 0, 0, 0, 192.54, -1
20241230113616, GOOG, 290, 20250620, C, 0, 422, 0.0026, 192.54, 0.0566
20241230113616, GOOG, 290, 20250620, P, 0, 0, 0, 192.54, -1
20241230113616, GOOG, 85, 20250718, C, 0, 0, 0.0003, 192.54, 0.9934
20241230113616, GOOG, 85, 20250718, P, 0, 0, 0.0003, 192.54, -0.0084
20241230113616, GOOG, 90, 20250718, C, 0, 0, 0.0004, 192.54, 0.9914
20241230113616, GOOG, 90, 20250718, P, 0, 0, 0.0004, 192.54, -0.0105
20241230113616, GOOG, 95, 20250718, C, 0, 0, 0.0005, 192.54, 0.9888
20241230113616, GOOG, 95, 20250718, P, 0, 0, 0.0005, 192.54, -0.0131
20241230113616, GOOG, 100, 20250718, C, 0, 0, 0.0006, 192.54, 0.9858
20241230113616, GOOG, 100, 20250718, P, 0, 0, 0.0006, 192.54, -0.0162
20241230113616, GOOG, 105, 20250718, C, 0, 0, 0.0007, 192.54, 0.9822
20241230113616, GOOG, 105, 20250718, P, 0, 24, 0.0008, 192.54, -0.0198
20241230113616, GOOG, 110, 20250718, C, 0, 0, 0.0009, 192.54, 0.9778
20241230113616, GOOG, 110, 20250718, P, 0, 22, 0.0009, 192.54, -0.0243
20241230113616, GOOG, 115, 20250718, C, 0, 0, 0.0011, 192.54, 0.9726
20241230113616, GOOG, 115, 20250718, P, 0, 32, 0.0011, 192.54, -0.0296
20241230113616, GOOG, 120, 20250718, C, 0, 10, 0.0014, 192.54, 0.9663
20241230113616, GOOG, 120, 20250718, P, 0, 1, 0.0014, 192.54, -0.0361
20241230113616, GOOG, 125, 20250718, C, 0, 33, 0.0016, 192.54, 0.9587
20241230113616, GOOG, 125, 20250718, P, 0, 2, 0.0017, 192.54, -0.0438
20241230113616, GOOG, 130, 20250718, C, 0, 8, 0.002, 192.54, 0.9494
20241230113616, GOOG, 130, 20250718, P, 0, 12, 0.002, 192.54, -0.0531
20241230113616, GOOG, 135, 20250718, C, 0, 2, 0.0024, 192.54, 0.9383
20241230113616, GOOG, 135, 20250718, P, 1, 22, 0.0024, 192.54, -0.0645
20241230113616, GOOG, 140, 20250718, C, 0, 9, 0.0028, 192.54, 0.9249
20241230113616, GOOG, 140, 20250718, P, 0, 242, 0.0029, 192.54, -0.0783
20241230113616, GOOG, 145, 20250718, C, 0, 1, 0.0034, 192.54, 0.9087
20241230113616, GOOG, 145, 20250718, P, 0, 35, 0.0034, 192.54, -0.0949
20241230113616, GOOG, 150, 20250718, C, 0, 101, 0.0039, 192.54, 0.8896
20241230113616, GOOG, 150, 20250718, P, 0, 104, 0.004, 192.54, -0.1146
20241230113616, GOOG, 155, 20250718, C, 0, 16, 0.0046, 192.54, 0.867
20241230113616, GOOG, 155, 20250718, P, 0, 33, 0.0047, 192.54, -0.1379
20241230113616, GOOG, 160, 20250718, C, 0, 15, 0.0053, 192.54, 0.8409
20241230113616, GOOG, 160, 20250718, P, 5, 114, 0.0054, 192.54, -0.165
20241230113616, GOOG, 165, 20250718, C, 0, 17, 0.006, 192.54, 0.811
20241230113616, GOOG, 165, 20250718, P, 93, 56, 0.0062, 192.54, -0.196
20241230113616, GOOG, 170, 20250718, C, 0, 56, 0.0067, 192.54, 0.7776
20241230113616, GOOG, 170, 20250718, P, 7, 192, 0.007, 192.54, -0.2308
20241230113616, GOOG, 175, 20250718, C, 0, 267, 0.0074, 192.54, 0.7407
20241230113616, GOOG, 175, 20250718, P, 136, 395, 0.0077, 192.54, -0.2694
20241230113616, GOOG, 180, 20250718, C, 1, 102, 0.008, 192.54, 0.7008
20241230113616, GOOG, 180, 20250718, P, 0, 309, 0.0084, 192.54, -0.3116
20241230113616, GOOG, 185, 20250718, C, 39, 158, 0.0086, 192.54, 0.6585
20241230113616, GOOG, 185, 20250718, P, 0, 105, 0.0091, 192.54, -0.3567
20241230113616, GOOG, 190, 20250718, C, 2, 288, 0.009, 192.54, 0.6139
20241230113616, GOOG, 190, 20250718, P, 0, 185, 0.0096, 192.54, -0.4042
20241230113616, GOOG, 195, 20250718, C, 8, 340, 0.0093, 192.54, 0.5681
20241230113616, GOOG, 195, 20250718, P, 0, 64, 0.01, 192.54, -0.4534
20241230113616, GOOG, 200, 20250718, C, 2, 235, 0.0095, 192.54, 0.5222
20241230113616, GOOG, 200, 20250718, P, 0, 58, 0.0103, 192.54, -0.503
20241230113616, GOOG, 205, 20250718, C, 42, 277, 0.0096, 192.54, 0.4765
20241230113616, GOOG, 205, 20250718, P, 0, 33, 0.0105, 192.54, -0.5533
20241230113616, GOOG, 210, 20250718, C, 25, 469, 0.0095, 192.54, 0.4318
20241230113616, GOOG, 210, 20250718, P, 0, 1, 0.0106, 192.54, -0.6035
20241230113616, GOOG, 215, 20250718, C, 0, 139, 0.0093, 192.54, 0.3889
20241230113616, GOOG, 215, 20250718, P, 0, 1, 0.0105, 192.54, -0.652
20241230113616, GOOG, 220, 20250718, C, 3, 150, 0.009, 192.54, 0.3483
20241230113616, GOOG, 220, 20250718, P, 0, 43, 0.0104, 192.54, -0.699
20241230113616, GOOG, 225, 20250718, C, 0, 284, 0.0086, 192.54, 0.3104
20241230113616, GOOG, 225, 20250718, P, 0, 202, 0.0102, 192.54, -0.7438
20241230113616, GOOG, 230, 20250718, C, 0, 255, 0.0081, 192.54, 0.2755
20241230113616, GOOG, 230, 20250718, P, 0, 4, 0.01, 192.54, -0.7863
20241230113616, GOOG, 235, 20250718, C, 0, 224, 0.0076, 192.54, 0.2439
20241230113616, GOOG, 235, 20250718, P, 0, 4, 0.0096, 192.54, -0.8259
20241230113616, GOOG, 240, 20250718, C, 0, 60, 0.007, 192.54, 0.2152
20241230113616, GOOG, 240, 20250718, P, 0, 15, 0.0094, 192.54, -0.8635
20241230113616, GOOG, 245, 20250718, C, 0, 41, 0.0065, 192.54, 0.1898
20241230113616, GOOG, 245, 20250718, P, 0, 12, 0.009, 192.54, -0.8971
20241230113616, GOOG, 250, 20250718, C, 0, 302, 0.006, 192.54, 0.1676
20241230113616, GOOG, 250, 20250718, P, 0, 16, 0.0086, 192.54, -0.9294
20241230113616, GOOG, 255, 20250718, C, 0, 9, 0.0054, 192.54, 0.1476
20241230113616, GOOG, 255, 20250718, P, 0, 2, 0.0082, 192.54, -0.9568
20241230113616, GOOG, 260, 20250718, C, 0, 159, 0.005, 192.54, 0.1304
20241230113616, GOOG, 260, 20250718, P, 0, 0, 0.0062, 192.54, -0.9762
20241230113616, GOOG, 270, 20250718, C, 0, 20, 0.0041, 192.54, 0.1025
20241230113616, GOOG, 270, 20250718, P, 0, 0, 0.0006, 192.54, -0.9976
20241230113616, GOOG, 280, 20250718, C, 0, 99, 0.0034, 192.54, 0.0816
20241230113616, GOOG, 280, 20250718, P, 0, 0, 0, 192.54, -1
20241230113616, GOOG, 290, 20250718, C, 1, 442, 0.0028, 192.54, 0.0659
20241230113616, GOOG, 290, 20250718, P, 0, 0, 0, 192.54, -1
20241230113616, GOOG, 80, 20250919, C, 0, 11, 0.0003, 192.54, 0.9936
20241230113616, GOOG, 80, 20250919, P, 0, 18, 0.0003, 192.54, -0.0086
20241230113616, GOOG, 85, 20250919, C, 0, 2, 0.0004, 192.54, 0.9914
20241230113616, GOOG, 85, 20250919, P, 0, 0, 0.0004, 192.54, -0.0109
20241230113616, GOOG, 90, 20250919, C, 0, 201, 0.0005, 192.54, 0.9886
20241230113616, GOOG, 90, 20250919, P, 0, 5, 0.0005, 192.54, -0.0137
20241230113616, GOOG, 95, 20250919, C, 0, 2, 0.0006, 192.54, 0.9854
20241230113616, GOOG, 95, 20250919, P, 0, 317, 0.0006, 192.54, -0.017
20241230113616, GOOG, 100, 20250919, C, 0, 84, 0.0007, 192.54, 0.9815
20241230113616, GOOG, 100, 20250919, P, 0, 809, 0.0007, 192.54, -0.021
20241230113616, GOOG, 105, 20250919, C, 0, 26, 0.0009, 192.54, 0.9768
20241230113616, GOOG, 105, 20250919, P, 0, 177, 0.0009, 192.54, -0.0256
20241230113616, GOOG, 110, 20250919, C, 0, 47, 0.001, 192.54, 0.9714
20241230113616, GOOG, 110, 20250919, P, 0, 154, 0.001, 192.54, -0.0313
20241230113616, GOOG, 115, 20250919, C, 0, 27, 0.0012, 192.54, 0.9648
20241230113616, GOOG, 115, 20250919, P, 0, 76, 0.0013, 192.54, -0.038
20241230113616, GOOG, 120, 20250919, C, 0, 20, 0.0015, 192.54, 0.957
20241230113616, GOOG, 120, 20250919, P, 0, 324, 0.0015, 192.54, -0.0459
20241230113616, GOOG, 125, 20250919, C, 0, 30, 0.0018, 192.54, 0.9477
20241230113616, GOOG, 125, 20250919, P, 1, 710, 0.0018, 192.54, -0.0554
20241230113616, GOOG, 130, 20250919, C, 0, 496, 0.0021, 192.54, 0.9368
20241230113616, GOOG, 130, 20250919, P, 0, 225, 0.0022, 192.54, -0.0666
20241230113616, GOOG, 135, 20250919, C, 10, 100, 0.0025, 192.54, 0.9239
20241230113616, GOOG, 135, 20250919, P, 0, 395, 0.0026, 192.54, -0.0798
20241230113616, GOOG, 140, 20250919, C, 0, 97, 0.0029, 192.54, 0.9088
20241230113616, GOOG, 140, 20250919, P, 0, 642, 0.003, 192.54, -0.0952
20241230113616, GOOG, 145, 20250919, C, 0, 159, 0.0034, 192.54, 0.8914
20241230113616, GOOG, 145, 20250919, P, 0, 364, 0.0034, 192.54, -0.1131
20241230113616, GOOG, 150, 20250919, C, 51, 209, 0.0038, 192.54, 0.8715
20241230113616, GOOG, 150, 20250919, P, 3, 6052, 0.004, 192.54, -0.1338
20241230113616, GOOG, 155, 20250919, C, 6, 225, 0.0044, 192.54, 0.8488
20241230113616, GOOG, 155, 20250919, P, 0, 510, 0.0045, 192.54, -0.1575
20241230113616, GOOG, 160, 20250919, C, 5, 342, 0.0049, 192.54, 0.8235
20241230113616, GOOG, 160, 20250919, P, 12, 558, 0.0051, 192.54, -0.184
20241230113616, GOOG, 165, 20250919, C, 8, 511, 0.0054, 192.54, 0.7955
20241230113616, GOOG, 165, 20250919, P, 35, 679, 0.0057, 192.54, -0.213
20241230113616, GOOG, 170, 20250919, C, 1, 596, 0.006, 192.54, 0.7649
20241230113616, GOOG, 170, 20250919, P, 0, 449, 0.0063, 192.54, -0.2455
20241230113616, GOOG, 175, 20250919, C, 0, 440, 0.0065, 192.54, 0.7319
20241230113616, GOOG, 175, 20250919, P, 1, 331, 0.0068, 192.54, -0.2805
20241230113616, GOOG, 180, 20250919, C, 4, 712, 0.0069, 192.54, 0.6969
20241230113616, GOOG, 180, 20250919, P, 0, 149, 0.0074, 192.54, -0.3175
20241230113616, GOOG, 185, 20250919, C, 0, 1625, 0.0073, 192.54, 0.6602
20241230113616, GOOG, 185, 20250919, P, 1, 301, 0.0078, 192.54, -0.3573
20241230113616, GOOG, 190, 20250919, C, 7, 2715, 0.0076, 192.54, 0.6225
20241230113616, GOOG, 190, 20250919, P, 30, 326, 0.0083, 192.54, -0.3984
20241230113616, GOOG, 195, 20250919, C, 5, 1831, 0.0079, 192.54, 0.5838
20241230113616, GOOG, 195, 20250919, P, 1, 332, 0.0086, 192.54, -0.4404
20241230113616, GOOG, 200, 20250919, C, 12, 1631, 0.0081, 192.54, 0.5447
20241230113616, GOOG, 200, 20250919, P, 0, 46, 0.0089, 192.54, -0.4835
20241230113616, GOOG, 205, 20250919, C, 1, 235, 0.0082, 192.54, 0.5056
20241230113616, GOOG, 205, 20250919, P, 0, 96, 0.0091, 192.54, -0.527
20241230113616, GOOG, 210, 20250919, C, 5, 1880, 0.0082, 192.54, 0.4676
20241230113616, GOOG, 210, 20250919, P, 3, 64, 0.0093, 192.54, -0.5703
20241230113616, GOOG, 215, 20250919, C, 0, 331, 0.0081, 192.54, 0.4304
20241230113616, GOOG, 215, 20250919, P, 0, 39, 0.0093, 192.54, -0.6133
20241230113616, GOOG, 220, 20250919, C, 8, 674, 0.008, 192.54, 0.3946
20241230113616, GOOG, 220, 20250919, P, 0, 106, 0.0093, 192.54, -0.6551
20241230113616, GOOG, 225, 20250919, C, 3, 853, 0.0077, 192.54, 0.3605
20241230113616, GOOG, 225, 20250919, P, 0, 173, 0.0093, 192.54, -0.6958
20241230113616, GOOG, 230, 20250919, C, 0, 1377, 0.0075, 192.54, 0.3281
20241230113616, GOOG, 230, 20250919, P, 0, 14, 0.0092, 192.54, -0.7349
20241230113616, GOOG, 235, 20250919, C, 0, 1280, 0.0072, 192.54, 0.2979
20241230113616, GOOG, 235, 20250919, P, 0, 8, 0.0091, 192.54, -0.7729
20241230113616, GOOG, 240, 20250919, C, 15, 348, 0.0068, 192.54, 0.27
20241230113616, GOOG, 240, 20250919, P, 0, 34, 0.009, 192.54, -0.8088
20241230113616, GOOG, 245, 20250919, C, 0, 147, 0.0065, 192.54, 0.2442
20241230113616, GOOG, 245, 20250919, P, 0, 0, 0.0088, 192.54, -0.8433
20241230113616, GOOG, 250, 20250919, C, 25, 2585, 0.0061, 192.54, 0.2207
20241230113616, GOOG, 250, 20250919, P, 0, 8, 0.0087, 192.54, -0.876
20241230113616, GOOG, 260, 20250919, C, 2, 2203, 0.0054, 192.54, 0.1798
20241230113616, GOOG, 260, 20250919, P, 0, 1, 0.0087, 192.54, -0.9363
20241230113616, GOOG, 270, 20250919, C, 3, 300, 0.0046, 192.54, 0.1466
20241230113616, GOOG, 270, 20250919, P, 0, 0, 0.0051, 192.54, -0.977
20241230113616, GOOG, 280, 20250919, C, 1, 137, 0.004, 192.54, 0.1201
20241230113616, GOOG, 280, 20250919, P, 0, 0, 0.0008, 192.54, -0.9965
20241230113616, GOOG, 290, 20250919, C, 2, 1215, 0.0034, 192.54, 0.0987
20241230113616, GOOG, 290, 20250919, P, 0, 0, 0, 192.54, -1
20241230113616, GOOG, 45, 20251219, C, 0, 39, 0.0001, 192.54, 1
20241230113616, GOOG, 45, 20251219, P, 0, 265, 0.0001, 192.54, -0.002
20241230113616, GOOG, 50, 20251219, C, 0, 136, 0.0001, 192.54, 1
20241230113616, GOOG, 50, 20251219, P, 0, 874, 0.0001, 192.54, -0.0028
20241230113616, GOOG, 55, 20251219, C, 0, 477, 0.0001, 192.54, 0.9996
20241230113616, GOOG, 55, 20251219, P, 0, 116, 0.0001, 192.54, -0.0037
20241230113616, GOOG, 60, 20251219, C, 0, 33, 0.0001, 192.54, 0.9985
20241230113616, GOOG, 60, 20251219, P, 0, 84, 0.0001, 192.54, -0.0048
20241230113616, GOOG, 65, 20251219, C, 0, 92, 0.0002, 192.54, 0.9971
20241230113616, GOOG, 65, 20251219, P, 0, 713, 0.0002, 192.54, -0.0062
20241230113616, GOOG, 70, 20251219, C, 0, 61, 0.0002, 192.54, 0.9955
20241230113616, GOOG, 70, 20251219, P, 0, 1344, 0.0002, 192.54, -0.0078
20241230113616, GOOG, 75, 20251219, C, 0, 27, 0.0003, 192.54, 0.9935
20241230113616, GOOG, 75, 20251219, P, 0, 350, 0.0003, 192.54, -0.0099
20241230113616, GOOG, 80, 20251219, C, 0, 304, 0.0004, 192.54, 0.9911
20241230113616, GOOG, 80, 20251219, P, 0, 1273, 0.0004, 192.54, -0.0123
20241230113616, GOOG, 85, 20251219, C, 0, 79, 0.0004, 192.54, 0.9882
20241230113616, GOOG, 85, 20251219, P, 0, 895, 0.0004, 192.54, -0.0152
20241230113616, GOOG, 90, 20251219, C, 0, 373, 0.0006, 192.54, 0.9848
20241230113616, GOOG, 90, 20251219, P, 0, 886, 0.0006, 192.54, -0.0187
20241230113616, GOOG, 95, 20251219, C, 0, 229, 0.0007, 192.54, 0.9808
20241230113616, GOOG, 95, 20251219, P, 0, 661, 0.0007, 192.54, -0.0228
20241230113616, GOOG, 100, 20251219, C, 0, 339, 0.0008, 192.54, 0.9761
20241230113616, GOOG, 100, 20251219, P, 0, 1013, 0.0008, 192.54, -0.0277
20241230113616, GOOG, 105, 20251219, C, 0, 106, 0.001, 192.54, 0.9704
20241230113616, GOOG, 105, 20251219, P, 0, 2613, 0.001, 192.54, -0.0334
20241230113616, GOOG, 110, 20251219, C, 0, 1372, 0.0012, 192.54, 0.9638
20241230113616, GOOG, 110, 20251219, P, 0, 1040, 0.0012, 192.54, -0.0402
20241230113616, GOOG, 115, 20251219, C, 1, 595, 0.0014, 192.54, 0.956
20241230113616, GOOG, 115, 20251219, P, 0, 544, 0.0014, 192.54, -0.0483
20241230113616, GOOG, 120, 20251219, C, 0, 1426, 0.0016, 192.54, 0.9468
20241230113616, GOOG, 120, 20251219, P, 0, 689, 0.0016, 192.54, -0.0577
20241230113616, GOOG, 125, 20251219, C, 2, 436, 0.0019, 192.54, 0.9362
20241230113616, GOOG, 125, 20251219, P, 0, 760, 0.0019, 192.54, -0.0686
20241230113616, GOOG, 130, 20251219, C, 0, 811, 0.0022, 192.54, 0.9239
20241230113616, GOOG, 130, 20251219, P, 0, 357, 0.0022, 192.54, -0.0813
20241230113616, GOOG, 135, 20251219, C, 0, 465, 0.0025, 192.54, 0.9099
20241230113616, GOOG, 135, 20251219, P, 0, 992, 0.0026, 192.54, -0.0959
20241230113616, GOOG, 140, 20251219, C, 85, 2233, 0.0029, 192.54, 0.894
20241230113616, GOOG, 140, 20251219, P, 0, 1123, 0.003, 192.54, -0.1123
20241230113616, GOOG, 145, 20251219, C, 10, 514, 0.0032, 192.54, 0.8762
20241230113616, GOOG, 145, 20251219, P, 0, 410, 0.0034, 192.54, -0.131
20241230113616, GOOG, 150, 20251219, C, 1, 2183, 0.0036, 192.54, 0.8564
20241230113616, GOOG, 150, 20251219, P, 0, 1096, 0.0038, 192.54, -0.1518
20241230113616, GOOG, 155, 20251219, C, 0, 310, 0.004, 192.54, 0.8347
20241230113616, GOOG, 155, 20251219, P, 0, 743, 0.0042, 192.54, -0.1746
20241230113616, GOOG, 160, 20251219, C, 0, 900, 0.0044, 192.54, 0.8111
20241230113616, GOOG, 160, 20251219, P, 0, 829, 0.0047, 192.54, -0.1996
20241230113616, GOOG, 165, 20251219, C, 0, 2720, 0.0048, 192.54, 0.7854
20241230113616, GOOG, 165, 20251219, P, 0, 571, 0.0051, 192.54, -0.2271
20241230113616, GOOG, 170, 20251219, C, 4, 1740, 0.0052, 192.54, 0.7581
20241230113616, GOOG, 170, 20251219, P, 3, 730, 0.0056, 192.54, -0.2562
20241230113616, GOOG, 175, 20251219, C, 0, 911, 0.0056, 192.54, 0.7294
20241230113616, GOOG, 175, 20251219, P, 0, 295, 0.006, 192.54, -0.2873
20241230113616, GOOG, 180, 20251219, C, 6, 2181, 0.0059, 192.54, 0.699
20241230113616, GOOG, 180, 20251219, P, 0, 208, 0.0064, 192.54, -0.3203
20241230113616, GOOG, 185, 20251219, C, 2, 573, 0.0062, 192.54, 0.6677
20241230113616, GOOG, 185, 20251219, P, 0, 221, 0.0068, 192.54, -0.3547
20241230113616, GOOG, 190, 20251219, C, 4, 858, 0.0065, 192.54, 0.6355
20241230113616, GOOG, 190, 20251219, P, 0, 128, 0.0072, 192.54, -0.3903
20241230113616, GOOG, 195, 20251219, C, 14, 714, 0.0067, 192.54, 0.603
20241230113616, GOOG, 195, 20251219, P, 0, 66, 0.0074, 192.54, -0.4268
20241230113616, GOOG, 200, 20251219, C, 16, 1672, 0.0068, 192.54, 0.57
20241230113616, GOOG, 200, 20251219, P, 10, 143, 0.0077, 192.54, -0.4641
20241230113616, GOOG, 205, 20251219, C, 10, 1008, 0.007, 192.54, 0.5371
20241230113616, GOOG, 205, 20251219, P, 0, 17, 0.0079, 192.54, -0.5017
20241230113616, GOOG, 210, 20251219, C, 4, 1739, 0.007, 192.54, 0.5045
20241230113616, GOOG, 210, 20251219, P, 0, 81, 0.0081, 192.54, -0.5392
20241230113616, GOOG, 215, 20251219, C, 0, 291, 0.007, 192.54, 0.4724
20241230113616, GOOG, 215, 20251219, P, 0, 4, 0.0082, 192.54, -0.5769
20241230113616, GOOG, 220, 20251219, C, 3, 1072, 0.007, 192.54, 0.4413
20241230113616, GOOG, 220, 20251219, P, 0, 65, 0.0083, 192.54, -0.6144
20241230113616, GOOG, 225, 20251219, C, 10, 1275, 0.0069, 192.54, 0.4111
20241230113616, GOOG, 225, 20251219, P, 0, 47, 0.0084, 192.54, -0.6511
20241230113616, GOOG, 230, 20251219, C, 3, 296, 0.0068, 192.54, 0.3821
20241230113616, GOOG, 230, 20251219, P, 0, 15, 0.0084, 192.54, -0.6871
20241230113616, GOOG, 240, 20251219, C, 22, 462, 0.0064, 192.54, 0.3283
20241230113616, GOOG, 240, 20251219, P, 0, 3, 0.0084, 192.54, -0.7562
20241230113616, GOOG, 250, 20251219, C, 5, 667, 0.006, 192.54, 0.2805
20241230113616, GOOG, 250, 20251219, P, 0, 2, 0.0083, 192.54, -0.8214
20241230113616, GOOG, 260, 20251219, C, 4, 571, 0.0054, 192.54, 0.2389
20241230113616, GOOG, 260, 20251219, P, 0, 9, 0.0083, 192.54, -0.8824
20241230113616, GOOG, 270, 20251219, C, 0, 978, 0.0049, 192.54, 0.2031
20241230113616, GOOG, 270, 20251219, P, 0, 1, 0.0081, 192.54, -0.9375
20241230113616, GOOG, 280, 20251219, C, 0, 111, 0.0044, 192.54, 0.1731
20241230113616, GOOG, 280, 20251219, P, 0, 0, 0.0048, 192.54, -0.9746
20241230113616, GOOG, 290, 20251219, C, 0, 275, 0.004, 192.54, 0.1476
20241230113616, GOOG, 290, 20251219, P, 0, 0, 0.0011, 192.54, -0.9941
20241230113616, GOOG, 65, 20260116, C, 0, 199, 0.0002, 192.54, 0.9962
20241230113616, GOOG, 65, 20260116, P, 0, 1243, 0.0002, 192.54, -0.0074
20241230113616, GOOG, 70, 20260116, C, 0, 164, 0.0003, 192.54, 0.9943
20241230113616, GOOG, 70, 20260116, P, 0, 2517, 0.0003, 192.54, -0.0093
20241230113616, GOOG, 75, 20260116, C, 1, 312, 0.0003, 192.54, 0.9921
20241230113616, GOOG, 75, 20260116, P, 1, 1014, 0.0003, 192.54, -0.0115
20241230113616, GOOG, 80, 20260116, C, 0, 189, 0.0004, 192.54, 0.9895
20241230113616, GOOG, 80, 20260116, P, 0, 3289, 0.0004, 192.54, -0.0142
20241230113616, GOOG, 85, 20260116, C, 0, 31, 0.0005, 192.54, 0.9864
20241230113616, GOOG, 85, 20260116, P, 0, 966, 0.0005, 192.54, -0.0173
20241230113616, GOOG, 90, 20260116, C, 0, 177, 0.0006, 192.54, 0.9828
20241230113616, GOOG, 90, 20260116, P, 0, 2155, 0.0006, 192.54, -0.021
20241230113616, GOOG, 95, 20260116, C, 0, 49, 0.0007, 192.54, 0.9785
20241230113616, GOOG, 95, 20260116, P, 0, 414, 0.0007, 192.54, -0.0254
20241230113616, GOOG, 100, 20260116, C, 24, 1191, 0.0008, 192.54, 0.9735
20241230113616, GOOG, 100, 20260116, P, 3, 1177, 0.0009, 192.54, -0.0305
20241230113616, GOOG, 105, 20260116, C, 0, 69, 0.001, 192.54, 0.9676
20241230113616, GOOG, 105, 20260116, P, 0, 2763, 0.001, 192.54, -0.0366
20241230113616, GOOG, 110, 20260116, C, 0, 271, 0.0012, 192.54, 0.9607
20241230113616, GOOG, 110, 20260116, P, 0, 5893, 0.0012, 192.54, -0.0437
20241230113616, GOOG, 115, 20260116, C, 0, 123, 0.0014, 192.54, 0.9526
20241230113616, GOOG, 115, 20260116, P, 0, 1266, 0.0014, 192.54, -0.0521
20241230113616, GOOG, 120, 20260116, C, 2, 388, 0.0016, 192.54, 0.9432
20241230113616, GOOG, 120, 20260116, P, 0, 710, 0.0017, 192.54, -0.0618
20241230113616, GOOG, 125, 20260116, C, 3, 771, 0.0019, 192.54, 0.9324
20241230113616, GOOG, 125, 20260116, P, 1, 1023, 0.002, 192.54, -0.073
20241230113616, GOOG, 130, 20260116, C, 1, 617, 0.0022, 192.54, 0.92
20241230113616, GOOG, 130, 20260116, P, 0, 1272, 0.0023, 192.54, -0.0859
20241230113616, GOOG, 135, 20260116, C, 0, 783, 0.0025, 192.54, 0.9059
20241230113616, GOOG, 135, 20260116, P, 5, 1325, 0.0026, 192.54, -0.1005
20241230113616, GOOG, 140, 20260116, C, 0, 1867, 0.0028, 192.54, 0.8901
20241230113616, GOOG, 140, 20260116, P, 0, 2703, 0.003, 192.54, -0.117
20241230113616, GOOG, 145, 20260116, C, 3, 1015, 0.0032, 192.54, 0.8725
20241230113616, GOOG, 145, 20260116, P, 11, 2386, 0.0033, 192.54, -0.1356
20241230113616, GOOG, 150, 20260116, C, 21, 1468, 0.0036, 192.54, 0.853
20241230113616, GOOG, 150, 20260116, P, 23, 2533, 0.0037, 192.54, -0.1561
20241230113616, GOOG, 155, 20260116, C, 2, 1012, 0.0039, 192.54, 0.8318
20241230113616, GOOG, 155, 20260116, P, 1, 2145, 0.0042, 192.54, -0.1785
20241230113616, GOOG, 160, 20260116, C, 25, 3172, 0.0043, 192.54, 0.8087
20241230113616, GOOG, 160, 20260116, P, 2, 3036, 0.0046, 192.54, -0.2033
20241230113616, GOOG, 165, 20260116, C, 2, 2889, 0.0047, 192.54, 0.7839
20241230113616, GOOG, 165, 20260116, P, 0, 2530, 0.005, 192.54, -0.2296
20241230113616, GOOG, 170, 20260116, C, 2, 2503, 0.005, 192.54, 0.7575
20241230113616, GOOG, 170, 20260116, P, 6, 1469, 0.0054, 192.54, -0.258
20241230113616, GOOG, 175, 20260116, C, 5, 5047, 0.0054, 192.54, 0.7297
20241230113616, GOOG, 175, 20260116, P, 1, 2184, 0.0058, 192.54, -0.2885
20241230113616, GOOG, 180, 20260116, C, 40, 1600, 0.0057, 192.54, 0.7006
20241230113616, GOOG, 180, 20260116, P, 0, 1594, 0.0062, 192.54, -0.3204
20241230113616, GOOG, 185, 20260116, C, 4, 1326, 0.006, 192.54, 0.6704
20241230113616, GOOG, 185, 20260116, P, 0, 1319, 0.0066, 192.54, -0.3533
20241230113616, GOOG, 190, 20260116, C, 5, 2881, 0.0062, 192.54, 0.6395
20241230113616, GOOG, 190, 20260116, P, 0, 718, 0.0069, 192.54, -0.3877
20241230113616, GOOG, 195, 20260116, C, 10, 6378, 0.0064, 192.54, 0.6081
20241230113616, GOOG, 195, 20260116, P, 3, 1013, 0.0072, 192.54, -0.4235
20241230113616, GOOG, 200, 20260116, C, 10, 5398, 0.0066, 192.54, 0.5766
20241230113616, GOOG, 200, 20260116, P, 0, 281, 0.0075, 192.54, -0.4596
20241230113616, GOOG, 205, 20260116, C, 1, 2703, 0.0067, 192.54, 0.5446
20241230113616, GOOG, 205, 20260116, P, 30, 1117, 0.0077, 192.54, -0.4961
20241230113616, GOOG, 210, 20260116, C, 4, 4169, 0.0068, 192.54, 0.5134
20241230113616, GOOG, 210, 20260116, P, 0, 452, 0.0079, 192.54, -0.5326
20241230113616, GOOG, 215, 20260116, C, 0, 906, 0.0068, 192.54, 0.4824
20241230113616, GOOG, 215, 20260116, P, 0, 24, 0.008, 192.54, -0.5696
20241230113616, GOOG, 220, 20260116, C, 36, 1677, 0.0068, 192.54, 0.4519
20241230113616, GOOG, 220, 20260116, P, 0, 199, 0.0081, 192.54, -0.6061
20241230113616, GOOG, 225, 20260116, C, 41, 1581, 0.0067, 192.54, 0.4225
20241230113616, GOOG, 225, 20260116, P, 0, 79, 0.0082, 192.54, -0.6422
20241230113616, GOOG, 230, 20260116, C, 0, 2084, 0.0066, 192.54, 0.3942
20241230113616, GOOG, 230, 20260116, P, 0, 342, 0.0083, 192.54, -0.6774
20241230113616, GOOG, 240, 20260116, C, 1, 1758, 0.0063, 192.54, 0.3414
20241230113616, GOOG, 240, 20260116, P, 0, 14, 0.0083, 192.54, -0.7462
20241230113616, GOOG, 250, 20260116, C, 109, 8298, 0.0059, 192.54, 0.2938
20241230113616, GOOG, 250, 20260116, P, 0, 137, 0.0083, 192.54, -0.8117
20241230113616, GOOG, 260, 20260116, C, 0, 3627, 0.0054, 192.54, 0.2518
20241230113616, GOOG, 260, 20260116, P, 0, 10, 0.0083, 192.54, -0.8737
20241230113616, GOOG, 270, 20260116, C, 2, 5040, 0.005, 192.54, 0.2156
20241230113616, GOOG, 270, 20260116, P, 0, 3, 0.0083, 192.54, -0.9307
20241230113616, GOOG, 280, 20260116, C, 0, 145, 0.0045, 192.54, 0.1848
20241230113616, GOOG, 280, 20260116, P, 0, 0, 0.0055, 192.54, -0.9702
20241230113616, GOOG, 290, 20260116, C, 5, 451, 0.004, 192.54, 0.1586
20241230113616, GOOG, 290, 20260116, P, 0, 0, 0.0014, 192.54, -0.9921
20241230113616, GOOG, 80, 20261218, C, 0, 176, 0.0005, 192.54, 0.9831
20241230113616, GOOG, 80, 20261218, P, 0, 120, 0.0005, 192.54, -0.0233
20241230113616, GOOG, 85, 20261218, C, 0, 24, 0.0006, 192.54, 0.9785
20241230113616, GOOG, 85, 20261218, P, 0, 362, 0.0006, 192.54, -0.028
20241230113616, GOOG, 90, 20261218, C, 0, 108, 0.0007, 192.54, 0.9732
20241230113616, GOOG, 90, 20261218, P, 0, 507, 0.0007, 192.54, -0.0336
20241230113616, GOOG, 95, 20261218, C, 0, 181, 0.0008, 192.54, 0.967
20241230113616, GOOG, 95, 20261218, P, 0, 1395, 0.0009, 192.54, -0.04
20241230113616, GOOG, 100, 20261218, C, 0, 566, 0.001, 192.54, 0.96
20241230113616, GOOG, 100, 20261218, P, 0, 215, 0.001, 192.54, -0.0474
20241230113616, GOOG, 105, 20261218, C, 0, 69, 0.0011, 192.54, 0.9521
20241230113616, GOOG, 105, 20261218, P, 0, 345, 0.0012, 192.54, -0.0557
20241230113616, GOOG, 110, 20261218, C, 0, 55, 0.0013, 192.54, 0.9433
20241230113616, GOOG, 110, 20261218, P, 0, 136, 0.0014, 192.54, -0.0649
20241230113616, GOOG, 115, 20261218, C, 0, 29, 0.0015, 192.54, 0.9335
20241230113616, GOOG, 115, 20261218, P, 0, 674, 0.0015, 192.54, -0.0754
20241230113616, GOOG, 120, 20261218, C, 1, 421, 0.0016, 192.54, 0.9226
20241230113616, GOOG, 120, 20261218, P, 0, 259, 0.0017, 192.54, -0.0869
20241230113616, GOOG, 125, 20261218, C, 0, 112, 0.0018, 192.54, 0.9108
20241230113616, GOOG, 125, 20261218, P, 0, 332, 0.002, 192.54, -0.0997
20241230113616, GOOG, 130, 20261218, C, 0, 322, 0.002, 192.54, 0.8979
20241230113616, GOOG, 130, 20261218, P, 0, 1059, 0.0022, 192.54, -0.1135
20241230113616, GOOG, 135, 20261218, C, 0, 190, 0.0022, 192.54, 0.884
20241230113616, GOOG, 135, 20261218, P, 0, 946, 0.0024, 192.54, -0.1286
20241230113616, GOOG, 140, 20261218, C, 0, 266, 0.0025, 192.54, 0.8691
20241230113616, GOOG, 140, 20261218, P, 0, 115, 0.0027, 192.54, -0.1447
20241230113616, GOOG, 145, 20261218, C, 2, 97, 0.0027, 192.54, 0.8532
20241230113616, GOOG, 145, 20261218, P, 0, 538, 0.0029, 192.54, -0.1621
20241230113616, GOOG, 150, 20261218, C, 0, 702, 0.0029, 192.54, 0.8364
20241230113616, GOOG, 150, 20261218, P, 0, 413, 0.0032, 192.54, -0.1806
20241230113616, GOOG, 155, 20261218, C, 0, 383, 0.0031, 192.54, 0.8187
20241230113616, GOOG, 155, 20261218, P, 0, 505, 0.0034, 192.54, -0.2002
20241230113616, GOOG, 160, 20261218, C, 0, 541, 0.0033, 192.54, 0.8002
20241230113616, GOOG, 160, 20261218, P, 1, 1103, 0.0037, 192.54, -0.221
20241230113616, GOOG, 165, 20261218, C, 0, 152, 0.0035, 192.54, 0.781
20241230113616, GOOG, 165, 20261218, P, 0, 242, 0.0039, 192.54, -0.2429
20241230113616, GOOG, 170, 20261218, C, 0, 394, 0.0037, 192.54, 0.7611
20241230113616, GOOG, 170, 20261218, P, 0, 723, 0.0042, 192.54, -0.2653
20241230113616, GOOG, 175, 20261218, C, 2, 414, 0.0039, 192.54, 0.7406
20241230113616, GOOG, 175, 20261218, P, 0, 155, 0.0044, 192.54, -0.289
20241230113616, GOOG, 180, 20261218, C, 0, 562, 0.004, 192.54, 0.7196
20241230113616, GOOG, 180, 20261218, P, 1, 205, 0.0047, 192.54, -0.3136
20241230113616, GOOG, 185, 20261218, C, 11, 380, 0.0042, 192.54, 0.6983
20241230113616, GOOG, 185, 20261218, P, 0, 215, 0.0049, 192.54, -0.3387
20241230113616, GOOG, 190, 20261218, C, 1, 652, 0.0044, 192.54, 0.6766
20241230113616, GOOG, 190, 20261218, P, 1, 88, 0.0052, 192.54, -0.3645
20241230113616, GOOG, 195, 20261218, C, 1, 332, 0.0045, 192.54, 0.6546
20241230113616, GOOG, 195, 20261218, P, 0, 23, 0.0054, 192.54, -0.3911
20241230113616, GOOG, 200, 20261218, C, 0, 949, 0.0046, 192.54, 0.6326
20241230113616, GOOG, 200, 20261218, P, 0, 147, 0.0056, 192.54, -0.4183
20241230113616, GOOG, 205, 20261218, C, 0, 89, 0.0047, 192.54, 0.6104
20241230113616, GOOG, 205, 20261218, P, 0, 133, 0.0058, 192.54, -0.4455
20241230113616, GOOG, 210, 20261218, C, 0, 278, 0.0048, 192.54, 0.5884
20241230113616, GOOG, 210, 20261218, P, 0, 56, 0.006, 192.54, -0.4738
20241230113616, GOOG, 215, 20261218, C, 0, 447, 0.0049, 192.54, 0.5663
20241230113616, GOOG, 215, 20261218, P, 0, 4, 0.0062, 192.54, -0.502
20241230113616, GOOG, 220, 20261218, C, 0, 156, 0.0049, 192.54, 0.5444
20241230113616, GOOG, 220, 20261218, P, 0, 37, 0.0064, 192.54, -0.5306
20241230113616, GOOG, 225, 20261218, C, 0, 133, 0.005, 192.54, 0.5229
20241230113616, GOOG, 225, 20261218, P, 0, 14, 0.0066, 192.54, -0.5593
20241230113616, GOOG, 230, 20261218, C, 0, 412, 0.005, 192.54, 0.5016
20241230113616, GOOG, 230, 20261218, P, 0, 20, 0.0067, 192.54, -0.5882
20241230113616, GOOG, 235, 20261218, C, 0, 267, 0.005, 192.54, 0.4808
20241230113616, GOOG, 235, 20261218, P, 0, 1, 0.0069, 192.54, -0.6174
20241230113616, GOOG, 240, 20261218, C, 0, 71, 0.005, 192.54, 0.4604
20241230113616, GOOG, 240, 20261218, P, 0, 5, 0.007, 192.54, -0.6464
20241230113616, GOOG, 245, 20261218, C, 0, 130, 0.0049, 192.54, 0.4405
20241230113616, GOOG, 245, 20261218, P, 0, 1, 0.0072, 192.54, -0.6753
20241230113616, GOOG, 250, 20261218, C, 0, 754, 0.0049, 192.54, 0.4212
20241230113616, GOOG, 250, 20261218, P, 0, 1, 0.0073, 192.54, -0.7044
20241230113616, GOOG, 255, 20261218, C, 0, 236, 0.0049, 192.54, 0.4024
20241230113616, GOOG, 255, 20261218, P, 0, 10, 0.0074, 192.54, -0.733
20241230113616, GOOG, 260, 20261218, C, 0, 453, 0.0048, 192.54, 0.3844
20241230113616, GOOG, 260, 20261218, P, 0, 2, 0.0075, 192.54, -0.7615
20241230113616, GOOG, 265, 20261218, C, 0, 155, 0.0047, 192.54, 0.3669
20241230113616, GOOG, 265, 20261218, P, 0, 0, 0.0077, 192.54, -0.7894
20241230113616, GOOG, 270, 20261218, C, 28, 933, 0.0046, 192.54, 0.3503
20241230113616, GOOG, 270, 20261218, P, 0, 1, 0.0079, 192.54, -0.819
20241230113616, GOOG, 280, 20261218, C, 0, 101, 0.0045, 192.54, 0.3189
20241230113616, GOOG, 280, 20261218, P, 0, 16, 0.0084, 192.54, -0.8751
20241230113616, GOOG, 290, 20261218, C, 16, 614, 0.0043, 192.54, 0.2904
20241230113616, GOOG, 290, 20261218, P, 0, 0, 0.0077, 192.54, -0.9241
20241230113616, GOOG, 85, 20270115, C, 0, 180, 0.0006, 192.54, 0.9768
20241230113616, GOOG, 85, 20270115, P, 0, 162, 0.0006, 192.54, -0.0296
20241230113616, GOOG, 90, 20270115, C, 0, 68, 0.0007, 192.54, 0.9714
20241230113616, GOOG, 90, 20270115, P, 0, 25, 0.0008, 192.54, -0.0353
20241230113616, GOOG, 95, 20270115, C, 0, 41, 0.0008, 192.54, 0.9652
20241230113616, GOOG, 95, 20270115, P, 0, 22, 0.0009, 192.54, -0.0418
20241230113616, GOOG, 100, 20270115, C, 0, 345, 0.001, 192.54, 0.9581
20241230113616, GOOG, 100, 20270115, P, 0, 23, 0.001, 192.54, -0.0492
20241230113616, GOOG, 105, 20270115, C, 0, 11, 0.0011, 192.54, 0.9502
20241230113616, GOOG, 105, 20270115, P, 0, 32, 0.0012, 192.54, -0.0574
20241230113616, GOOG, 110, 20270115, C, 0, 62, 0.0013, 192.54, 0.9413
20241230113616, GOOG, 110, 20270115, P, 0, 50, 0.0014, 192.54, -0.0669
20241230113616, GOOG, 115, 20270115, C, 0, 37, 0.0015, 192.54, 0.9315
20241230113616, GOOG, 115, 20270115, P, 0, 12, 0.0015, 192.54, -0.0774
20241230113616, GOOG, 120, 20270115, C, 0, 122, 0.0016, 192.54, 0.9207
20241230113616, GOOG, 120, 20270115, P, 0, 125, 0.0017, 192.54, -0.089
20241230113616, GOOG, 125, 20270115, C, 0, 74, 0.0018, 192.54, 0.9089
20241230113616, GOOG, 125, 20270115, P, 0, 209, 0.002, 192.54, -0.1017
20241230113616, GOOG, 130, 20270115, C, 0, 103, 0.002, 192.54, 0.896
20241230113616, GOOG, 130, 20270115, P, 1, 358, 0.0022, 192.54, -0.1156
20241230113616, GOOG, 135, 20270115, C, 1, 29, 0.0022, 192.54, 0.8822
20241230113616, GOOG, 135, 20270115, P, 0, 153, 0.0024, 192.54, -0.1306
20241230113616, GOOG, 140, 20270115, C, 0, 180, 0.0024, 192.54, 0.8674
20241230113616, GOOG, 140, 20270115, P, 3, 510, 0.0026, 192.54, -0.1468
20241230113616, GOOG, 145, 20270115, C, 2, 41, 0.0026, 192.54, 0.8516
20241230113616, GOOG, 145, 20270115, P, 0, 714, 0.0029, 192.54, -0.1641
20241230113616, GOOG, 150, 20270115, C, 0, 193, 0.0028, 192.54, 0.835
20241230113616, GOOG, 150, 20270115, P, 2, 383, 0.0031, 192.54, -0.1825
20241230113616, GOOG, 155, 20270115, C, 3, 95, 0.003, 192.54, 0.8175
20241230113616, GOOG, 155, 20270115, P, 0, 93, 0.0034, 192.54, -0.2019
20241230113616, GOOG, 160, 20270115, C, 15, 579, 0.0032, 192.54, 0.7994
20241230113616, GOOG, 160, 20270115, P, 2, 135, 0.0036, 192.54, -0.2224
20241230113616, GOOG, 165, 20270115, C, 21, 311, 0.0034, 192.54, 0.7806
20241230113616, GOOG, 165, 20270115, P, 0, 109, 0.0038, 192.54, -0.2439
20241230113616, GOOG, 170, 20270115, C, 4, 867, 0.0036, 192.54, 0.761
20241230113616, GOOG, 170, 20270115, P, 0, 151, 0.0041, 192.54, -0.266
20241230113616, GOOG, 175, 20270115, C, 1, 252, 0.0038, 192.54, 0.741
20241230113616, GOOG, 175, 20270115, P, 0, 49, 0.0043, 192.54, -0.2891
20241230113616, GOOG, 180, 20270115, C, 5, 333, 0.0039, 192.54, 0.7206
20241230113616, GOOG, 180, 20270115, P, 10, 887, 0.0046, 192.54, -0.313
20241230113616, GOOG, 185, 20270115, C, 3, 1342, 0.0041, 192.54, 0.6999
20241230113616, GOOG, 185, 20270115, P, 0, 27, 0.0048, 192.54, -0.3375
20241230113616, GOOG, 190, 20270115, C, 8, 347, 0.0042, 192.54, 0.6789
20241230113616, GOOG, 190, 20270115, P, 0, 437, 0.005, 192.54, -0.3626
20241230113616, GOOG, 195, 20270115, C, 8, 141, 0.0043, 192.54, 0.6577
20241230113616, GOOG, 195, 20270115, P, 0, 426, 0.0052, 192.54, -0.3883
20241230113616, GOOG, 200, 20270115, C, 11, 1145, 0.0044, 192.54, 0.6364
20241230113616, GOOG, 200, 20270115, P, 0, 107, 0.0054, 192.54, -0.4145
20241230113616, GOOG, 210, 20270115, C, 4, 369, 0.0046, 192.54, 0.5937
20241230113616, GOOG, 210, 20270115, P, 0, 444, 0.0058, 192.54, -0.4682
20241230113616, GOOG, 220, 20270115, C, 8, 1195, 0.0048, 192.54, 0.5514
20241230113616, GOOG, 220, 20270115, P, 0, 44, 0.0062, 192.54, -0.5231
20241230113616, GOOG, 230, 20270115, C, 13, 630, 0.0048, 192.54, 0.51
20241230113616, GOOG, 230, 20270115, P, 0, 44, 0.0065, 192.54, -0.5789
20241230113616, GOOG, 240, 20270115, C, 1, 578, 0.0048, 192.54, 0.4699
20241230113616, GOOG, 240, 20270115, P, 1, 9, 0.0068, 192.54, -0.6352
20241230113616, GOOG, 250, 20270115, C, 20, 501, 0.0048, 192.54, 0.4316
20241230113616, GOOG, 250, 20270115, P, 0, 6, 0.007, 192.54, -0.6915
20241230113616, GOOG, 260, 20270115, C, 0, 394, 0.0047, 192.54, 0.3954
20241230113616, GOOG, 260, 20270115, P, 0, 350, 0.0073, 192.54, -0.7478
20241230113616, GOOG, 270, 20270115, C, 0, 2382, 0.0046, 192.54, 0.3616
20241230113616, GOOG, 270, 20270115, P, 1, 152, 0.0077, 192.54, -0.804
20241230113616, GOOG, 280, 20270115, C, 0, 223, 0.0044, 192.54, 0.3302
20241230113616, GOOG, 280, 20270115, P, 0, 0, 0.0081, 192.54, -0.8601
20241230113616, GOOG, 290, 20270115, C, 18, 930, 0.0042, 192.54, 0.3015
20241230113616, GOOG, 290, 20270115, P, 0, 0, 0.008, 192.54, -0.9122
