20241219, IPG, 20, 20241220, C, 0, 0, 0.0017, 28.63, 0.9978
20241219, IPG, 20, 20241220, P, 0, 0, 0.0017, 28.63, -0.002
20241219, IPG, 21, 20241220, C, 0, 0, 0.0026, 28.63, 0.9969
20241219, IPG, 21, 20241220, P, 0, 0, 0.0026, 28.63, -0.0028
20241219, IPG, 22, 20241220, C, 0, 0, 0.0043, 28.63, 0.9955
20241219, IPG, 22, 20241220, P, 0, 0, 0.0043, 28.63, -0.0043
20241219, IPG, 23, 20241220, C, 0, 0, 0.0073, 28.63, 0.993
20241219, IPG, 23, 20241220, P, 0, 30, 0.0073, 28.63, -0.0068
20241219, IPG, 24, 20241220, C, 0, 0, 0.0132, 28.63, 0.9883
20241219, IPG, 24, 20241220, P, 0, 6, 0.0133, 28.63, -0.0115
20241219, IPG, 25, 20241220, C, 0, 0, 0.026, 28.63, 0.9787
20241219, IPG, 25, 20241220, P, 0, 12, 0.026, 28.63, -0.021
20241219, IPG, 26, 20241220, C, 0, 0, 0.0557, 28.63, 0.957
20241219, IPG, 26, 20241220, P, 0, 87, 0.0557, 28.63, -0.0428
20241219, IPG, 27, 20241220, C, 0, 36, 0.1316, 28.63, 0.9
20241219, IPG, 27, 20241220, P, 8, 2088, 0.1316, 28.63, -0.0997
20241219, IPG, 28, 20241220, C, 0, 0, 0.3102, 28.63, 0.7307
20241219, IPG, 28, 20241220, P, 0, 4994, 0.3103, 28.63, -0.269
20241219, IPG, 29, 20241220, C, 0, 434, 0.3958, 28.63, 0.354
20241219, IPG, 29, 20241220, P, 75, 460, 0.3965, 28.63, -0.646
20241219, IPG, 30, 20241220, C, 0, 2150, 0.1713, 28.63, 0.1018
20241219, IPG, 30, 20241220, P, 0, 586, 0.1748, 28.63, -0.8999
20241219, IPG, 31, 20241220, C, 0, 2324, 0.0581, 28.63, 0.0313
20241219, IPG, 31, 20241220, P, 0, 65, 0.0591, 28.63, -0.9716
20241219, IPG, 32, 20241220, C, 0, 212, 0.0215, 28.63, 0.0114
20241219, IPG, 32, 20241220, P, 0, 4, 0.0203, 28.63, -0.9911
20241219, IPG, 33, 20241220, C, 0, 179, 0.0088, 28.63, 0.0047
20241219, IPG, 33, 20241220, P, 0, 8, 0.0073, 28.63, -0.9969
20241219, IPG, 34, 20241220, C, 0, 23, 0.004, 28.63, 0.0022
20241219, IPG, 34, 20241220, P, 0, 0, 0.0028, 28.63, -0.9989
20241219, IPG, 35, 20241220, C, 0, 16, 0.0019, 28.63, 0.0011
20241219, IPG, 35, 20241220, P, 0, 0, 0.0011, 28.63, -0.9996
20241219, IPG, 36, 20241220, C, 0, 5, 0.001, 28.63, 0.0006
20241219, IPG, 36, 20241220, P, 0, 0, 0.0004, 28.63, -0.9998
20241219, IPG, 37, 20241220, C, 0, 95, 0.0005, 28.63, 0.0003
20241219, IPG, 37, 20241220, P, 0, 0, 0.0002, 28.63, -0.9999
20241219, IPG, 38, 20241220, C, 0, 27, 0.0003, 28.63, 0.0002
20241219, IPG, 38, 20241220, P, 0, 0, 0.0001, 28.63, -1
20241219, IPG, 39, 20241220, C, 0, 0, 0.0002, 28.63, 0.0001
20241219, IPG, 39, 20241220, P, 0, 0, 0, 28.63, -1
20241219, IPG, 40, 20241220, C, 0, 3, 0.0001, 28.63, 0.0001
20241219, IPG, 40, 20241220, P, 0, 0, 0, 28.63, -1
20241219, IPG, 41, 20241220, C, 0, 0, 0.0001, 28.63, 0
20241219, IPG, 41, 20241220, P, 0, 0, 0, 28.63, -1
20241219, IPG, 42, 20241220, C, 0, 0, 0, 28.63, 0
20241219, IPG, 42, 20241220, P, 0, 0, 0, 28.63, -1
20241219, IPG, 43, 20241220, C, 0, 0, 0, 28.63, 0
20241219, IPG, 43, 20241220, P, 0, 0, 0, 28.63, -1
20241219, IPG, 44, 20241220, C, 0, 0, 0, 28.63, 0
20241219, IPG, 44, 20241220, P, 0, 0, 0, 28.63, -1
20241219, IPG, 45, 20241220, C, 0, 0, 0, 28.63, 0
20241219, IPG, 45, 20241220, P, 0, 0, 0, 28.63, -1
20241219, IPG, 46, 20241220, C, 0, 0, 0, 28.63, 0
20241219, IPG, 46, 20241220, P, 0, 0, 0, 28.63, -1
20241219, IPG, 47, 20241220, C, 0, 0, 0, 28.63, 0
20241219, IPG, 47, 20241220, P, 0, 0, 0, 28.63, -1
20241219, IPG, 20, 20250117, C, 0, 0, 0.014, 28.63, 0.9602
20241219, IPG, 20, 20250117, P, 0, 1, 0.0141, 28.63, -0.0434
20241219, IPG, 21, 20250117, C, 0, 0, 0.0177, 28.63, 0.9523
20241219, IPG, 21, 20250117, P, 0, 0, 0.0178, 28.63, -0.0514
20241219, IPG, 22, 20250117, C, 0, 0, 0.0227, 28.63, 0.9421
20241219, IPG, 22, 20250117, P, 0, 0, 0.0229, 28.63, -0.0618
20241219, IPG, 23, 20250117, C, 0, 0, 0.0297, 28.63, 0.9283
20241219, IPG, 23, 20250117, P, 0, 1, 0.03, 28.63, -0.0758
20241219, IPG, 24, 20250117, C, 0, 0, 0.0398, 28.63, 0.9091
20241219, IPG, 24, 20250117, P, 8, 46, 0.0403, 28.63, -0.0953
20241219, IPG, 25, 20250117, C, 0, 14, 0.0546, 28.63, 0.8812
20241219, IPG, 25, 20250117, P, 8, 10, 0.0554, 28.63, -0.1239
20241219, IPG, 26, 20250117, C, 0, 21, 0.0771, 28.63, 0.8384
20241219, IPG, 26, 20250117, P, 7, 55, 0.0785, 28.63, -0.1678
20241219, IPG, 27, 20250117, C, 0, 190, 0.1104, 28.63, 0.7688
20241219, IPG, 27, 20250117, P, 0, 447, 0.1132, 28.63, -0.2395
20241219, IPG, 28, 20250117, C, 0, 3435, 0.1516, 28.63, 0.6536
20241219, IPG, 28, 20250117, P, 0, 235, 0.1568, 28.63, -0.3592
20241219, IPG, 29, 20250117, C, 0, 6004, 0.1713, 28.63, 0.4916
20241219, IPG, 29, 20250117, P, 0, 290, 0.1794, 28.63, -0.5284
20241219, IPG, 30, 20250117, C, 0, 1130, 0.1484, 28.63, 0.3423
20241219, IPG, 30, 20250117, P, 0, 512, 0.1581, 28.63, -0.6844
20241219, IPG, 31, 20250117, C, 2, 1948, 0.1139, 28.63, 0.242
20241219, IPG, 31, 20250117, P, 0, 54, 0.1232, 28.63, -0.7887
20241219, IPG, 32, 20250117, C, 21, 4045, 0.086, 28.63, 0.1784
20241219, IPG, 32, 20250117, P, 0, 179, 0.0935, 28.63, -0.854
20241219, IPG, 33, 20250117, C, 0, 402, 0.0657, 28.63, 0.1364
20241219, IPG, 33, 20250117, P, 0, 34, 0.0712, 28.63, -0.8961
20241219, IPG, 34, 20250117, C, 0, 314, 0.0513, 28.63, 0.1074
20241219, IPG, 34, 20250117, P, 0, 0, 0.0561, 28.63, -0.9251
20241219, IPG, 35, 20250117, C, 0, 520, 0.0408, 28.63, 0.0865
20241219, IPG, 35, 20250117, P, 0, 2, 0.052, 28.63, -0.9478
20241219, IPG, 36, 20250117, C, 0, 219, 0.033, 28.63, 0.0709
20241219, IPG, 36, 20250117, P, 0, 0, 0.046, 28.63, -0.9637
20241219, IPG, 37, 20250117, C, 0, 14, 0.027, 28.63, 0.059
20241219, IPG, 37, 20250117, P, 0, 0, 0.0343, 28.63, -0.977
20241219, IPG, 38, 20250117, C, 0, 0, 0.0224, 28.63, 0.0497
20241219, IPG, 38, 20250117, P, 0, 0, 0.0258, 28.63, -0.9863
20241219, IPG, 39, 20250117, C, 0, 2, 0.0188, 28.63, 0.0423
20241219, IPG, 39, 20250117, P, 0, 0, 0.0176, 28.63, -0.9924
20241219, IPG, 40, 20250117, C, 0, 3, 0.016, 28.63, 0.0363
20241219, IPG, 40, 20250117, P, 0, 0, 0.0097, 28.63, -0.9956
20241219, IPG, 45, 20250117, C, 0, 0, 0.0078, 28.63, 0.0186
20241219, IPG, 45, 20250117, P, 0, 0, 0, 28.63, -1
20241219, IPG, 21, 20250221, C, 0, 0, 0.0221, 28.63, 0.8934
20241219, IPG, 21, 20250221, P, 0, 0, 0.0223, 28.63, -0.109
20241219, IPG, 22, 20250221, C, 0, 0, 0.0267, 28.63, 0.879
20241219, IPG, 22, 20250221, P, 0, 0, 0.027, 28.63, -0.1236
20241219, IPG, 23, 20250221, C, 0, 0, 0.0327, 28.63, 0.861
20241219, IPG, 23, 20250221, P, 2, 0, 0.033, 28.63, -0.1419
20241219, IPG, 24, 20250221, C, 0, 0, 0.0404, 28.63, 0.838
20241219, IPG, 24, 20250221, P, 1, 0, 0.0409, 28.63, -0.1653
20241219, IPG, 25, 20250221, C, 0, 0, 0.0507, 28.63, 0.8077
20241219, IPG, 25, 20250221, P, 0, 0, 0.0515, 28.63, -0.1964
20241219, IPG, 26, 20250221, C, 0, 0, 0.0644, 28.63, 0.766
20241219, IPG, 26, 20250221, P, 0, 0, 0.0656, 28.63, -0.239
20241219, IPG, 27, 20250221, C, 0, 0, 0.0817, 28.63, 0.707
20241219, IPG, 27, 20250221, P, 0, 0, 0.0838, 28.63, -0.3
20241219, IPG, 28, 20250221, C, 0, 0, 0.0997, 28.63, 0.6234
20241219, IPG, 28, 20250221, P, 0, 0, 0.1031, 28.63, -0.3869
20241219, IPG, 29, 20250221, C, 0, 0, 0.1084, 28.63, 0.5193
20241219, IPG, 29, 20250221, P, 0, 0, 0.1134, 28.63, -0.4956
20241219, IPG, 30, 20250221, C, 0, 0, 0.1021, 28.63, 0.4204
20241219, IPG, 30, 20250221, P, 0, 0, 0.1078, 28.63, -0.5988
20241219, IPG, 31, 20250221, C, 0, 0, 0.0888, 28.63, 0.3442
20241219, IPG, 31, 20250221, P, 0, 0, 0.0946, 28.63, -0.6777
20241219, IPG, 32, 20250221, C, 0, 0, 0.0757, 28.63, 0.2888
20241219, IPG, 32, 20250221, P, 0, 0, 0.0812, 28.63, -0.735
20241219, IPG, 33, 20250221, C, 0, 0, 0.0647, 28.63, 0.2476
20241219, IPG, 33, 20250221, P, 0, 0, 0.0698, 28.63, -0.7771
20241219, IPG, 34, 20250221, C, 0, 0, 0.0558, 28.63, 0.216
20241219, IPG, 34, 20250221, P, 0, 0, 0.0606, 28.63, -0.8095
20241219, IPG, 35, 20250221, C, 0, 0, 0.0487, 28.63, 0.191
20241219, IPG, 35, 20250221, P, 0, 0, 0.0532, 28.63, -0.8349
20241219, IPG, 36, 20250221, C, 0, 0, 0.0429, 28.63, 0.1708
20241219, IPG, 36, 20250221, P, 0, 0, 0.047, 28.63, -0.8555
20241219, IPG, 37, 20250221, C, 0, 0, 0.0381, 28.63, 0.154
20241219, IPG, 37, 20250221, P, 0, 0, 0.042, 28.63, -0.8727
20241219, IPG, 20, 20250417, C, 0, 0, 0.0185, 28.63, 0.9172
20241219, IPG, 20, 20250417, P, 0, 2, 0.0192, 28.63, -0.096
20241219, IPG, 21, 20250417, C, 0, 0, 0.0224, 28.63, 0.9053
20241219, IPG, 21, 20250417, P, 0, 0, 0.0231, 28.63, -0.1089
20241219, IPG, 22, 20250417, C, 0, 0, 0.0274, 28.63, 0.8906
20241219, IPG, 22, 20250417, P, 0, 0, 0.0281, 28.63, -0.1248
20241219, IPG, 23, 20250417, C, 0, 0, 0.0337, 28.63, 0.8717
20241219, IPG, 23, 20250417, P, 0, 2, 0.0345, 28.63, -0.1449
20241219, IPG, 24, 20250417, C, 0, 1, 0.0422, 28.63, 0.847
20241219, IPG, 24, 20250417, P, 0, 0, 0.0428, 28.63, -0.1711
20241219, IPG, 25, 20250417, C, 0, 14, 0.053, 28.63, 0.8136
20241219, IPG, 25, 20250417, P, 0, 1, 0.0537, 28.63, -0.2063
20241219, IPG, 26, 20250417, C, 0, 1, 0.067, 28.63, 0.7671
20241219, IPG, 26, 20250417, P, 0, 6, 0.0676, 28.63, -0.2546
20241219, IPG, 27, 20250417, C, 0, 12, 0.0828, 28.63, 0.7016
20241219, IPG, 27, 20250417, P, 73, 300, 0.0833, 28.63, -0.3219
20241219, IPG, 28, 20250417, C, 0, 9, 0.0956, 28.63, 0.6146
20241219, IPG, 28, 20250417, P, 0, 22, 0.0962, 28.63, -0.41
20241219, IPG, 29, 20250417, C, 0, 194, 0.0983, 28.63, 0.517
20241219, IPG, 29, 20250417, P, 0, 68, 0.0992, 28.63, -0.5071
20241219, IPG, 30, 20250417, C, 0, 175, 0.0914, 28.63, 0.4298
20241219, IPG, 30, 20250417, P, 0, 34, 0.0923, 28.63, -0.5933
20241219, IPG, 31, 20250417, C, 0, 76, 0.0808, 28.63, 0.361
20241219, IPG, 31, 20250417, P, 0, 6, 0.0816, 28.63, -0.6608
20241219, IPG, 32, 20250417, C, 0, 181, 0.0705, 28.63, 0.3084
20241219, IPG, 32, 20250417, P, 0, 24, 0.071, 28.63, -0.7121
20241219, IPG, 33, 20250417, C, 2, 1153, 0.0616, 28.63, 0.2679
20241219, IPG, 33, 20250417, P, 0, 2, 0.0618, 28.63, -0.7516
20241219, IPG, 34, 20250417, C, 0, 21, 0.0541, 28.63, 0.2358
20241219, IPG, 34, 20250417, P, 0, 2, 0.0541, 28.63, -0.7827
20241219, IPG, 35, 20250417, C, 0, 376, 0.0479, 28.63, 0.2098
20241219, IPG, 35, 20250417, P, 0, 1, 0.0477, 28.63, -0.8078
20241219, IPG, 36, 20250417, C, 0, 5, 0.0427, 28.63, 0.1884
20241219, IPG, 36, 20250417, P, 0, 0, 0.0423, 28.63, -0.8285
20241219, IPG, 37, 20250417, C, 0, 4, 0.0383, 28.63, 0.1704
20241219, IPG, 37, 20250417, P, 0, 0, 0.0378, 28.63, -0.8457
20241219, IPG, 38, 20250417, C, 0, 0, 0.0346, 28.63, 0.1551
20241219, IPG, 38, 20250417, P, 0, 0, 0.034, 28.63, -0.8604
20241219, IPG, 39, 20250417, C, 0, 1, 0.0314, 28.63, 0.1419
20241219, IPG, 39, 20250417, P, 0, 0, 0.0308, 28.63, -0.8729
20241219, IPG, 40, 20250417, C, 0, 0, 0.0286, 28.63, 0.1304
20241219, IPG, 40, 20250417, P, 0, 0, 0.028, 28.63, -0.8838
20241219, IPG, 45, 20250417, C, 0, 37, 0.0192, 28.63, 0.09
20241219, IPG, 45, 20250417, P, 0, 0, 0.0211, 28.63, -0.9254
20241219, IPG, 20, 20250718, C, 0, 1, 0.019, 28.63, 0.8904
20241219, IPG, 20, 20250718, P, 0, 0, 0.0196, 28.63, -0.1244
20241219, IPG, 21, 20250718, C, 0, 0, 0.0224, 28.63, 0.8762
20241219, IPG, 21, 20250718, P, 0, 2, 0.0232, 28.63, -0.1395
20241219, IPG, 22, 20250718, C, 0, 0, 0.0266, 28.63, 0.8591
20241219, IPG, 22, 20250718, P, 0, 10, 0.0275, 28.63, -0.1576
20241219, IPG, 23, 20250718, C, 0, 0, 0.0318, 28.63, 0.8381
20241219, IPG, 23, 20250718, P, 0, 0, 0.0328, 28.63, -0.1797
20241219, IPG, 24, 20250718, C, 0, 5, 0.0382, 28.63, 0.8118
20241219, IPG, 24, 20250718, P, 0, 0, 0.0392, 28.63, -0.2073
20241219, IPG, 25, 20250718, C, 0, 0, 0.0458, 28.63, 0.7784
20241219, IPG, 25, 20250718, P, 0, 22, 0.047, 28.63, -0.2423
20241219, IPG, 26, 20250718, C, 0, 0, 0.0546, 28.63, 0.7353
20241219, IPG, 26, 20250718, P, 0, 1, 0.0559, 28.63, -0.287
20241219, IPG, 27, 20250718, C, 0, 0, 0.0637, 28.63, 0.6805
20241219, IPG, 27, 20250718, P, 0, 0, 0.0649, 28.63, -0.3436
20241219, IPG, 28, 20250718, C, 0, 0, 0.0709, 28.63, 0.6143
20241219, IPG, 28, 20250718, P, 0, 10, 0.0721, 28.63, -0.4112
20241219, IPG, 29, 20250718, C, 0, 0, 0.0737, 28.63, 0.5426
20241219, IPG, 29, 20250718, P, 0, 6, 0.0749, 28.63, -0.4835
20241219, IPG, 30, 20250718, C, 0, 23, 0.072, 28.63, 0.4747
20241219, IPG, 30, 20250718, P, 0, 0, 0.0732, 28.63, -0.5517
20241219, IPG, 31, 20250718, C, 0, 9, 0.0675, 28.63, 0.4162
20241219, IPG, 31, 20250718, P, 0, 0, 0.0688, 28.63, -0.6103
20241219, IPG, 32, 20250718, C, 0, 3, 0.0619, 28.63, 0.3678
20241219, IPG, 32, 20250718, P, 0, 0, 0.0633, 28.63, -0.6589
20241219, IPG, 33, 20250718, C, 0, 9, 0.0564, 28.63, 0.3281
20241219, IPG, 33, 20250718, P, 0, 0, 0.0579, 28.63, -0.6988
20241219, IPG, 34, 20250718, C, 0, 4, 0.0513, 28.63, 0.2954
20241219, IPG, 34, 20250718, P, 0, 0, 0.0528, 28.63, -0.732
20241219, IPG, 35, 20250718, C, 1, 16, 0.0468, 28.63, 0.268
20241219, IPG, 35, 20250718, P, 0, 0, 0.0482, 28.63, -0.7598
20241219, IPG, 36, 20250718, C, 0, 2, 0.0428, 28.63, 0.2448
20241219, IPG, 36, 20250718, P, 0, 0, 0.0441, 28.63, -0.7835
20241219, IPG, 37, 20250718, C, 0, 30, 0.0393, 28.63, 0.2249
20241219, IPG, 37, 20250718, P, 0, 0, 0.0405, 28.63, -0.8038
20241219, IPG, 38, 20250718, C, 0, 0, 0.0362, 28.63, 0.2076
20241219, IPG, 38, 20250718, P, 0, 0, 0.0372, 28.63, -0.8216
20241219, IPG, 39, 20250718, C, 0, 0, 0.0335, 28.63, 0.1925
20241219, IPG, 39, 20250718, P, 0, 0, 0.0343, 28.63, -0.837
20241219, IPG, 40, 20250718, C, 0, 0, 0.0311, 28.63, 0.1791
20241219, IPG, 40, 20250718, P, 0, 0, 0.0317, 28.63, -0.8507
20241219, IPG, 45, 20250718, C, 0, 0, 0.0223, 28.63, 0.1303
20241219, IPG, 45, 20250718, P, 0, 0, 0.025, 28.63, -0.9035
20241223, IPG, 20, 20250117, C, 0, 0, 0.0108, 28.5, 0.9783
20241223, IPG, 20, 20250117, P, 0, 1, 0.0109, 28.5, -0.0262
20241223, IPG, 21, 20250117, C, 0, 0, 0.0141, 28.5, 0.9728
20241223, IPG, 21, 20250117, P, 0, 0, 0.0142, 28.5, -0.0318
20241223, IPG, 22, 20250117, C, 0, 0, 0.0187, 28.5, 0.9654
20241223, IPG, 22, 20250117, P, 0, 0, 0.0189, 28.5, -0.0393
20241223, IPG, 23, 20250117, C, 0, 0, 0.0255, 28.5, 0.9552
20241223, IPG, 23, 20250117, P, 0, 1, 0.0258, 28.5, -0.0498
20241223, IPG, 24, 20250117, C, 0, 0, 0.0359, 28.5, 0.9401
20241223, IPG, 24, 20250117, P, 0, 46, 0.0365, 28.5, -0.0652
20241223, IPG, 25, 20250117, C, 0, 14, 0.0526, 28.5, 0.9168
20241223, IPG, 25, 20250117, P, 0, 12, 0.0536, 28.5, -0.0891
20241223, IPG, 26, 20250117, C, 0, 21, 0.0806, 28.5, 0.8778
20241223, IPG, 26, 20250117, P, 0, 63, 0.0827, 28.5, -0.1294
20241223, IPG, 27, 20250117, C, 0, 190, 0.1288, 28.5, 0.8062
20241223, IPG, 27, 20250117, P, 2, 452, 0.1332, 28.5, -0.2041
20241223, IPG, 28, 20250117, C, 2, 3435, 0.196, 28.5, 0.6661
20241223, IPG, 28, 20250117, P, 41, 237, 0.2058, 28.5, -0.352
20241223, IPG, 29, 20250117, C, 76, 6005, 0.2132, 28.5, 0.4573
20241223, IPG, 29, 20250117, P, 50, 290, 0.2287, 28.5, -0.5734
20241223, IPG, 30, 20250117, C, 7, 1156, 0.1626, 28.5, 0.2945
20241223, IPG, 30, 20250117, P, 1, 513, 0.179, 28.5, -0.7446
20241223, IPG, 31, 20250117, C, 105, 1951, 0.1147, 28.5, 0.2005
20241223, IPG, 31, 20250117, P, 0, 55, 0.128, 28.5, -0.8412
20241223, IPG, 32, 20250117, C, 32, 5506, 0.0824, 28.5, 0.1447
20241223, IPG, 32, 20250117, P, 0, 179, 0.0915, 28.5, -0.8972
20241223, IPG, 33, 20250117, C, 27, 403, 0.061, 28.5, 0.1092
20241223, IPG, 33, 20250117, P, 0, 34, 0.075, 28.5, -0.934
20241223, IPG, 34, 20250117, C, 6, 314, 0.0465, 28.5, 0.085
20241223, IPG, 34, 20250117, P, 0, 0, 0.0641, 28.5, -0.958
20241223, IPG, 35, 20250117, C, 4, 519, 0.0363, 28.5, 0.0679
20241223, IPG, 35, 20250117, P, 0, 2, 0.0442, 28.5, -0.9756
20241223, IPG, 36, 20250117, C, 0, 219, 0.0289, 28.5, 0.0553
20241223, IPG, 36, 20250117, P, 0, 0, 0.0308, 28.5, -0.9874
20241223, IPG, 37, 20250117, C, 0, 14, 0.0234, 28.5, 0.0457
20241223, IPG, 37, 20250117, P, 0, 0, 0.0181, 28.5, -0.9933
20241223, IPG, 38, 20250117, C, 0, 0, 0.0192, 28.5, 0.0383
20241223, IPG, 38, 20250117, P, 0, 0, 0.0082, 28.5, -0.9968
20241223, IPG, 39, 20250117, C, 0, 2, 0.016, 28.5, 0.0324
20241223, IPG, 39, 20250117, P, 0, 0, 0.0015, 28.5, -0.9994
20241223, IPG, 40, 20250117, C, 0, 3, 0.0135, 28.5, 0.0277
20241223, IPG, 40, 20250117, P, 0, 0, 0, 28.5, -1
20241223, IPG, 45, 20250117, C, 0, 0, 0.0064, 28.5, 0.014
20241223, IPG, 45, 20250117, P, 0, 0, 0, 28.5, -1
20241223, IPG, 21, 20250221, C, 0, 0, 0.0204, 28.5, 0.9341
20241223, IPG, 21, 20250221, P, 0, 0, 0.0207, 28.5, -0.0751
20241223, IPG, 22, 20250221, C, 0, 0, 0.0254, 28.5, 0.922
20241223, IPG, 22, 20250221, P, 0, 0, 0.0258, 28.5, -0.0876
20241223, IPG, 23, 20250221, C, 0, 0, 0.032, 28.5, 0.9062
20241223, IPG, 23, 20250221, P, 0, 2, 0.0326, 28.5, -0.1037
20241223, IPG, 24, 20250221, C, 0, 0, 0.0411, 28.5, 0.8853
20241223, IPG, 24, 20250221, P, 0, 2, 0.042, 28.5, -0.1254
20241223, IPG, 25, 20250221, C, 0, 0, 0.0538, 28.5, 0.8563
20241223, IPG, 25, 20250221, P, 0, 0, 0.0553, 28.5, -0.1556
20241223, IPG, 26, 20250221, C, 0, 0, 0.0718, 28.5, 0.8143
20241223, IPG, 26, 20250221, P, 1, 0, 0.0746, 28.5, -0.1999
20241223, IPG, 27, 20250221, C, 0, 0, 0.0966, 28.5, 0.7501
20241223, IPG, 27, 20250221, P, 205, 0, 0.1017, 28.5, -0.2684
20241223, IPG, 28, 20250221, C, 0, 0, 0.1244, 28.5, 0.6515
20241223, IPG, 28, 20250221, P, 0, 0, 0.1341, 28.5, -0.3756
20241223, IPG, 29, 20250221, C, 83, 0, 0.137, 28.5, 0.5212
20241223, IPG, 29, 20250221, P, 0, 0, 0.1524, 28.5, -0.5192
20241223, IPG, 30, 20250221, C, 2, 0, 0.1244, 28.5, 0.3999
20241223, IPG, 30, 20250221, P, 0, 0, 0.1421, 28.5, -0.6524
20241223, IPG, 31, 20250221, C, 0, 0, 0.1031, 28.5, 0.3121
20241223, IPG, 31, 20250221, P, 0, 0, 0.1197, 28.5, -0.7468
20241223, IPG, 32, 20250221, C, 0, 0, 0.0842, 28.5, 0.2512
20241223, IPG, 32, 20250221, P, 0, 0, 0.0996, 28.5, -0.8106
20241223, IPG, 33, 20250221, C, 0, 0, 0.0693, 28.5, 0.2079
20241223, IPG, 33, 20250221, P, 0, 0, 0.0826, 28.5, -0.8549
20241223, IPG, 34, 20250221, C, 0, 0, 0.0578, 28.5, 0.1757
20241223, IPG, 34, 20250221, P, 0, 0, 0.0698, 28.5, -0.8879
20241223, IPG, 35, 20250221, C, 0, 0, 0.0489, 28.5, 0.151
20241223, IPG, 35, 20250221, P, 0, 0, 0.0589, 28.5, -0.9123
20241223, IPG, 36, 20250221, C, 0, 0, 0.0419, 28.5, 0.1316
20241223, IPG, 36, 20250221, P, 0, 0, 0.0509, 28.5, -0.9315
20241223, IPG, 37, 20250221, C, 0, 0, 0.0363, 28.5, 0.1158
20241223, IPG, 37, 20250221, P, 0, 0, 0.0482, 28.5, -0.949
20241223, IPG, 20, 20250417, C, 0, 0, 0.0191, 28.5, 0.9097
20241223, IPG, 20, 20250417, P, 0, 2, 0.0196, 28.5, -0.1042
20241223, IPG, 21, 20250417, C, 0, 0, 0.023, 28.5, 0.897
20241223, IPG, 21, 20250417, P, 0, 0, 0.0235, 28.5, -0.1176
20241223, IPG, 22, 20250417, C, 0, 0, 0.0279, 28.5, 0.8814
20241223, IPG, 22, 20250417, P, 0, 0, 0.0285, 28.5, -0.134
20241223, IPG, 23, 20250417, C, 0, 0, 0.0341, 28.5, 0.8619
20241223, IPG, 23, 20250417, P, 0, 2, 0.0348, 28.5, -0.1544
20241223, IPG, 24, 20250417, C, 0, 1, 0.0421, 28.5, 0.8368
20241223, IPG, 24, 20250417, P, 0, 0, 0.0429, 28.5, -0.1806
20241223, IPG, 25, 20250417, C, 0, 14, 0.0525, 28.5, 0.8036
20241223, IPG, 25, 20250417, P, 0, 1, 0.0536, 28.5, -0.2154
20241223, IPG, 26, 20250417, C, 0, 1, 0.0658, 28.5, 0.7583
20241223, IPG, 26, 20250417, P, 0, 6, 0.0673, 28.5, -0.2628
20241223, IPG, 27, 20250417, C, 0, 12, 0.0812, 28.5, 0.6952
20241223, IPG, 27, 20250417, P, 2, 374, 0.0833, 28.5, -0.3286
20241223, IPG, 28, 20250417, C, 54, 9, 0.0946, 28.5, 0.611
20241223, IPG, 28, 20250417, P, 0, 22, 0.0975, 28.5, -0.416
20241223, IPG, 29, 20250417, C, 0, 194, 0.0985, 28.5, 0.5147
20241223, IPG, 29, 20250417, P, 0, 68, 0.1016, 28.5, -0.5149
20241223, IPG, 30, 20250417, C, 0, 175, 0.092, 28.5, 0.4274
20241223, IPG, 30, 20250417, P, 0, 34, 0.0945, 28.5, -0.603
20241223, IPG, 31, 20250417, C, 0, 76, 0.0814, 28.5, 0.3592
20241223, IPG, 31, 20250417, P, 0, 6, 0.0831, 28.5, -0.6709
20241223, IPG, 32, 20250417, C, 0, 181, 0.0709, 28.5, 0.3077
20241223, IPG, 32, 20250417, P, 0, 24, 0.0718, 28.5, -0.7213
20241223, IPG, 33, 20250417, C, 0, 1156, 0.0619, 28.5, 0.2682
20241223, IPG, 33, 20250417, P, 0, 2, 0.0622, 28.5, -0.7596
20241223, IPG, 34, 20250417, C, 1, 21, 0.0544, 28.5, 0.2373
20241223, IPG, 34, 20250417, P, 0, 2, 0.0543, 28.5, -0.7894
20241223, IPG, 35, 20250417, C, 1, 376, 0.0482, 28.5, 0.2123
20241223, IPG, 35, 20250417, P, 0, 1, 0.0478, 28.5, -0.8132
20241223, IPG, 36, 20250417, C, 0, 5, 0.043, 28.5, 0.1917
20241223, IPG, 36, 20250417, P, 0, 0, 0.0425, 28.5, -0.8327
20241223, IPG, 37, 20250417, C, 0, 4, 0.0387, 28.5, 0.1745
20241223, IPG, 37, 20250417, P, 0, 0, 0.038, 28.5, -0.849
20241223, IPG, 38, 20250417, C, 0, 0, 0.035, 28.5, 0.1598
20241223, IPG, 38, 20250417, P, 0, 0, 0.0344, 28.5, -0.8629
20241223, IPG, 39, 20250417, C, 0, 1, 0.0319, 28.5, 0.1472
20241223, IPG, 39, 20250417, P, 0, 0, 0.0316, 28.5, -0.875
20241223, IPG, 40, 20250417, C, 0, 0, 0.0292, 28.5, 0.1361
20241223, IPG, 40, 20250417, P, 0, 0, 0.0293, 28.5, -0.8859
20241223, IPG, 45, 20250417, C, 0, 37, 0.0199, 28.5, 0.0971
20241223, IPG, 45, 20250417, P, 0, 0, 0.0245, 28.5, -0.9304
20241223, IPG, 20, 20250718, C, 0, 1, 0.0191, 28.5, 0.8892
20241223, IPG, 20, 20250718, P, 0, 0, 0.0198, 28.5, -0.1293
20241223, IPG, 21, 20250718, C, 0, 0, 0.0226, 28.5, 0.8745
20241223, IPG, 21, 20250718, P, 0, 2, 0.0233, 28.5, -0.1447
20241223, IPG, 22, 20250718, C, 0, 0, 0.0267, 28.5, 0.857
20241223, IPG, 22, 20250718, P, 0, 10, 0.0276, 28.5, -0.1631
20241223, IPG, 23, 20250718, C, 0, 0, 0.0318, 28.5, 0.8358
20241223, IPG, 23, 20250718, P, 0, 0, 0.0328, 28.5, -0.1854
20241223, IPG, 24, 20250718, C, 0, 5, 0.038, 28.5, 0.8095
20241223, IPG, 24, 20250718, P, 0, 0, 0.0391, 28.5, -0.213
20241223, IPG, 25, 20250718, C, 0, 0, 0.0455, 28.5, 0.7763
20241223, IPG, 25, 20250718, P, 0, 22, 0.0468, 28.5, -0.2477
20241223, IPG, 26, 20250718, C, 0, 0, 0.0542, 28.5, 0.7341
20241223, IPG, 26, 20250718, P, 0, 1, 0.0557, 28.5, -0.2919
20241223, IPG, 27, 20250718, C, 0, 0, 0.0633, 28.5, 0.6804
20241223, IPG, 27, 20250718, P, 0, 0, 0.0651, 28.5, -0.3478
20241223, IPG, 28, 20250718, C, 0, 0, 0.0709, 28.5, 0.6152
20241223, IPG, 28, 20250718, P, 0, 10, 0.073, 28.5, -0.4154
20241223, IPG, 29, 20250718, C, 0, 0, 0.0745, 28.5, 0.5434
20241223, IPG, 29, 20250718, P, 0, 6, 0.0769, 28.5, -0.4893
20241223, IPG, 30, 20250718, C, 0, 23, 0.0732, 28.5, 0.4744
20241223, IPG, 30, 20250718, P, 0, 0, 0.0759, 28.5, -0.5601
20241223, IPG, 31, 20250718, C, 0, 9, 0.0687, 28.5, 0.4147
20241223, IPG, 31, 20250718, P, 0, 0, 0.0715, 28.5, -0.6211
20241223, IPG, 32, 20250718, C, 0, 3, 0.063, 28.5, 0.3656
20241223, IPG, 32, 20250718, P, 0, 0, 0.0658, 28.5, -0.6713
20241223, IPG, 33, 20250718, C, 1, 9, 0.0574, 28.5, 0.3258
20241223, IPG, 33, 20250718, P, 0, 0, 0.0598, 28.5, -0.7121
20241223, IPG, 34, 20250718, C, 0, 4, 0.0521, 28.5, 0.2931
20241223, IPG, 34, 20250718, P, 0, 0, 0.0543, 28.5, -0.7454
20241223, IPG, 35, 20250718, C, 1, 17, 0.0474, 28.5, 0.266
20241223, IPG, 35, 20250718, P, 0, 0, 0.0493, 28.5, -0.7732
20241223, IPG, 36, 20250718, C, 0, 2, 0.0434, 28.5, 0.2431
20241223, IPG, 36, 20250718, P, 0, 0, 0.0449, 28.5, -0.7964
20241223, IPG, 37, 20250718, C, 0, 30, 0.0398, 28.5, 0.2235
20241223, IPG, 37, 20250718, P, 0, 0, 0.041, 28.5, -0.8163
20241223, IPG, 38, 20250718, C, 0, 0, 0.0366, 28.5, 0.2066
20241223, IPG, 38, 20250718, P, 0, 0, 0.0375, 28.5, -0.8334
20241223, IPG, 39, 20250718, C, 0, 0, 0.0339, 28.5, 0.1919
20241223, IPG, 39, 20250718, P, 0, 0, 0.0346, 28.5, -0.8482
20241223, IPG, 40, 20250718, C, 0, 0, 0.0314, 28.5, 0.1788
20241223, IPG, 40, 20250718, P, 0, 0, 0.032, 28.5, -0.8614
20241223, IPG, 45, 20250718, C, 0, 0, 0.0226, 28.5, 0.1314
20241223, IPG, 45, 20250718, P, 0, 0, 0.0277, 28.5, -0.9152
20241227, IPG, 20, 20250117, C, 0, 0, 0.0136, 28.365, 0.964
20241227, IPG, 20, 20250117, P, 0, 1, 0.0137, 28.365, -0.0375
20241227, IPG, 21, 20250117, C, 0, 0, 0.0173, 28.365, 0.9576
20241227, IPG, 21, 20250117, P, 0, 0, 0.0174, 28.365, -0.044
20241227, IPG, 22, 20250117, C, 0, 0, 0.0225, 28.365, 0.9491
20241227, IPG, 22, 20250117, P, 0, 0, 0.0226, 28.365, -0.0526
20241227, IPG, 23, 20250117, C, 0, 0, 0.0299, 28.365, 0.9376
20241227, IPG, 23, 20250117, P, 0, 1, 0.0301, 28.365, -0.0642
20241227, IPG, 24, 20250117, C, 0, 0, 0.0411, 28.365, 0.9215
20241227, IPG, 24, 20250117, P, 0, 46, 0.0414, 28.365, -0.0806
20241227, IPG, 25, 20250117, C, 0, 14, 0.0589, 28.365, 0.8973
20241227, IPG, 25, 20250117, P, 0, 12, 0.0595, 28.365, -0.1052
20241227, IPG, 26, 20250117, C, 0, 21, 0.0893, 28.365, 0.858
20241227, IPG, 26, 20250117, P, 0, 63, 0.0906, 28.365, -0.1453
20241227, IPG, 27, 20250117, C, 0, 190, 0.1451, 28.365, 0.7856
20241227, IPG, 27, 20250117, P, 0, 455, 0.1481, 28.365, -0.2198
20241227, IPG, 28, 20250117, C, 0, 3439, 0.2358, 28.365, 0.6313
20241227, IPG, 28, 20250117, P, 1, 280, 0.2436, 28.365, -0.38
20241227, IPG, 29, 20250117, C, 2, 6005, 0.2407, 28.365, 0.3869
20241227, IPG, 29, 20250117, P, 0, 340, 0.253, 28.365, -0.6343
20241227, IPG, 30, 20250117, C, 0, 1273, 0.1591, 28.365, 0.2348
20241227, IPG, 30, 20250117, P, 1, 514, 0.1694, 28.365, -0.7897
20241227, IPG, 31, 20250117, C, 0, 2096, 0.1053, 28.365, 0.1603
20241227, IPG, 31, 20250117, P, 0, 55, 0.1127, 28.365, -0.8639
20241227, IPG, 32, 20250117, C, 0, 5526, 0.074, 28.365, 0.1182
20241227, IPG, 32, 20250117, P, 0, 172, 0.0791, 28.365, -0.9049
20241227, IPG, 33, 20250117, C, 0, 410, 0.0546, 28.365, 0.0917
20241227, IPG, 33, 20250117, P, 0, 33, 0.0578, 28.365, -0.9303
20241227, IPG, 34, 20250117, C, 0, 320, 0.0419, 28.365, 0.0735
20241227, IPG, 34, 20250117, P, 0, 0, 0.0437, 28.365, -0.9472
20241227, IPG, 35, 20250117, C, 1, 519, 0.0331, 28.365, 0.0605
20241227, IPG, 35, 20250117, P, 0, 2, 0.0338, 28.365, -0.959
20241227, IPG, 36, 20250117, C, 0, 219, 0.0268, 28.365, 0.0507
20241227, IPG, 36, 20250117, P, 0, 0, 0.0266, 28.365, -0.9677
20241227, IPG, 37, 20250117, C, 0, 14, 0.022, 28.365, 0.0431
20241227, IPG, 37, 20250117, P, 0, 0, 0.0213, 28.365, -0.9741
20241227, IPG, 38, 20250117, C, 0, 0, 0.0184, 28.365, 0.0372
20241227, IPG, 38, 20250117, P, 0, 0, 0.0172, 28.365, -0.9791
20241227, IPG, 39, 20250117, C, 0, 2, 0.0156, 28.365, 0.0323
20241227, IPG, 39, 20250117, P, 0, 0, 0.014, 28.365, -0.983
20241227, IPG, 40, 20250117, C, 0, 3, 0.0134, 28.365, 0.0284
20241227, IPG, 40, 20250117, P, 0, 0, 0.0115, 28.365, -0.9861
20241227, IPG, 45, 20250117, C, 0, 0, 0.0069, 28.365, 0.0162
20241227, IPG, 45, 20250117, P, 0, 0, 0.0046, 28.365, -0.9945
20241227, IPG, 21, 20250221, C, 0, 0, 0.0229, 28.365, 0.9043
20241227, IPG, 21, 20250221, P, 0, 0, 0.023, 28.365, -0.0952
20241227, IPG, 22, 20250221, C, 0, 0, 0.0282, 28.365, 0.8903
20241227, IPG, 22, 20250221, P, 0, 0, 0.0284, 28.365, -0.1093
20241227, IPG, 23, 20250221, C, 0, 0, 0.0352, 28.365, 0.8726
20241227, IPG, 23, 20250221, P, 0, 2, 0.0354, 28.365, -0.1272
20241227, IPG, 24, 20250221, C, 0, 0, 0.0448, 28.365, 0.8493
20241227, IPG, 24, 20250221, P, 1, 2, 0.0451, 28.365, -0.1508
20241227, IPG, 25, 20250221, C, 0, 0, 0.0581, 28.365, 0.8173
20241227, IPG, 25, 20250221, P, 0, 1, 0.0587, 28.365, -0.1833
20241227, IPG, 26, 20250221, C, 0, 0, 0.0771, 28.365, 0.7712
20241227, IPG, 26, 20250221, P, 0, 1, 0.0781, 28.365, -0.2303
20241227, IPG, 27, 20250221, C, 0, 1, 0.1029, 28.365, 0.7008
20241227, IPG, 27, 20250221, P, 0, 180, 0.1048, 28.365, -0.3023
20241227, IPG, 28, 20250221, C, 0, 0, 0.1295, 28.365, 0.593
20241227, IPG, 28, 20250221, P, 0, 0, 0.133, 28.365, -0.4133
20241227, IPG, 29, 20250221, C, 0, 93, 0.134, 28.365, 0.4609
20241227, IPG, 29, 20250221, P, 0, 0, 0.1391, 28.365, -0.5499
20241227, IPG, 30, 20250221, C, 0, 2, 0.1149, 28.365, 0.3529
20241227, IPG, 30, 20250221, P, 0, 0, 0.1204, 28.365, -0.6612
20241227, IPG, 31, 20250221, C, 0, 0, 0.0932, 28.365, 0.28
20241227, IPG, 31, 20250221, P, 0, 0, 0.0983, 28.365, -0.7358
20241227, IPG, 32, 20250221, C, 0, 0, 0.0759, 28.365, 0.2304
20241227, IPG, 32, 20250221, P, 0, 0, 0.0806, 28.365, -0.7863
20241227, IPG, 33, 20250221, C, 0, 0, 0.0629, 28.365, 0.1949
20241227, IPG, 33, 20250221, P, 0, 0, 0.0671, 28.365, -0.8224
20241227, IPG, 34, 20250221, C, 0, 0, 0.053, 28.365, 0.1683
20241227, IPG, 34, 20250221, P, 0, 0, 0.0569, 28.365, -0.8494
20241227, IPG, 35, 20250221, C, 0, 0, 0.0454, 28.365, 0.1476
20241227, IPG, 35, 20250221, P, 0, 0, 0.0489, 28.365, -0.8704
20241227, IPG, 36, 20250221, C, 0, 0, 0.0393, 28.365, 0.131
20241227, IPG, 36, 20250221, P, 0, 0, 0.0429, 28.365, -0.8874
20241227, IPG, 37, 20250221, C, 0, 0, 0.0345, 28.365, 0.1174
20241227, IPG, 37, 20250221, P, 0, 0, 0.0378, 28.365, -0.9013
20241227, IPG, 20, 20250417, C, 0, 0, 0.02, 28.365, 0.904
20241227, IPG, 20, 20250417, P, 0, 2, 0.0205, 28.365, -0.1088
20241227, IPG, 21, 20250417, C, 0, 0, 0.0242, 28.365, 0.891
20241227, IPG, 21, 20250417, P, 0, 0, 0.0246, 28.365, -0.1228
20241227, IPG, 22, 20250417, C, 0, 0, 0.0294, 28.365, 0.875
20241227, IPG, 22, 20250417, P, 0, 0, 0.0298, 28.365, -0.14
20241227, IPG, 23, 20250417, C, 0, 0, 0.0362, 28.365, 0.8547
20241227, IPG, 23, 20250417, P, 0, 2, 0.0365, 28.365, -0.1616
20241227, IPG, 24, 20250417, C, 0, 1, 0.0451, 28.365, 0.8284
20241227, IPG, 24, 20250417, P, 0, 0, 0.0452, 28.365, -0.1895
20241227, IPG, 25, 20250417, C, 0, 14, 0.0569, 28.365, 0.793
20241227, IPG, 25, 20250417, P, 0, 1, 0.0567, 28.365, -0.2266
20241227, IPG, 26, 20250417, C, 0, 1, 0.0718, 28.365, 0.7437
20241227, IPG, 26, 20250417, P, 0, 6, 0.0714, 28.365, -0.2777
20241227, IPG, 27, 20250417, C, 0, 12, 0.089, 28.365, 0.6738
20241227, IPG, 27, 20250417, P, 0, 394, 0.0883, 28.365, -0.349
20241227, IPG, 28, 20250417, C, 0, 63, 0.1022, 28.365, 0.5803
20241227, IPG, 28, 20250417, P, 0, 22, 0.1015, 28.365, -0.4426
20241227, IPG, 29, 20250417, C, 0, 194, 0.1027, 28.365, 0.4785
20241227, IPG, 29, 20250417, P, 0, 68, 0.1025, 28.365, -0.543
20241227, IPG, 30, 20250417, C, 0, 175, 0.0926, 28.365, 0.3919
20241227, IPG, 30, 20250417, P, 0, 34, 0.0929, 28.365, -0.6276
20241227, IPG, 31, 20250417, C, 0, 76, 0.08, 28.365, 0.3271
20241227, IPG, 31, 20250417, P, 0, 6, 0.0804, 28.365, -0.6908
20241227, IPG, 32, 20250417, C, 0, 181, 0.0688, 28.365, 0.2792
20241227, IPG, 32, 20250417, P, 0, 24, 0.0691, 28.365, -0.7373
20241227, IPG, 33, 20250417, C, 0, 1147, 0.0595, 28.365, 0.243
20241227, IPG, 33, 20250417, P, 0, 2, 0.0596, 28.365, -0.7726
20241227, IPG, 34, 20250417, C, 0, 21, 0.0519, 28.365, 0.2146
20241227, IPG, 34, 20250417, P, 0, 2, 0.052, 28.365, -0.8
20241227, IPG, 35, 20250417, C, 0, 376, 0.0458, 28.365, 0.1919
20241227, IPG, 35, 20250417, P, 0, 1, 0.0457, 28.365, -0.822
20241227, IPG, 36, 20250417, C, 0, 5, 0.0408, 28.365, 0.1731
20241227, IPG, 36, 20250417, P, 0, 0, 0.0405, 28.365, -0.84
20241227, IPG, 37, 20250417, C, 0, 4, 0.0366, 28.365, 0.1575
20241227, IPG, 37, 20250417, P, 0, 0, 0.0362, 28.365, -0.8551
20241227, IPG, 38, 20250417, C, 0, 0, 0.033, 28.365, 0.1442
20241227, IPG, 38, 20250417, P, 0, 0, 0.0326, 28.365, -0.8679
20241227, IPG, 39, 20250417, C, 0, 1, 0.03, 28.365, 0.1327
20241227, IPG, 39, 20250417, P, 0, 0, 0.0296, 28.365, -0.8788
20241227, IPG, 40, 20250417, C, 0, 0, 0.0274, 28.365, 0.1227
20241227, IPG, 40, 20250417, P, 0, 0, 0.0269, 28.365, -0.8883
20241227, IPG, 45, 20250417, C, 0, 37, 0.0186, 28.365, 0.0874
20241227, IPG, 45, 20250417, P, 0, 0, 0.018, 28.365, -0.9218
20241227, IPG, 20, 20250718, C, 0, 1, 0.02, 28.365, 0.8809
20241227, IPG, 20, 20250718, P, 0, 0, 0.0205, 28.365, -0.133
20241227, IPG, 21, 20250718, C, 0, 0, 0.0236, 28.365, 0.8655
20241227, IPG, 21, 20250718, P, 0, 2, 0.0242, 28.365, -0.149
20241227, IPG, 22, 20250718, C, 0, 0, 0.028, 28.365, 0.8473
20241227, IPG, 22, 20250718, P, 0, 10, 0.0288, 28.365, -0.1682
20241227, IPG, 23, 20250718, C, 0, 0, 0.0334, 28.365, 0.8251
20241227, IPG, 23, 20250718, P, 0, 0, 0.0343, 28.365, -0.1916
20241227, IPG, 24, 20250718, C, 0, 5, 0.0402, 28.365, 0.7974
20241227, IPG, 24, 20250718, P, 0, 0, 0.0411, 28.365, -0.2206
20241227, IPG, 25, 20250718, C, 0, 0, 0.0484, 28.365, 0.7623
20241227, IPG, 25, 20250718, P, 0, 22, 0.0494, 28.365, -0.2575
20241227, IPG, 26, 20250718, C, 0, 0, 0.058, 28.365, 0.7169
20241227, IPG, 26, 20250718, P, 0, 1, 0.0591, 28.365, -0.3047
20241227, IPG, 27, 20250718, C, 0, 0, 0.0679, 28.365, 0.6588
20241227, IPG, 27, 20250718, P, 0, 0, 0.069, 28.365, -0.3646
20241227, IPG, 28, 20250718, C, 0, 0, 0.0757, 28.365, 0.5882
20241227, IPG, 28, 20250718, P, 0, 10, 0.0766, 28.365, -0.4365
20241227, IPG, 29, 20250718, C, 0, 0, 0.0783, 28.365, 0.5122
20241227, IPG, 29, 20250718, P, 0, 6, 0.079, 28.365, -0.5128
20241227, IPG, 30, 20250718, C, 0, 23, 0.0755, 28.365, 0.4417
20241227, IPG, 30, 20250718, P, 0, 0, 0.076, 28.365, -0.5829
20241227, IPG, 31, 20250718, C, 0, 9, 0.0696, 28.365, 0.3827
20241227, IPG, 31, 20250718, P, 0, 0, 0.0702, 28.365, -0.6413
20241227, IPG, 32, 20250718, C, 0, 3, 0.0629, 28.365, 0.3353
20241227, IPG, 32, 20250718, P, 0, 0, 0.0637, 28.365, -0.6882
20241227, IPG, 33, 20250718, C, 0, 10, 0.0567, 28.365, 0.2978
20241227, IPG, 33, 20250718, P, 0, 0, 0.0576, 28.365, -0.7261
20241227, IPG, 34, 20250718, C, 0, 4, 0.051, 28.365, 0.2666
20241227, IPG, 34, 20250718, P, 0, 0, 0.052, 28.365, -0.757
20241227, IPG, 35, 20250718, C, 0, 18, 0.0461, 28.365, 0.2412
20241227, IPG, 35, 20250718, P, 0, 0, 0.0472, 28.365, -0.7827
20241227, IPG, 36, 20250718, C, 0, 2, 0.0419, 28.365, 0.2199
20241227, IPG, 36, 20250718, P, 0, 0, 0.0429, 28.365, -0.8044
20241227, IPG, 37, 20250718, C, 0, 30, 0.0383, 28.365, 0.2018
20241227, IPG, 37, 20250718, P, 0, 0, 0.0392, 28.365, -0.8229
20241227, IPG, 38, 20250718, C, 0, 0, 0.0351, 28.365, 0.1862
20241227, IPG, 38, 20250718, P, 0, 0, 0.0359, 28.365, -0.8388
20241227, IPG, 39, 20250718, C, 0, 0, 0.0323, 28.365, 0.1727
20241227, IPG, 39, 20250718, P, 0, 0, 0.033, 28.365, -0.8528
20241227, IPG, 40, 20250718, C, 0, 0, 0.0299, 28.365, 0.1607
20241227, IPG, 40, 20250718, P, 0, 0, 0.0304, 28.365, -0.865
20241227, IPG, 45, 20250718, C, 0, 0, 0.0213, 28.365, 0.1177
20241227, IPG, 45, 20250718, P, 0, 0, 0.0213, 28.365, -0.9093
20241230, IPG, 20, 20250117, C, 0, 0, 0.0123, 27.79, 0.9744
20241230, IPG, 20, 20250117, P, 0, 1, 0.0124, 27.79, -0.0271
20241230, IPG, 21, 20250117, C, 0, 0, 0.0162, 27.79, 0.9687
20241230, IPG, 21, 20250117, P, 0, 0, 0.0163, 27.79, -0.0329
20241230, IPG, 22, 20250117, C, 0, 0, 0.022, 27.79, 0.9608
20241230, IPG, 22, 20250117, P, 0, 0, 0.0221, 27.79, -0.0408
20241230, IPG, 23, 20250117, C, 0, 0, 0.0308, 27.79, 0.9496
20241230, IPG, 23, 20250117, P, 0, 1, 0.031, 27.79, -0.0522
20241230, IPG, 24, 20250117, C, 0, 0, 0.045, 27.79, 0.9326
20241230, IPG, 24, 20250117, P, 0, 46, 0.0455, 27.79, -0.0695
20241230, IPG, 25, 20250117, C, 0, 14, 0.0699, 27.79, 0.9047
20241230, IPG, 25, 20250117, P, 0, 12, 0.0708, 27.79, -0.0979
20241230, IPG, 26, 20250117, C, 0, 21, 0.1174, 27.79, 0.8528
20241230, IPG, 26, 20250117, P, 0, 63, 0.1194, 27.79, -0.1509
20241230, IPG, 27, 20250117, C, 0, 190, 0.2104, 27.79, 0.738
20241230, IPG, 27, 20250117, P, 0, 457, 0.2157, 27.79, -0.2696
20241230, IPG, 28, 20250117, C, 33, 3439, 0.2805, 27.79, 0.4919
20241230, IPG, 28, 20250117, P, 43, 490, 0.291, 27.79, -0.5243
20241230, IPG, 29, 20250117, C, 0, 6006, 0.1959, 27.79, 0.2848
20241230, IPG, 29, 20250117, P, 0, 340, 0.2053, 27.79, -0.7357
20241230, IPG, 30, 20250117, C, 0, 1273, 0.1259, 27.79, 0.1855
20241230, IPG, 30, 20250117, P, 0, 514, 0.133, 27.79, -0.8352
20241230, IPG, 31, 20250117, C, 2, 2103, 0.0859, 27.79, 0.1326
20241230, IPG, 31, 20250117, P, 0, 44, 0.091, 27.79, -0.8873
20241230, IPG, 32, 20250117, C, 0, 5536, 0.062, 27.79, 0.1004
20241230, IPG, 32, 20250117, P, 0, 172, 0.0654, 27.79, -0.9185
20241230, IPG, 33, 20250117, C, 16, 410, 0.0467, 27.79, 0.0791
20241230, IPG, 33, 20250117, P, 0, 33, 0.0503, 27.79, -0.9393
20241230, IPG, 34, 20250117, C, 0, 320, 0.0363, 27.79, 0.0641
20241230, IPG, 34, 20250117, P, 0, 0, 0.0413, 27.79, -0.954
20241230, IPG, 35, 20250117, C, 0, 520, 0.029, 27.79, 0.0531
20241230, IPG, 35, 20250117, P, 0, 2, 0.0338, 27.79, -0.9646
20241230, IPG, 36, 20250117, C, 0, 219, 0.0236, 27.79, 0.0446
20241230, IPG, 36, 20250117, P, 0, 0, 0.0283, 27.79, -0.9735
20241230, IPG, 37, 20250117, C, 0, 14, 0.0195, 27.79, 0.0381
20241230, IPG, 37, 20250117, P, 0, 0, 0.0238, 27.79, -0.9802
20241230, IPG, 38, 20250117, C, 0, 0, 0.0164, 27.79, 0.0328
20241230, IPG, 38, 20250117, P, 0, 0, 0.0201, 27.79, -0.9852
20241230, IPG, 39, 20250117, C, 0, 2, 0.0139, 27.79, 0.0286
20241230, IPG, 39, 20250117, P, 0, 0, 0.0158, 27.79, -0.989
20241230, IPG, 40, 20250117, C, 0, 3, 0.012, 27.79, 0.0251
20241230, IPG, 40, 20250117, P, 0, 0, 0.0118, 27.79, -0.9921
20241230, IPG, 45, 20250117, C, 0, 0, 0.0062, 27.79, 0.0142
20241230, IPG, 45, 20250117, P, 0, 0, 0.0022, 27.79, -0.9988
20241230, IPG, 21, 20250221, C, 0, 0, 0.0241, 27.79, 0.9195
20241230, IPG, 21, 20250221, P, 0, 0, 0.0243, 27.79, -0.083
20241230, IPG, 22, 20250221, C, 0, 0, 0.0303, 27.79, 0.9056
20241230, IPG, 22, 20250221, P, 0, 0, 0.0306, 27.79, -0.097
20241230, IPG, 23, 20250221, C, 0, 0, 0.039, 27.79, 0.8874
20241230, IPG, 23, 20250221, P, 0, 2, 0.0394, 27.79, -0.1155
20241230, IPG, 24, 20250221, C, 0, 0, 0.0514, 27.79, 0.8624
20241230, IPG, 24, 20250221, P, 0, 3, 0.052, 27.79, -0.141
20241230, IPG, 25, 20250221, C, 0, 0, 0.0696, 27.79, 0.8262
20241230, IPG, 25, 20250221, P, 0, 1, 0.0709, 27.79, -0.1782
20241230, IPG, 26, 20250221, C, 0, 0, 0.0971, 27.79, 0.7697
20241230, IPG, 26, 20250221, P, 0, 1, 0.0995, 27.79, -0.2366
20241230, IPG, 27, 20250221, C, 0, 1, 0.1345, 27.79, 0.6752
20241230, IPG, 27, 20250221, P, 0, 180, 0.1395, 27.79, -0.3353
20241230, IPG, 28, 20250221, C, 0, 0, 0.1581, 27.79, 0.5303
20241230, IPG, 28, 20250221, P, 0, 0, 0.1669, 27.79, -0.4878
20241230, IPG, 29, 20250221, C, 0, 93, 0.1393, 27.79, 0.3916
20241230, IPG, 29, 20250221, P, 0, 0, 0.1493, 27.79, -0.633
20241230, IPG, 30, 20250221, C, 1, 7, 0.11, 27.79, 0.3003
20241230, IPG, 30, 20250221, P, 0, 0, 0.1188, 27.79, -0.7269
20241230, IPG, 31, 20250221, C, 0, 0, 0.0869, 27.79, 0.2417
20241230, IPG, 31, 20250221, P, 0, 0, 0.0945, 27.79, -0.7864
20241230, IPG, 32, 20250221, C, 0, 0, 0.0704, 27.79, 0.2016
20241230, IPG, 32, 20250221, P, 0, 0, 0.0768, 27.79, -0.8266
20241230, IPG, 33, 20250221, C, 0, 0, 0.0583, 27.79, 0.1724
20241230, IPG, 33, 20250221, P, 0, 0, 0.0641, 27.79, -0.8558
20241230, IPG, 34, 20250221, C, 0, 0, 0.0492, 27.79, 0.1502
20241230, IPG, 34, 20250221, P, 0, 0, 0.0544, 27.79, -0.8778
20241230, IPG, 35, 20250221, C, 0, 0, 0.0422, 27.79, 0.1327
20241230, IPG, 35, 20250221, P, 0, 0, 0.0469, 27.79, -0.8953
20241230, IPG, 36, 20250221, C, 0, 0, 0.0367, 27.79, 0.1185
20241230, IPG, 36, 20250221, P, 0, 0, 0.0412, 27.79, -0.9095
20241230, IPG, 37, 20250221, C, 0, 0, 0.0323, 27.79, 0.1068
20241230, IPG, 37, 20250221, P, 0, 0, 0.0365, 27.79, -0.9212
20241230, IPG, 20, 20250417, C, 0, 0, 0.0215, 27.79, 0.9127
20241230, IPG, 20, 20250417, P, 0, 2, 0.0222, 27.79, -0.1018
20241230, IPG, 21, 20250417, C, 0, 0, 0.0264, 27.79, 0.8993
20241230, IPG, 21, 20250417, P, 0, 0, 0.0271, 27.79, -0.1166
20241230, IPG, 22, 20250417, C, 0, 0, 0.0329, 27.79, 0.8823
20241230, IPG, 22, 20250417, P, 0, 0, 0.0336, 27.79, -0.1354
20241230, IPG, 23, 20250417, C, 0, 0, 0.0416, 27.79, 0.8601
20241230, IPG, 23, 20250417, P, 0, 2, 0.0421, 27.79, -0.1595
20241230, IPG, 24, 20250417, C, 0, 1, 0.0533, 27.79, 0.83
20241230, IPG, 24, 20250417, P, 0, 0, 0.0535, 27.79, -0.1918
20241230, IPG, 25, 20250417, C, 0, 14, 0.0694, 27.79, 0.7872
20241230, IPG, 25, 20250417, P, 40, 1, 0.069, 27.79, -0.2369
20241230, IPG, 26, 20250417, C, 0, 1, 0.0899, 27.79, 0.7239
20241230, IPG, 26, 20250417, P, 0, 6, 0.0886, 27.79, -0.3022
20241230, IPG, 27, 20250417, C, 0, 12, 0.11, 27.79, 0.6314
20241230, IPG, 27, 20250417, P, 1, 395, 0.1081, 27.79, -0.3951
20241230, IPG, 28, 20250417, C, 0, 63, 0.1163, 27.79, 0.517
20241230, IPG, 28, 20250417, P, 0, 22, 0.1147, 27.79, -0.5068
20241230, IPG, 29, 20250417, C, 0, 194, 0.1055, 27.79, 0.4142
20241230, IPG, 29, 20250417, P, 0, 68, 0.1049, 27.79, -0.6061
20241230, IPG, 30, 20250417, C, 0, 175, 0.0896, 27.79, 0.3384
20241230, IPG, 30, 20250417, P, 0, 34, 0.0896, 27.79, -0.679
20241230, IPG, 31, 20250417, C, 76, 76, 0.0755, 27.79, 0.2845
20241230, IPG, 31, 20250417, P, 0, 6, 0.0757, 27.79, -0.7311
20241230, IPG, 32, 20250417, C, 0, 181, 0.0643, 27.79, 0.2448
20241230, IPG, 32, 20250417, P, 0, 24, 0.0644, 27.79, -0.7694
20241230, IPG, 33, 20250417, C, 0, 1147, 0.0555, 27.79, 0.2149
20241230, IPG, 33, 20250417, P, 0, 2, 0.0554, 27.79, -0.7986
20241230, IPG, 34, 20250417, C, 0, 21, 0.0484, 27.79, 0.1908
20241230, IPG, 34, 20250417, P, 0, 2, 0.0483, 27.79, -0.8216
20241230, IPG, 35, 20250417, C, 0, 376, 0.0427, 27.79, 0.1717
20241230, IPG, 35, 20250417, P, 0, 1, 0.0425, 27.79, -0.8402
20241230, IPG, 36, 20250417, C, 0, 5, 0.038, 27.79, 0.1555
20241230, IPG, 36, 20250417, P, 0, 0, 0.0378, 27.79, -0.8556
20241230, IPG, 37, 20250417, C, 0, 4, 0.0341, 27.79, 0.142
20241230, IPG, 37, 20250417, P, 0, 0, 0.0338, 27.79, -0.8685
20241230, IPG, 38, 20250417, C, 0, 0, 0.0309, 27.79, 0.1305
20241230, IPG, 38, 20250417, P, 0, 0, 0.0305, 27.79, -0.8796
20241230, IPG, 39, 20250417, C, 0, 1, 0.0281, 27.79, 0.1206
20241230, IPG, 39, 20250417, P, 0, 0, 0.0277, 27.79, -0.8891
20241230, IPG, 40, 20250417, C, 0, 0, 0.0257, 27.79, 0.1119
20241230, IPG, 40, 20250417, P, 0, 0, 0.0253, 27.79, -0.8974
20241230, IPG, 45, 20250417, C, 0, 37, 0.0176, 27.79, 0.0809
20241230, IPG, 45, 20250417, P, 0, 0, 0.017, 27.79, -0.9269
20241230, IPG, 20, 20250718, C, 0, 1, 0.0227, 27.79, 0.8874
20241230, IPG, 20, 20250718, P, 0, 0, 0.0228, 27.79, -0.129
20241230, IPG, 21, 20250718, C, 0, 0, 0.0272, 27.79, 0.8707
20241230, IPG, 21, 20250718, P, 0, 2, 0.0273, 27.79, -0.1464
20241230, IPG, 22, 20250718, C, 0, 0, 0.0327, 27.79, 0.8499
20241230, IPG, 22, 20250718, P, 0, 10, 0.0329, 27.79, -0.1678
20241230, IPG, 23, 20250718, C, 0, 0, 0.0397, 27.79, 0.824
20241230, IPG, 23, 20250718, P, 0, 0, 0.0399, 27.79, -0.1945
20241230, IPG, 24, 20250718, C, 0, 5, 0.0483, 27.79, 0.7907
20241230, IPG, 24, 20250718, P, 0, 0, 0.0487, 27.79, -0.2289
20241230, IPG, 25, 20250718, C, 0, 0, 0.0588, 27.79, 0.747
20241230, IPG, 25, 20250718, P, 0, 22, 0.0593, 27.79, -0.2738
20241230, IPG, 26, 20250718, C, 0, 0, 0.0705, 27.79, 0.6895
20241230, IPG, 26, 20250718, P, 0, 1, 0.0711, 27.79, -0.3334
20241230, IPG, 27, 20250718, C, 0, 0, 0.0806, 27.79, 0.6162
20241230, IPG, 27, 20250718, P, 0, 0, 0.081, 27.79, -0.4077
20241230, IPG, 28, 20250718, C, 0, 0, 0.0849, 27.79, 0.5336
20241230, IPG, 28, 20250718, P, 0, 10, 0.0848, 27.79, -0.4899
20241230, IPG, 29, 20250718, C, 0, 0, 0.082, 27.79, 0.4555
20241230, IPG, 29, 20250718, P, 0, 4, 0.0816, 27.79, -0.5663
20241230, IPG, 30, 20250718, C, 0, 23, 0.075, 27.79, 0.3907
20241230, IPG, 30, 20250718, P, 0, 0, 0.0744, 27.79, -0.629
20241230, IPG, 31, 20250718, C, 0, 9, 0.0671, 27.79, 0.3395
20241230, IPG, 31, 20250718, P, 0, 0, 0.0666, 27.79, -0.6783
20241230, IPG, 32, 20250718, C, 0, 3, 0.0598, 27.79, 0.2992
20241230, IPG, 32, 20250718, P, 0, 0, 0.0595, 27.79, -0.7172
20241230, IPG, 33, 20250718, C, 0, 10, 0.0534, 27.79, 0.2671
20241230, IPG, 33, 20250718, P, 0, 0, 0.0533, 27.79, -0.7486
20241230, IPG, 34, 20250718, C, 0, 4, 0.048, 27.79, 0.241
20241230, IPG, 34, 20250718, P, 0, 0, 0.0481, 27.79, -0.7745
20241230, IPG, 35, 20250718, C, 0, 18, 0.0433, 27.79, 0.2192
20241230, IPG, 35, 20250718, P, 0, 0, 0.0437, 27.79, -0.7962
20241230, IPG, 36, 20250718, C, 0, 2, 0.0394, 27.79, 0.2011
20241230, IPG, 36, 20250718, P, 0, 0, 0.0399, 27.79, -0.8148
20241230, IPG, 37, 20250718, C, 0, 30, 0.036, 27.79, 0.1854
20241230, IPG, 37, 20250718, P, 0, 0, 0.0366, 27.79, -0.8308
20241230, IPG, 38, 20250718, C, 0, 0, 0.0331, 27.79, 0.1718
20241230, IPG, 38, 20250718, P, 0, 0, 0.0337, 27.79, -0.8448
20241230, IPG, 39, 20250718, C, 0, 0, 0.0305, 27.79, 0.16
20241230, IPG, 39, 20250718, P, 0, 0, 0.0311, 27.79, -0.8572
20241230, IPG, 40, 20250718, C, 0, 0, 0.0283, 27.79, 0.1495
20241230, IPG, 40, 20250718, P, 0, 0, 0.0288, 27.79, -0.8682
20241230, IPG, 45, 20250718, C, 0, 0, 0.0202, 27.79, 0.1111
20241230, IPG, 45, 20250718, P, 0, 0, 0.0204, 27.79, -0.9086
20241231, IPG, 20, 20250117, C, 0, 0, 0.0107, 28.02, 0.9791
20241231, IPG, 20, 20250117, P, 0, 1, 0.0107, 28.02, -0.0224
20241231, IPG, 21, 20250117, C, 0, 0, 0.0141, 28.02, 0.9743
20241231, IPG, 21, 20250117, P, 0, 0, 0.0142, 28.02, -0.0272
20241231, IPG, 22, 20250117, C, 0, 0, 0.0192, 28.02, 0.9677
20241231, IPG, 22, 20250117, P, 0, 0, 0.0193, 28.02, -0.0339
20241231, IPG, 23, 20250117, C, 0, 0, 0.027, 28.02, 0.9583
20241231, IPG, 23, 20250117, P, 0, 1, 0.0272, 28.02, -0.0434
20241231, IPG, 24, 20250117, C, 0, 0, 0.0396, 28.02, 0.944
20241231, IPG, 24, 20250117, P, 0, 46, 0.04, 28.02, -0.0579
20241231, IPG, 25, 20250117, C, 0, 14, 0.0618, 28.02, 0.9207
20241231, IPG, 25, 20250117, P, 0, 12, 0.0626, 28.02, -0.0816
20241231, IPG, 26, 20250117, C, 0, 21, 0.1049, 28.02, 0.8778
20241231, IPG, 26, 20250117, P, 0, 63, 0.1068, 28.02, -0.1256
20241231, IPG, 27, 20250117, C, 0, 190, 0.1959, 28.02, 0.7824
20241231, IPG, 27, 20250117, P, 1, 457, 0.201, 28.02, -0.224
20241231, IPG, 28, 20250117, C, 11, 3445, 0.3112, 28.02, 0.5454
20241231, IPG, 28, 20250117, P, 0, 533, 0.3238, 28.02, -0.4706
20241231, IPG, 29, 20250117, C, 0, 6006, 0.2253, 28.02, 0.296
20241231, IPG, 29, 20250117, P, 0, 340, 0.2367, 28.02, -0.7267
20241231, IPG, 30, 20250117, C, 3, 1273, 0.1373, 28.02, 0.182
20241231, IPG, 30, 20250117, P, 0, 514, 0.1463, 28.02, -0.841
20241231, IPG, 31, 20250117, C, 0, 2101, 0.0898, 28.02, 0.1253
20241231, IPG, 31, 20250117, P, 0, 44, 0.0969, 28.02, -0.8968
20241231, IPG, 32, 20250117, C, 9, 5536, 0.0628, 28.02, 0.0924
20241231, IPG, 32, 20250117, P, 0, 172, 0.0682, 28.02, -0.9289
20241231, IPG, 33, 20250117, C, 0, 410, 0.0461, 28.02, 0.0714
20241231, IPG, 33, 20250117, P, 0, 33, 0.0498, 28.02, -0.949
20241231, IPG, 34, 20250117, C, 7, 320, 0.0351, 28.02, 0.0569
20241231, IPG, 34, 20250117, P, 0, 0, 0.0373, 28.02, -0.9626
20241231, IPG, 35, 20250117, C, 0, 520, 0.0276, 28.02, 0.0464
20241231, IPG, 35, 20250117, P, 0, 2, 0.0286, 28.02, -0.9719
20241231, IPG, 36, 20250117, C, 0, 219, 0.0221, 28.02, 0.0386
20241231, IPG, 36, 20250117, P, 0, 0, 0.0219, 28.02, -0.9788
20241231, IPG, 37, 20250117, C, 0, 14, 0.0181, 28.02, 0.0326
20241231, IPG, 37, 20250117, P, 0, 0, 0.0171, 28.02, -0.9837
20241231, IPG, 38, 20250117, C, 0, 0, 0.015, 28.02, 0.0278
20241231, IPG, 38, 20250117, P, 0, 0, 0.0134, 28.02, -0.9876
20241231, IPG, 39, 20250117, C, 0, 2, 0.0126, 28.02, 0.024
20241231, IPG, 39, 20250117, P, 0, 0, 0.0105, 28.02, -0.9904
20241231, IPG, 40, 20250117, C, 0, 3, 0.0107, 28.02, 0.0209
20241231, IPG, 40, 20250117, P, 0, 0, 0.0083, 28.02, -0.9925
20241231, IPG, 45, 20250117, C, 0, 0, 0.0054, 28.02, 0.0114
20241231, IPG, 45, 20250117, P, 0, 0, 0.0026, 28.02, -0.9978
20241231, IPG, 21, 20250221, C, 0, 0, 0.0231, 28.02, 0.9216
20241231, IPG, 21, 20250221, P, 0, 0, 0.0233, 28.02, -0.0797
20241231, IPG, 22, 20250221, C, 0, 0, 0.0291, 28.02, 0.9085
20241231, IPG, 22, 20250221, P, 0, 0, 0.0293, 28.02, -0.093
20241231, IPG, 23, 20250221, C, 0, 0, 0.0373, 28.02, 0.8913
20241231, IPG, 23, 20250221, P, 0, 2, 0.0377, 28.02, -0.1104
20241231, IPG, 24, 20250221, C, 0, 0, 0.049, 28.02, 0.8679
20241231, IPG, 24, 20250221, P, 0, 3, 0.0496, 28.02, -0.1342
20241231, IPG, 25, 20250221, C, 0, 0, 0.0663, 28.02, 0.8342
20241231, IPG, 25, 20250221, P, 0, 1, 0.0673, 28.02, -0.1686
20241231, IPG, 26, 20250221, C, 0, 0, 0.0926, 28.02, 0.7821
20241231, IPG, 26, 20250221, P, 0, 1, 0.0945, 28.02, -0.2222
20241231, IPG, 27, 20250221, C, 0, 1, 0.1301, 28.02, 0.695
20241231, IPG, 27, 20250221, P, 0, 180, 0.134, 28.02, -0.3124
20241231, IPG, 28, 20250221, C, 0, 0, 0.1606, 28.02, 0.5543
20241231, IPG, 28, 20250221, P, 0, 0, 0.168, 28.02, -0.4595
20241231, IPG, 29, 20250221, C, 0, 93, 0.1463, 28.02, 0.4066
20241231, IPG, 29, 20250221, P, 0, 0, 0.1553, 28.02, -0.6136
20241231, IPG, 30, 20250221, C, 0, 6, 0.1153, 28.02, 0.3075
20241231, IPG, 30, 20250221, P, 0, 0, 0.1235, 28.02, -0.7155
20241231, IPG, 31, 20250221, C, 0, 0, 0.0904, 28.02, 0.245
20241231, IPG, 31, 20250221, P, 2, 0, 0.0974, 28.02, -0.779
20241231, IPG, 32, 20250221, C, 0, 0, 0.0726, 28.02, 0.2028
20241231, IPG, 32, 20250221, P, 0, 0, 0.0785, 28.02, -0.8214
20241231, IPG, 33, 20250221, C, 0, 0, 0.0597, 28.02, 0.1725
20241231, IPG, 33, 20250221, P, 0, 0, 0.0649, 28.02, -0.8518
20241231, IPG, 34, 20250221, C, 1, 0, 0.0501, 28.02, 0.1496
20241231, IPG, 34, 20250221, P, 0, 0, 0.0548, 28.02, -0.8746
20241231, IPG, 35, 20250221, C, 0, 0, 0.0428, 28.02, 0.1317
20241231, IPG, 35, 20250221, P, 0, 0, 0.047, 28.02, -0.8923
20241231, IPG, 36, 20250221, C, 0, 0, 0.0371, 28.02, 0.1173
20241231, IPG, 36, 20250221, P, 0, 0, 0.041, 28.02, -0.9069
20241231, IPG, 37, 20250221, C, 0, 0, 0.0325, 28.02, 0.1055
20241231, IPG, 37, 20250221, P, 0, 0, 0.0366, 28.02, -0.9189
20241231, IPG, 20, 20250417, C, 0, 0, 0.0206, 28.02, 0.9172
20241231, IPG, 20, 20250417, P, 0, 2, 0.0213, 28.02, -0.0974
20241231, IPG, 21, 20250417, C, 0, 0, 0.0253, 28.02, 0.9045
20241231, IPG, 21, 20250417, P, 0, 0, 0.026, 28.02, -0.1113
20241231, IPG, 22, 20250417, C, 0, 0, 0.0314, 28.02, 0.8885
20241231, IPG, 22, 20250417, P, 0, 0, 0.032, 28.02, -0.1287
20241231, IPG, 23, 20250417, C, 0, 0, 0.0394, 28.02, 0.8677
20241231, IPG, 23, 20250417, P, 0, 2, 0.04, 28.02, -0.151
20241231, IPG, 24, 20250417, C, 0, 1, 0.0504, 28.02, 0.8398
20241231, IPG, 24, 20250417, P, 0, 0, 0.0509, 28.02, -0.1809
20241231, IPG, 25, 20250417, C, 0, 14, 0.0654, 28.02, 0.8006
20241231, IPG, 25, 20250417, P, 0, 41, 0.0656, 28.02, -0.2222
20241231, IPG, 26, 20250417, C, 0, 1, 0.085, 28.02, 0.7432
20241231, IPG, 26, 20250417, P, 0, 6, 0.085, 28.02, -0.2821
20241231, IPG, 27, 20250417, C, 0, 12, 0.1067, 28.02, 0.6579
20241231, IPG, 27, 20250417, P, 0, 396, 0.1065, 28.02, -0.3693
20241231, IPG, 28, 20250417, C, 0, 63, 0.1179, 28.02, 0.5458
20241231, IPG, 28, 20250417, P, 0, 22, 0.1182, 28.02, -0.4817
20241231, IPG, 29, 20250417, C, 0, 194, 0.1102, 28.02, 0.4366
20241231, IPG, 29, 20250417, P, 0, 68, 0.1111, 28.02, -0.5891
20241231, IPG, 30, 20250417, C, 0, 175, 0.0944, 28.02, 0.354
20241231, IPG, 30, 20250417, P, 0, 34, 0.0954, 28.02, -0.6697
20241231, IPG, 31, 20250417, C, 1, 151, 0.0794, 28.02, 0.2952
20241231, IPG, 31, 20250417, P, 0, 6, 0.0801, 28.02, -0.7267
20241231, IPG, 32, 20250417, C, 0, 181, 0.0674, 28.02, 0.2525
20241231, IPG, 32, 20250417, P, 0, 24, 0.0677, 28.02, -0.7679
20241231, IPG, 33, 20250417, C, 0, 1147, 0.0578, 28.02, 0.2202
20241231, IPG, 33, 20250417, P, 0, 2, 0.0579, 28.02, -0.7989
20241231, IPG, 34, 20250417, C, 0, 21, 0.0503, 28.02, 0.195
20241231, IPG, 34, 20250417, P, 0, 2, 0.0501, 28.02, -0.8232
20241231, IPG, 35, 20250417, C, 0, 376, 0.0442, 28.02, 0.1746
20241231, IPG, 35, 20250417, P, 0, 1, 0.0438, 28.02, -0.8426
20241231, IPG, 36, 20250417, C, 0, 5, 0.0393, 28.02, 0.1578
20241231, IPG, 36, 20250417, P, 0, 0, 0.0388, 28.02, -0.8585
20241231, IPG, 37, 20250417, C, 0, 4, 0.0352, 28.02, 0.1437
20241231, IPG, 37, 20250417, P, 0, 0, 0.0346, 28.02, -0.8718
20241231, IPG, 38, 20250417, C, 0, 0, 0.0317, 28.02, 0.1317
20241231, IPG, 38, 20250417, P, 0, 0, 0.0311, 28.02, -0.8831
20241231, IPG, 39, 20250417, C, 0, 1, 0.0288, 28.02, 0.1214
20241231, IPG, 39, 20250417, P, 0, 0, 0.0281, 28.02, -0.8928
20241231, IPG, 40, 20250417, C, 0, 0, 0.0263, 28.02, 0.1124
20241231, IPG, 40, 20250417, P, 0, 0, 0.0256, 28.02, -0.9013
20241231, IPG, 45, 20250417, C, 0, 37, 0.0178, 28.02, 0.0804
20241231, IPG, 45, 20250417, P, 0, 0, 0.017, 28.02, -0.9311
20241231, IPG, 20, 20250718, C, 0, 1, 0.0218, 28.02, 0.8907
20241231, IPG, 20, 20250718, P, 0, 0, 0.0222, 28.02, -0.1253
20241231, IPG, 21, 20250718, C, 0, 0, 0.026, 28.02, 0.8748
20241231, IPG, 21, 20250718, P, 0, 2, 0.0265, 28.02, -0.1419
20241231, IPG, 22, 20250718, C, 0, 0, 0.0313, 28.02, 0.8552
20241231, IPG, 22, 20250718, P, 0, 10, 0.0319, 28.02, -0.1622
20241231, IPG, 23, 20250718, C, 0, 0, 0.0379, 28.02, 0.8308
20241231, IPG, 23, 20250718, P, 0, 0, 0.0387, 28.02, -0.1876
20241231, IPG, 24, 20250718, C, 0, 5, 0.0463, 28.02, 0.7997
20241231, IPG, 24, 20250718, P, 0, 0, 0.0472, 28.02, -0.2202
20241231, IPG, 25, 20250718, C, 0, 0, 0.0566, 28.02, 0.7589
20241231, IPG, 25, 20250718, P, 0, 22, 0.0577, 28.02, -0.2628
20241231, IPG, 26, 20250718, C, 0, 0, 0.0684, 28.02, 0.7048
20241231, IPG, 26, 20250718, P, 0, 1, 0.0695, 28.02, -0.3184
20241231, IPG, 27, 20250718, C, 0, 0, 0.0798, 28.02, 0.6344
20241231, IPG, 27, 20250718, P, 0, 0, 0.0805, 28.02, -0.3903
20241231, IPG, 28, 20250718, C, 0, 0, 0.0859, 28.02, 0.5518
20241231, IPG, 28, 20250718, P, 0, 10, 0.0861, 28.02, -0.4732
20241231, IPG, 29, 20250718, C, 0, 0, 0.0843, 28.02, 0.4705
20241231, IPG, 29, 20250718, P, 0, 4, 0.0841, 28.02, -0.5532
20241231, IPG, 30, 20250718, C, 0, 23, 0.0776, 28.02, 0.4017
20241231, IPG, 30, 20250718, P, 0, 0, 0.0773, 28.02, -0.62
20241231, IPG, 31, 20250718, C, 0, 9, 0.0695, 28.02, 0.3474
20241231, IPG, 31, 20250718, P, 0, 0, 0.0693, 28.02, -0.6727
20241231, IPG, 32, 20250718, C, 0, 3, 0.0618, 28.02, 0.3048
20241231, IPG, 32, 20250718, P, 0, 0, 0.0618, 28.02, -0.7142
20241231, IPG, 33, 20250718, C, 0, 10, 0.055, 28.02, 0.271
20241231, IPG, 33, 20250718, P, 0, 0, 0.0554, 28.02, -0.7474
20241231, IPG, 34, 20250718, C, 0, 4, 0.0493, 28.02, 0.2436
20241231, IPG, 34, 20250718, P, 0, 0, 0.0498, 28.02, -0.7747
20241231, IPG, 35, 20250718, C, 0, 18, 0.0443, 28.02, 0.2207
20241231, IPG, 35, 20250718, P, 0, 0, 0.0451, 28.02, -0.7975
20241231, IPG, 36, 20250718, C, 0, 2, 0.0402, 28.02, 0.2018
20241231, IPG, 36, 20250718, P, 0, 0, 0.041, 28.02, -0.8168
20241231, IPG, 37, 20250718, C, 0, 30, 0.0366, 28.02, 0.1856
20241231, IPG, 37, 20250718, P, 0, 0, 0.0375, 28.02, -0.8334
20241231, IPG, 38, 20250718, C, 0, 0, 0.0336, 28.02, 0.1717
20241231, IPG, 38, 20250718, P, 0, 0, 0.0344, 28.02, -0.8479
20241231, IPG, 39, 20250718, C, 0, 0, 0.0309, 28.02, 0.1595
20241231, IPG, 39, 20250718, P, 0, 0, 0.0317, 28.02, -0.8606
20241231, IPG, 40, 20250718, C, 0, 0, 0.0286, 28.02, 0.1488
20241231, IPG, 40, 20250718, P, 0, 0, 0.0293, 28.02, -0.8718
20241231, IPG, 45, 20250718, C, 0, 0, 0.0203, 28.02, 0.1098
20241231, IPG, 45, 20250718, P, 0, 0, 0.0204, 28.02, -0.9125
