20241219, LSCC, 22.5, 20241220, C, 0, 0, 0, 58.26, 1
20241219, LSCC, 22.5, 20241220, P, 0, 1, 0, 58.26, 0
20241219, LSCC, 25, 20241220, C, 0, 0, 0, 58.26, 1
20241219, LSCC, 25, 20241220, P, 0, 1, 0, 58.26, 0
20241219, LSCC, 30, 20241220, C, 0, 6, 0, 58.26, 1
20241219, LSCC, 30, 20241220, P, 0, 904, 0, 58.26, 0
20241219, LSCC, 35, 20241220, C, 0, 1, 0, 58.26, 1
20241219, LSCC, 35, 20241220, P, 0, 1024, 0, 58.26, -0.0001
20241219, LSCC, 40, 20241220, C, 0, 50, 0.0001, 58.26, 1
20241219, LSCC, 40, 20241220, P, 0, 560, 0.0001, 58.26, -0.0002
20241219, LSCC, 45, 20241220, C, 0, 179, 0.0007, 58.26, 1
20241219, LSCC, 45, 20241220, P, 0, 2293, 0.0006, 58.26, -0.001
20241219, LSCC, 50, 20241220, C, 0, 585, 0.0047, 58.26, 0.9956
20241219, LSCC, 50, 20241220, P, 0, 1018, 0.0046, 58.26, -0.006
20241219, LSCC, 55, 20241220, C, 11, 890, 0.0563, 58.26, 0.9332
20241219, LSCC, 55, 20241220, P, 2, 543, 0.0563, 58.26, -0.0684
20241219, LSCC, 60, 20241220, C, 19, 311, 0.1466, 58.26, 0.2096
20241219, LSCC, 60, 20241220, P, 1, 132, 0.161, 58.26, -0.8213
20241219, LSCC, 65, 20241220, C, 62, 796, 0.0153, 58.26, 0.0187
20241219, LSCC, 65, 20241220, P, 0, 62, 0.0079, 58.26, -0.9942
20241219, LSCC, 70, 20241220, C, 2, 446, 0.0029, 58.26, 0.0038
20241219, LSCC, 70, 20241220, P, 0, 3, 0.0006, 58.26, -0.9995
20241219, LSCC, 75, 20241220, C, 0, 844, 0.0008, 58.26, 0.0012
20241219, LSCC, 75, 20241220, P, 0, 0, 0.0001, 58.26, -0.9999
20241219, LSCC, 80, 20241220, C, 0, 87, 0.0003, 58.26, 0.0005
20241219, LSCC, 80, 20241220, P, 0, 0, 0, 58.26, -1
20241219, LSCC, 85, 20241220, C, 0, 20, 0.0001, 58.26, 0.0002
20241219, LSCC, 85, 20241220, P, 0, 0, 0, 58.26, -1
20241219, LSCC, 90, 20241220, C, 0, 83, 0.0001, 58.26, 0.0001
20241219, LSCC, 90, 20241220, P, 0, 0, 0, 58.26, -1
20241219, LSCC, 95, 20241220, C, 0, 35, 0, 58.26, 0.0001
20241219, LSCC, 95, 20241220, P, 0, 0, 0, 58.26, -1
20241219, LSCC, 100, 20241220, C, 0, 54, 0, 58.26, 0
20241219, LSCC, 100, 20241220, P, 0, 0, 0, 58.26, -1
20241219, LSCC, 105, 20241220, C, 0, 0, 0, 58.26, 0
20241219, LSCC, 105, 20241220, P, 0, 0, 0, 58.26, -1
20241219, LSCC, 110, 20241220, C, 0, 2, 0, 58.26, 0
20241219, LSCC, 110, 20241220, P, 0, 0, 0, 58.26, -1
20241219, LSCC, 115, 20241220, C, 0, 0, 0, 58.26, 0
20241219, LSCC, 115, 20241220, P, 0, 0, 0, 58.26, -1
20241219, LSCC, 22.5, 20250117, C, 0, 0, 0.0006, 58.26, 0.9971
20241219, LSCC, 22.5, 20250117, P, 0, 4, 0.0006, 58.26, -0.0049
20241219, LSCC, 25, 20250117, C, 0, 0, 0.0009, 58.26, 0.9952
20241219, LSCC, 25, 20250117, P, 0, 5, 0.0009, 58.26, -0.0068
20241219, LSCC, 30, 20250117, C, 0, 0, 0.0017, 58.26, 0.9893
20241219, LSCC, 30, 20250117, P, 0, 2371, 0.0018, 58.26, -0.0127
20241219, LSCC, 35, 20250117, C, 0, 14, 0.0034, 58.26, 0.9785
20241219, LSCC, 35, 20250117, P, 0, 1032, 0.0034, 58.26, -0.0236
20241219, LSCC, 40, 20250117, C, 0, 39, 0.0066, 58.26, 0.9582
20241219, LSCC, 40, 20250117, P, 0, 1331, 0.0067, 58.26, -0.044
20241219, LSCC, 45, 20250117, C, 0, 45, 0.0128, 58.26, 0.919
20241219, LSCC, 45, 20250117, P, 0, 710, 0.0129, 58.26, -0.0835
20241219, LSCC, 50, 20250117, C, 0, 270, 0.024, 58.26, 0.8413
20241219, LSCC, 50, 20250117, P, 25, 606, 0.0242, 58.26, -0.1619
20241219, LSCC, 55, 20250117, C, 13, 858, 0.0403, 58.26, 0.6914
20241219, LSCC, 55, 20250117, P, 5, 362, 0.0408, 58.26, -0.3139
20241219, LSCC, 60, 20250117, C, 13, 219, 0.0496, 58.26, 0.4605
20241219, LSCC, 60, 20250117, P, 18, 564, 0.0506, 58.26, -0.549
20241219, LSCC, 65, 20250117, C, 66, 434, 0.0392, 58.26, 0.2517
20241219, LSCC, 65, 20250117, P, 0, 151, 0.0407, 58.26, -0.7634
20241219, LSCC, 70, 20250117, C, 8, 740, 0.0248, 58.26, 0.135
20241219, LSCC, 70, 20250117, P, 0, 34, 0.0263, 58.26, -0.8844
20241219, LSCC, 75, 20250117, C, 5, 793, 0.0152, 58.26, 0.0778
20241219, LSCC, 75, 20250117, P, 0, 11, 0.0161, 58.26, -0.9434
20241219, LSCC, 80, 20250117, C, 0, 80, 0.0097, 58.26, 0.0485
20241219, LSCC, 80, 20250117, P, 0, 0, 0.0128, 58.26, -0.9768
20241219, LSCC, 85, 20250117, C, 0, 88, 0.0065, 58.26, 0.0322
20241219, LSCC, 85, 20250117, P, 0, 0, 0.0061, 58.26, -0.9939
20241219, LSCC, 90, 20250117, C, 0, 146, 0.0045, 58.26, 0.0226
20241219, LSCC, 90, 20250117, P, 0, 0, 0.0006, 58.26, -0.9994
20241219, LSCC, 95, 20250117, C, 0, 62, 0.0032, 58.26, 0.0164
20241219, LSCC, 95, 20250117, P, 0, 0, 0, 58.26, -1
20241219, LSCC, 100, 20250117, C, 0, 130, 0.0024, 58.26, 0.0124
20241219, LSCC, 100, 20250117, P, 0, 0, 0, 58.26, -1
20241219, LSCC, 105, 20250117, C, 0, 39, 0.0018, 58.26, 0.0096
20241219, LSCC, 105, 20250117, P, 0, 0, 0, 58.26, -1
20241219, LSCC, 110, 20250117, C, 0, 118, 0.0014, 58.26, 0.0076
20241219, LSCC, 110, 20250117, P, 0, 0, 0, 58.26, -1
20241219, LSCC, 115, 20250117, C, 0, 30, 0.0012, 58.26, 0.0061
20241219, LSCC, 115, 20250117, P, 0, 0, 0, 58.26, -1
20241219, LSCC, 120, 20250117, C, 0, 88, 0.0009, 58.26, 0.005
20241219, LSCC, 120, 20250117, P, 0, 0, 0, 58.26, -1
20241219, LSCC, 125, 20250117, C, 0, 63, 0.0008, 58.26, 0.0042
20241219, LSCC, 125, 20250117, P, 0, 0, 0, 58.26, -1
20241219, LSCC, 130, 20250117, C, 0, 42, 0.0006, 58.26, 0.0035
20241219, LSCC, 130, 20250117, P, 0, 0, 0, 58.26, -1
20241219, LSCC, 135, 20250117, C, 0, 90, 0.0005, 58.26, 0.003
20241219, LSCC, 135, 20250117, P, 0, 0, 0, 58.26, -1
20241219, LSCC, 35, 20250221, C, 0, 0, 0.0047, 58.26, 0.9581
20241219, LSCC, 35, 20250221, P, 0, 0, 0.0047, 58.26, -0.0438
20241219, LSCC, 40, 20250221, C, 0, 0, 0.0081, 58.26, 0.9264
20241219, LSCC, 40, 20250221, P, 0, 0, 0.0082, 58.26, -0.0756
20241219, LSCC, 45, 20250221, C, 0, 0, 0.0134, 58.26, 0.8723
20241219, LSCC, 45, 20250221, P, 0, 0, 0.0136, 58.26, -0.1303
20241219, LSCC, 50, 20250221, C, 0, 0, 0.0204, 58.26, 0.7844
20241219, LSCC, 50, 20250221, P, 0, 0, 0.0207, 58.26, -0.2192
20241219, LSCC, 55, 20250221, C, 0, 0, 0.027, 58.26, 0.6591
20241219, LSCC, 55, 20250221, P, 0, 0, 0.0275, 58.26, -0.3465
20241219, LSCC, 60, 20250221, C, 0, 0, 0.0299, 58.26, 0.5135
20241219, LSCC, 60, 20250221, P, 0, 0, 0.0306, 58.26, -0.495
20241219, LSCC, 65, 20250221, C, 2, 0, 0.0282, 58.26, 0.3786
20241219, LSCC, 65, 20250221, P, 0, 0, 0.0292, 58.26, -0.6337
20241219, LSCC, 70, 20250221, C, 0, 0, 0.0239, 58.26, 0.2726
20241219, LSCC, 70, 20250221, P, 0, 0, 0.0251, 58.26, -0.7436
20241219, LSCC, 75, 20250221, C, 0, 0, 0.0192, 58.26, 0.1963
20241219, LSCC, 75, 20250221, P, 0, 0, 0.0206, 58.26, -0.8239
20241219, LSCC, 80, 20250221, C, 0, 0, 0.0151, 58.26, 0.1431
20241219, LSCC, 80, 20250221, P, 0, 0, 0.0166, 58.26, -0.8808
20241219, LSCC, 85, 20250221, C, 0, 0, 0.0118, 58.26, 0.106
20241219, LSCC, 85, 20250221, P, 0, 0, 0.0132, 58.26, -0.9211
20241219, LSCC, 90, 20250221, C, 0, 0, 0.0092, 58.26, 0.0799
20241219, LSCC, 90, 20250221, P, 0, 0, 0.0104, 58.26, -0.9496
20241219, LSCC, 95, 20250221, C, 0, 0, 0.0073, 58.26, 0.0612
20241219, LSCC, 95, 20250221, P, 0, 0, 0.0101, 58.26, -0.973
20241219, LSCC, 22.5, 20250321, C, 0, 0, 0.001, 58.26, 0.9928
20241219, LSCC, 22.5, 20250321, P, 0, 828, 0.001, 58.26, -0.0102
20241219, LSCC, 25, 20250321, C, 0, 0, 0.0014, 58.26, 0.9892
20241219, LSCC, 25, 20250321, P, 0, 300, 0.0014, 58.26, -0.0139
20241219, LSCC, 30, 20250321, C, 0, 1, 0.0027, 58.26, 0.9774
20241219, LSCC, 30, 20250321, P, 0, 20, 0.0027, 58.26, -0.0258
20241219, LSCC, 35, 20250321, C, 0, 9, 0.0048, 58.26, 0.956
20241219, LSCC, 35, 20250321, P, 0, 26, 0.0049, 58.26, -0.0473
20241219, LSCC, 40, 20250321, C, 0, 63, 0.0083, 58.26, 0.9188
20241219, LSCC, 40, 20250321, P, 0, 193, 0.0084, 58.26, -0.0849
20241219, LSCC, 45, 20250321, C, 0, 55, 0.0131, 58.26, 0.8586
20241219, LSCC, 45, 20250321, P, 0, 1386, 0.0132, 58.26, -0.1459
20241219, LSCC, 50, 20250321, C, 0, 207, 0.0185, 58.26, 0.7708
20241219, LSCC, 50, 20250321, P, 0, 496, 0.0188, 58.26, -0.2351
20241219, LSCC, 55, 20250321, C, 0, 271, 0.0232, 58.26, 0.6586
20241219, LSCC, 55, 20250321, P, 1, 318, 0.0237, 58.26, -0.3497
20241219, LSCC, 60, 20250321, C, 2, 249, 0.0256, 58.26, 0.5342
20241219, LSCC, 60, 20250321, P, 0, 239, 0.0264, 58.26, -0.4775
20241219, LSCC, 65, 20250321, C, 11, 414, 0.0253, 58.26, 0.4133
20241219, LSCC, 65, 20250321, P, 0, 168, 0.0265, 58.26, -0.6032
20241219, LSCC, 70, 20250321, C, 38, 998, 0.0229, 58.26, 0.3079
20241219, LSCC, 70, 20250321, P, 11, 17, 0.0244, 58.26, -0.7144
20241219, LSCC, 75, 20250321, C, 1, 68, 0.0194, 58.26, 0.2232
20241219, LSCC, 75, 20250321, P, 0, 23, 0.0213, 58.26, -0.8059
20241219, LSCC, 80, 20250321, C, 0, 35, 0.0156, 58.26, 0.1588
20241219, LSCC, 80, 20250321, P, 0, 0, 0.0179, 58.26, -0.8777
20241219, LSCC, 85, 20250321, C, 0, 35, 0.0122, 58.26, 0.1118
20241219, LSCC, 85, 20250321, P, 0, 0, 0.0144, 58.26, -0.9323
20241219, LSCC, 90, 20250321, C, 0, 169, 0.0093, 58.26, 0.0783
20241219, LSCC, 90, 20250321, P, 0, 0, 0.0137, 58.26, -0.9753
20241219, LSCC, 25, 20250620, C, 0, 0, 0.0022, 58.26, 0.9664
20241219, LSCC, 25, 20250620, P, 0, 1, 0.0022, 58.26, -0.0311
20241219, LSCC, 30, 20250620, C, 0, 0, 0.0037, 58.26, 0.9454
20241219, LSCC, 30, 20250620, P, 0, 13, 0.0037, 58.26, -0.0522
20241219, LSCC, 35, 20250620, C, 0, 0, 0.0057, 58.26, 0.914
20241219, LSCC, 35, 20250620, P, 0, 10, 0.0058, 58.26, -0.084
20241219, LSCC, 40, 20250620, C, 0, 2, 0.0083, 58.26, 0.8694
20241219, LSCC, 40, 20250620, P, 1, 547, 0.0084, 58.26, -0.1293
20241219, LSCC, 45, 20250620, C, 36, 14, 0.0112, 58.26, 0.8102
20241219, LSCC, 45, 20250620, P, 0, 21, 0.0115, 58.26, -0.1896
20241219, LSCC, 50, 20250620, C, 0, 0, 0.0142, 58.26, 0.737
20241219, LSCC, 50, 20250620, P, 0, 52, 0.0145, 58.26, -0.2645
20241219, LSCC, 55, 20250620, C, 0, 2, 0.0166, 58.26, 0.6531
20241219, LSCC, 55, 20250620, P, 0, 8, 0.0171, 58.26, -0.3509
20241219, LSCC, 60, 20250620, C, 6, 22, 0.0182, 58.26, 0.564
20241219, LSCC, 60, 20250620, P, 1, 4, 0.0189, 58.26, -0.4434
20241219, LSCC, 65, 20250620, C, 11, 37, 0.0187, 58.26, 0.4755
20241219, LSCC, 65, 20250620, P, 0, 34, 0.0198, 58.26, -0.5364
20241219, LSCC, 70, 20250620, C, 14, 93, 0.0183, 58.26, 0.3927
20241219, LSCC, 70, 20250620, P, 0, 1, 0.0197, 58.26, -0.6246
20241219, LSCC, 75, 20250620, C, 0, 29, 0.0172, 58.26, 0.319
20241219, LSCC, 75, 20250620, P, 0, 4, 0.0188, 58.26, -0.7047
20241219, LSCC, 80, 20250620, C, 0, 22, 0.0155, 58.26, 0.256
20241219, LSCC, 80, 20250620, P, 0, 0, 0.0176, 58.26, -0.7751
20241219, LSCC, 85, 20250620, C, 0, 11, 0.0137, 58.26, 0.2035
20241219, LSCC, 85, 20250620, P, 0, 0, 0.0162, 58.26, -0.8357
20241219, LSCC, 90, 20250620, C, 0, 0, 0.0118, 58.26, 0.1609
20241219, LSCC, 90, 20250620, P, 0, 0, 0.0147, 58.26, -0.8874
20241219, LSCC, 22.5, 20260116, C, 0, 11, 0.0018, 58.26, 0.9732
20241219, LSCC, 22.5, 20260116, P, 0, 2, 0.0018, 58.26, -0.0302
20241219, LSCC, 25, 20260116, C, 0, 8, 0.0024, 58.26, 0.9627
20241219, LSCC, 25, 20260116, P, 0, 5, 0.0024, 58.26, -0.0409
20241219, LSCC, 30, 20260116, C, 0, 9, 0.0038, 58.26, 0.9354
20241219, LSCC, 30, 20260116, P, 0, 241, 0.0038, 58.26, -0.0689
20241219, LSCC, 35, 20260116, C, 0, 4, 0.0054, 58.26, 0.8992
20241219, LSCC, 35, 20260116, P, 0, 31, 0.0055, 58.26, -0.1062
20241219, LSCC, 40, 20260116, C, 0, 3, 0.0071, 58.26, 0.8546
20241219, LSCC, 40, 20260116, P, 8, 21, 0.0074, 58.26, -0.1524
20241219, LSCC, 45, 20260116, C, 0, 12, 0.0088, 58.26, 0.8028
20241219, LSCC, 45, 20260116, P, 1, 35, 0.0092, 58.26, -0.2067
20241219, LSCC, 50, 20260116, C, 0, 10, 0.0104, 58.26, 0.7454
20241219, LSCC, 50, 20260116, P, 0, 71, 0.011, 58.26, -0.2673
20241219, LSCC, 55, 20260116, C, 0, 63, 0.0116, 58.26, 0.6846
20241219, LSCC, 55, 20260116, P, 0, 13, 0.0125, 58.26, -0.3323
20241219, LSCC, 60, 20260116, C, 0, 71, 0.0126, 58.26, 0.6226
20241219, LSCC, 60, 20260116, P, 0, 66, 0.0137, 58.26, -0.3995
20241219, LSCC, 65, 20260116, C, 1, 42, 0.0132, 58.26, 0.5613
20241219, LSCC, 65, 20260116, P, 0, 39, 0.0146, 58.26, -0.4671
20241219, LSCC, 70, 20260116, C, 8, 158, 0.0134, 58.26, 0.5023
20241219, LSCC, 70, 20260116, P, 0, 36, 0.0152, 58.26, -0.5334
20241219, LSCC, 75, 20260116, C, 0, 27, 0.0134, 58.26, 0.4468
20241219, LSCC, 75, 20260116, P, 0, 10, 0.0156, 58.26, -0.5972
20241219, LSCC, 80, 20260116, C, 0, 47, 0.0131, 58.26, 0.3956
20241219, LSCC, 80, 20260116, P, 0, 0, 0.0157, 58.26, -0.6578
20241219, LSCC, 85, 20260116, C, 0, 118, 0.0126, 58.26, 0.3491
20241219, LSCC, 85, 20260116, P, 0, 0, 0.0157, 58.26, -0.7147
20241219, LSCC, 90, 20260116, C, 0, 19, 0.012, 58.26, 0.3074
20241219, LSCC, 90, 20260116, P, 0, 0, 0.0156, 58.26, -0.7677
20241219, LSCC, 95, 20260116, C, 0, 10, 0.0113, 58.26, 0.2702
20241219, LSCC, 95, 20260116, P, 0, 0, 0.0154, 58.26, -0.8168
20241219, LSCC, 100, 20260116, C, 0, 52, 0.0106, 58.26, 0.2375
20241219, LSCC, 100, 20260116, P, 0, 0, 0.0152, 58.26, -0.8627
20241219, LSCC, 105, 20260116, C, 0, 4, 0.0098, 58.26, 0.2087
20241219, LSCC, 105, 20260116, P, 0, 0, 0.0148, 58.26, -0.9052
20241219, LSCC, 110, 20260116, C, 0, 124, 0.0091, 58.26, 0.1836
20241219, LSCC, 110, 20260116, P, 0, 0, 0.0143, 58.26, -0.9439
20241219, LSCC, 115, 20260116, C, 0, 1, 0.0083, 58.26, 0.1616
20241219, LSCC, 115, 20260116, P, 0, 0, 0.0106, 58.26, -0.9711
20241219, LSCC, 120, 20260116, C, 0, 13, 0.0076, 58.26, 0.1425
20241219, LSCC, 120, 20260116, P, 0, 0, 0.0039, 58.26, -0.9893
20241219, LSCC, 125, 20260116, C, 0, 17, 0.007, 58.26, 0.1259
20241219, LSCC, 125, 20260116, P, 0, 0, 0.0005, 58.26, -0.9987
20241219, LSCC, 130, 20260116, C, 0, 10, 0.0064, 58.26, 0.1114
20241219, LSCC, 130, 20260116, P, 0, 0, 0, 58.26, -1
20241219, LSCC, 135, 20260116, C, 0, 31, 0.0058, 58.26, 0.0988
20241219, LSCC, 135, 20260116, P, 0, 0, 0, 58.26, -1
20241219, LSCC, 22.5, 20270115, C, 0, 0, 0.002, 58.26, 0.962
20241219, LSCC, 22.5, 20270115, P, 0, 6, 0.002, 58.26, -0.0435
20241219, LSCC, 25, 20270115, C, 0, 0, 0.0024, 58.26, 0.9496
20241219, LSCC, 25, 20270115, P, 0, 0, 0.0026, 58.26, -0.0565
20241219, LSCC, 30, 20270115, C, 0, 0, 0.0035, 58.26, 0.9204
20241219, LSCC, 30, 20270115, P, 0, 1, 0.0037, 58.26, -0.0873
20241219, LSCC, 35, 20270115, C, 0, 10, 0.0045, 58.26, 0.8862
20241219, LSCC, 35, 20270115, P, 0, 0, 0.0049, 58.26, -0.1238
20241219, LSCC, 40, 20270115, C, 0, 0, 0.0056, 58.26, 0.8483
20241219, LSCC, 40, 20270115, P, 0, 1, 0.006, 58.26, -0.1648
20241219, LSCC, 45, 20270115, C, 0, 1, 0.0065, 58.26, 0.8076
20241219, LSCC, 45, 20270115, P, 0, 37, 0.0072, 58.26, -0.2094
20241219, LSCC, 50, 20270115, C, 0, 10, 0.0074, 58.26, 0.7652
20241219, LSCC, 50, 20270115, P, 0, 9, 0.0083, 58.26, -0.2566
20241219, LSCC, 55, 20270115, C, 10, 21, 0.0081, 58.26, 0.722
20241219, LSCC, 55, 20270115, P, 0, 4, 0.0093, 58.26, -0.3056
20241219, LSCC, 60, 20270115, C, 0, 32, 0.0087, 58.26, 0.6787
20241219, LSCC, 60, 20270115, P, 0, 2, 0.0102, 58.26, -0.3555
20241219, LSCC, 65, 20270115, C, 0, 49, 0.0092, 58.26, 0.6361
20241219, LSCC, 65, 20270115, P, 0, 0, 0.011, 58.26, -0.4058
20241219, LSCC, 70, 20270115, C, 0, 0, 0.0096, 58.26, 0.5945
20241219, LSCC, 70, 20270115, P, 0, 0, 0.0117, 58.26, -0.4562
20241219, LSCC, 75, 20270115, C, 0, 3, 0.0098, 58.26, 0.5544
20241219, LSCC, 75, 20270115, P, 0, 0, 0.0123, 58.26, -0.5062
20241219, LSCC, 80, 20270115, C, 0, 0, 0.0099, 58.26, 0.5159
20241219, LSCC, 80, 20270115, P, 0, 0, 0.0129, 58.26, -0.5556
20241219, LSCC, 85, 20270115, C, 0, 0, 0.01, 58.26, 0.4792
20241219, LSCC, 85, 20270115, P, 0, 0, 0.0134, 58.26, -0.6042
20241219, LSCC, 90, 20270115, C, 0, 0, 0.0099, 58.26, 0.4446
20241219, LSCC, 90, 20270115, P, 0, 0, 0.0139, 58.26, -0.6519
20241226, LSCC, 22.5, 20250117, C, 0, 0, 0.0003, 59.66, 0.999
20241226, LSCC, 22.5, 20250117, P, 0, 4, 0.0003, 59.66, -0.002
20241226, LSCC, 25, 20250117, C, 0, 0, 0.0004, 59.66, 0.9985
20241226, LSCC, 25, 20250117, P, 0, 5, 0.0004, 59.66, -0.0024
20241226, LSCC, 30, 20250117, C, 0, 0, 0.0007, 59.66, 0.997
20241226, LSCC, 30, 20250117, P, 0, 2371, 0.0007, 59.66, -0.0039
20241226, LSCC, 35, 20250117, C, 0, 14, 0.0014, 59.66, 0.9942
20241226, LSCC, 35, 20250117, P, 0, 1064, 0.0014, 59.66, -0.0068
20241226, LSCC, 40, 20250117, C, 0, 39, 0.003, 59.66, 0.9879
20241226, LSCC, 40, 20250117, P, 0, 1346, 0.003, 59.66, -0.0131
20241226, LSCC, 45, 20250117, C, 0, 45, 0.007, 59.66, 0.9722
20241226, LSCC, 45, 20250117, P, 0, 709, 0.007, 59.66, -0.0289
20241226, LSCC, 50, 20250117, C, 4, 310, 0.0179, 59.66, 0.9276
20241226, LSCC, 50, 20250117, P, 1, 628, 0.018, 59.66, -0.0739
20241226, LSCC, 55, 20250117, C, 0, 865, 0.0428, 59.66, 0.7958
20241226, LSCC, 55, 20250117, P, 40, 424, 0.0433, 59.66, -0.2072
20241226, LSCC, 60, 20250117, C, 31, 272, 0.0643, 59.66, 0.5161
20241226, LSCC, 60, 20250117, P, 2, 558, 0.0653, 59.66, -0.4908
20241226, LSCC, 65, 20250117, C, 0, 518, 0.0486, 59.66, 0.2427
20241226, LSCC, 65, 20250117, P, 0, 154, 0.05, 59.66, -0.7697
20241226, LSCC, 70, 20250117, C, 9, 737, 0.0254, 59.66, 0.1008
20241226, LSCC, 70, 20250117, P, 0, 34, 0.0266, 59.66, -0.9161
20241226, LSCC, 75, 20250117, C, 18, 786, 0.012, 59.66, 0.042
20241226, LSCC, 75, 20250117, P, 0, 11, 0.0157, 59.66, -0.9819
20241226, LSCC, 80, 20250117, C, 0, 81, 0.0056, 59.66, 0.0181
20241226, LSCC, 80, 20250117, P, 0, 0, 0, 59.66, -1
20241226, LSCC, 85, 20250117, C, 0, 88, 0.0026, 59.66, 0.0081
20241226, LSCC, 85, 20250117, P, 0, 0, 0, 59.66, -1
20241226, LSCC, 90, 20250117, C, 0, 146, 0.0013, 59.66, 0.0038
20241226, LSCC, 90, 20250117, P, 0, 0, 0, 59.66, -1
20241226, LSCC, 95, 20250117, C, 0, 62, 0.0006, 59.66, 0.0018
20241226, LSCC, 95, 20250117, P, 0, 0, 0, 59.66, -1
20241226, LSCC, 100, 20250117, C, 4, 130, 0.0003, 59.66, 0.0009
20241226, LSCC, 100, 20250117, P, 0, 0, 0, 59.66, -1
20241226, LSCC, 105, 20250117, C, 0, 39, 0.0002, 59.66, 0.0005
20241226, LSCC, 105, 20250117, P, 0, 0, 0, 59.66, -1
20241226, LSCC, 110, 20250117, C, 0, 118, 0.0001, 59.66, 0.0002
20241226, LSCC, 110, 20250117, P, 0, 0, 0, 59.66, -1
20241226, LSCC, 115, 20250117, C, 0, 30, 0, 59.66, 0.0001
20241226, LSCC, 115, 20250117, P, 0, 0, 0, 59.66, -1
20241226, LSCC, 120, 20250117, C, 0, 88, 0, 59.66, 0.0001
20241226, LSCC, 120, 20250117, P, 0, 0, 0, 59.66, -1
20241226, LSCC, 125, 20250117, C, 0, 63, 0, 59.66, 0
20241226, LSCC, 125, 20250117, P, 0, 0, 0, 59.66, -1
20241226, LSCC, 130, 20250117, C, 0, 42, 0, 59.66, 0
20241226, LSCC, 130, 20250117, P, 0, 0, 0, 59.66, -1
20241226, LSCC, 135, 20250117, C, 0, 90, 0, 59.66, 0
20241226, LSCC, 135, 20250117, P, 0, 0, 0, 59.66, -1
20241226, LSCC, 35, 20250221, C, 0, 0, 0.0029, 59.66, 0.9812
20241226, LSCC, 35, 20250221, P, 0, 0, 0.0029, 59.66, -0.0203
20241226, LSCC, 40, 20250221, C, 0, 0, 0.006, 59.66, 0.9582
20241226, LSCC, 40, 20250221, P, 7, 0, 0.006, 59.66, -0.0435
20241226, LSCC, 45, 20250221, C, 0, 0, 0.0114, 59.66, 0.9124
20241226, LSCC, 45, 20250221, P, 0, 2, 0.0115, 59.66, -0.0896
20241226, LSCC, 50, 20250221, C, 0, 0, 0.0193, 59.66, 0.8305
20241226, LSCC, 50, 20250221, P, 0, 1, 0.0195, 59.66, -0.1723
20241226, LSCC, 55, 20250221, C, 0, 4, 0.0277, 59.66, 0.7054
20241226, LSCC, 55, 20250221, P, 5, 10, 0.028, 59.66, -0.2991
20241226, LSCC, 60, 20250221, C, 14, 40, 0.0328, 59.66, 0.5486
20241226, LSCC, 60, 20250221, P, 239, 0, 0.0335, 59.66, -0.4587
20241226, LSCC, 65, 20250221, C, 35, 52, 0.0323, 59.66, 0.3894
20241226, LSCC, 65, 20250221, P, 0, 0, 0.0333, 59.66, -0.6222
20241226, LSCC, 70, 20250221, C, 0, 4, 0.0272, 59.66, 0.2556
20241226, LSCC, 70, 20250221, P, 0, 0, 0.0286, 59.66, -0.7616
20241226, LSCC, 75, 20250221, C, 0, 0, 0.0204, 59.66, 0.1585
20241226, LSCC, 75, 20250221, P, 0, 0, 0.0222, 59.66, -0.8654
20241226, LSCC, 80, 20250221, C, 1, 6, 0.0141, 59.66, 0.0948
20241226, LSCC, 80, 20250221, P, 0, 0, 0.0158, 59.66, -0.9357
20241226, LSCC, 85, 20250221, C, 0, 0, 0.0092, 59.66, 0.0556
20241226, LSCC, 85, 20250221, P, 0, 0, 0.0148, 59.66, -0.9834
20241226, LSCC, 90, 20250221, C, 0, 0, 0.0059, 59.66, 0.0324
20241226, LSCC, 90, 20250221, P, 0, 0, 0, 59.66, -1
20241226, LSCC, 95, 20250221, C, 0, 30, 0.0037, 59.66, 0.0188
20241226, LSCC, 95, 20250221, P, 0, 0, 0, 59.66, -1
20241226, LSCC, 22.5, 20250321, C, 0, 0, 0.0006, 59.66, 0.9962
20241226, LSCC, 22.5, 20250321, P, 0, 828, 0.0006, 59.66, -0.0051
20241226, LSCC, 25, 20250321, C, 0, 0, 0.0009, 59.66, 0.9939
20241226, LSCC, 25, 20250321, P, 0, 300, 0.0009, 59.66, -0.0074
20241226, LSCC, 30, 20250321, C, 0, 1, 0.0018, 59.66, 0.986
20241226, LSCC, 30, 20250321, P, 0, 20, 0.0018, 59.66, -0.0153
20241226, LSCC, 35, 20250321, C, 0, 9, 0.0037, 59.66, 0.9704
20241226, LSCC, 35, 20250321, P, 0, 26, 0.0037, 59.66, -0.031
20241226, LSCC, 40, 20250321, C, 0, 63, 0.0068, 59.66, 0.9409
20241226, LSCC, 40, 20250321, P, 1, 193, 0.0069, 59.66, -0.0607
20241226, LSCC, 45, 20250321, C, 0, 55, 0.0117, 59.66, 0.889
20241226, LSCC, 45, 20250321, P, 0, 1386, 0.0118, 59.66, -0.1132
20241226, LSCC, 50, 20250321, C, 4, 207, 0.0179, 59.66, 0.8068
20241226, LSCC, 50, 20250321, P, 10, 497, 0.0181, 59.66, -0.1964
20241226, LSCC, 55, 20250321, C, 1, 270, 0.0238, 59.66, 0.6938
20241226, LSCC, 55, 20250321, P, 10, 320, 0.0243, 59.66, -0.3114
20241226, LSCC, 60, 20250321, C, 6, 255, 0.0275, 59.66, 0.5606
20241226, LSCC, 60, 20250321, P, 6, 244, 0.0282, 59.66, -0.4476
20241226, LSCC, 65, 20250321, C, 20, 421, 0.0277, 59.66, 0.4264
20241226, LSCC, 65, 20250321, P, 6, 166, 0.0288, 59.66, -0.5862
20241226, LSCC, 70, 20250321, C, 41, 986, 0.025, 59.66, 0.3083
20241226, LSCC, 70, 20250321, P, 0, 27, 0.0264, 59.66, -0.7101
20241226, LSCC, 75, 20250321, C, 0, 71, 0.0206, 59.66, 0.2146
20241226, LSCC, 75, 20250321, P, 0, 23, 0.0225, 59.66, -0.8105
20241226, LSCC, 80, 20250321, C, 0, 35, 0.0161, 59.66, 0.1457
20241226, LSCC, 80, 20250321, P, 0, 0, 0.0184, 59.66, -0.8871
20241226, LSCC, 85, 20250321, C, 0, 35, 0.012, 59.66, 0.0975
20241226, LSCC, 85, 20250321, P, 0, 0, 0.014, 59.66, -0.9424
20241226, LSCC, 90, 20250321, C, 0, 169, 0.0087, 59.66, 0.0648
20241226, LSCC, 90, 20250321, P, 0, 0, 0.0121, 59.66, -0.984
20241226, LSCC, 25, 20250620, C, 0, 0, 0.0018, 59.66, 0.9787
20241226, LSCC, 25, 20250620, P, 0, 1, 0.0018, 59.66, -0.0237
20241226, LSCC, 30, 20250620, C, 0, 0, 0.0031, 59.66, 0.9619
20241226, LSCC, 30, 20250620, P, 0, 13, 0.0031, 59.66, -0.0407
20241226, LSCC, 35, 20250620, C, 0, 0, 0.005, 59.66, 0.9355
20241226, LSCC, 35, 20250620, P, 0, 10, 0.005, 59.66, -0.0674
20241226, LSCC, 40, 20250620, C, 0, 2, 0.0076, 59.66, 0.8962
20241226, LSCC, 40, 20250620, P, 0, 548, 0.0077, 59.66, -0.1073
20241226, LSCC, 45, 20250620, C, 0, 50, 0.0107, 59.66, 0.8413
20241226, LSCC, 45, 20250620, P, 0, 21, 0.0109, 59.66, -0.1632
20241226, LSCC, 50, 20250620, C, 0, 0, 0.0139, 59.66, 0.7703
20241226, LSCC, 50, 20250620, P, 2, 55, 0.0143, 59.66, -0.2363
20241226, LSCC, 55, 20250620, C, 0, 2, 0.0168, 59.66, 0.6856
20241226, LSCC, 55, 20250620, P, 9, 12, 0.0174, 59.66, -0.3237
20241226, LSCC, 60, 20250620, C, 19, 32, 0.0188, 59.66, 0.5931
20241226, LSCC, 60, 20250620, P, 26, 7, 0.0196, 59.66, -0.4201
20241226, LSCC, 65, 20250620, C, 12, 36, 0.0196, 59.66, 0.4997
20241226, LSCC, 65, 20250620, P, 13, 37, 0.0208, 59.66, -0.5184
20241226, LSCC, 70, 20250620, C, 19, 131, 0.0193, 59.66, 0.412
20241226, LSCC, 70, 20250620, P, 1, 3, 0.0208, 59.66, -0.6124
20241226, LSCC, 75, 20250620, C, 4, 29, 0.0181, 59.66, 0.334
20241226, LSCC, 75, 20250620, P, 0, 4, 0.02, 59.66, -0.6976
20241226, LSCC, 80, 20250620, C, 1, 22, 0.0163, 59.66, 0.2676
20241226, LSCC, 80, 20250620, P, 0, 0, 0.0187, 59.66, -0.7722
20241226, LSCC, 85, 20250620, C, 0, 13, 0.0144, 59.66, 0.2128
20241226, LSCC, 85, 20250620, P, 0, 0, 0.0171, 59.66, -0.836
20241226, LSCC, 90, 20250620, C, 0, 1, 0.0124, 59.66, 0.1688
20241226, LSCC, 90, 20250620, P, 0, 0, 0.0156, 59.66, -0.8899
20241226, LSCC, 22.5, 20260116, C, 0, 11, 0.0016, 59.66, 0.979
20241226, LSCC, 22.5, 20260116, P, 0, 2, 0.0016, 59.66, -0.026
20241226, LSCC, 25, 20260116, C, 0, 8, 0.0021, 59.66, 0.9698
20241226, LSCC, 25, 20260116, P, 0, 5, 0.0022, 59.66, -0.0354
20241226, LSCC, 30, 20260116, C, 0, 9, 0.0034, 59.66, 0.9453
20241226, LSCC, 30, 20260116, P, 0, 241, 0.0035, 59.66, -0.0605
20241226, LSCC, 35, 20260116, C, 0, 4, 0.005, 59.66, 0.912
20241226, LSCC, 35, 20260116, P, 0, 31, 0.0051, 59.66, -0.0949
20241226, LSCC, 40, 20260116, C, 0, 3, 0.0067, 59.66, 0.8698
20241226, LSCC, 40, 20260116, P, 0, 21, 0.007, 59.66, -0.1384
20241226, LSCC, 45, 20260116, C, 0, 12, 0.0085, 59.66, 0.8197
20241226, LSCC, 45, 20260116, P, 0, 34, 0.0088, 59.66, -0.1907
20241226, LSCC, 50, 20260116, C, 0, 10, 0.0101, 59.66, 0.7633
20241226, LSCC, 50, 20260116, P, 0, 71, 0.0107, 59.66, -0.2502
20241226, LSCC, 55, 20260116, C, 0, 63, 0.0115, 59.66, 0.7025
20241226, LSCC, 55, 20260116, P, 0, 13, 0.0123, 59.66, -0.3154
20241226, LSCC, 60, 20260116, C, 0, 71, 0.0126, 59.66, 0.6395
20241226, LSCC, 60, 20260116, P, 188, 66, 0.0137, 59.66, -0.3832
20241226, LSCC, 65, 20260116, C, 0, 41, 0.0133, 59.66, 0.5765
20241226, LSCC, 65, 20260116, P, 0, 39, 0.0148, 59.66, -0.4529
20241226, LSCC, 70, 20260116, C, 0, 164, 0.0137, 59.66, 0.5151
20241226, LSCC, 70, 20260116, P, 0, 36, 0.0155, 59.66, -0.5218
20241226, LSCC, 75, 20260116, C, 0, 27, 0.0137, 59.66, 0.4567
20241226, LSCC, 75, 20260116, P, 0, 10, 0.0159, 59.66, -0.589
20241226, LSCC, 80, 20260116, C, 0, 47, 0.0135, 59.66, 0.4027
20241226, LSCC, 80, 20260116, P, 0, 0, 0.0162, 59.66, -0.6534
20241226, LSCC, 85, 20260116, C, 0, 118, 0.013, 59.66, 0.3528
20241226, LSCC, 85, 20260116, P, 0, 0, 0.0162, 59.66, -0.7145
20241226, LSCC, 90, 20260116, C, 0, 19, 0.0124, 59.66, 0.3077
20241226, LSCC, 90, 20260116, P, 0, 0, 0.0161, 59.66, -0.772
20241226, LSCC, 95, 20260116, C, 0, 10, 0.0116, 59.66, 0.2674
20241226, LSCC, 95, 20260116, P, 0, 0, 0.016, 59.66, -0.8261
20241226, LSCC, 100, 20260116, C, 4, 52, 0.0108, 59.66, 0.2317
20241226, LSCC, 100, 20260116, P, 0, 0, 0.016, 59.66, -0.8771
20241226, LSCC, 105, 20260116, C, 0, 4, 0.0099, 59.66, 0.2003
20241226, LSCC, 105, 20260116, P, 0, 0, 0.0158, 59.66, -0.9252
20241226, LSCC, 110, 20260116, C, 0, 124, 0.0091, 59.66, 0.1729
20241226, LSCC, 110, 20260116, P, 0, 0, 0.0127, 59.66, -0.9634
20241226, LSCC, 115, 20260116, C, 0, 1, 0.0083, 59.66, 0.1491
20241226, LSCC, 115, 20260116, P, 0, 0, 0.0049, 59.66, -0.9873
20241226, LSCC, 120, 20260116, C, 0, 13, 0.0075, 59.66, 0.1285
20241226, LSCC, 120, 20260116, P, 0, 0, 0.0003, 59.66, -0.9993
20241226, LSCC, 125, 20260116, C, 0, 17, 0.0067, 59.66, 0.1105
20241226, LSCC, 125, 20260116, P, 0, 0, 0, 59.66, -1
20241226, LSCC, 130, 20260116, C, 0, 10, 0.006, 59.66, 0.0952
20241226, LSCC, 130, 20260116, P, 0, 0, 0, 59.66, -1
20241226, LSCC, 135, 20260116, C, 0, 60, 0.0054, 59.66, 0.082
20241226, LSCC, 135, 20260116, P, 0, 0, 0, 59.66, -1
20241226, LSCC, 22.5, 20270115, C, 0, 0, 0.0018, 59.66, 0.9662
20241226, LSCC, 22.5, 20270115, P, 0, 6, 0.0019, 59.66, -0.0391
20241226, LSCC, 25, 20270115, C, 0, 0, 0.0022, 59.66, 0.9547
20241226, LSCC, 25, 20270115, P, 0, 0, 0.0024, 59.66, -0.0511
20241226, LSCC, 30, 20270115, C, 0, 0, 0.0032, 59.66, 0.9272
20241226, LSCC, 30, 20270115, P, 0, 1, 0.0034, 59.66, -0.08
20241226, LSCC, 35, 20270115, C, 0, 10, 0.0043, 59.66, 0.8946
20241226, LSCC, 35, 20270115, P, 0, 0, 0.0046, 59.66, -0.115
20241226, LSCC, 40, 20270115, C, 0, 0, 0.0054, 59.66, 0.8576
20241226, LSCC, 40, 20270115, P, 0, 1, 0.0058, 59.66, -0.1548
20241226, LSCC, 45, 20270115, C, 0, 1, 0.0064, 59.66, 0.8175
20241226, LSCC, 45, 20270115, P, 0, 37, 0.007, 59.66, -0.1986
20241226, LSCC, 50, 20270115, C, 0, 10, 0.0072, 59.66, 0.7752
20241226, LSCC, 50, 20270115, P, 0, 9, 0.0081, 59.66, -0.2455
20241226, LSCC, 55, 20270115, C, 0, 20, 0.008, 59.66, 0.7317
20241226, LSCC, 55, 20270115, P, 0, 4, 0.0091, 59.66, -0.2943
20241226, LSCC, 60, 20270115, C, 0, 32, 0.0087, 59.66, 0.6878
20241226, LSCC, 60, 20270115, P, 0, 2, 0.0101, 59.66, -0.3448
20241226, LSCC, 65, 20270115, C, 0, 49, 0.0092, 59.66, 0.6442
20241226, LSCC, 65, 20270115, P, 0, 0, 0.0109, 59.66, -0.396
20241226, LSCC, 70, 20270115, C, 0, 0, 0.0096, 59.66, 0.6018
20241226, LSCC, 70, 20270115, P, 0, 0, 0.0117, 59.66, -0.4478
20241226, LSCC, 75, 20270115, C, 0, 3, 0.0099, 59.66, 0.5603
20241226, LSCC, 75, 20270115, P, 0, 0, 0.0124, 59.66, -0.4991
20241226, LSCC, 80, 20270115, C, 0, 0, 0.01, 59.66, 0.5205
20241226, LSCC, 80, 20270115, P, 0, 0, 0.013, 59.66, -0.55
20241226, LSCC, 85, 20270115, C, 0, 0, 0.0101, 59.66, 0.4825
20241226, LSCC, 85, 20270115, P, 0, 0, 0.0135, 59.66, -0.6001
20241226, LSCC, 90, 20270115, C, 0, 1, 0.01, 59.66, 0.4465
20241226, LSCC, 90, 20270115, P, 0, 0, 0.014, 59.66, -0.6494
20241230, LSCC, 22.5, 20250117, C, 0, 0, 0.0006, 57.05, 0.996
20241230, LSCC, 22.5, 20250117, P, 0, 4, 0.0006, 57.05, -0.0048
20241230, LSCC, 25, 20250117, C, 0, 0, 0.0008, 57.05, 0.995
20241230, LSCC, 25, 20250117, P, 0, 5, 0.0008, 57.05, -0.0058
20241230, LSCC, 30, 20250117, C, 0, 0, 0.0014, 57.05, 0.9921
20241230, LSCC, 30, 20250117, P, 0, 2371, 0.0014, 57.05, -0.0087
20241230, LSCC, 35, 20250117, C, 0, 14, 0.0026, 57.05, 0.9868
20241230, LSCC, 35, 20250117, P, 0, 1064, 0.0026, 57.05, -0.014
20241230, LSCC, 40, 20250117, C, 0, 39, 0.0053, 57.05, 0.9762
20241230, LSCC, 40, 20250117, P, 0, 1348, 0.0053, 57.05, -0.0247
20241230, LSCC, 45, 20250117, C, 0, 45, 0.0117, 57.05, 0.9515
20241230, LSCC, 45, 20250117, P, 0, 709, 0.0118, 57.05, -0.0496
20241230, LSCC, 50, 20250117, C, 0, 306, 0.0289, 57.05, 0.8827
20241230, LSCC, 50, 20250117, P, 0, 624, 0.0291, 57.05, -0.1188
20241230, LSCC, 55, 20250117, C, 0, 865, 0.0634, 57.05, 0.6746
20241230, LSCC, 55, 20250117, P, 0, 394, 0.0641, 57.05, -0.3294
20241230, LSCC, 60, 20250117, C, 0, 294, 0.0629, 57.05, 0.3424
20241230, LSCC, 60, 20250117, P, 3, 558, 0.0641, 57.05, -0.6661
20241230, LSCC, 65, 20250117, C, 0, 514, 0.0354, 57.05, 0.1538
20241230, LSCC, 65, 20250117, P, 0, 153, 0.0366, 57.05, -0.858
20241230, LSCC, 70, 20250117, C, 0, 731, 0.0185, 57.05, 0.0745
20241230, LSCC, 70, 20250117, P, 0, 34, 0.0197, 57.05, -0.939
20241230, LSCC, 75, 20250117, C, 4, 786, 0.0101, 57.05, 0.0393
20241230, LSCC, 75, 20250117, P, 0, 11, 0.0119, 57.05, -0.9762
20241230, LSCC, 80, 20250117, C, 0, 81, 0.0058, 57.05, 0.0221
20241230, LSCC, 80, 20250117, P, 0, 0, 0.0052, 57.05, -0.9936
20241230, LSCC, 85, 20250117, C, 0, 88, 0.0034, 57.05, 0.013
20241230, LSCC, 85, 20250117, P, 0, 0, 0.001, 57.05, -0.9991
20241230, LSCC, 90, 20250117, C, 0, 146, 0.0021, 57.05, 0.008
20241230, LSCC, 90, 20250117, P, 0, 0, 0, 57.05, -1
20241230, LSCC, 95, 20250117, C, 0, 62, 0.0013, 57.05, 0.005
20241230, LSCC, 95, 20250117, P, 0, 0, 0, 57.05, -1
20241230, LSCC, 100, 20250117, C, 0, 126, 0.0009, 57.05, 0.0033
20241230, LSCC, 100, 20250117, P, 0, 0, 0, 57.05, -1
20241230, LSCC, 105, 20250117, C, 0, 39, 0.0006, 57.05, 0.0022
20241230, LSCC, 105, 20250117, P, 0, 0, 0, 57.05, -1
20241230, LSCC, 110, 20250117, C, 0, 118, 0.0004, 57.05, 0.0015
20241230, LSCC, 110, 20250117, P, 0, 0, 0, 57.05, -1
20241230, LSCC, 115, 20250117, C, 0, 30, 0.0003, 57.05, 0.001
20241230, LSCC, 115, 20250117, P, 0, 0, 0, 57.05, -1
20241230, LSCC, 120, 20250117, C, 0, 88, 0.0002, 57.05, 0.0007
20241230, LSCC, 120, 20250117, P, 0, 0, 0, 57.05, -1
20241230, LSCC, 125, 20250117, C, 0, 63, 0.0001, 57.05, 0.0005
20241230, LSCC, 125, 20250117, P, 0, 0, 0, 57.05, -1
20241230, LSCC, 130, 20250117, C, 0, 42, 0.0001, 57.05, 0.0004
20241230, LSCC, 130, 20250117, P, 0, 0, 0, 57.05, -1
20241230, LSCC, 135, 20250117, C, 0, 90, 0.0001, 57.05, 0.0002
20241230, LSCC, 135, 20250117, P, 0, 0, 0, 57.05, -1
20241230, LSCC, 35, 20250221, C, 0, 0, 0.0038, 57.05, 0.9756
20241230, LSCC, 35, 20250221, P, 0, 0, 0.0039, 57.05, -0.0262
20241230, LSCC, 40, 20250221, C, 0, 0, 0.008, 57.05, 0.9452
20241230, LSCC, 40, 20250221, P, 0, 9, 0.008, 57.05, -0.0567
20241230, LSCC, 45, 20250221, C, 0, 0, 0.0151, 57.05, 0.8849
20241230, LSCC, 45, 20250221, P, 0, 2, 0.0152, 57.05, -0.1174
20241230, LSCC, 50, 20250221, C, 0, 0, 0.0245, 57.05, 0.7796
20241230, LSCC, 50, 20250221, P, 0, 6, 0.0248, 57.05, -0.2239
20241230, LSCC, 55, 20250221, C, 0, 5, 0.0327, 57.05, 0.6285
20241230, LSCC, 55, 20250221, P, 0, 10, 0.0332, 57.05, -0.3771
20241230, LSCC, 60, 20250221, C, 0, 54, 0.035, 57.05, 0.4575
20241230, LSCC, 60, 20250221, P, 0, 243, 0.0359, 57.05, -0.5519
20241230, LSCC, 65, 20250221, C, 2, 96, 0.031, 57.05, 0.3039
20241230, LSCC, 65, 20250221, P, 0, 0, 0.0323, 57.05, -0.7106
20241230, LSCC, 70, 20250221, C, 0, 5, 0.0238, 57.05, 0.1887
20241230, LSCC, 70, 20250221, P, 0, 0, 0.0255, 57.05, -0.8313
20241230, LSCC, 75, 20250221, C, 0, 0, 0.0167, 57.05, 0.1131
20241230, LSCC, 75, 20250221, P, 0, 0, 0.0187, 57.05, -0.9134
20241230, LSCC, 80, 20250221, C, 0, 7, 0.011, 57.05, 0.0667
20241230, LSCC, 80, 20250221, P, 0, 0, 0.0139, 57.05, -0.9671
20241230, LSCC, 85, 20250221, C, 0, 0, 0.0071, 57.05, 0.0392
20241230, LSCC, 85, 20250221, P, 0, 0, 0.0044, 57.05, -0.9952
20241230, LSCC, 90, 20250221, C, 0, 0, 0.0045, 57.05, 0.0232
20241230, LSCC, 90, 20250221, P, 0, 0, 0, 57.05, -1
20241230, LSCC, 95, 20250221, C, 0, 30, 0.0028, 57.05, 0.0139
20241230, LSCC, 95, 20250221, P, 0, 0, 0, 57.05, -1
20241230, LSCC, 22.5, 20250321, C, 0, 0, 0.0007, 57.05, 0.9963
20241230, LSCC, 22.5, 20250321, P, 0, 828, 0.0007, 57.05, -0.0056
20241230, LSCC, 25, 20250321, C, 0, 0, 0.001, 57.05, 0.9935
20241230, LSCC, 25, 20250321, P, 0, 300, 0.001, 57.05, -0.0084
20241230, LSCC, 30, 20250321, C, 0, 1, 0.0023, 57.05, 0.9836
20241230, LSCC, 30, 20250321, P, 0, 20, 0.0023, 57.05, -0.0183
20241230, LSCC, 35, 20250321, C, 0, 9, 0.0047, 57.05, 0.9633
20241230, LSCC, 35, 20250321, P, 0, 26, 0.0048, 57.05, -0.0387
20241230, LSCC, 40, 20250321, C, 0, 63, 0.0089, 57.05, 0.9247
20241230, LSCC, 40, 20250321, P, 0, 207, 0.0089, 57.05, -0.0776
20241230, LSCC, 45, 20250321, C, 0, 55, 0.0148, 57.05, 0.8581
20241230, LSCC, 45, 20250321, P, 0, 1386, 0.015, 57.05, -0.1449
20241230, LSCC, 50, 20250321, C, 0, 207, 0.0216, 57.05, 0.7576
20241230, LSCC, 50, 20250321, P, 0, 497, 0.022, 57.05, -0.2468
20241230, LSCC, 55, 20250321, C, 0, 269, 0.0271, 57.05, 0.628
20241230, LSCC, 55, 20250321, P, 0, 321, 0.0277, 57.05, -0.379
20241230, LSCC, 60, 20250321, C, 0, 255, 0.0292, 57.05, 0.4863
20241230, LSCC, 60, 20250321, P, 0, 239, 0.0302, 57.05, -0.5245
20241230, LSCC, 65, 20250321, C, 0, 435, 0.0276, 57.05, 0.3531
20241230, LSCC, 65, 20250321, P, 0, 167, 0.0289, 57.05, -0.6634
20241230, LSCC, 70, 20250321, C, 32, 1006, 0.0234, 57.05, 0.2433
20241230, LSCC, 70, 20250321, P, 0, 27, 0.0252, 57.05, -0.7799
20241230, LSCC, 75, 20250321, C, 0, 71, 0.0182, 57.05, 0.1612
20241230, LSCC, 75, 20250321, P, 0, 23, 0.0204, 57.05, -0.8698
20241230, LSCC, 80, 20250321, C, 0, 35, 0.0134, 57.05, 0.1041
20241230, LSCC, 80, 20250321, P, 0, 0, 0.0158, 57.05, -0.9353
20241230, LSCC, 85, 20250321, C, 0, 35, 0.0095, 57.05, 0.0662
20241230, LSCC, 85, 20250321, P, 0, 0, 0.013, 57.05, -0.9818
20241230, LSCC, 90, 20250321, C, 0, 169, 0.0065, 57.05, 0.0418
20241230, LSCC, 90, 20250321, P, 0, 0, 0, 57.05, -1
20241230, LSCC, 25, 20250620, C, 0, 0, 0.0018, 57.05, 0.9846
20241230, LSCC, 25, 20250620, P, 0, 1, 0.0018, 57.05, -0.019
20241230, LSCC, 30, 20250620, C, 0, 0, 0.0034, 57.05, 0.9654
20241230, LSCC, 30, 20250620, P, 0, 13, 0.0034, 57.05, -0.0384
20241230, LSCC, 35, 20250620, C, 0, 0, 0.0059, 57.05, 0.9331
20241230, LSCC, 35, 20250620, P, 0, 10, 0.0059, 57.05, -0.071
20241230, LSCC, 40, 20250620, C, 0, 2, 0.0091, 57.05, 0.8843
20241230, LSCC, 40, 20250620, P, 0, 549, 0.0092, 57.05, -0.1207
20241230, LSCC, 45, 20250620, C, 0, 50, 0.0127, 57.05, 0.8174
20241230, LSCC, 45, 20250620, P, 0, 21, 0.013, 57.05, -0.1891
20241230, LSCC, 50, 20250620, C, 0, 0, 0.0161, 57.05, 0.7345
20241230, LSCC, 50, 20250620, P, 0, 57, 0.0166, 57.05, -0.2744
20241230, LSCC, 55, 20250620, C, 0, 2, 0.0188, 57.05, 0.6406
20241230, LSCC, 55, 20250620, P, 0, 12, 0.0195, 57.05, -0.3716
20241230, LSCC, 60, 20250620, C, 0, 32, 0.0202, 57.05, 0.5428
20241230, LSCC, 60, 20250620, P, 0, 29, 0.0213, 57.05, -0.474
20241230, LSCC, 65, 20250620, C, 0, 49, 0.0204, 57.05, 0.448
20241230, LSCC, 65, 20250620, P, 0, 46, 0.0218, 57.05, -0.5748
20241230, LSCC, 70, 20250620, C, 0, 130, 0.0195, 57.05, 0.3613
20241230, LSCC, 70, 20250620, P, 0, 4, 0.0213, 57.05, -0.6686
20241230, LSCC, 75, 20250620, C, 0, 29, 0.0178, 57.05, 0.286
20241230, LSCC, 75, 20250620, P, 0, 4, 0.0201, 57.05, -0.7527
20241230, LSCC, 80, 20250620, C, 0, 23, 0.0156, 57.05, 0.2229
20241230, LSCC, 80, 20250620, P, 0, 0, 0.0185, 57.05, -0.8256
20241230, LSCC, 85, 20250620, C, 0, 13, 0.0134, 57.05, 0.1717
20241230, LSCC, 85, 20250620, P, 0, 0, 0.0167, 57.05, -0.8877
20241230, LSCC, 90, 20250620, C, 0, 1, 0.0112, 57.05, 0.1312
20241230, LSCC, 90, 20250620, P, 0, 0, 0.0153, 57.05, -0.9405
20241230, LSCC, 22.5, 20260116, C, 0, 11, 0.0019, 57.05, 0.9754
20241230, LSCC, 22.5, 20260116, P, 0, 2, 0.0019, 57.05, -0.0302
20241230, LSCC, 25, 20260116, C, 0, 8, 0.0025, 57.05, 0.9648
20241230, LSCC, 25, 20260116, P, 0, 5, 0.0026, 57.05, -0.0411
20241230, LSCC, 30, 20260116, C, 0, 9, 0.004, 57.05, 0.9366
20241230, LSCC, 30, 20260116, P, 0, 241, 0.0041, 57.05, -0.07
20241230, LSCC, 35, 20260116, C, 0, 4, 0.0058, 57.05, 0.8988
20241230, LSCC, 35, 20260116, P, 0, 31, 0.006, 57.05, -0.1089
20241230, LSCC, 40, 20260116, C, 0, 3, 0.0077, 57.05, 0.8517
20241230, LSCC, 40, 20260116, P, 0, 21, 0.008, 57.05, -0.1578
20241230, LSCC, 45, 20260116, C, 0, 12, 0.0095, 57.05, 0.7966
20241230, LSCC, 45, 20260116, P, 0, 34, 0.01, 57.05, -0.2155
20241230, LSCC, 50, 20260116, C, 0, 10, 0.0112, 57.05, 0.7356
20241230, LSCC, 50, 20260116, P, 0, 71, 0.0119, 57.05, -0.2803
20241230, LSCC, 55, 20260116, C, 0, 63, 0.0126, 57.05, 0.6711
20241230, LSCC, 55, 20260116, P, 0, 13, 0.0135, 57.05, -0.3493
20241230, LSCC, 60, 20260116, C, 0, 71, 0.0136, 57.05, 0.6054
20241230, LSCC, 60, 20260116, P, 0, 231, 0.0148, 57.05, -0.421
20241230, LSCC, 65, 20260116, C, 0, 42, 0.0141, 57.05, 0.5406
20241230, LSCC, 65, 20260116, P, 0, 39, 0.0158, 57.05, -0.4929
20241230, LSCC, 70, 20260116, C, 0, 164, 0.0143, 57.05, 0.4785
20241230, LSCC, 70, 20260116, P, 0, 36, 0.0164, 57.05, -0.5633
20241230, LSCC, 75, 20260116, C, 0, 27, 0.0141, 57.05, 0.4204
20241230, LSCC, 75, 20260116, P, 0, 10, 0.0167, 57.05, -0.6312
20241230, LSCC, 80, 20260116, C, 0, 47, 0.0137, 57.05, 0.3669
20241230, LSCC, 80, 20260116, P, 0, 0, 0.0168, 57.05, -0.6956
20241230, LSCC, 85, 20260116, C, 0, 118, 0.013, 57.05, 0.3186
20241230, LSCC, 85, 20260116, P, 0, 0, 0.0167, 57.05, -0.7562
20241230, LSCC, 90, 20260116, C, 0, 19, 0.0123, 57.05, 0.2754
20241230, LSCC, 90, 20260116, P, 0, 0, 0.0165, 57.05, -0.8132
20241230, LSCC, 95, 20260116, C, 0, 10, 0.0114, 57.05, 0.2373
20241230, LSCC, 95, 20260116, P, 0, 0, 0.0162, 57.05, -0.8663
20241230, LSCC, 100, 20260116, C, 0, 56, 0.0105, 57.05, 0.2038
20241230, LSCC, 100, 20260116, P, 0, 0, 0.0162, 57.05, -0.9165
20241230, LSCC, 105, 20260116, C, 0, 4, 0.0096, 57.05, 0.1748
20241230, LSCC, 105, 20260116, P, 0, 0, 0.0136, 57.05, -0.9578
20241230, LSCC, 110, 20260116, C, 0, 124, 0.0086, 57.05, 0.1499
20241230, LSCC, 110, 20260116, P, 0, 0, 0.006, 57.05, -0.985
20241230, LSCC, 115, 20260116, C, 0, 1, 0.0078, 57.05, 0.1283
20241230, LSCC, 115, 20260116, P, 0, 0, 0.0007, 57.05, -0.9982
20241230, LSCC, 120, 20260116, C, 0, 13, 0.007, 57.05, 0.1097
20241230, LSCC, 120, 20260116, P, 0, 0, 0, 57.05, -1
20241230, LSCC, 125, 20260116, C, 0, 17, 0.0062, 57.05, 0.0938
20241230, LSCC, 125, 20260116, P, 0, 0, 0, 57.05, -1
20241230, LSCC, 130, 20260116, C, 0, 10, 0.0056, 57.05, 0.0802
20241230, LSCC, 130, 20260116, P, 0, 0, 0, 57.05, -1
20241230, LSCC, 135, 20260116, C, 0, 59, 0.0049, 57.05, 0.0687
20241230, LSCC, 135, 20260116, P, 0, 0, 0, 57.05, -1
20241230, LSCC, 22.5, 20270115, C, 0, 0, 0.0021, 57.05, 0.9643
20241230, LSCC, 22.5, 20270115, P, 0, 6, 0.0022, 57.05, -0.047
20241230, LSCC, 25, 20270115, C, 0, 0, 0.0026, 57.05, 0.952
20241230, LSCC, 25, 20270115, P, 0, 0, 0.0027, 57.05, -0.0598
20241230, LSCC, 30, 20270115, C, 0, 0, 0.0037, 57.05, 0.9228
20241230, LSCC, 30, 20270115, P, 0, 1, 0.0039, 57.05, -0.0907
20241230, LSCC, 35, 20270115, C, 0, 10, 0.0048, 57.05, 0.888
20241230, LSCC, 35, 20270115, P, 0, 0, 0.0052, 57.05, -0.1279
20241230, LSCC, 40, 20270115, C, 0, 0, 0.006, 57.05, 0.8488
20241230, LSCC, 40, 20270115, P, 0, 1, 0.0065, 57.05, -0.1704
20241230, LSCC, 45, 20270115, C, 0, 1, 0.007, 57.05, 0.8061
20241230, LSCC, 45, 20270115, P, 0, 37, 0.0078, 57.05, -0.2173
20241230, LSCC, 50, 20270115, C, 0, 10, 0.008, 57.05, 0.7613
20241230, LSCC, 50, 20270115, P, 0, 9, 0.009, 57.05, -0.2674
20241230, LSCC, 55, 20270115, C, 0, 20, 0.0088, 57.05, 0.7154
20241230, LSCC, 55, 20270115, P, 0, 4, 0.0101, 57.05, -0.3199
20241230, LSCC, 60, 20270115, C, 0, 32, 0.0094, 57.05, 0.6696
20241230, LSCC, 60, 20270115, P, 0, 2, 0.0111, 57.05, -0.3732
20241230, LSCC, 65, 20270115, C, 0, 49, 0.01, 57.05, 0.6243
20241230, LSCC, 65, 20270115, P, 0, 0, 0.012, 57.05, -0.4272
20241230, LSCC, 70, 20270115, C, 0, 0, 0.0103, 57.05, 0.5803
20241230, LSCC, 70, 20270115, P, 0, 0, 0.0128, 57.05, -0.4812
20241230, LSCC, 75, 20270115, C, 0, 3, 0.0105, 57.05, 0.5381
20241230, LSCC, 75, 20270115, P, 0, 0, 0.0134, 57.05, -0.5346
20241230, LSCC, 80, 20270115, C, 0, 0, 0.0106, 57.05, 0.498
20241230, LSCC, 80, 20270115, P, 0, 0, 0.014, 57.05, -0.5869
20241230, LSCC, 85, 20270115, C, 0, 0, 0.0106, 57.05, 0.4602
20241230, LSCC, 85, 20270115, P, 0, 0, 0.0145, 57.05, -0.6384
20241230, LSCC, 90, 20270115, C, 0, 4, 0.0104, 57.05, 0.4245
20241230, LSCC, 90, 20270115, P, 0, 0, 0.015, 57.05, -0.6885
20241231, LSCC, 22.5, 20250117, C, 0, 0, 0.0006, 56.24, 0.9975
20241231, LSCC, 22.5, 20250117, P, 0, 4, 0.0006, 56.24, -0.0042
20241231, LSCC, 25, 20250117, C, 0, 0, 0.0008, 56.24, 0.9966
20241231, LSCC, 25, 20250117, P, 0, 5, 0.0008, 56.24, -0.0051
20241231, LSCC, 30, 20250117, C, 0, 0, 0.0014, 56.24, 0.9938
20241231, LSCC, 30, 20250117, P, 0, 2371, 0.0014, 56.24, -0.0079
20241231, LSCC, 35, 20250117, C, 0, 14, 0.0026, 56.24, 0.9885
20241231, LSCC, 35, 20250117, P, 0, 1064, 0.0027, 56.24, -0.0132
20241231, LSCC, 40, 20250117, C, 0, 39, 0.0055, 56.24, 0.9775
20241231, LSCC, 40, 20250117, P, 1, 1348, 0.0055, 56.24, -0.0243
20241231, LSCC, 45, 20250117, C, 0, 45, 0.0128, 56.24, 0.9508
20241231, LSCC, 45, 20250117, P, 0, 709, 0.0129, 56.24, -0.0513
20241231, LSCC, 50, 20250117, C, 0, 306, 0.0329, 56.24, 0.873
20241231, LSCC, 50, 20250117, P, 0, 626, 0.0333, 56.24, -0.13
20241231, LSCC, 55, 20250117, C, 0, 864, 0.0721, 56.24, 0.6328
20241231, LSCC, 55, 20250117, P, 0, 393, 0.0732, 56.24, -0.3741
20241231, LSCC, 60, 20250117, C, 63, 290, 0.0629, 56.24, 0.282
20241231, LSCC, 60, 20250117, P, 0, 559, 0.0646, 56.24, -0.7318
20241231, LSCC, 65, 20250117, C, 205, 504, 0.0307, 56.24, 0.1111
20241231, LSCC, 65, 20250117, P, 0, 153, 0.0329, 56.24, -0.9074
20241231, LSCC, 70, 20250117, C, 0, 730, 0.0144, 56.24, 0.0484
20241231, LSCC, 70, 20250117, P, 0, 34, 0.0146, 56.24, -0.9715
20241231, LSCC, 75, 20250117, C, 0, 780, 0.0071, 56.24, 0.0233
20241231, LSCC, 75, 20250117, P, 0, 4, 0.005, 56.24, -0.9927
20241231, LSCC, 80, 20250117, C, 0, 81, 0.0037, 56.24, 0.0121
20241231, LSCC, 80, 20250117, P, 0, 0, 0.0013, 56.24, -0.9985
20241231, LSCC, 85, 20250117, C, 0, 88, 0.0021, 56.24, 0.0066
20241231, LSCC, 85, 20250117, P, 0, 0, 0.0002, 56.24, -0.9998
20241231, LSCC, 90, 20250117, C, 0, 146, 0.0012, 56.24, 0.0038
20241231, LSCC, 90, 20250117, P, 0, 0, 0, 56.24, -1
20241231, LSCC, 95, 20250117, C, 0, 62, 0.0007, 56.24, 0.0023
20241231, LSCC, 95, 20250117, P, 0, 0, 0, 56.24, -1
20241231, LSCC, 100, 20250117, C, 0, 126, 0.0004, 56.24, 0.0014
20241231, LSCC, 100, 20250117, P, 0, 0, 0, 56.24, -1
20241231, LSCC, 105, 20250117, C, 0, 39, 0.0003, 56.24, 0.0009
20241231, LSCC, 105, 20250117, P, 0, 0, 0, 56.24, -1
20241231, LSCC, 110, 20250117, C, 0, 118, 0.0002, 56.24, 0.0006
20241231, LSCC, 110, 20250117, P, 0, 0, 0, 56.24, -1
20241231, LSCC, 115, 20250117, C, 0, 30, 0.0001, 56.24, 0.0004
20241231, LSCC, 115, 20250117, P, 0, 0, 0, 56.24, -1
20241231, LSCC, 120, 20250117, C, 0, 88, 0.0001, 56.24, 0.0002
20241231, LSCC, 120, 20250117, P, 0, 0, 0, 56.24, -1
20241231, LSCC, 125, 20250117, C, 0, 63, 0, 56.24, 0.0002
20241231, LSCC, 125, 20250117, P, 0, 0, 0, 56.24, -1
20241231, LSCC, 130, 20250117, C, 0, 42, 0, 56.24, 0.0001
20241231, LSCC, 130, 20250117, P, 0, 0, 0, 56.24, -1
20241231, LSCC, 135, 20250117, C, 0, 90, 0, 56.24, 0.0001
20241231, LSCC, 135, 20250117, P, 0, 0, 0, 56.24, -1
20241231, LSCC, 35, 20250221, C, 0, 0, 0.0038, 56.24, 0.9767
20241231, LSCC, 35, 20250221, P, 0, 0, 0.0039, 56.24, -0.0242
20241231, LSCC, 40, 20250221, C, 0, 0, 0.0084, 56.24, 0.9448
20241231, LSCC, 40, 20250221, P, 0, 10, 0.0085, 56.24, -0.0562
20241231, LSCC, 45, 20250221, C, 0, 0, 0.0164, 56.24, 0.879
20241231, LSCC, 45, 20250221, P, 0, 9, 0.0166, 56.24, -0.1226
20241231, LSCC, 50, 20250221, C, 0, 0, 0.0268, 56.24, 0.7635
20241231, LSCC, 50, 20250221, P, 2, 6, 0.027, 56.24, -0.2392
20241231, LSCC, 55, 20250221, C, 0, 5, 0.0348, 56.24, 0.601
20241231, LSCC, 55, 20250221, P, 0, 11, 0.0354, 56.24, -0.404
20241231, LSCC, 60, 20250221, C, 0, 61, 0.036, 56.24, 0.4236
20241231, LSCC, 60, 20250221, P, 0, 243, 0.0369, 56.24, -0.585
20241231, LSCC, 65, 20250221, C, 18, 143, 0.0306, 56.24, 0.271
20241231, LSCC, 65, 20250221, P, 0, 0, 0.0319, 56.24, -0.7426
20241231, LSCC, 70, 20250221, C, 0, 6, 0.0225, 56.24, 0.1618
20241231, LSCC, 70, 20250221, P, 0, 0, 0.0241, 56.24, -0.8578
20241231, LSCC, 75, 20250221, C, 0, 0, 0.015, 56.24, 0.0927
20241231, LSCC, 75, 20250221, P, 0, 0, 0.0173, 56.24, -0.9334
20241231, LSCC, 80, 20250221, C, 0, 7, 0.0095, 56.24, 0.0521
20241231, LSCC, 80, 20250221, P, 0, 0, 0.0099, 56.24, -0.9794
20241231, LSCC, 85, 20250221, C, 0, 0, 0.0058, 56.24, 0.0292
20241231, LSCC, 85, 20250221, P, 0, 0, 0.0021, 56.24, -0.9976
20241231, LSCC, 90, 20250221, C, 0, 0, 0.0035, 56.24, 0.0164
20241231, LSCC, 90, 20250221, P, 0, 0, 0, 56.24, -1
20241231, LSCC, 95, 20250221, C, 0, 30, 0.0021, 56.24, 0.0093
20241231, LSCC, 95, 20250221, P, 0, 0, 0, 56.24, -1
20241231, LSCC, 22.5, 20250321, C, 0, 0, 0.001, 56.24, 0.9926
20241231, LSCC, 22.5, 20250321, P, 0, 828, 0.001, 56.24, -0.0093
20241231, LSCC, 25, 20250321, C, 0, 0, 0.0014, 56.24, 0.9889
20241231, LSCC, 25, 20250321, P, 0, 300, 0.0015, 56.24, -0.0129
20241231, LSCC, 30, 20250321, C, 0, 1, 0.0029, 56.24, 0.9769
20241231, LSCC, 30, 20250321, P, 0, 20, 0.0029, 56.24, -0.025
20241231, LSCC, 35, 20250321, C, 0, 9, 0.0054, 56.24, 0.9544
20241231, LSCC, 35, 20250321, P, 0, 26, 0.0055, 56.24, -0.0476
20241231, LSCC, 40, 20250321, C, 0, 63, 0.0097, 56.24, 0.9138
20241231, LSCC, 40, 20250321, P, 0, 207, 0.0098, 56.24, -0.0887
20241231, LSCC, 45, 20250321, C, 0, 55, 0.0158, 56.24, 0.8451
20241231, LSCC, 45, 20250321, P, 0, 1386, 0.016, 56.24, -0.1581
20241231, LSCC, 50, 20250321, C, 0, 207, 0.0229, 56.24, 0.7413
20241231, LSCC, 50, 20250321, P, 0, 497, 0.0232, 56.24, -0.2634
20241231, LSCC, 55, 20250321, C, 0, 269, 0.0285, 56.24, 0.6065
20241231, LSCC, 55, 20250321, P, 0, 321, 0.0291, 56.24, -0.401
20241231, LSCC, 60, 20250321, C, 0, 255, 0.0302, 56.24, 0.4598
20241231, LSCC, 60, 20250321, P, 0, 238, 0.0312, 56.24, -0.5519
20241231, LSCC, 65, 20250321, C, 0, 434, 0.0277, 56.24, 0.3256
20241231, LSCC, 65, 20250321, P, 0, 167, 0.0292, 56.24, -0.692
20241231, LSCC, 70, 20250321, C, 4, 1049, 0.0228, 56.24, 0.2191
20241231, LSCC, 70, 20250321, P, 0, 27, 0.0248, 56.24, -0.8058
20241231, LSCC, 75, 20250321, C, 0, 67, 0.0173, 56.24, 0.1428
20241231, LSCC, 75, 20250321, P, 0, 23, 0.0197, 56.24, -0.8902
20241231, LSCC, 80, 20250321, C, 0, 35, 0.0125, 56.24, 0.0916
20241231, LSCC, 80, 20250321, P, 0, 0, 0.0154, 56.24, -0.9502
20241231, LSCC, 85, 20250321, C, 0, 35, 0.0087, 56.24, 0.0584
20241231, LSCC, 85, 20250321, P, 0, 0, 0.0075, 56.24, -0.9868
20241231, LSCC, 90, 20250321, C, 0, 169, 0.006, 56.24, 0.0373
20241231, LSCC, 90, 20250321, P, 0, 0, 0.0011, 56.24, -0.9987
20241231, LSCC, 25, 20250620, C, 0, 0, 0.0019, 56.24, 0.981
20241231, LSCC, 25, 20250620, P, 0, 1, 0.0019, 56.24, -0.0207
20241231, LSCC, 30, 20250620, C, 0, 0, 0.0036, 56.24, 0.961
20241231, LSCC, 30, 20250620, P, 0, 13, 0.0037, 56.24, -0.0409
20241231, LSCC, 35, 20250620, C, 0, 0, 0.0062, 56.24, 0.9276
20241231, LSCC, 35, 20250620, P, 0, 10, 0.0063, 56.24, -0.0747
20241231, LSCC, 40, 20250620, C, 0, 2, 0.0096, 56.24, 0.8769
20241231, LSCC, 40, 20250620, P, 0, 549, 0.0098, 56.24, -0.1264
20241231, LSCC, 45, 20250620, C, 0, 50, 0.0135, 56.24, 0.8071
20241231, LSCC, 45, 20250620, P, 0, 21, 0.0138, 56.24, -0.1976
20241231, LSCC, 50, 20250620, C, 0, 0, 0.0171, 56.24, 0.7203
20241231, LSCC, 50, 20250620, P, 0, 57, 0.0176, 56.24, -0.2868
20241231, LSCC, 55, 20250620, C, 0, 2, 0.0198, 56.24, 0.6222
20241231, LSCC, 55, 20250620, P, 5, 12, 0.0206, 56.24, -0.3884
20241231, LSCC, 60, 20250620, C, 2, 35, 0.0211, 56.24, 0.5205
20241231, LSCC, 60, 20250620, P, 1, 29, 0.0222, 56.24, -0.495
20241231, LSCC, 65, 20250620, C, 1, 49, 0.021, 56.24, 0.423
20241231, LSCC, 65, 20250620, P, 0, 46, 0.0225, 56.24, -0.5987
20241231, LSCC, 70, 20250620, C, 0, 130, 0.0198, 56.24, 0.3354
20241231, LSCC, 70, 20250620, P, 0, 4, 0.0217, 56.24, -0.694
20241231, LSCC, 75, 20250620, C, 0, 29, 0.0177, 56.24, 0.2606
20241231, LSCC, 75, 20250620, P, 0, 4, 0.0202, 56.24, -0.7778
20241231, LSCC, 80, 20250620, C, 0, 23, 0.0153, 56.24, 0.1993
20241231, LSCC, 80, 20250620, P, 0, 0, 0.0183, 56.24, -0.8494
20241231, LSCC, 85, 20250620, C, 1, 13, 0.0128, 56.24, 0.1507
20241231, LSCC, 85, 20250620, P, 0, 0, 0.0166, 56.24, -0.9097
20241231, LSCC, 90, 20250620, C, 0, 1, 0.0105, 56.24, 0.113
20241231, LSCC, 90, 20250620, P, 0, 0, 0.0136, 56.24, -0.9586
20241231, LSCC, 22.5, 20260116, C, 0, 11, 0.002, 56.24, 0.9732
20241231, LSCC, 22.5, 20260116, P, 0, 2, 0.002, 56.24, -0.0305
20241231, LSCC, 25, 20260116, C, 0, 8, 0.0026, 56.24, 0.9622
20241231, LSCC, 25, 20260116, P, 0, 5, 0.0027, 56.24, -0.0417
20241231, LSCC, 30, 20260116, C, 0, 9, 0.0042, 56.24, 0.933
20241231, LSCC, 30, 20260116, P, 0, 241, 0.0043, 56.24, -0.0717
20241231, LSCC, 35, 20260116, C, 0, 4, 0.0061, 56.24, 0.8936
20241231, LSCC, 35, 20260116, P, 0, 31, 0.0063, 56.24, -0.1123
20241231, LSCC, 40, 20260116, C, 0, 3, 0.0081, 56.24, 0.8444
20241231, LSCC, 40, 20260116, P, 0, 21, 0.0084, 56.24, -0.1633
20241231, LSCC, 45, 20260116, C, 0, 12, 0.01, 56.24, 0.7872
20241231, LSCC, 45, 20260116, P, 0, 34, 0.0105, 56.24, -0.2233
20241231, LSCC, 50, 20260116, C, 0, 10, 0.0117, 56.24, 0.724
20241231, LSCC, 50, 20260116, P, 2, 71, 0.0124, 56.24, -0.2901
20241231, LSCC, 55, 20260116, C, 0, 63, 0.013, 56.24, 0.6577
20241231, LSCC, 55, 20260116, P, 0, 13, 0.014, 56.24, -0.3612
20241231, LSCC, 60, 20260116, C, 0, 71, 0.014, 56.24, 0.5906
20241231, LSCC, 60, 20260116, P, 0, 231, 0.0153, 56.24, -0.4342
20241231, LSCC, 65, 20260116, C, 0, 42, 0.0144, 56.24, 0.5251
20241231, LSCC, 65, 20260116, P, 0, 39, 0.0162, 56.24, -0.5069
20241231, LSCC, 70, 20260116, C, 0, 164, 0.0145, 56.24, 0.4628
20241231, LSCC, 70, 20260116, P, 0, 36, 0.0167, 56.24, -0.5777
20241231, LSCC, 75, 20260116, C, 0, 27, 0.0143, 56.24, 0.4048
20241231, LSCC, 75, 20260116, P, 0, 10, 0.0169, 56.24, -0.6453
20241231, LSCC, 80, 20260116, C, 0, 47, 0.0137, 56.24, 0.352
20241231, LSCC, 80, 20260116, P, 0, 0, 0.0169, 56.24, -0.7092
20241231, LSCC, 85, 20260116, C, 0, 118, 0.013, 56.24, 0.3046
20241231, LSCC, 85, 20260116, P, 0, 0, 0.0167, 56.24, -0.7687
20241231, LSCC, 90, 20260116, C, 0, 19, 0.0122, 56.24, 0.2625
20241231, LSCC, 90, 20260116, P, 0, 0, 0.0165, 56.24, -0.8245
20241231, LSCC, 95, 20260116, C, 0, 10, 0.0112, 56.24, 0.2256
20241231, LSCC, 95, 20260116, P, 0, 0, 0.016, 56.24, -0.8762
20241231, LSCC, 100, 20260116, C, 0, 56, 0.0103, 56.24, 0.1935
20241231, LSCC, 100, 20260116, P, 0, 0, 0.0157, 56.24, -0.9244
20241231, LSCC, 105, 20260116, C, 0, 4, 0.0093, 56.24, 0.1656
20241231, LSCC, 105, 20260116, P, 0, 0, 0.0136, 56.24, -0.9624
20241231, LSCC, 110, 20260116, C, 0, 124, 0.0084, 56.24, 0.1417
20241231, LSCC, 110, 20260116, P, 0, 0, 0.0055, 56.24, -0.9865
20241231, LSCC, 115, 20260116, C, 0, 1, 0.0076, 56.24, 0.1211
20241231, LSCC, 115, 20260116, P, 0, 0, 0.0001, 56.24, -0.9998
20241231, LSCC, 120, 20260116, C, 0, 13, 0.0068, 56.24, 0.1036
20241231, LSCC, 120, 20260116, P, 0, 0, 0, 56.24, -1
20241231, LSCC, 125, 20260116, C, 0, 17, 0.006, 56.24, 0.0885
20241231, LSCC, 125, 20260116, P, 0, 0, 0, 56.24, -1
20241231, LSCC, 130, 20260116, C, 0, 10, 0.0054, 56.24, 0.076
20241231, LSCC, 130, 20260116, P, 0, 0, 0, 56.24, -1
20241231, LSCC, 135, 20260116, C, 0, 59, 0.0048, 56.24, 0.0651
20241231, LSCC, 135, 20260116, P, 0, 0, 0, 56.24, -1
20241231, LSCC, 22.5, 20270115, C, 0, 0, 0.0022, 56.24, 0.9615
20241231, LSCC, 22.5, 20270115, P, 0, 6, 0.0023, 56.24, -0.0483
20241231, LSCC, 25, 20270115, C, 0, 0, 0.0027, 56.24, 0.9486
20241231, LSCC, 25, 20270115, P, 0, 0, 0.0028, 56.24, -0.0618
20241231, LSCC, 30, 20270115, C, 0, 0, 0.0038, 56.24, 0.9182
20241231, LSCC, 30, 20270115, P, 0, 1, 0.0041, 56.24, -0.0939
20241231, LSCC, 35, 20270115, C, 0, 10, 0.005, 56.24, 0.8824
20241231, LSCC, 35, 20270115, P, 0, 0, 0.0054, 56.24, -0.1322
20241231, LSCC, 40, 20270115, C, 0, 0, 0.0062, 56.24, 0.8422
20241231, LSCC, 40, 20270115, P, 0, 1, 0.0067, 56.24, -0.1757
20241231, LSCC, 45, 20270115, C, 0, 1, 0.0072, 56.24, 0.7987
20241231, LSCC, 45, 20270115, P, 0, 37, 0.008, 56.24, -0.2236
20241231, LSCC, 50, 20270115, C, 0, 10, 0.0082, 56.24, 0.753
20241231, LSCC, 50, 20270115, P, 0, 9, 0.0092, 56.24, -0.2746
20241231, LSCC, 55, 20270115, C, 0, 20, 0.0091, 56.24, 0.7063
20241231, LSCC, 55, 20270115, P, 0, 4, 0.0104, 56.24, -0.3283
20241231, LSCC, 60, 20270115, C, 0, 32, 0.0097, 56.24, 0.6594
20241231, LSCC, 60, 20270115, P, 0, 2, 0.0114, 56.24, -0.3831
20241231, LSCC, 65, 20270115, C, 0, 49, 0.0102, 56.24, 0.613
20241231, LSCC, 65, 20270115, P, 0, 0, 0.0124, 56.24, -0.4386
20241231, LSCC, 70, 20270115, C, 0, 0, 0.0106, 56.24, 0.5678
20241231, LSCC, 70, 20270115, P, 0, 0, 0.0132, 56.24, -0.4942
20241231, LSCC, 75, 20270115, C, 0, 3, 0.0108, 56.24, 0.5243
20241231, LSCC, 75, 20270115, P, 0, 0, 0.0139, 56.24, -0.5496
20241231, LSCC, 80, 20270115, C, 0, 0, 0.0109, 56.24, 0.4827
20241231, LSCC, 80, 20270115, P, 0, 0, 0.0146, 56.24, -0.6046
20241231, LSCC, 85, 20270115, C, 0, 0, 0.0108, 56.24, 0.4434
20241231, LSCC, 85, 20270115, P, 0, 0, 0.0152, 56.24, -0.6587
20241231, LSCC, 90, 20270115, C, 0, 4, 0.0107, 56.24, 0.4064
20241231, LSCC, 90, 20270115, P, 0, 0, 0.0157, 56.24, -0.712
