20241219, MTSI, 60, 20241220, C, 0, 0, 0, 136.93, 1
20241219, MTSI, 60, 20241220, P, 0, 0, 0, 136.93, 0
20241219, MTSI, 65, 20241220, C, 0, 0, 0, 136.93, 1
20241219, MTSI, 65, 20241220, P, 0, 0, 0, 136.93, 0
20241219, MTSI, 70, 20241220, C, 0, 1, 0, 136.93, 1
20241219, MTSI, 70, 20241220, P, 0, 0, 0, 136.93, 0
20241219, MTSI, 75, 20241220, C, 0, 0, 0, 136.93, 1
20241219, MTSI, 75, 20241220, P, 0, 0, 0, 136.93, 0
20241219, MTSI, 80, 20241220, C, 0, 0, 0, 136.93, 1
20241219, MTSI, 80, 20241220, P, 0, 0, 0, 136.93, 0
20241219, MTSI, 85, 20241220, C, 0, 0, 0, 136.93, 1
20241219, MTSI, 85, 20241220, P, 0, 0, 0, 136.93, 0
20241219, MTSI, 90, 20241220, C, 0, 0, 0, 136.93, 1
20241219, MTSI, 90, 20241220, P, 0, 0, 0, 136.93, 0
20241219, MTSI, 95, 20241220, C, 0, 0, 0, 136.93, 1
20241219, MTSI, 95, 20241220, P, 0, 6, 0, 136.93, -0.0001
20241219, MTSI, 100, 20241220, C, 0, 1, 0, 136.93, 1
20241219, MTSI, 100, 20241220, P, 0, 14, 0, 136.93, -0.0001
20241219, MTSI, 105, 20241220, C, 0, 0, 0.0001, 136.93, 1
20241219, MTSI, 105, 20241220, P, 0, 15, 0.0001, 136.93, -0.0003
20241219, MTSI, 110, 20241220, C, 0, 0, 0.0002, 136.93, 0.9999
20241219, MTSI, 110, 20241220, P, 0, 12, 0.0002, 136.93, -0.0006
20241219, MTSI, 115, 20241220, C, 0, 3, 0.0006, 136.93, 0.9991
20241219, MTSI, 115, 20241220, P, 0, 2, 0.0006, 136.93, -0.0015
20241219, MTSI, 120, 20241220, C, 0, 12, 0.0016, 136.93, 0.9967
20241219, MTSI, 120, 20241220, P, 0, 7, 0.0016, 136.93, -0.0038
20241219, MTSI, 125, 20241220, C, 0, 121, 0.0055, 136.93, 0.9886
20241219, MTSI, 125, 20241220, P, 0, 14, 0.0055, 136.93, -0.012
20241219, MTSI, 130, 20241220, C, 0, 16, 0.0228, 136.93, 0.9518
20241219, MTSI, 130, 20241220, P, 0, 23, 0.0228, 136.93, -0.0488
20241219, MTSI, 135, 20241220, C, 0, 25, 0.096, 136.93, 0.7342
20241219, MTSI, 135, 20241220, P, 0, 19, 0.0962, 136.93, -0.2665
20241219, MTSI, 140, 20241220, C, 0, 138, 0.0817, 136.93, 0.2133
20241219, MTSI, 140, 20241220, P, 1, 18, 0.0881, 136.93, -0.803
20241219, MTSI, 145, 20241220, C, 0, 13, 0.0213, 136.93, 0.0457
20241219, MTSI, 145, 20241220, P, 0, 0, 0.0188, 136.93, -0.9719
20241219, MTSI, 150, 20241220, C, 0, 277, 0.0061, 136.93, 0.013
20241219, MTSI, 150, 20241220, P, 0, 0, 0.0035, 136.93, -0.9953
20241219, MTSI, 155, 20241220, C, 0, 4, 0.0021, 136.93, 0.0046
20241219, MTSI, 155, 20241220, P, 0, 0, 0.0007, 136.93, -0.999
20241219, MTSI, 160, 20241220, C, 0, 301, 0.0008, 136.93, 0.0019
20241219, MTSI, 160, 20241220, P, 0, 0, 0.0002, 136.93, -0.9998
20241219, MTSI, 165, 20241220, C, 0, 2, 0.0004, 136.93, 0.0009
20241219, MTSI, 165, 20241220, P, 0, 0, 0, 136.93, -0.9999
20241219, MTSI, 170, 20241220, C, 0, 60, 0.0002, 136.93, 0.0004
20241219, MTSI, 170, 20241220, P, 0, 0, 0, 136.93, -1
20241219, MTSI, 175, 20241220, C, 0, 0, 0.0001, 136.93, 0.0002
20241219, MTSI, 175, 20241220, P, 0, 0, 0, 136.93, -1
20241219, MTSI, 180, 20241220, C, 0, 0, 0, 136.93, 0.0001
20241219, MTSI, 180, 20241220, P, 0, 0, 0, 136.93, -1
20241219, MTSI, 75, 20250117, C, 0, 0, 0.0004, 136.93, 0.9969
20241219, MTSI, 75, 20250117, P, 0, 0, 0.0004, 136.93, -0.0044
20241219, MTSI, 80, 20250117, C, 0, 0, 0.0006, 136.93, 0.9952
20241219, MTSI, 80, 20250117, P, 0, 0, 0.0006, 136.93, -0.0062
20241219, MTSI, 85, 20250117, C, 0, 0, 0.0008, 136.93, 0.9927
20241219, MTSI, 85, 20250117, P, 0, 0, 0.0008, 136.93, -0.0086
20241219, MTSI, 90, 20250117, C, 0, 0, 0.0012, 136.93, 0.989
20241219, MTSI, 90, 20250117, P, 0, 0, 0.0012, 136.93, -0.0124
20241219, MTSI, 95, 20250117, C, 0, 0, 0.0017, 136.93, 0.9835
20241219, MTSI, 95, 20250117, P, 0, 0, 0.0017, 136.93, -0.0179
20241219, MTSI, 100, 20250117, C, 0, 0, 0.0026, 136.93, 0.9751
20241219, MTSI, 100, 20250117, P, 0, 0, 0.0026, 136.93, -0.0264
20241219, MTSI, 105, 20250117, C, 0, 0, 0.0038, 136.93, 0.9622
20241219, MTSI, 105, 20250117, P, 0, 0, 0.0039, 136.93, -0.0394
20241219, MTSI, 110, 20250117, C, 0, 0, 0.0057, 136.93, 0.9422
20241219, MTSI, 110, 20250117, P, 0, 0, 0.0057, 136.93, -0.0596
20241219, MTSI, 115, 20250117, C, 0, 1, 0.0084, 136.93, 0.911
20241219, MTSI, 115, 20250117, P, 0, 2, 0.0084, 136.93, -0.091
20241219, MTSI, 120, 20250117, C, 0, 0, 0.012, 136.93, 0.8637
20241219, MTSI, 120, 20250117, P, 0, 0, 0.0121, 136.93, -0.139
20241219, MTSI, 125, 20250117, C, 0, 8, 0.0163, 136.93, 0.7945
20241219, MTSI, 125, 20250117, P, 0, 3, 0.0165, 136.93, -0.209
20241219, MTSI, 130, 20250117, C, 0, 4, 0.0204, 136.93, 0.7013
20241219, MTSI, 130, 20250117, P, 0, 14, 0.0207, 136.93, -0.3035
20241219, MTSI, 135, 20250117, C, 0, 6, 0.0232, 136.93, 0.5895
20241219, MTSI, 135, 20250117, P, 0, 13, 0.0236, 136.93, -0.4171
20241219, MTSI, 140, 20250117, C, 0, 17, 0.0237, 136.93, 0.4722
20241219, MTSI, 140, 20250117, P, 5, 13, 0.0242, 136.93, -0.5365
20241219, MTSI, 145, 20250117, C, 91, 81, 0.022, 136.93, 0.3641
20241219, MTSI, 145, 20250117, P, 0, 1, 0.0226, 136.93, -0.6469
20241219, MTSI, 150, 20250117, C, 0, 15, 0.019, 136.93, 0.274
20241219, MTSI, 150, 20250117, P, 0, 1, 0.0197, 136.93, -0.7393
20241219, MTSI, 155, 20250117, C, 0, 7, 0.0157, 136.93, 0.2037
20241219, MTSI, 155, 20250117, P, 0, 0, 0.0164, 136.93, -0.8119
20241219, MTSI, 160, 20250117, C, 0, 1, 0.0126, 136.93, 0.151
20241219, MTSI, 160, 20250117, P, 0, 0, 0.0133, 136.93, -0.8668
20241219, MTSI, 165, 20250117, C, 0, 0, 0.0099, 136.93, 0.1122
20241219, MTSI, 165, 20250117, P, 0, 0, 0.0106, 136.93, -0.9074
20241219, MTSI, 170, 20250117, C, 0, 0, 0.0078, 136.93, 0.0838
20241219, MTSI, 170, 20250117, P, 0, 0, 0.0082, 136.93, -0.937
20241219, MTSI, 175, 20250117, C, 0, 0, 0.006, 136.93, 0.063
20241219, MTSI, 175, 20250117, P, 0, 0, 0.0076, 136.93, -0.9604
20241219, MTSI, 180, 20250117, C, 0, 1, 0.0047, 136.93, 0.0478
20241219, MTSI, 180, 20250117, P, 0, 0, 0.0062, 136.93, -0.9783
20241219, MTSI, 185, 20250117, C, 0, 0, 0.0037, 136.93, 0.0365
20241219, MTSI, 185, 20250117, P, 0, 0, 0.0041, 136.93, -0.9913
20241219, MTSI, 190, 20250117, C, 0, 50, 0.0029, 136.93, 0.0282
20241219, MTSI, 190, 20250117, P, 0, 0, 0.0015, 136.93, -0.997
20241219, MTSI, 195, 20250117, C, 0, 0, 0.0023, 136.93, 0.0219
20241219, MTSI, 195, 20250117, P, 0, 0, 0, 136.93, -1
20241219, MTSI, 50, 20250221, C, 0, 0, 0.0003, 136.93, 0.9925
20241219, MTSI, 50, 20250221, P, 0, 0, 0.0003, 136.93, -0.0068
20241219, MTSI, 55, 20250221, C, 0, 1, 0.0004, 136.93, 0.9908
20241219, MTSI, 55, 20250221, P, 0, 0, 0.0004, 136.93, -0.0085
20241219, MTSI, 60, 20250221, C, 0, 0, 0.0005, 136.93, 0.9887
20241219, MTSI, 60, 20250221, P, 0, 0, 0.0005, 136.93, -0.0107
20241219, MTSI, 65, 20250221, C, 0, 0, 0.0007, 136.93, 0.9859
20241219, MTSI, 65, 20250221, P, 0, 0, 0.0007, 136.93, -0.0134
20241219, MTSI, 70, 20250221, C, 0, 1, 0.0009, 136.93, 0.9824
20241219, MTSI, 70, 20250221, P, 0, 10, 0.0009, 136.93, -0.017
20241219, MTSI, 75, 20250221, C, 0, 4, 0.0011, 136.93, 0.9778
20241219, MTSI, 75, 20250221, P, 0, 2, 0.0012, 136.93, -0.0216
20241219, MTSI, 80, 20250221, C, 0, 0, 0.0015, 136.93, 0.9719
20241219, MTSI, 80, 20250221, P, 0, 87, 0.0015, 136.93, -0.0275
20241219, MTSI, 85, 20250221, C, 0, 0, 0.0019, 136.93, 0.9641
20241219, MTSI, 85, 20250221, P, 0, 0, 0.002, 136.93, -0.0353
20241219, MTSI, 90, 20250221, C, 0, 10, 0.0025, 136.93, 0.9539
20241219, MTSI, 90, 20250221, P, 0, 0, 0.0025, 136.93, -0.0456
20241219, MTSI, 95, 20250221, C, 0, 4, 0.0033, 136.93, 0.9405
20241219, MTSI, 95, 20250221, P, 0, 99, 0.0033, 136.93, -0.0591
20241219, MTSI, 100, 20250221, C, 0, 1, 0.0042, 136.93, 0.9227
20241219, MTSI, 100, 20250221, P, 0, 26, 0.0043, 136.93, -0.077
20241219, MTSI, 105, 20250221, C, 0, 3, 0.0054, 136.93, 0.8993
20241219, MTSI, 105, 20250221, P, 0, 12, 0.0055, 136.93, -0.1006
20241219, MTSI, 110, 20250221, C, 0, 58, 0.0069, 136.93, 0.8687
20241219, MTSI, 110, 20250221, P, 0, 35, 0.007, 136.93, -0.1314
20241219, MTSI, 115, 20250221, C, 0, 198, 0.0086, 136.93, 0.8294
20241219, MTSI, 115, 20250221, P, 0, 34, 0.0086, 136.93, -0.1711
20241219, MTSI, 120, 20250221, C, 0, 279, 0.0103, 136.93, 0.7804
20241219, MTSI, 120, 20250221, P, 0, 120, 0.0104, 136.93, -0.2207
20241219, MTSI, 125, 20250221, C, 0, 18, 0.012, 136.93, 0.7218
20241219, MTSI, 125, 20250221, P, 0, 27, 0.0122, 136.93, -0.2801
20241219, MTSI, 130, 20250221, C, 0, 26, 0.0134, 136.93, 0.6552
20241219, MTSI, 130, 20250221, P, 0, 18, 0.0136, 136.93, -0.3476
20241219, MTSI, 135, 20250221, C, 0, 1434, 0.0142, 136.93, 0.584
20241219, MTSI, 135, 20250221, P, 5, 17, 0.0145, 136.93, -0.42
20241219, MTSI, 140, 20250221, C, 2, 139, 0.0145, 136.93, 0.5124
20241219, MTSI, 140, 20250221, P, 6, 39, 0.0148, 136.93, -0.493
20241219, MTSI, 145, 20250221, C, 0, 44, 0.0143, 136.93, 0.4442
20241219, MTSI, 145, 20250221, P, 0, 3, 0.0146, 136.93, -0.5628
20241219, MTSI, 150, 20250221, C, 0, 18, 0.0136, 136.93, 0.3819
20241219, MTSI, 150, 20250221, P, 2, 0, 0.014, 136.93, -0.6267
20241219, MTSI, 155, 20250221, C, 0, 105, 0.0126, 136.93, 0.3268
20241219, MTSI, 155, 20250221, P, 0, 0, 0.0131, 136.93, -0.6834
20241219, MTSI, 160, 20250221, C, 1, 4793, 0.0115, 136.93, 0.2791
20241219, MTSI, 160, 20250221, P, 0, 0, 0.012, 136.93, -0.7328
20241219, MTSI, 165, 20250221, C, 0, 11, 0.0104, 136.93, 0.2384
20241219, MTSI, 165, 20250221, P, 0, 0, 0.011, 136.93, -0.7752
20241219, MTSI, 170, 20250221, C, 0, 2, 0.0093, 136.93, 0.2039
20241219, MTSI, 170, 20250221, P, 0, 0, 0.0099, 136.93, -0.8112
20241219, MTSI, 175, 20250221, C, 0, 0, 0.0083, 136.93, 0.1749
20241219, MTSI, 175, 20250221, P, 0, 0, 0.0089, 136.93, -0.8418
20241219, MTSI, 180, 20250221, C, 0, 0, 0.0074, 136.93, 0.1505
20241219, MTSI, 180, 20250221, P, 0, 0, 0.008, 136.93, -0.8678
20241219, MTSI, 185, 20250221, C, 0, 0, 0.0066, 136.93, 0.1298
20241219, MTSI, 185, 20250221, P, 0, 0, 0.0072, 136.93, -0.8899
20241219, MTSI, 190, 20250221, C, 0, 0, 0.0058, 136.93, 0.1125
20241219, MTSI, 190, 20250221, P, 0, 0, 0.0065, 136.93, -0.9088
20241219, MTSI, 195, 20250221, C, 0, 20, 0.0052, 136.93, 0.0977
20241219, MTSI, 195, 20250221, P, 0, 0, 0.0058, 136.93, -0.9247
20241219, MTSI, 200, 20250221, C, 0, 0, 0.0046, 136.93, 0.0852
20241219, MTSI, 200, 20250221, P, 0, 0, 0.0052, 136.93, -0.9387
20241219, MTSI, 55, 20250516, C, 0, 1, 0.0003, 136.93, 0.9937
20241219, MTSI, 55, 20250516, P, 0, 0, 0.0003, 136.93, -0.0065
20241219, MTSI, 60, 20250516, C, 0, 0, 0.0005, 136.93, 0.9906
20241219, MTSI, 60, 20250516, P, 0, 0, 0.0005, 136.93, -0.0096
20241219, MTSI, 65, 20250516, C, 0, 0, 0.0007, 136.93, 0.9863
20241219, MTSI, 65, 20250516, P, 0, 1, 0.0007, 136.93, -0.014
20241219, MTSI, 70, 20250516, C, 0, 0, 0.001, 136.93, 0.9803
20241219, MTSI, 70, 20250516, P, 0, 0, 0.001, 136.93, -0.02
20241219, MTSI, 75, 20250516, C, 0, 0, 0.0013, 136.93, 0.9723
20241219, MTSI, 75, 20250516, P, 0, 0, 0.0013, 136.93, -0.0281
20241219, MTSI, 80, 20250516, C, 0, 0, 0.0017, 136.93, 0.9617
20241219, MTSI, 80, 20250516, P, 0, 0, 0.0018, 136.93, -0.0388
20241219, MTSI, 85, 20250516, C, 0, 0, 0.0023, 136.93, 0.9479
20241219, MTSI, 85, 20250516, P, 0, 0, 0.0023, 136.93, -0.0527
20241219, MTSI, 90, 20250516, C, 0, 11, 0.0029, 136.93, 0.9306
20241219, MTSI, 90, 20250516, P, 0, 5, 0.003, 136.93, -0.0703
20241219, MTSI, 95, 20250516, C, 0, 0, 0.0036, 136.93, 0.9093
20241219, MTSI, 95, 20250516, P, 0, 0, 0.0037, 136.93, -0.0919
20241219, MTSI, 100, 20250516, C, 0, 0, 0.0044, 136.93, 0.8837
20241219, MTSI, 100, 20250516, P, 0, 0, 0.0045, 136.93, -0.1179
20241219, MTSI, 105, 20250516, C, 0, 2, 0.0052, 136.93, 0.8538
20241219, MTSI, 105, 20250516, P, 0, 0, 0.0053, 136.93, -0.1484
20241219, MTSI, 110, 20250516, C, 0, 2, 0.0061, 136.93, 0.8196
20241219, MTSI, 110, 20250516, P, 0, 10, 0.0062, 136.93, -0.1832
20241219, MTSI, 115, 20250516, C, 0, 0, 0.0069, 136.93, 0.7817
20241219, MTSI, 115, 20250516, P, 0, 3, 0.007, 136.93, -0.222
20241219, MTSI, 120, 20250516, C, 0, 3, 0.0076, 136.93, 0.7405
20241219, MTSI, 120, 20250516, P, 0, 1, 0.0078, 136.93, -0.2642
20241219, MTSI, 125, 20250516, C, 0, 2, 0.0082, 136.93, 0.6968
20241219, MTSI, 125, 20250516, P, 4, 0, 0.0085, 136.93, -0.309
20241219, MTSI, 130, 20250516, C, 0, 11, 0.0088, 136.93, 0.6514
20241219, MTSI, 130, 20250516, P, 1, 4, 0.009, 136.93, -0.3558
20241219, MTSI, 135, 20250516, C, 0, 4, 0.0092, 136.93, 0.6052
20241219, MTSI, 135, 20250516, P, 0, 2, 0.0095, 136.93, -0.4036
20241219, MTSI, 140, 20250516, C, 1, 11, 0.0094, 136.93, 0.559
20241219, MTSI, 140, 20250516, P, 0, 1, 0.0098, 136.93, -0.4516
20241219, MTSI, 145, 20250516, C, 0, 1, 0.0095, 136.93, 0.5135
20241219, MTSI, 145, 20250516, P, 0, 0, 0.01, 136.93, -0.4991
20241219, MTSI, 150, 20250516, C, 0, 20, 0.0095, 136.93, 0.4694
20241219, MTSI, 150, 20250516, P, 0, 1, 0.01, 136.93, -0.5454
20241219, MTSI, 155, 20250516, C, 0, 1, 0.0094, 136.93, 0.4272
20241219, MTSI, 155, 20250516, P, 0, 0, 0.0099, 136.93, -0.59
20241219, MTSI, 160, 20250516, C, 0, 1, 0.0091, 136.93, 0.3873
20241219, MTSI, 160, 20250516, P, 0, 0, 0.0098, 136.93, -0.6326
20241219, MTSI, 165, 20250516, C, 0, 3, 0.0088, 136.93, 0.3498
20241219, MTSI, 165, 20250516, P, 0, 0, 0.0095, 136.93, -0.6728
20241219, MTSI, 170, 20250516, C, 0, 0, 0.0084, 136.93, 0.315
20241219, MTSI, 170, 20250516, P, 0, 0, 0.0092, 136.93, -0.7105
20241219, MTSI, 175, 20250516, C, 0, 1, 0.008, 136.93, 0.283
20241219, MTSI, 175, 20250516, P, 0, 0, 0.0089, 136.93, -0.7457
20241219, MTSI, 180, 20250516, C, 0, 0, 0.0076, 136.93, 0.2536
20241219, MTSI, 180, 20250516, P, 0, 0, 0.0085, 136.93, -0.7784
20241219, MTSI, 185, 20250516, C, 0, 0, 0.0071, 136.93, 0.2269
20241219, MTSI, 185, 20250516, P, 0, 0, 0.0081, 136.93, -0.8084
20241219, MTSI, 190, 20250516, C, 0, 574, 0.0066, 136.93, 0.2026
20241219, MTSI, 190, 20250516, P, 0, 0, 0.0077, 136.93, -0.8363
20241219, MTSI, 195, 20250516, C, 0, 0, 0.0062, 136.93, 0.1807
20241219, MTSI, 195, 20250516, P, 0, 0, 0.0073, 136.93, -0.8617
20241219, MTSI, 200, 20250516, C, 0, 0, 0.0057, 136.93, 0.1611
20241219, MTSI, 200, 20250516, P, 0, 0, 0.0069, 136.93, -0.8853
20241219, MTSI, 210, 20250516, C, 0, 0, 0.0048, 136.93, 0.1277
20241219, MTSI, 210, 20250516, P, 0, 0, 0.0061, 136.93, -0.9261
20241219, MTSI, 85, 20250815, C, 0, 0, 0.0025, 136.93, 0.9259
20241219, MTSI, 85, 20250815, P, 0, 0, 0.0026, 136.93, -0.0763
20241219, MTSI, 90, 20250815, C, 0, 0, 0.003, 136.93, 0.9076
20241219, MTSI, 90, 20250815, P, 0, 0, 0.0031, 136.93, -0.0949
20241219, MTSI, 95, 20250815, C, 0, 0, 0.0036, 136.93, 0.8863
20241219, MTSI, 95, 20250815, P, 0, 0, 0.0037, 136.93, -0.1168
20241219, MTSI, 100, 20250815, C, 0, 0, 0.0042, 136.93, 0.8619
20241219, MTSI, 100, 20250815, P, 0, 0, 0.0043, 136.93, -0.1418
20241219, MTSI, 105, 20250815, C, 0, 0, 0.0048, 136.93, 0.8345
20241219, MTSI, 105, 20250815, P, 0, 0, 0.0049, 136.93, -0.1701
20241219, MTSI, 110, 20250815, C, 0, 0, 0.0054, 136.93, 0.8042
20241219, MTSI, 110, 20250815, P, 0, 0, 0.0055, 136.93, -0.2014
20241219, MTSI, 115, 20250815, C, 0, 0, 0.0059, 136.93, 0.7713
20241219, MTSI, 115, 20250815, P, 0, 0, 0.0061, 136.93, -0.2355
20241219, MTSI, 120, 20250815, C, 0, 0, 0.0064, 136.93, 0.7362
20241219, MTSI, 120, 20250815, P, 0, 0, 0.0067, 136.93, -0.272
20241219, MTSI, 125, 20250815, C, 0, 0, 0.0069, 136.93, 0.6995
20241219, MTSI, 125, 20250815, P, 0, 0, 0.0072, 136.93, -0.3104
20241219, MTSI, 130, 20250815, C, 0, 0, 0.0073, 136.93, 0.6616
20241219, MTSI, 130, 20250815, P, 0, 0, 0.0077, 136.93, -0.3503
20241219, MTSI, 135, 20250815, C, 0, 0, 0.0076, 136.93, 0.623
20241219, MTSI, 135, 20250815, P, 0, 0, 0.0081, 136.93, -0.391
20241219, MTSI, 140, 20250815, C, 0, 0, 0.0079, 136.93, 0.5844
20241219, MTSI, 140, 20250815, P, 0, 0, 0.0084, 136.93, -0.432
20241219, MTSI, 145, 20250815, C, 0, 0, 0.008, 136.93, 0.5461
20241219, MTSI, 145, 20250815, P, 0, 0, 0.0086, 136.93, -0.473
20241219, MTSI, 150, 20250815, C, 0, 0, 0.0081, 136.93, 0.5086
20241219, MTSI, 150, 20250815, P, 0, 0, 0.0087, 136.93, -0.5134
20241219, MTSI, 155, 20250815, C, 0, 0, 0.008, 136.93, 0.4723
20241219, MTSI, 155, 20250815, P, 0, 0, 0.0088, 136.93, -0.5528
20241219, MTSI, 160, 20250815, C, 0, 0, 0.008, 136.93, 0.4375
20241219, MTSI, 160, 20250815, P, 0, 0, 0.0088, 136.93, -0.5911
20241219, MTSI, 165, 20250815, C, 0, 0, 0.0078, 136.93, 0.4042
20241219, MTSI, 165, 20250815, P, 0, 0, 0.0087, 136.93, -0.6279
20241219, MTSI, 170, 20250815, C, 0, 0, 0.0076, 136.93, 0.3728
20241219, MTSI, 170, 20250815, P, 0, 0, 0.0086, 136.93, -0.6632
20241219, MTSI, 175, 20250815, C, 0, 0, 0.0074, 136.93, 0.3432
20241219, MTSI, 175, 20250815, P, 0, 0, 0.0085, 136.93, -0.6968
20241219, MTSI, 180, 20250815, C, 0, 0, 0.0072, 136.93, 0.3155
20241219, MTSI, 180, 20250815, P, 0, 0, 0.0083, 136.93, -0.7287
20241219, MTSI, 185, 20250815, C, 0, 0, 0.0069, 136.93, 0.2897
20241219, MTSI, 185, 20250815, P, 0, 0, 0.0081, 136.93, -0.7588
20241219, MTSI, 190, 20250815, C, 0, 0, 0.0066, 136.93, 0.2658
20241219, MTSI, 190, 20250815, P, 0, 0, 0.0079, 136.93, -0.7873
20241219, MTSI, 195, 20250815, C, 0, 0, 0.0063, 136.93, 0.2437
20241219, MTSI, 195, 20250815, P, 0, 0, 0.0077, 136.93, -0.8138
20241227, MTSI, 75, 20250117, C, 0, 0, 0.0006, 133.54, 0.9932
20241227, MTSI, 75, 20250117, P, 0, 0, 0.0006, 133.54, -0.0067
20241227, MTSI, 80, 20250117, C, 0, 0, 0.0008, 133.54, 0.9912
20241227, MTSI, 80, 20250117, P, 0, 0, 0.0008, 133.54, -0.0087
20241227, MTSI, 85, 20250117, C, 0, 0, 0.0011, 133.54, 0.9885
20241227, MTSI, 85, 20250117, P, 0, 0, 0.0011, 133.54, -0.0114
20241227, MTSI, 90, 20250117, C, 0, 0, 0.0015, 133.54, 0.9847
20241227, MTSI, 90, 20250117, P, 0, 0, 0.0015, 133.54, -0.0152
20241227, MTSI, 95, 20250117, C, 0, 0, 0.0021, 133.54, 0.9793
20241227, MTSI, 95, 20250117, P, 0, 0, 0.0021, 133.54, -0.0207
20241227, MTSI, 100, 20250117, C, 0, 0, 0.0031, 133.54, 0.9713
20241227, MTSI, 100, 20250117, P, 0, 0, 0.0031, 133.54, -0.0287
20241227, MTSI, 105, 20250117, C, 0, 0, 0.0045, 133.54, 0.9593
20241227, MTSI, 105, 20250117, P, 0, 0, 0.0045, 133.54, -0.0408
20241227, MTSI, 110, 20250117, C, 0, 0, 0.0067, 133.54, 0.9406
20241227, MTSI, 110, 20250117, P, 0, 0, 0.0068, 133.54, -0.0596
20241227, MTSI, 115, 20250117, C, 0, 1, 0.0102, 133.54, 0.9104
20241227, MTSI, 115, 20250117, P, 0, 2, 0.0103, 133.54, -0.09
20241227, MTSI, 120, 20250117, C, 0, 0, 0.0156, 133.54, 0.8601
20241227, MTSI, 120, 20250117, P, 0, 10, 0.0157, 133.54, -0.1407
20241227, MTSI, 125, 20250117, C, 0, 8, 0.0231, 133.54, 0.7762
20241227, MTSI, 125, 20250117, P, 0, 8, 0.0233, 133.54, -0.2255
20241227, MTSI, 130, 20250117, C, 0, 7, 0.0308, 133.54, 0.6459
20241227, MTSI, 130, 20250117, P, 1, 19, 0.0311, 133.54, -0.3574
20241227, MTSI, 135, 20250117, C, 1, 6, 0.0336, 133.54, 0.4824
20241227, MTSI, 135, 20250117, P, 0, 13, 0.034, 133.54, -0.5231
20241227, MTSI, 140, 20250117, C, 0, 22, 0.0295, 133.54, 0.3324
20241227, MTSI, 140, 20250117, P, 0, 18, 0.03, 133.54, -0.6752
20241227, MTSI, 145, 20250117, C, 0, 62, 0.0228, 133.54, 0.2242
20241227, MTSI, 145, 20250117, P, 0, 1, 0.0234, 133.54, -0.7851
20241227, MTSI, 150, 20250117, C, 0, 16, 0.0168, 133.54, 0.1535
20241227, MTSI, 150, 20250117, P, 0, 1, 0.0174, 133.54, -0.8572
20241227, MTSI, 155, 20250117, C, 0, 7, 0.0123, 133.54, 0.1078
20241227, MTSI, 155, 20250117, P, 0, 0, 0.0129, 133.54, -0.9039
20241227, MTSI, 160, 20250117, C, 0, 1, 0.0091, 133.54, 0.0778
20241227, MTSI, 160, 20250117, P, 0, 0, 0.0096, 133.54, -0.9346
20241227, MTSI, 165, 20250117, C, 0, 0, 0.0068, 133.54, 0.0575
20241227, MTSI, 165, 20250117, P, 0, 0, 0.0071, 133.54, -0.9552
20241227, MTSI, 170, 20250117, C, 0, 0, 0.0051, 133.54, 0.0434
20241227, MTSI, 170, 20250117, P, 0, 0, 0.0053, 133.54, -0.9693
20241227, MTSI, 175, 20250117, C, 0, 0, 0.004, 133.54, 0.0334
20241227, MTSI, 175, 20250117, P, 0, 0, 0.0039, 133.54, -0.9789
20241227, MTSI, 180, 20250117, C, 0, 1, 0.0031, 133.54, 0.0261
20241227, MTSI, 180, 20250117, P, 0, 0, 0.0028, 133.54, -0.9855
20241227, MTSI, 185, 20250117, C, 0, 0, 0.0024, 133.54, 0.0207
20241227, MTSI, 185, 20250117, P, 0, 0, 0.0021, 133.54, -0.9901
20241227, MTSI, 190, 20250117, C, 0, 50, 0.0019, 133.54, 0.0166
20241227, MTSI, 190, 20250117, P, 0, 0, 0.0015, 133.54, -0.9932
20241227, MTSI, 195, 20250117, C, 0, 0, 0.0016, 133.54, 0.0135
20241227, MTSI, 195, 20250117, P, 0, 0, 0.0011, 133.54, -0.9954
20241227, MTSI, 200, 20250117, C, 0, 0, 0.0013, 133.54, 0.0111
20241227, MTSI, 200, 20250117, P, 0, 0, 0.0008, 133.54, -0.9969
20241227, MTSI, 50, 20250221, C, 0, 0, 0.0001, 133.54, 0.998
20241227, MTSI, 50, 20250221, P, 0, 0, 0.0001, 133.54, -0.0024
20241227, MTSI, 55, 20250221, C, 0, 1, 0.0002, 133.54, 0.9972
20241227, MTSI, 55, 20250221, P, 0, 0, 0.0002, 133.54, -0.0033
20241227, MTSI, 60, 20250221, C, 0, 0, 0.0003, 133.54, 0.996
20241227, MTSI, 60, 20250221, P, 0, 0, 0.0003, 133.54, -0.0045
20241227, MTSI, 65, 20250221, C, 0, 0, 0.0004, 133.54, 0.9943
20241227, MTSI, 65, 20250221, P, 0, 0, 0.0004, 133.54, -0.0062
20241227, MTSI, 70, 20250221, C, 0, 1, 0.0006, 133.54, 0.992
20241227, MTSI, 70, 20250221, P, 0, 10, 0.0006, 133.54, -0.0085
20241227, MTSI, 75, 20250221, C, 0, 4, 0.0008, 133.54, 0.9888
20241227, MTSI, 75, 20250221, P, 0, 2, 0.0008, 133.54, -0.0117
20241227, MTSI, 80, 20250221, C, 0, 0, 0.0012, 133.54, 0.9842
20241227, MTSI, 80, 20250221, P, 0, 87, 0.0012, 133.54, -0.0164
20241227, MTSI, 85, 20250221, C, 0, 0, 0.0016, 133.54, 0.9777
20241227, MTSI, 85, 20250221, P, 0, 0, 0.0017, 133.54, -0.0229
20241227, MTSI, 90, 20250221, C, 0, 10, 0.0023, 133.54, 0.9684
20241227, MTSI, 90, 20250221, P, 0, 0, 0.0023, 133.54, -0.0322
20241227, MTSI, 95, 20250221, C, 0, 4, 0.0032, 133.54, 0.9552
20241227, MTSI, 95, 20250221, P, 0, 99, 0.0033, 133.54, -0.0455
20241227, MTSI, 100, 20250221, C, 0, 1, 0.0045, 133.54, 0.9366
20241227, MTSI, 100, 20250221, P, 0, 26, 0.0045, 133.54, -0.0644
20241227, MTSI, 105, 20250221, C, 0, 3, 0.0061, 133.54, 0.9104
20241227, MTSI, 105, 20250221, P, 1, 12, 0.0061, 133.54, -0.0909
20241227, MTSI, 110, 20250221, C, 0, 58, 0.0081, 133.54, 0.8744
20241227, MTSI, 110, 20250221, P, 2, 35, 0.0082, 133.54, -0.1273
20241227, MTSI, 115, 20250221, C, 0, 198, 0.0104, 133.54, 0.8266
20241227, MTSI, 115, 20250221, P, 0, 34, 0.0105, 133.54, -0.1756
20241227, MTSI, 120, 20250221, C, 0, 279, 0.0127, 133.54, 0.766
20241227, MTSI, 120, 20250221, P, 1, 120, 0.0129, 133.54, -0.2367
20241227, MTSI, 125, 20250221, C, 0, 18, 0.0148, 133.54, 0.6936
20241227, MTSI, 125, 20250221, P, 0, 27, 0.015, 133.54, -0.3101
20241227, MTSI, 130, 20250221, C, 0, 26, 0.0163, 133.54, 0.6129
20241227, MTSI, 130, 20250221, P, 0, 18, 0.0166, 133.54, -0.3922
20241227, MTSI, 135, 20250221, C, 0, 1434, 0.0169, 133.54, 0.5291
20241227, MTSI, 135, 20250221, P, 0, 16, 0.0173, 133.54, -0.4778
20241227, MTSI, 140, 20250221, C, 2, 141, 0.0168, 133.54, 0.4476
20241227, MTSI, 140, 20250221, P, 0, 35, 0.0172, 133.54, -0.5611
20241227, MTSI, 145, 20250221, C, 0, 49, 0.0159, 133.54, 0.3728
20241227, MTSI, 145, 20250221, P, 0, 3, 0.0164, 133.54, -0.6381
20241227, MTSI, 150, 20250221, C, 0, 18, 0.0145, 133.54, 0.3071
20241227, MTSI, 150, 20250221, P, 0, 2, 0.0151, 133.54, -0.706
20241227, MTSI, 155, 20250221, C, 0, 105, 0.0129, 133.54, 0.2513
20241227, MTSI, 155, 20250221, P, 0, 0, 0.0136, 133.54, -0.7642
20241227, MTSI, 160, 20250221, C, 0, 4789, 0.0113, 133.54, 0.2045
20241227, MTSI, 160, 20250221, P, 0, 0, 0.012, 133.54, -0.813
20241227, MTSI, 165, 20250221, C, 0, 11, 0.0098, 133.54, 0.1665
20241227, MTSI, 165, 20250221, P, 0, 0, 0.0105, 133.54, -0.8533
20241227, MTSI, 170, 20250221, C, 0, 2, 0.0084, 133.54, 0.1357
20241227, MTSI, 170, 20250221, P, 0, 0, 0.0092, 133.54, -0.8866
20241227, MTSI, 175, 20250221, C, 0, 1, 0.0071, 133.54, 0.1108
20241227, MTSI, 175, 20250221, P, 0, 0, 0.008, 133.54, -0.9139
20241227, MTSI, 180, 20250221, C, 0, 0, 0.006, 133.54, 0.0907
20241227, MTSI, 180, 20250221, P, 0, 0, 0.0069, 133.54, -0.9358
20241227, MTSI, 185, 20250221, C, 0, 0, 0.0051, 133.54, 0.0745
20241227, MTSI, 185, 20250221, P, 0, 0, 0.0058, 133.54, -0.9541
20241227, MTSI, 190, 20250221, C, 0, 0, 0.0043, 133.54, 0.0615
20241227, MTSI, 190, 20250221, P, 0, 0, 0.0048, 133.54, -0.968
20241227, MTSI, 195, 20250221, C, 1, 20, 0.0037, 133.54, 0.0509
20241227, MTSI, 195, 20250221, P, 0, 0, 0.0036, 133.54, -0.9787
20241227, MTSI, 200, 20250221, C, 0, 0, 0.0031, 133.54, 0.0423
20241227, MTSI, 200, 20250221, P, 0, 0, 0.0027, 133.54, -0.9867
20241227, MTSI, 55, 20250516, C, 0, 1, 0.0003, 133.54, 0.9957
20241227, MTSI, 55, 20250516, P, 0, 0, 0.0003, 133.54, -0.0059
20241227, MTSI, 60, 20250516, C, 0, 0, 0.0005, 133.54, 0.993
20241227, MTSI, 60, 20250516, P, 0, 0, 0.0005, 133.54, -0.0087
20241227, MTSI, 65, 20250516, C, 0, 0, 0.0007, 133.54, 0.989
20241227, MTSI, 65, 20250516, P, 0, 1, 0.0007, 133.54, -0.0127
20241227, MTSI, 70, 20250516, C, 0, 0, 0.001, 133.54, 0.9834
20241227, MTSI, 70, 20250516, P, 0, 0, 0.001, 133.54, -0.0184
20241227, MTSI, 75, 20250516, C, 0, 0, 0.0013, 133.54, 0.9757
20241227, MTSI, 75, 20250516, P, 0, 0, 0.0014, 133.54, -0.0261
20241227, MTSI, 80, 20250516, C, 0, 0, 0.0018, 133.54, 0.9652
20241227, MTSI, 80, 20250516, P, 0, 0, 0.0018, 133.54, -0.0367
20241227, MTSI, 85, 20250516, C, 0, 0, 0.0024, 133.54, 0.9513
20241227, MTSI, 85, 20250516, P, 0, 0, 0.0025, 133.54, -0.0508
20241227, MTSI, 90, 20250516, C, 0, 11, 0.0032, 133.54, 0.9333
20241227, MTSI, 90, 20250516, P, 0, 5, 0.0032, 133.54, -0.0691
20241227, MTSI, 95, 20250516, C, 0, 0, 0.004, 133.54, 0.9105
20241227, MTSI, 95, 20250516, P, 0, 0, 0.0041, 133.54, -0.0922
20241227, MTSI, 100, 20250516, C, 0, 0, 0.005, 133.54, 0.8827
20241227, MTSI, 100, 20250516, P, 0, 0, 0.0051, 133.54, -0.1205
20241227, MTSI, 105, 20250516, C, 0, 2, 0.006, 133.54, 0.8495
20241227, MTSI, 105, 20250516, P, 0, 0, 0.0061, 133.54, -0.1545
20241227, MTSI, 110, 20250516, C, 2, 2, 0.007, 133.54, 0.8113
20241227, MTSI, 110, 20250516, P, 0, 10, 0.0071, 133.54, -0.1933
20241227, MTSI, 115, 20250516, C, 0, 0, 0.0079, 133.54, 0.7684
20241227, MTSI, 115, 20250516, P, 0, 3, 0.0081, 133.54, -0.2374
20241227, MTSI, 120, 20250516, C, 0, 3, 0.0088, 133.54, 0.7218
20241227, MTSI, 120, 20250516, P, 0, 1, 0.009, 133.54, -0.285
20241227, MTSI, 125, 20250516, C, 0, 2, 0.0095, 133.54, 0.6726
20241227, MTSI, 125, 20250516, P, 0, 4, 0.0098, 133.54, -0.3358
20241227, MTSI, 130, 20250516, C, 0, 11, 0.01, 133.54, 0.6218
20241227, MTSI, 130, 20250516, P, 0, 4, 0.0104, 133.54, -0.3887
20241227, MTSI, 135, 20250516, C, 0, 4, 0.0103, 133.54, 0.5706
20241227, MTSI, 135, 20250516, P, 0, 2, 0.0107, 133.54, -0.4415
20241227, MTSI, 140, 20250516, C, 0, 11, 0.0105, 133.54, 0.5201
20241227, MTSI, 140, 20250516, P, 0, 1, 0.011, 133.54, -0.4942
20241227, MTSI, 145, 20250516, C, 0, 1, 0.0104, 133.54, 0.4713
20241227, MTSI, 145, 20250516, P, 0, 0, 0.011, 133.54, -0.5455
20241227, MTSI, 150, 20250516, C, 0, 20, 0.0103, 133.54, 0.4248
20241227, MTSI, 150, 20250516, P, 0, 1, 0.0109, 133.54, -0.5947
20241227, MTSI, 155, 20250516, C, 0, 1, 0.01, 133.54, 0.3812
20241227, MTSI, 155, 20250516, P, 0, 0, 0.0107, 133.54, -0.6412
20241227, MTSI, 160, 20250516, C, 0, 1, 0.0095, 133.54, 0.3407
20241227, MTSI, 160, 20250516, P, 0, 0, 0.0103, 133.54, -0.6848
20241227, MTSI, 165, 20250516, C, 0, 3, 0.0091, 133.54, 0.3035
20241227, MTSI, 165, 20250516, P, 0, 0, 0.0099, 133.54, -0.7252
20241227, MTSI, 170, 20250516, C, 0, 0, 0.0085, 133.54, 0.2696
20241227, MTSI, 170, 20250516, P, 0, 0, 0.0095, 133.54, -0.7625
20241227, MTSI, 175, 20250516, C, 0, 1, 0.008, 133.54, 0.2391
20241227, MTSI, 175, 20250516, P, 0, 0, 0.009, 133.54, -0.7967
20241227, MTSI, 180, 20250516, C, 0, 0, 0.0074, 133.54, 0.2114
20241227, MTSI, 180, 20250516, P, 0, 0, 0.0085, 133.54, -0.8279
20241227, MTSI, 185, 20250516, C, 0, 0, 0.0068, 133.54, 0.187
20241227, MTSI, 185, 20250516, P, 0, 0, 0.008, 133.54, -0.8562
20241227, MTSI, 190, 20250516, C, 0, 574, 0.0063, 133.54, 0.165
20241227, MTSI, 190, 20250516, P, 0, 0, 0.0075, 133.54, -0.8819
20241227, MTSI, 195, 20250516, C, 0, 0, 0.0058, 133.54, 0.1456
20241227, MTSI, 195, 20250516, P, 0, 0, 0.0072, 133.54, -0.9058
20241227, MTSI, 200, 20250516, C, 0, 0, 0.0052, 133.54, 0.1285
20241227, MTSI, 200, 20250516, P, 0, 0, 0.0067, 133.54, -0.9267
20241227, MTSI, 210, 20250516, C, 0, 0, 0.0043, 133.54, 0.0999
20241227, MTSI, 210, 20250516, P, 0, 0, 0.0052, 133.54, -0.9617
20241227, MTSI, 70, 20250815, C, 0, 0, 0.0014, 133.54, 0.9641
20241227, MTSI, 70, 20250815, P, 1, 0, 0.0014, 133.54, -0.036
20241227, MTSI, 75, 20250815, C, 0, 0, 0.0018, 133.54, 0.9521
20241227, MTSI, 75, 20250815, P, 1, 10, 0.0018, 133.54, -0.0481
20241227, MTSI, 80, 20250815, C, 0, 0, 0.0023, 133.54, 0.9373
20241227, MTSI, 80, 20250815, P, 1, 0, 0.0023, 133.54, -0.0632
20241227, MTSI, 85, 20250815, C, 0, 0, 0.0028, 133.54, 0.9195
20241227, MTSI, 85, 20250815, P, 0, 0, 0.0028, 133.54, -0.0814
20241227, MTSI, 90, 20250815, C, 0, 0, 0.0034, 133.54, 0.8984
20241227, MTSI, 90, 20250815, P, 0, 0, 0.0034, 133.54, -0.1029
20241227, MTSI, 95, 20250815, C, 0, 0, 0.004, 133.54, 0.874
20241227, MTSI, 95, 20250815, P, 0, 0, 0.0041, 133.54, -0.128
20241227, MTSI, 100, 20250815, C, 0, 0, 0.0046, 133.54, 0.8465
20241227, MTSI, 100, 20250815, P, 0, 0, 0.0047, 133.54, -0.156
20241227, MTSI, 105, 20250815, C, 0, 0, 0.0052, 133.54, 0.816
20241227, MTSI, 105, 20250815, P, 0, 1, 0.0054, 133.54, -0.1874
20241227, MTSI, 110, 20250815, C, 0, 0, 0.0058, 133.54, 0.7828
20241227, MTSI, 110, 20250815, P, 0, 0, 0.006, 133.54, -0.2217
20241227, MTSI, 115, 20250815, C, 0, 0, 0.0064, 133.54, 0.7473
20241227, MTSI, 115, 20250815, P, 0, 0, 0.0066, 133.54, -0.2584
20241227, MTSI, 120, 20250815, C, 0, 0, 0.0069, 133.54, 0.7101
20241227, MTSI, 120, 20250815, P, 0, 0, 0.0072, 133.54, -0.2975
20241227, MTSI, 125, 20250815, C, 2, 0, 0.0074, 133.54, 0.6715
20241227, MTSI, 125, 20250815, P, 3, 0, 0.0077, 133.54, -0.3376
20241227, MTSI, 130, 20250815, C, 0, 1, 0.0077, 133.54, 0.6322
20241227, MTSI, 130, 20250815, P, 0, 0, 0.0081, 133.54, -0.379
20241227, MTSI, 135, 20250815, C, 0, 0, 0.008, 133.54, 0.5927
20241227, MTSI, 135, 20250815, P, 0, 0, 0.0084, 133.54, -0.4203
20241227, MTSI, 140, 20250815, C, 0, 3, 0.0081, 133.54, 0.5534
20241227, MTSI, 140, 20250815, P, 0, 0, 0.0086, 133.54, -0.462
20241227, MTSI, 145, 20250815, C, 0, 0, 0.0082, 133.54, 0.5148
20241227, MTSI, 145, 20250815, P, 0, 0, 0.0088, 133.54, -0.5033
20241227, MTSI, 150, 20250815, C, 0, 0, 0.0082, 133.54, 0.4772
20241227, MTSI, 150, 20250815, P, 0, 0, 0.0089, 133.54, -0.5438
20241227, MTSI, 155, 20250815, C, 0, 0, 0.0082, 133.54, 0.441
20241227, MTSI, 155, 20250815, P, 0, 0, 0.0089, 133.54, -0.5832
20241227, MTSI, 160, 20250815, C, 0, 0, 0.008, 133.54, 0.4059
20241227, MTSI, 160, 20250815, P, 0, 0, 0.0089, 133.54, -0.6212
20241227, MTSI, 165, 20250815, C, 0, 0, 0.0079, 133.54, 0.3733
20241227, MTSI, 165, 20250815, P, 0, 0, 0.0088, 133.54, -0.658
20241227, MTSI, 170, 20250815, C, 0, 0, 0.0076, 133.54, 0.3422
20241227, MTSI, 170, 20250815, P, 0, 0, 0.0086, 133.54, -0.6928
20241227, MTSI, 175, 20250815, C, 0, 0, 0.0074, 133.54, 0.313
20241227, MTSI, 175, 20250815, P, 0, 0, 0.0085, 133.54, -0.7262
20241227, MTSI, 180, 20250815, C, 0, 0, 0.0071, 133.54, 0.2858
20241227, MTSI, 180, 20250815, P, 0, 0, 0.0083, 133.54, -0.7578
20241227, MTSI, 185, 20250815, C, 0, 0, 0.0068, 133.54, 0.2604
20241227, MTSI, 185, 20250815, P, 0, 0, 0.008, 133.54, -0.7878
20241227, MTSI, 190, 20250815, C, 0, 0, 0.0064, 133.54, 0.237
20241227, MTSI, 190, 20250815, P, 0, 0, 0.0078, 133.54, -0.8158
20241227, MTSI, 195, 20250815, C, 0, 1, 0.0061, 133.54, 0.2154
20241227, MTSI, 195, 20250815, P, 0, 0, 0.0076, 133.54, -0.8426
20241227, MTSI, 200, 20250815, C, 0, 0, 0.0057, 133.54, 0.1956
20241227, MTSI, 200, 20250815, P, 0, 0, 0.0073, 133.54, -0.8675
20241230, MTSI, 75, 20250117, C, 0, 0, 0.001, 130.17, 0.9849
20241230, MTSI, 75, 20250117, P, 0, 0, 0.001, 130.17, -0.0142
20241230, MTSI, 80, 20250117, C, 0, 0, 0.0014, 130.17, 0.9816
20241230, MTSI, 80, 20250117, P, 0, 0, 0.0014, 130.17, -0.0176
20241230, MTSI, 85, 20250117, C, 0, 0, 0.0018, 130.17, 0.9772
20241230, MTSI, 85, 20250117, P, 0, 0, 0.0018, 130.17, -0.022
20241230, MTSI, 90, 20250117, C, 0, 0, 0.0024, 130.17, 0.9713
20241230, MTSI, 90, 20250117, P, 0, 0, 0.0024, 130.17, -0.0278
20241230, MTSI, 95, 20250117, C, 0, 0, 0.0033, 130.17, 0.9633
20241230, MTSI, 95, 20250117, P, 0, 0, 0.0033, 130.17, -0.0359
20241230, MTSI, 100, 20250117, C, 0, 0, 0.0045, 130.17, 0.952
20241230, MTSI, 100, 20250117, P, 0, 0, 0.0045, 130.17, -0.0472
20241230, MTSI, 105, 20250117, C, 0, 0, 0.0064, 130.17, 0.9356
20241230, MTSI, 105, 20250117, P, 0, 0, 0.0064, 130.17, -0.0636
20241230, MTSI, 110, 20250117, C, 0, 0, 0.0093, 130.17, 0.9107
20241230, MTSI, 110, 20250117, P, 0, 0, 0.0093, 130.17, -0.0887
20241230, MTSI, 115, 20250117, C, 0, 1, 0.0138, 130.17, 0.8712
20241230, MTSI, 115, 20250117, P, 0, 2, 0.0138, 130.17, -0.1284
20241230, MTSI, 120, 20250117, C, 0, 0, 0.0206, 130.17, 0.8051
20241230, MTSI, 120, 20250117, P, 0, 10, 0.0207, 130.17, -0.1949
20241230, MTSI, 125, 20250117, C, 0, 8, 0.0294, 130.17, 0.694
20241230, MTSI, 125, 20250117, P, 0, 8, 0.0296, 130.17, -0.3069
20241230, MTSI, 130, 20250117, C, 0, 7, 0.0351, 130.17, 0.5316
20241230, MTSI, 130, 20250117, P, 0, 20, 0.0354, 130.17, -0.4705
20241230, MTSI, 135, 20250117, C, 0, 7, 0.032, 130.17, 0.3682
20241230, MTSI, 135, 20250117, P, 0, 13, 0.0323, 130.17, -0.6352
20241230, MTSI, 140, 20250117, C, 0, 22, 0.0248, 130.17, 0.2521
20241230, MTSI, 140, 20250117, P, 0, 18, 0.0251, 130.17, -0.7522
20241230, MTSI, 145, 20250117, C, 141, 62, 0.0185, 130.17, 0.1786
20241230, MTSI, 145, 20250117, P, 0, 1, 0.0188, 130.17, -0.8263
20241230, MTSI, 150, 20250117, C, 0, 16, 0.0138, 130.17, 0.1315
20241230, MTSI, 150, 20250117, P, 0, 1, 0.0141, 130.17, -0.8738
20241230, MTSI, 155, 20250117, C, 0, 7, 0.0105, 130.17, 0.1001
20241230, MTSI, 155, 20250117, P, 0, 0, 0.0108, 130.17, -0.9055
20241230, MTSI, 160, 20250117, C, 0, 1, 0.0081, 130.17, 0.0783
20241230, MTSI, 160, 20250117, P, 0, 0, 0.0084, 130.17, -0.9276
20241230, MTSI, 165, 20250117, C, 0, 0, 0.0064, 130.17, 0.0626
20241230, MTSI, 165, 20250117, P, 0, 0, 0.0067, 130.17, -0.9435
20241230, MTSI, 170, 20250117, C, 0, 0, 0.0052, 130.17, 0.051
20241230, MTSI, 170, 20250117, P, 0, 0, 0.0054, 130.17, -0.9552
20241230, MTSI, 175, 20250117, C, 0, 0, 0.0042, 130.17, 0.0422
20241230, MTSI, 175, 20250117, P, 0, 0, 0.0045, 130.17, -0.9643
20241230, MTSI, 180, 20250117, C, 0, 1, 0.0035, 130.17, 0.0354
20241230, MTSI, 180, 20250117, P, 0, 0, 0.0038, 130.17, -0.9714
20241230, MTSI, 185, 20250117, C, 0, 0, 0.0029, 130.17, 0.0299
20241230, MTSI, 185, 20250117, P, 0, 0, 0.0033, 130.17, -0.9772
20241230, MTSI, 190, 20250117, C, 0, 50, 0.0025, 130.17, 0.0256
20241230, MTSI, 190, 20250117, P, 0, 0, 0.0029, 130.17, -0.9819
20241230, MTSI, 195, 20250117, C, 0, 0, 0.0021, 130.17, 0.0221
20241230, MTSI, 195, 20250117, P, 0, 0, 0.0025, 130.17, -0.9856
20241230, MTSI, 200, 20250117, C, 0, 0, 0.0018, 130.17, 0.0192
20241230, MTSI, 200, 20250117, P, 0, 0, 0.0021, 130.17, -0.9888
20241230, MTSI, 50, 20250221, C, 0, 0, 0.0002, 130.17, 0.9965
20241230, MTSI, 50, 20250221, P, 0, 0, 0.0002, 130.17, -0.0041
20241230, MTSI, 55, 20250221, C, 0, 1, 0.0003, 130.17, 0.9952
20241230, MTSI, 55, 20250221, P, 0, 0, 0.0003, 130.17, -0.0054
20241230, MTSI, 60, 20250221, C, 0, 0, 0.0004, 130.17, 0.9936
20241230, MTSI, 60, 20250221, P, 0, 0, 0.0004, 130.17, -0.0071
20241230, MTSI, 65, 20250221, C, 0, 0, 0.0006, 130.17, 0.9913
20241230, MTSI, 65, 20250221, P, 0, 0, 0.0006, 130.17, -0.0093
20241230, MTSI, 70, 20250221, C, 0, 1, 0.0008, 130.17, 0.9883
20241230, MTSI, 70, 20250221, P, 0, 10, 0.0008, 130.17, -0.0123
20241230, MTSI, 75, 20250221, C, 0, 4, 0.0011, 130.17, 0.9842
20241230, MTSI, 75, 20250221, P, 0, 2, 0.0011, 130.17, -0.0164
20241230, MTSI, 80, 20250221, C, 0, 0, 0.0015, 130.17, 0.9786
20241230, MTSI, 80, 20250221, P, 0, 87, 0.0015, 130.17, -0.0221
20241230, MTSI, 85, 20250221, C, 0, 0, 0.0021, 130.17, 0.9708
20241230, MTSI, 85, 20250221, P, 0, 0, 0.0021, 130.17, -0.03
20241230, MTSI, 90, 20250221, C, 0, 10, 0.0029, 130.17, 0.9599
20241230, MTSI, 90, 20250221, P, 0, 0, 0.0029, 130.17, -0.0409
20241230, MTSI, 95, 20250221, C, 0, 4, 0.004, 130.17, 0.9446
20241230, MTSI, 95, 20250221, P, 0, 99, 0.004, 130.17, -0.0563
20241230, MTSI, 100, 20250221, C, 0, 1, 0.0054, 130.17, 0.9231
20241230, MTSI, 100, 20250221, P, 0, 26, 0.0055, 130.17, -0.078
20241230, MTSI, 105, 20250221, C, 0, 3, 0.0073, 130.17, 0.893
20241230, MTSI, 105, 20250221, P, 0, 12, 0.0074, 130.17, -0.1084
20241230, MTSI, 110, 20250221, C, 0, 58, 0.0096, 130.17, 0.8516
20241230, MTSI, 110, 20250221, P, 0, 34, 0.0097, 130.17, -0.1502
20241230, MTSI, 115, 20250221, C, 0, 198, 0.0122, 130.17, 0.7965
20241230, MTSI, 115, 20250221, P, 0, 34, 0.0124, 130.17, -0.206
20241230, MTSI, 120, 20250221, C, 0, 279, 0.0148, 130.17, 0.7267
20241230, MTSI, 120, 20250221, P, 0, 119, 0.015, 130.17, -0.2768
20241230, MTSI, 125, 20250221, C, 0, 18, 0.0168, 130.17, 0.6446
20241230, MTSI, 125, 20250221, P, 1, 27, 0.0171, 130.17, -0.3602
20241230, MTSI, 130, 20250221, C, 0, 26, 0.0179, 130.17, 0.5559
20241230, MTSI, 130, 20250221, P, 0, 18, 0.0183, 130.17, -0.4506
20241230, MTSI, 135, 20250221, C, 0, 1434, 0.0179, 130.17, 0.4681
20241230, MTSI, 135, 20250221, P, 0, 16, 0.0184, 130.17, -0.5404
20241230, MTSI, 140, 20250221, C, 0, 143, 0.017, 130.17, 0.3873
20241230, MTSI, 140, 20250221, P, 0, 35, 0.0175, 130.17, -0.6232
20241230, MTSI, 145, 20250221, C, 6, 49, 0.0155, 130.17, 0.3172
20241230, MTSI, 145, 20250221, P, 0, 3, 0.0161, 130.17, -0.6956
20241230, MTSI, 150, 20250221, C, 0, 18, 0.0137, 130.17, 0.2585
20241230, MTSI, 150, 20250221, P, 0, 2, 0.0144, 130.17, -0.7564
20241230, MTSI, 155, 20250221, C, 0, 105, 0.012, 130.17, 0.2106
20241230, MTSI, 155, 20250221, P, 0, 0, 0.0127, 130.17, -0.8065
20241230, MTSI, 160, 20250221, C, 0, 4789, 0.0103, 130.17, 0.1718
20241230, MTSI, 160, 20250221, P, 0, 0, 0.011, 130.17, -0.8472
20241230, MTSI, 165, 20250221, C, 0, 11, 0.0088, 130.17, 0.1408
20241230, MTSI, 165, 20250221, P, 0, 0, 0.0096, 130.17, -0.8803
20241230, MTSI, 170, 20250221, C, 0, 2, 0.0075, 130.17, 0.1159
20241230, MTSI, 170, 20250221, P, 0, 0, 0.0083, 130.17, -0.9071
20241230, MTSI, 175, 20250221, C, 0, 1, 0.0064, 130.17, 0.0959
20241230, MTSI, 175, 20250221, P, 0, 0, 0.0072, 130.17, -0.9289
20241230, MTSI, 180, 20250221, C, 0, 0, 0.0054, 130.17, 0.0798
20241230, MTSI, 180, 20250221, P, 0, 0, 0.0062, 130.17, -0.9465
20241230, MTSI, 185, 20250221, C, 0, 0, 0.0046, 130.17, 0.0667
20241230, MTSI, 185, 20250221, P, 0, 0, 0.0057, 130.17, -0.962
20241230, MTSI, 190, 20250221, C, 0, 0, 0.004, 130.17, 0.0561
20241230, MTSI, 190, 20250221, P, 0, 0, 0.005, 130.17, -0.9737
20241230, MTSI, 195, 20250221, C, 0, 21, 0.0034, 130.17, 0.0474
20241230, MTSI, 195, 20250221, P, 0, 0, 0.0038, 130.17, -0.9837
20241230, MTSI, 200, 20250221, C, 0, 0, 0.0029, 130.17, 0.0402
20241230, MTSI, 200, 20250221, P, 0, 0, 0.0028, 130.17, -0.9908
20241230, MTSI, 55, 20250516, C, 0, 1, 0.0004, 130.17, 0.9967
20241230, MTSI, 55, 20250516, P, 0, 0, 0.0004, 130.17, -0.0068
20241230, MTSI, 60, 20250516, C, 0, 0, 0.0006, 130.17, 0.9935
20241230, MTSI, 60, 20250516, P, 0, 0, 0.0006, 130.17, -0.01
20241230, MTSI, 65, 20250516, C, 0, 0, 0.0008, 130.17, 0.9889
20241230, MTSI, 65, 20250516, P, 0, 1, 0.0008, 130.17, -0.0146
20241230, MTSI, 70, 20250516, C, 0, 0, 0.0011, 130.17, 0.9825
20241230, MTSI, 70, 20250516, P, 0, 0, 0.0011, 130.17, -0.0212
20241230, MTSI, 75, 20250516, C, 0, 0, 0.0016, 130.17, 0.9736
20241230, MTSI, 75, 20250516, P, 0, 0, 0.0016, 130.17, -0.0301
20241230, MTSI, 80, 20250516, C, 0, 0, 0.0021, 130.17, 0.9616
20241230, MTSI, 80, 20250516, P, 0, 0, 0.0022, 130.17, -0.0423
20241230, MTSI, 85, 20250516, C, 0, 0, 0.0028, 130.17, 0.9458
20241230, MTSI, 85, 20250516, P, 0, 0, 0.0028, 130.17, -0.0583
20241230, MTSI, 90, 20250516, C, 0, 11, 0.0036, 130.17, 0.9254
20241230, MTSI, 90, 20250516, P, 0, 5, 0.0037, 130.17, -0.079
20241230, MTSI, 95, 20250516, C, 0, 0, 0.0046, 130.17, 0.9
20241230, MTSI, 95, 20250516, P, 0, 0, 0.0047, 130.17, -0.1049
20241230, MTSI, 100, 20250516, C, 0, 0, 0.0056, 130.17, 0.869
20241230, MTSI, 100, 20250516, P, 0, 0, 0.0057, 130.17, -0.1364
20241230, MTSI, 105, 20250516, C, 0, 2, 0.0067, 130.17, 0.8326
20241230, MTSI, 105, 20250516, P, 0, 0, 0.0068, 130.17, -0.1736
20241230, MTSI, 110, 20250516, C, 0, 2, 0.0077, 130.17, 0.791
20241230, MTSI, 110, 20250516, P, 0, 10, 0.0079, 130.17, -0.2163
20241230, MTSI, 115, 20250516, C, 0, 0, 0.0087, 130.17, 0.7449
20241230, MTSI, 115, 20250516, P, 0, 3, 0.0089, 130.17, -0.2636
20241230, MTSI, 120, 20250516, C, 0, 3, 0.0095, 130.17, 0.6952
20241230, MTSI, 120, 20250516, P, 0, 1, 0.0098, 130.17, -0.3148
20241230, MTSI, 125, 20250516, C, 0, 2, 0.0102, 130.17, 0.6433
20241230, MTSI, 125, 20250516, P, 0, 4, 0.0105, 130.17, -0.3686
20241230, MTSI, 130, 20250516, C, 0, 11, 0.0106, 130.17, 0.5903
20241230, MTSI, 130, 20250516, P, 0, 4, 0.0111, 130.17, -0.4236
20241230, MTSI, 135, 20250516, C, 0, 4, 0.0109, 130.17, 0.5375
20241230, MTSI, 135, 20250516, P, 0, 2, 0.0114, 130.17, -0.4789
20241230, MTSI, 140, 20250516, C, 0, 11, 0.0109, 130.17, 0.4859
20241230, MTSI, 140, 20250516, P, 0, 1, 0.0115, 130.17, -0.5331
20241230, MTSI, 145, 20250516, C, 0, 1, 0.0108, 130.17, 0.4365
20241230, MTSI, 145, 20250516, P, 0, 0, 0.0115, 130.17, -0.5855
20241230, MTSI, 150, 20250516, C, 0, 20, 0.0105, 130.17, 0.39
20241230, MTSI, 150, 20250516, P, 0, 1, 0.0112, 130.17, -0.6353
20241230, MTSI, 155, 20250516, C, 0, 1, 0.01, 130.17, 0.3467
20241230, MTSI, 155, 20250516, P, 0, 0, 0.0109, 130.17, -0.6821
20241230, MTSI, 160, 20250516, C, 0, 1, 0.0095, 130.17, 0.3069
20241230, MTSI, 160, 20250516, P, 0, 0, 0.0105, 130.17, -0.7255
20241230, MTSI, 165, 20250516, C, 0, 3, 0.009, 130.17, 0.2708
20241230, MTSI, 165, 20250516, P, 0, 0, 0.01, 130.17, -0.7656
20241230, MTSI, 170, 20250516, C, 0, 0, 0.0083, 130.17, 0.2382
20241230, MTSI, 170, 20250516, P, 0, 0, 0.0095, 130.17, -0.8023
20241230, MTSI, 175, 20250516, C, 0, 1, 0.0077, 130.17, 0.2091
20241230, MTSI, 175, 20250516, P, 0, 0, 0.009, 130.17, -0.8356
20241230, MTSI, 180, 20250516, C, 0, 0, 0.0071, 130.17, 0.1832
20241230, MTSI, 180, 20250516, P, 0, 0, 0.0085, 130.17, -0.866
20241230, MTSI, 185, 20250516, C, 0, 0, 0.0065, 130.17, 0.1602
20241230, MTSI, 185, 20250516, P, 0, 0, 0.008, 130.17, -0.8935
20241230, MTSI, 190, 20250516, C, 0, 574, 0.0059, 130.17, 0.14
20241230, MTSI, 190, 20250516, P, 0, 0, 0.0075, 130.17, -0.9186
20241230, MTSI, 195, 20250516, C, 0, 0, 0.0053, 130.17, 0.1223
20241230, MTSI, 195, 20250516, P, 0, 0, 0.0069, 130.17, -0.9407
20241230, MTSI, 200, 20250516, C, 0, 0, 0.0048, 130.17, 0.1067
20241230, MTSI, 200, 20250516, P, 0, 0, 0.0066, 130.17, -0.9619
20241230, MTSI, 210, 20250516, C, 0, 0, 0.0039, 130.17, 0.0813
20241230, MTSI, 210, 20250516, P, 0, 0, 0.0031, 130.17, -0.9892
20241230, MTSI, 70, 20250815, C, 0, 0, 0.0015, 130.17, 0.9664
20241230, MTSI, 70, 20250815, P, 0, 1, 0.0015, 130.17, -0.0374
20241230, MTSI, 75, 20250815, C, 0, 0, 0.002, 130.17, 0.9536
20241230, MTSI, 75, 20250815, P, 0, 11, 0.002, 130.17, -0.0505
20241230, MTSI, 80, 20250815, C, 0, 0, 0.0025, 130.17, 0.9376
20241230, MTSI, 80, 20250815, P, 0, 1, 0.0025, 130.17, -0.0668
20241230, MTSI, 85, 20250815, C, 0, 0, 0.0031, 130.17, 0.9182
20241230, MTSI, 85, 20250815, P, 0, 0, 0.0032, 130.17, -0.0866
20241230, MTSI, 90, 20250815, C, 0, 0, 0.0037, 130.17, 0.8953
20241230, MTSI, 90, 20250815, P, 0, 0, 0.0038, 130.17, -0.1101
20241230, MTSI, 95, 20250815, C, 0, 0, 0.0044, 130.17, 0.8688
20241230, MTSI, 95, 20250815, P, 0, 0, 0.0045, 130.17, -0.1372
20241230, MTSI, 100, 20250815, C, 0, 0, 0.0051, 130.17, 0.8389
20241230, MTSI, 100, 20250815, P, 0, 0, 0.0052, 130.17, -0.168
20241230, MTSI, 105, 20250815, C, 0, 0, 0.0058, 130.17, 0.8059
20241230, MTSI, 105, 20250815, P, 0, 1, 0.006, 130.17, -0.2021
20241230, MTSI, 110, 20250815, C, 0, 0, 0.0064, 130.17, 0.7701
20241230, MTSI, 110, 20250815, P, 0, 0, 0.0066, 130.17, -0.2392
20241230, MTSI, 115, 20250815, C, 0, 0, 0.007, 130.17, 0.7322
20241230, MTSI, 115, 20250815, P, 0, 0, 0.0073, 130.17, -0.2787
20241230, MTSI, 120, 20250815, C, 0, 0, 0.0075, 130.17, 0.6926
20241230, MTSI, 120, 20250815, P, 0, 0, 0.0078, 130.17, -0.3201
20241230, MTSI, 125, 20250815, C, 0, 2, 0.0079, 130.17, 0.652
20241230, MTSI, 125, 20250815, P, 0, 3, 0.0083, 130.17, -0.3628
20241230, MTSI, 130, 20250815, C, 0, 1, 0.0082, 130.17, 0.6109
20241230, MTSI, 130, 20250815, P, 0, 0, 0.0087, 130.17, -0.4062
20241230, MTSI, 135, 20250815, C, 0, 0, 0.0084, 130.17, 0.57
20241230, MTSI, 135, 20250815, P, 0, 0, 0.009, 130.17, -0.4497
20241230, MTSI, 140, 20250815, C, 0, 3, 0.0085, 130.17, 0.5297
20241230, MTSI, 140, 20250815, P, 0, 0, 0.0092, 130.17, -0.4929
20241230, MTSI, 145, 20250815, C, 0, 0, 0.0086, 130.17, 0.4904
20241230, MTSI, 145, 20250815, P, 0, 0, 0.0093, 130.17, -0.5354
20241230, MTSI, 150, 20250815, C, 0, 0, 0.0085, 130.17, 0.4525
20241230, MTSI, 150, 20250815, P, 0, 0, 0.0093, 130.17, -0.5767
20241230, MTSI, 155, 20250815, C, 0, 0, 0.0084, 130.17, 0.4163
20241230, MTSI, 155, 20250815, P, 0, 0, 0.0093, 130.17, -0.6166
20241230, MTSI, 160, 20250815, C, 0, 0, 0.0082, 130.17, 0.382
20241230, MTSI, 160, 20250815, P, 0, 0, 0.0092, 130.17, -0.6549
20241230, MTSI, 165, 20250815, C, 0, 0, 0.008, 130.17, 0.3496
20241230, MTSI, 165, 20250815, P, 0, 0, 0.0091, 130.17, -0.6915
20241230, MTSI, 170, 20250815, C, 0, 0, 0.0077, 130.17, 0.3193
20241230, MTSI, 170, 20250815, P, 0, 0, 0.0089, 130.17, -0.7262
20241230, MTSI, 175, 20250815, C, 0, 0, 0.0074, 130.17, 0.2911
20241230, MTSI, 175, 20250815, P, 0, 0, 0.0087, 130.17, -0.7592
20241230, MTSI, 180, 20250815, C, 0, 0, 0.007, 130.17, 0.265
20241230, MTSI, 180, 20250815, P, 0, 0, 0.0084, 130.17, -0.7902
20241230, MTSI, 185, 20250815, C, 0, 0, 0.0067, 130.17, 0.2408
20241230, MTSI, 185, 20250815, P, 0, 0, 0.0082, 130.17, -0.8195
20241230, MTSI, 190, 20250815, C, 0, 0, 0.0063, 130.17, 0.2186
20241230, MTSI, 190, 20250815, P, 0, 0, 0.008, 130.17, -0.8471
20241230, MTSI, 195, 20250815, C, 0, 1, 0.006, 130.17, 0.1983
20241230, MTSI, 195, 20250815, P, 0, 0, 0.0077, 130.17, -0.8727
20241230, MTSI, 200, 20250815, C, 0, 0, 0.0056, 130.17, 0.1797
20241230, MTSI, 200, 20250815, P, 0, 0, 0.0074, 130.17, -0.8972
