20241220, NN, 1, 20250117, C, 0, 0, 0.0005, 15.59, 0.996
20241220, NN, 1, 20250117, P, 0, 30, 0.0005, 15.59, -0.0038
20241220, NN, 2, 20250117, C, 0, 7, 0.001, 15.59, 0.9945
20241220, NN, 2, 20250117, P, 0, 0, 0.001, 15.59, -0.0052
20241220, NN, 3, 20250117, C, 84, 2983, 0.0014, 15.59, 0.9934
20241220, NN, 3, 20250117, P, 0, 30, 0.0014, 15.59, -0.0062
20241220, NN, 4, 20250117, C, 0, 28, 0.002, 15.59, 0.9922
20241220, NN, 4, 20250117, P, 0, 314, 0.002, 15.59, -0.0073
20241220, NN, 5, 20250117, C, 0, 131, 0.0029, 15.59, 0.9905
20241220, NN, 5, 20250117, P, 0, 0, 0.0029, 15.59, -0.0091
20241220, NN, 6, 20250117, C, 0, 120, 0.0042, 15.59, 0.9877
20241220, NN, 6, 20250117, P, 0, 193, 0.0042, 15.59, -0.0118
20241220, NN, 7, 20250117, C, 0, 1063, 0.0062, 15.59, 0.9833
20241220, NN, 7, 20250117, P, 0, 962, 0.0062, 15.59, -0.0162
20241220, NN, 8, 20250117, C, 0, 5473, 0.0095, 15.59, 0.976
20241220, NN, 8, 20250117, P, 0, 137, 0.0096, 15.59, -0.0236
20241220, NN, 9, 20250117, C, 0, 1353, 0.0148, 15.59, 0.9639
20241220, NN, 9, 20250117, P, 0, 115, 0.0148, 15.59, -0.0356
20241220, NN, 10, 20250117, C, 110, 4559, 0.023, 15.59, 0.9442
20241220, NN, 10, 20250117, P, 0, 370, 0.0231, 15.59, -0.0554
20241220, NN, 11, 20250117, C, 0, 1013, 0.0349, 15.59, 0.9129
20241220, NN, 11, 20250117, P, 101, 298, 0.035, 15.59, -0.0868
20241220, NN, 12, 20250117, C, 0, 332, 0.0505, 15.59, 0.8658
20241220, NN, 12, 20250117, P, 74, 94, 0.0507, 15.59, -0.1342
20241220, NN, 13, 20250117, C, 0, 1349, 0.0686, 15.59, 0.7998
20241220, NN, 13, 20250117, P, 0, 488, 0.0689, 15.59, -0.2004
20241220, NN, 14, 20250117, C, 1, 571, 0.0861, 15.59, 0.7154
20241220, NN, 14, 20250117, P, 10, 125, 0.0865, 15.59, -0.2851
20241220, NN, 15, 20250117, C, 0, 1024, 0.0996, 15.59, 0.6171
20241220, NN, 15, 20250117, P, 5, 218, 0.1001, 15.59, -0.384
20241220, NN, 16, 20250117, C, 11, 135, 0.1061, 15.59, 0.5126
20241220, NN, 16, 20250117, P, 0, 120, 0.1068, 15.59, -0.4891
20241220, NN, 17, 20250117, C, 26, 289, 0.105, 15.59, 0.4105
20241220, NN, 17, 20250117, P, 0, 101, 0.1058, 15.59, -0.592
20241220, NN, 18, 20250117, C, 0, 328, 0.0972, 15.59, 0.3178
20241220, NN, 18, 20250117, P, 0, 51, 0.0983, 15.59, -0.6856
20241220, NN, 19, 20250117, C, 0, 149, 0.0851, 15.59, 0.2386
20241220, NN, 19, 20250117, P, 0, 16, 0.0863, 15.59, -0.7658
20241220, NN, 20, 20250117, C, 11, 1602, 0.071, 15.59, 0.1745
20241220, NN, 20, 20250117, P, 0, 1, 0.0725, 15.59, -0.8312
20241220, NN, 21, 20250117, C, 0, 379, 0.0568, 15.59, 0.1247
20241220, NN, 21, 20250117, P, 0, 0, 0.0587, 15.59, -0.8823
20241220, NN, 22, 20250117, C, 0, 53, 0.044, 15.59, 0.0874
20241220, NN, 22, 20250117, P, 0, 9, 0.0462, 15.59, -0.9211
20241220, NN, 23, 20250117, C, 1, 37, 0.0331, 15.59, 0.0602
20241220, NN, 23, 20250117, P, 0, 0, 0.0353, 15.59, -0.9498
20241220, NN, 25, 20250117, C, 0, 67, 0.0175, 15.59, 0.0275
20241220, NN, 25, 20250117, P, 0, 0, 0.0173, 15.59, -0.9841
20241220, NN, 1, 20250221, C, 0, 0, 0.0007, 15.59, 0.9951
20241220, NN, 1, 20250221, P, 0, 0, 0.0007, 15.59, -0.0086
20241220, NN, 2, 20250221, C, 0, 0, 0.0017, 15.59, 0.9897
20241220, NN, 2, 20250221, P, 0, 0, 0.0017, 15.59, -0.014
20241220, NN, 3, 20250221, C, 0, 0, 0.0026, 15.59, 0.9872
20241220, NN, 3, 20250221, P, 0, 0, 0.0026, 15.59, -0.0166
20241220, NN, 4, 20250221, C, 0, 0, 0.0036, 15.59, 0.9851
20241220, NN, 4, 20250221, P, 0, 0, 0.0036, 15.59, -0.0187
20241220, NN, 5, 20250221, C, 0, 1, 0.0049, 15.59, 0.982
20241220, NN, 5, 20250221, P, 0, 0, 0.0049, 15.59, -0.0218
20241220, NN, 6, 20250221, C, 0, 180, 0.0067, 15.59, 0.977
20241220, NN, 6, 20250221, P, 0, 120, 0.0067, 15.59, -0.0268
20241220, NN, 7, 20250221, C, 0, 135, 0.0094, 15.59, 0.9689
20241220, NN, 7, 20250221, P, 0, 91, 0.0095, 15.59, -0.035
20241220, NN, 8, 20250221, C, 0, 2, 0.0134, 15.59, 0.9561
20241220, NN, 8, 20250221, P, 0, 3, 0.0134, 15.59, -0.0478
20241220, NN, 9, 20250221, C, 0, 230, 0.019, 15.59, 0.9367
20241220, NN, 9, 20250221, P, 0, 350, 0.019, 15.59, -0.0672
20241220, NN, 10, 20250221, C, 0, 224, 0.0262, 15.59, 0.9087
20241220, NN, 10, 20250221, P, 0, 1082, 0.0264, 15.59, -0.0954
20241220, NN, 11, 20250221, C, 0, 1, 0.035, 15.59, 0.8703
20241220, NN, 11, 20250221, P, 0, 173, 0.0352, 15.59, -0.134
20241220, NN, 12, 20250221, C, 0, 185, 0.0443, 15.59, 0.8215
20241220, NN, 12, 20250221, P, 0, 94, 0.0447, 15.59, -0.1835
20241220, NN, 13, 20250221, C, 4, 26, 0.0533, 15.59, 0.7633
20241220, NN, 13, 20250221, P, 0, 57, 0.0538, 15.59, -0.2421
20241220, NN, 14, 20250221, C, 0, 30, 0.0608, 15.59, 0.6985
20241220, NN, 14, 20250221, P, 0, 53, 0.0615, 15.59, -0.3076
20241220, NN, 15, 20250221, C, 1, 117, 0.0664, 15.59, 0.6302
20241220, NN, 15, 20250221, P, 0, 52, 0.0672, 15.59, -0.3768
20241220, NN, 16, 20250221, C, 0, 1051, 0.0695, 15.59, 0.5615
20241220, NN, 16, 20250221, P, 0, 4, 0.0706, 15.59, -0.4465
20241220, NN, 17, 20250221, C, 0, 35, 0.0704, 15.59, 0.495
20241220, NN, 17, 20250221, P, 0, 14, 0.0718, 15.59, -0.5142
20241220, NN, 18, 20250221, C, 0, 218, 0.0694, 15.59, 0.4325
20241220, NN, 18, 20250221, P, 0, 7, 0.071, 15.59, -0.578
20241220, NN, 19, 20250221, C, 0, 158, 0.0669, 15.59, 0.3751
20241220, NN, 19, 20250221, P, 0, 10, 0.0686, 15.59, -0.6368
20241220, NN, 20, 20250221, C, 0, 255, 0.0632, 15.59, 0.3234
20241220, NN, 20, 20250221, P, 0, 52, 0.0652, 15.59, -0.69
20241220, NN, 21, 20250221, C, 0, 0, 0.0588, 15.59, 0.2775
20241220, NN, 21, 20250221, P, 0, 0, 0.0611, 15.59, -0.7375
20241220, NN, 22, 20250221, C, 0, 0, 0.054, 15.59, 0.2373
20241220, NN, 22, 20250221, P, 0, 0, 0.0566, 15.59, -0.7794
20241220, NN, 23, 20250221, C, 0, 0, 0.0492, 15.59, 0.2022
20241220, NN, 23, 20250221, P, 0, 0, 0.0519, 15.59, -0.8162
20241220, NN, 24, 20250221, C, 0, 0, 0.0443, 15.59, 0.172
20241220, NN, 24, 20250221, P, 0, 0, 0.0474, 15.59, -0.8483
20241220, NN, 25, 20250221, C, 1, 1114, 0.0397, 15.59, 0.146
20241220, NN, 25, 20250221, P, 0, 5, 0.0429, 15.59, -0.8761
20241220, NN, 26, 20250221, C, 0, 0, 0.0354, 15.59, 0.124
20241220, NN, 26, 20250221, P, 0, 0, 0.039, 15.59, -0.9004
20241220, NN, 30, 20250221, C, 0, 1240, 0.0213, 15.59, 0.0635
20241220, NN, 30, 20250221, P, 0, 0, 0.0233, 15.59, -0.9678
20241220, NN, 1, 20250321, C, 0, 0, 0.0007, 15.59, 0.9952
20241220, NN, 1, 20250321, P, 0, 0, 0.0007, 15.59, -0.0091
20241220, NN, 2, 20250321, C, 0, 0, 0.0018, 15.59, 0.9878
20241220, NN, 2, 20250321, P, 0, 0, 0.0018, 15.59, -0.0165
20241220, NN, 3, 20250321, C, 0, 21, 0.0028, 15.59, 0.9833
20241220, NN, 3, 20250321, P, 0, 0, 0.0028, 15.59, -0.0209
20241220, NN, 4, 20250321, C, 0, 32, 0.0041, 15.59, 0.9793
20241220, NN, 4, 20250321, P, 0, 0, 0.0041, 15.59, -0.025
20241220, NN, 5, 20250321, C, 0, 15, 0.0057, 15.59, 0.9738
20241220, NN, 5, 20250321, P, 0, 430, 0.0057, 15.59, -0.0305
20241220, NN, 6, 20250321, C, 0, 102, 0.0079, 15.59, 0.9655
20241220, NN, 6, 20250321, P, 0, 340, 0.0079, 15.59, -0.0389
20241220, NN, 7, 20250321, C, 0, 44, 0.011, 15.59, 0.9529
20241220, NN, 7, 20250321, P, 0, 110, 0.011, 15.59, -0.0515
20241220, NN, 8, 20250321, C, 0, 5058, 0.015, 15.59, 0.9349
20241220, NN, 8, 20250321, P, 0, 3, 0.015, 15.59, -0.0696
20241220, NN, 9, 20250321, C, 0, 2597, 0.0199, 15.59, 0.9102
20241220, NN, 9, 20250321, P, 0, 913, 0.02, 15.59, -0.0945
20241220, NN, 10, 20250321, C, 21, 1421, 0.0256, 15.59, 0.8784
20241220, NN, 10, 20250321, P, 0, 838, 0.0257, 15.59, -0.1265
20241220, NN, 11, 20250321, C, 11, 150, 0.0315, 15.59, 0.8397
20241220, NN, 11, 20250321, P, 1, 334, 0.0318, 15.59, -0.1655
20241220, NN, 12, 20250321, C, 0, 498, 0.0374, 15.59, 0.7952
20241220, NN, 12, 20250321, P, 0, 195, 0.0377, 15.59, -0.2104
20241220, NN, 13, 20250321, C, 0, 211, 0.0426, 15.59, 0.7464
20241220, NN, 13, 20250321, P, 0, 136, 0.043, 15.59, -0.2599
20241220, NN, 14, 20250321, C, 0, 1, 0.0469, 15.59, 0.6951
20241220, NN, 14, 20250321, P, 0, 14, 0.0475, 15.59, -0.3118
20241220, NN, 15, 20250321, C, 0, 373, 0.0501, 15.59, 0.6428
20241220, NN, 15, 20250321, P, 0, 642, 0.0509, 15.59, -0.3649
20241220, NN, 16, 20250321, C, 0, 296, 0.0523, 15.59, 0.5911
20241220, NN, 16, 20250321, P, 0, 33, 0.0532, 15.59, -0.4175
20241220, NN, 17, 20250321, C, 0, 662, 0.0534, 15.59, 0.5409
20241220, NN, 17, 20250321, P, 0, 46, 0.0545, 15.59, -0.4686
20241220, NN, 18, 20250321, C, 1, 89, 0.0537, 15.59, 0.4931
20241220, NN, 18, 20250321, P, 0, 15, 0.0549, 15.59, -0.5175
20241220, NN, 19, 20250321, C, 0, 175, 0.0532, 15.59, 0.4481
20241220, NN, 19, 20250321, P, 0, 11, 0.0546, 15.59, -0.5635
20241220, NN, 20, 20250321, C, 111, 2474, 0.052, 15.59, 0.4063
20241220, NN, 20, 20250321, P, 0, 4, 0.0536, 15.59, -0.6065
20241220, NN, 25, 20250321, C, 0, 217, 0.0416, 15.59, 0.2446
20241220, NN, 25, 20250321, P, 0, 7, 0.0442, 15.59, -0.7752
20241220, NN, 30, 20250321, C, 0, 2182, 0.03, 15.59, 0.1466
20241220, NN, 30, 20250321, P, 0, 0, 0.0336, 15.59, -0.8815
20241220, NN, 1, 20250620, C, 0, 0, 0.0007, 15.59, 0.9951
20241220, NN, 1, 20250620, P, 0, 0, 0.0007, 15.59, -0.0075
20241220, NN, 2, 20250620, C, 0, 0, 0.0016, 15.59, 0.9888
20241220, NN, 2, 20250620, P, 0, 0, 0.0016, 15.59, -0.0138
20241220, NN, 3, 20250620, C, 0, 0, 0.0028, 15.59, 0.9824
20241220, NN, 3, 20250620, P, 0, 0, 0.0028, 15.59, -0.0204
20241220, NN, 4, 20250620, C, 0, 0, 0.0042, 15.59, 0.9744
20241220, NN, 4, 20250620, P, 0, 0, 0.0043, 15.59, -0.0284
20241220, NN, 5, 20250620, C, 0, 0, 0.0062, 15.59, 0.9637
20241220, NN, 5, 20250620, P, 0, 325, 0.0062, 15.59, -0.0392
20241220, NN, 6, 20250620, C, 0, 0, 0.0086, 15.59, 0.9494
20241220, NN, 6, 20250620, P, 0, 0, 0.0086, 15.59, -0.0536
20241220, NN, 7, 20250620, C, 0, 2, 0.0114, 15.59, 0.9308
20241220, NN, 7, 20250620, P, 0, 67, 0.0116, 15.59, -0.0724
20241220, NN, 8, 20250620, C, 0, 5, 0.0147, 15.59, 0.9076
20241220, NN, 8, 20250620, P, 0, 120, 0.0148, 15.59, -0.0957
20241220, NN, 9, 20250620, C, 0, 39, 0.0181, 15.59, 0.8803
20241220, NN, 9, 20250620, P, 0, 8, 0.0184, 15.59, -0.1234
20241220, NN, 10, 20250620, C, 12, 66, 0.0216, 15.59, 0.8494
20241220, NN, 10, 20250620, P, 0, 8, 0.0219, 15.59, -0.1548
20241220, NN, 11, 20250620, C, 0, 110, 0.0248, 15.59, 0.8158
20241220, NN, 11, 20250620, P, 0, 5, 0.0252, 15.59, -0.1889
20241220, NN, 12, 20250620, C, 0, 28, 0.0277, 15.59, 0.7806
20241220, NN, 12, 20250620, P, 0, 0, 0.0282, 15.59, -0.2247
20241220, NN, 13, 20250620, C, 0, 10, 0.0303, 15.59, 0.7444
20241220, NN, 13, 20250620, P, 0, 0, 0.0309, 15.59, -0.2614
20241220, NN, 14, 20250620, C, 0, 3, 0.0324, 15.59, 0.7082
20241220, NN, 14, 20250620, P, 0, 0, 0.0331, 15.59, -0.2984
20241220, NN, 15, 20250620, C, 5, 792, 0.0341, 15.59, 0.6723
20241220, NN, 15, 20250620, P, 0, 0, 0.0349, 15.59, -0.3352
20241220, NN, 16, 20250620, C, 0, 1155, 0.0354, 15.59, 0.6373
20241220, NN, 16, 20250620, P, 0, 28, 0.0364, 15.59, -0.3713
20241220, NN, 17, 20250620, C, 0, 5, 0.0363, 15.59, 0.6035
20241220, NN, 17, 20250620, P, 0, 0, 0.0375, 15.59, -0.406
20241220, NN, 18, 20250620, C, 0, 85, 0.037, 15.59, 0.5709
20241220, NN, 18, 20250620, P, 0, 12, 0.0382, 15.59, -0.4397
20241220, NN, 19, 20250620, C, 6, 23, 0.0373, 15.59, 0.5399
20241220, NN, 19, 20250620, P, 3, 43, 0.0388, 15.59, -0.4719
20241220, NN, 20, 20250620, C, 64, 1567, 0.0374, 15.59, 0.5104
20241220, NN, 20, 20250620, P, 0, 59, 0.039, 15.59, -0.5026
20241220, NN, 25, 20250620, C, 0, 70, 0.0354, 15.59, 0.3859
20241220, NN, 25, 20250620, P, 0, 2, 0.0379, 15.59, -0.6341
20241220, NN, 30, 20250620, C, 0, 284, 0.0315, 15.59, 0.2941
20241220, NN, 30, 20250620, P, 0, 0, 0.035, 15.59, -0.7337
20241220, NN, 1, 20260116, C, 0, 0, 0.0007, 15.59, 1
20241220, NN, 1, 20260116, P, 0, 0, 0.0007, 15.59, -0.0064
20241220, NN, 2, 20260116, C, 0, 350, 0.0016, 15.59, 0.9936
20241220, NN, 2, 20260116, P, 0, 401, 0.0016, 15.59, -0.0141
20241220, NN, 3, 20260116, C, 0, 3345, 0.0029, 15.59, 0.9834
20241220, NN, 3, 20260116, P, 0, 425, 0.0029, 15.59, -0.0245
20241220, NN, 4, 20260116, C, 0, 163, 0.0044, 15.59, 0.97
20241220, NN, 4, 20260116, P, 0, 3, 0.0044, 15.59, -0.038
20241220, NN, 5, 20260116, C, 0, 1049, 0.006, 15.59, 0.9539
20241220, NN, 5, 20260116, P, 0, 289, 0.0061, 15.59, -0.0544
20241220, NN, 7, 20260116, C, 0, 11262, 0.0095, 15.59, 0.9155
20241220, NN, 7, 20260116, P, 0, 2126, 0.0097, 15.59, -0.0936
20241220, NN, 10, 20260116, C, 0, 10799, 0.0143, 15.59, 0.8503
20241220, NN, 10, 20260116, P, 0, 43, 0.0148, 15.59, -0.1608
20241220, NN, 12, 20260116, C, 25, 1985, 0.0169, 15.59, 0.8056
20241220, NN, 12, 20260116, P, 0, 268, 0.0176, 15.59, -0.2071
20241220, NN, 15, 20260116, C, 6, 9260, 0.0199, 15.59, 0.7403
20241220, NN, 15, 20260116, P, 0, 0, 0.021, 15.59, -0.2754
20241220, NN, 17, 20260116, C, 20, 24, 0.0214, 15.59, 0.6991
20241220, NN, 17, 20260116, P, 0, 0, 0.0228, 15.59, -0.319
20241220, NN, 20, 20260116, C, 85, 6521, 0.023, 15.59, 0.6415
20241220, NN, 20, 20260116, P, 0, 0, 0.0248, 15.59, -0.3807
20241220, NN, 25, 20260116, C, 20, 262, 0.0243, 15.59, 0.5574
20241220, NN, 25, 20260116, P, 0, 0, 0.027, 15.59, -0.4729
20241220, NN, 30, 20260116, C, 0, 317, 0.0245, 15.59, 0.4866
20241220, NN, 30, 20260116, P, 0, 0, 0.0282, 15.59, -0.5527
20241220, NN, 3, 20270115, C, 0, 17, 0.0026, 15.59, 0.9767
20241220, NN, 3, 20270115, P, 0, 10, 0.0027, 15.59, -0.0304
20241220, NN, 5, 20270115, C, 0, 2, 0.0047, 15.59, 0.9491
20241220, NN, 5, 20270115, P, 0, 0, 0.0049, 15.59, -0.0593
20241220, NN, 7, 20270115, C, 0, 3, 0.0066, 15.59, 0.9193
20241220, NN, 7, 20270115, P, 0, 0, 0.007, 15.59, -0.0906
20241220, NN, 10, 20270115, C, 0, 4, 0.0091, 15.59, 0.8748
20241220, NN, 10, 20270115, P, 0, 2, 0.0098, 15.59, -0.1382
20241220, NN, 12, 20270115, C, 0, 351, 0.0105, 15.59, 0.846
20241220, NN, 12, 20270115, P, 0, 0, 0.0115, 15.59, -0.1696
20241220, NN, 15, 20270115, C, 0, 2274, 0.0122, 15.59, 0.8049
20241220, NN, 15, 20270115, P, 0, 0, 0.0137, 15.59, -0.2152
20241220, NN, 17, 20270115, C, 0, 636, 0.0132, 15.59, 0.7788
20241220, NN, 17, 20270115, P, 0, 0, 0.015, 15.59, -0.2445
20241220, NN, 20, 20270115, C, 0, 4529, 0.0144, 15.59, 0.742
20241220, NN, 20, 20270115, P, 0, 0, 0.0167, 15.59, -0.2867
20241220, NN, 25, 20270115, C, 0, 171, 0.0159, 15.59, 0.6862
20241220, NN, 25, 20270115, P, 0, 0, 0.0192, 15.59, -0.3524
20241220, NN, 30, 20270115, C, 52, 8, 0.0168, 15.59, 0.6372
20241220, NN, 30, 20270115, P, 0, 0, 0.0212, 15.59, -0.4127
20241223, NN, 1, 20250117, C, 0, 0, 0.0005, 14.9, 0.9967
20241223, NN, 1, 20250117, P, 0, 30, 0.0005, 14.9, -0.0032
20241223, NN, 2, 20250117, C, 0, 7, 0.001, 14.9, 0.9952
20241223, NN, 2, 20250117, P, 0, 0, 0.001, 14.9, -0.0046
20241223, NN, 3, 20250117, C, 3, 2981, 0.0015, 14.9, 0.9941
20241223, NN, 3, 20250117, P, 0, 30, 0.0015, 14.9, -0.0058
20241223, NN, 4, 20250117, C, 0, 18, 0.0022, 14.9, 0.9927
20241223, NN, 4, 20250117, P, 0, 314, 0.0022, 14.9, -0.0071
20241223, NN, 5, 20250117, C, 0, 131, 0.0031, 14.9, 0.9909
20241223, NN, 5, 20250117, P, 0, 0, 0.0031, 14.9, -0.009
20241223, NN, 6, 20250117, C, 0, 120, 0.0046, 14.9, 0.9881
20241223, NN, 6, 20250117, P, 0, 193, 0.0046, 14.9, -0.0118
20241223, NN, 7, 20250117, C, 0, 1063, 0.0069, 14.9, 0.9837
20241223, NN, 7, 20250117, P, 0, 962, 0.007, 14.9, -0.0162
20241223, NN, 8, 20250117, C, 0, 5473, 0.0107, 14.9, 0.9766
20241223, NN, 8, 20250117, P, 0, 137, 0.0107, 14.9, -0.0233
20241223, NN, 9, 20250117, C, 0, 1353, 0.017, 14.9, 0.9647
20241223, NN, 9, 20250117, P, 0, 115, 0.017, 14.9, -0.0352
20241223, NN, 10, 20250117, C, 0, 4494, 0.0272, 14.9, 0.9442
20241223, NN, 10, 20250117, P, 0, 565, 0.0273, 14.9, -0.0558
20241223, NN, 11, 20250117, C, 0, 1013, 0.0432, 14.9, 0.909
20241223, NN, 11, 20250117, P, 6, 498, 0.0434, 14.9, -0.0912
20241223, NN, 12, 20250117, C, 1, 332, 0.0653, 14.9, 0.8512
20241223, NN, 12, 20250117, P, 0, 158, 0.0656, 14.9, -0.1491
20241223, NN, 13, 20250117, C, 3, 1349, 0.0899, 14.9, 0.766
20241223, NN, 13, 20250117, P, 0, 488, 0.0903, 14.9, -0.2348
20241223, NN, 14, 20250117, C, 20, 571, 0.1098, 14.9, 0.6576
20241223, NN, 14, 20250117, P, 0, 160, 0.1104, 14.9, -0.3437
20241223, NN, 15, 20250117, C, 45, 1030, 0.1189, 14.9, 0.5395
20241223, NN, 15, 20250117, P, 30, 253, 0.1196, 14.9, -0.4624
20241223, NN, 16, 20250117, C, 20, 138, 0.1165, 14.9, 0.4267
20241223, NN, 16, 20250117, P, 0, 120, 0.1174, 14.9, -0.576
20241223, NN, 17, 20250117, C, 19, 294, 0.106, 14.9, 0.3285
20241223, NN, 17, 20250117, P, 2, 101, 0.107, 14.9, -0.675
20241223, NN, 18, 20250117, C, 12, 329, 0.0914, 14.9, 0.2484
20241223, NN, 18, 20250117, P, 0, 51, 0.0926, 14.9, -0.756
20241223, NN, 19, 20250117, C, 10, 149, 0.076, 14.9, 0.1855
20241223, NN, 19, 20250117, P, 1, 16, 0.0773, 14.9, -0.8197
20241223, NN, 20, 20250117, C, 11, 1612, 0.0615, 14.9, 0.1375
20241223, NN, 20, 20250117, P, 0, 1, 0.063, 14.9, -0.8686
20241223, NN, 21, 20250117, C, 0, 389, 0.0488, 14.9, 0.1014
20241223, NN, 21, 20250117, P, 0, 0, 0.0506, 14.9, -0.9057
20241223, NN, 22, 20250117, C, 0, 53, 0.0383, 14.9, 0.0746
20241223, NN, 22, 20250117, P, 0, 9, 0.0402, 14.9, -0.9335
20241223, NN, 23, 20250117, C, 0, 37, 0.0297, 14.9, 0.0548
20241223, NN, 23, 20250117, P, 0, 0, 0.0316, 14.9, -0.9543
20241223, NN, 25, 20250117, C, 0, 67, 0.0176, 14.9, 0.0296
20241223, NN, 25, 20250117, P, 0, 0, 0.0225, 14.9, -0.9822
20241223, NN, 1, 20250221, C, 0, 0, 0.0008, 14.9, 0.992
20241223, NN, 1, 20250221, P, 0, 0, 0.0008, 14.9, -0.0085
20241223, NN, 2, 20250221, C, 0, 0, 0.0018, 14.9, 0.9879
20241223, NN, 2, 20250221, P, 0, 0, 0.0018, 14.9, -0.0127
20241223, NN, 3, 20250221, C, 0, 0, 0.0026, 14.9, 0.9862
20241223, NN, 3, 20250221, P, 0, 0, 0.0026, 14.9, -0.0143
20241223, NN, 4, 20250221, C, 0, 0, 0.0036, 14.9, 0.9846
20241223, NN, 4, 20250221, P, 0, 0, 0.0036, 14.9, -0.016
20241223, NN, 5, 20250221, C, 0, 1, 0.005, 14.9, 0.9816
20241223, NN, 5, 20250221, P, 0, 0, 0.005, 14.9, -0.0189
20241223, NN, 6, 20250221, C, 0, 180, 0.0071, 14.9, 0.9763
20241223, NN, 6, 20250221, P, 0, 120, 0.0071, 14.9, -0.0243
20241223, NN, 7, 20250221, C, 0, 135, 0.0104, 14.9, 0.9672
20241223, NN, 7, 20250221, P, 0, 91, 0.0104, 14.9, -0.0334
20241223, NN, 8, 20250221, C, 0, 2, 0.0154, 14.9, 0.9523
20241223, NN, 8, 20250221, P, 0, 3, 0.0155, 14.9, -0.0483
20241223, NN, 9, 20250221, C, 0, 230, 0.0226, 14.9, 0.9291
20241223, NN, 9, 20250221, P, 0, 350, 0.0226, 14.9, -0.0717
20241223, NN, 10, 20250221, C, 2, 224, 0.0318, 14.9, 0.895
20241223, NN, 10, 20250221, P, 35, 1082, 0.032, 14.9, -0.1059
20241223, NN, 11, 20250221, C, 0, 1, 0.0427, 14.9, 0.8487
20241223, NN, 11, 20250221, P, 0, 173, 0.0429, 14.9, -0.1525
20241223, NN, 12, 20250221, C, 64, 185, 0.0538, 14.9, 0.7903
20241223, NN, 12, 20250221, P, 0, 94, 0.0542, 14.9, -0.2113
20241223, NN, 13, 20250221, C, 1, 24, 0.0638, 14.9, 0.7223
20241223, NN, 13, 20250221, P, 0, 57, 0.0643, 14.9, -0.2798
20241223, NN, 14, 20250221, C, 0, 30, 0.0715, 14.9, 0.6482
20241223, NN, 14, 20250221, P, 1, 53, 0.0722, 14.9, -0.3546
20241223, NN, 15, 20250221, C, 3, 119, 0.0762, 14.9, 0.572
20241223, NN, 15, 20250221, P, 0, 52, 0.0771, 14.9, -0.4316
20241223, NN, 16, 20250221, C, 14, 1051, 0.0778, 14.9, 0.4974
20241223, NN, 16, 20250221, P, 2, 4, 0.0789, 14.9, -0.5072
20241223, NN, 17, 20250221, C, 14, 35, 0.0767, 14.9, 0.427
20241223, NN, 17, 20250221, P, 14, 14, 0.0781, 14.9, -0.5788
20241223, NN, 18, 20250221, C, 1, 218, 0.0734, 14.9, 0.3626
20241223, NN, 18, 20250221, P, 9, 7, 0.075, 14.9, -0.6444
20241223, NN, 19, 20250221, C, 7, 158, 0.0686, 14.9, 0.3052
20241223, NN, 19, 20250221, P, 8, 10, 0.0705, 14.9, -0.7032
20241223, NN, 20, 20250221, C, 17, 259, 0.0628, 14.9, 0.255
20241223, NN, 20, 20250221, P, 0, 52, 0.0649, 14.9, -0.755
20241223, NN, 21, 20250221, C, 0, 0, 0.0566, 14.9, 0.2117
20241223, NN, 21, 20250221, P, 0, 0, 0.059, 14.9, -0.7998
20241223, NN, 22, 20250221, C, 0, 0, 0.0503, 14.9, 0.1749
20241223, NN, 22, 20250221, P, 0, 0, 0.053, 14.9, -0.8383
20241223, NN, 23, 20250221, C, 0, 0, 0.0442, 14.9, 0.144
20241223, NN, 23, 20250221, P, 0, 0, 0.0471, 14.9, -0.8711
20241223, NN, 24, 20250221, C, 0, 0, 0.0385, 14.9, 0.1181
20241223, NN, 24, 20250221, P, 0, 0, 0.0416, 14.9, -0.8988
20241223, NN, 25, 20250221, C, 24, 1125, 0.0332, 14.9, 0.0966
20241223, NN, 25, 20250221, P, 0, 5, 0.0368, 14.9, -0.9223
20241223, NN, 26, 20250221, C, 0, 0, 0.0285, 14.9, 0.0789
20241223, NN, 26, 20250221, P, 0, 0, 0.0322, 14.9, -0.9421
20241223, NN, 30, 20250221, C, 0, 1240, 0.0147, 14.9, 0.0347
20241223, NN, 30, 20250221, P, 0, 0, 0.013, 14.9, -0.9938
20241223, NN, 1, 20250321, C, 0, 0, 0.0008, 14.9, 0.9922
20241223, NN, 1, 20250321, P, 0, 0, 0.0008, 14.9, -0.0095
20241223, NN, 2, 20250321, C, 0, 0, 0.0019, 14.9, 0.985
20241223, NN, 2, 20250321, P, 0, 0, 0.0019, 14.9, -0.0167
20241223, NN, 3, 20250321, C, 0, 21, 0.0031, 14.9, 0.9809
20241223, NN, 3, 20250321, P, 0, 0, 0.0031, 14.9, -0.0208
20241223, NN, 4, 20250321, C, 20, 32, 0.0045, 14.9, 0.977
20241223, NN, 4, 20250321, P, 0, 0, 0.0045, 14.9, -0.0248
20241223, NN, 5, 20250321, C, 0, 15, 0.0063, 14.9, 0.9711
20241223, NN, 5, 20250321, P, 0, 430, 0.0064, 14.9, -0.0306
20241223, NN, 6, 20250321, C, 0, 102, 0.0089, 14.9, 0.9619
20241223, NN, 6, 20250321, P, 0, 340, 0.009, 14.9, -0.0399
20241223, NN, 7, 20250321, C, 0, 44, 0.0126, 14.9, 0.9476
20241223, NN, 7, 20250321, P, 0, 110, 0.0127, 14.9, -0.0543
20241223, NN, 8, 20250321, C, 0, 5058, 0.0175, 14.9, 0.9267
20241223, NN, 8, 20250321, P, 0, 3, 0.0176, 14.9, -0.0753
20241223, NN, 9, 20250321, C, 0, 2597, 0.0235, 14.9, 0.898
20241223, NN, 9, 20250321, P, 0, 913, 0.0236, 14.9, -0.1042
20241223, NN, 10, 20250321, C, 0, 1401, 0.0302, 14.9, 0.8612
20241223, NN, 10, 20250321, P, 0, 838, 0.0304, 14.9, -0.1413
20241223, NN, 11, 20250321, C, 0, 142, 0.037, 14.9, 0.8168
20241223, NN, 11, 20250321, P, 10, 332, 0.0373, 14.9, -0.186
20241223, NN, 12, 20250321, C, 0, 498, 0.0434, 14.9, 0.7664
20241223, NN, 12, 20250321, P, 0, 243, 0.0438, 14.9, -0.2369
20241223, NN, 13, 20250321, C, 0, 211, 0.0489, 14.9, 0.712
20241223, NN, 13, 20250321, P, 0, 136, 0.0494, 14.9, -0.2918
20241223, NN, 14, 20250321, C, 10, 1, 0.0531, 14.9, 0.6558
20241223, NN, 14, 20250321, P, 0, 14, 0.0538, 14.9, -0.3487
20241223, NN, 15, 20250321, C, 0, 367, 0.056, 14.9, 0.5995
20241223, NN, 15, 20250321, P, 0, 642, 0.0568, 14.9, -0.4058
20241223, NN, 16, 20250321, C, 5, 296, 0.0575, 14.9, 0.5447
20241223, NN, 16, 20250321, P, 0, 33, 0.0585, 14.9, -0.4614
20241223, NN, 17, 20250321, C, 0, 662, 0.0579, 14.9, 0.4925
20241223, NN, 17, 20250321, P, 0, 46, 0.059, 14.9, -0.5146
20241223, NN, 18, 20250321, C, 0, 88, 0.0572, 14.9, 0.4435
20241223, NN, 18, 20250321, P, 0, 15, 0.0586, 14.9, -0.5646
20241223, NN, 19, 20250321, C, 0, 175, 0.0558, 14.9, 0.3982
20241223, NN, 19, 20250321, P, 0, 11, 0.0574, 14.9, -0.6111
20241223, NN, 20, 20250321, C, 63, 2473, 0.0539, 14.9, 0.3568
20241223, NN, 20, 20250321, P, 0, 4, 0.0556, 14.9, -0.6538
20241223, NN, 25, 20250321, C, 0, 217, 0.0402, 14.9, 0.2024
20241223, NN, 25, 20250321, P, 0, 7, 0.043, 14.9, -0.8153
20241223, NN, 30, 20250321, C, 0, 2182, 0.0272, 14.9, 0.1144
20241223, NN, 30, 20250321, P, 0, 0, 0.0312, 14.9, -0.9116
20241223, NN, 1, 20250620, C, 0, 0, 0.0008, 14.9, 0.9974
20241223, NN, 1, 20250620, P, 0, 0, 0.0008, 14.9, -0.0084
20241223, NN, 2, 20250620, C, 0, 0, 0.0019, 14.9, 0.9902
20241223, NN, 2, 20250620, P, 0, 0, 0.0019, 14.9, -0.0155
20241223, NN, 3, 20250620, C, 0, 0, 0.0032, 14.9, 0.983
20241223, NN, 3, 20250620, P, 0, 0, 0.0032, 14.9, -0.0228
20241223, NN, 4, 20250620, C, 0, 0, 0.0049, 14.9, 0.9742
20241223, NN, 4, 20250620, P, 0, 0, 0.0049, 14.9, -0.0318
20241223, NN, 5, 20250620, C, 0, 0, 0.007, 14.9, 0.9623
20241223, NN, 5, 20250620, P, 0, 325, 0.0071, 14.9, -0.0437
20241223, NN, 6, 20250620, C, 0, 0, 0.0098, 14.9, 0.9465
20241223, NN, 6, 20250620, P, 0, 0, 0.0099, 14.9, -0.0597
20241223, NN, 7, 20250620, C, 0, 2, 0.013, 14.9, 0.926
20241223, NN, 7, 20250620, P, 0, 67, 0.0132, 14.9, -0.0804
20241223, NN, 8, 20250620, C, 0, 5, 0.0167, 14.9, 0.9006
20241223, NN, 8, 20250620, P, 0, 120, 0.0169, 14.9, -0.106
20241223, NN, 9, 20250620, C, 0, 39, 0.0205, 14.9, 0.8708
20241223, NN, 9, 20250620, P, 4, 8, 0.0208, 14.9, -0.1362
20241223, NN, 10, 20250620, C, 2, 66, 0.0242, 14.9, 0.8374
20241223, NN, 10, 20250620, P, 0, 8, 0.0246, 14.9, -0.1702
20241223, NN, 11, 20250620, C, 0, 110, 0.0277, 14.9, 0.8013
20241223, NN, 11, 20250620, P, 0, 5, 0.0282, 14.9, -0.2068
20241223, NN, 12, 20250620, C, 0, 28, 0.0308, 14.9, 0.7637
20241223, NN, 12, 20250620, P, 0, 0, 0.0314, 14.9, -0.2452
20241223, NN, 13, 20250620, C, 0, 10, 0.0335, 14.9, 0.7253
20241223, NN, 13, 20250620, P, 0, 0, 0.0342, 14.9, -0.2843
20241223, NN, 14, 20250620, C, 0, 3, 0.0356, 14.9, 0.687
20241223, NN, 14, 20250620, P, 0, 0, 0.0365, 14.9, -0.3235
20241223, NN, 15, 20250620, C, 53, 807, 0.0373, 14.9, 0.6494
20241223, NN, 15, 20250620, P, 0, 0, 0.0383, 14.9, -0.3622
20241223, NN, 16, 20250620, C, 0, 1155, 0.0385, 14.9, 0.6129
20241223, NN, 16, 20250620, P, 0, 28, 0.0397, 14.9, -0.3998
20241223, NN, 17, 20250620, C, 0, 5, 0.0393, 14.9, 0.5777
20241223, NN, 17, 20250620, P, 0, 0, 0.0407, 14.9, -0.4361
20241223, NN, 18, 20250620, C, 0, 85, 0.0398, 14.9, 0.5442
20241223, NN, 18, 20250620, P, 0, 12, 0.0413, 14.9, -0.4709
20241223, NN, 19, 20250620, C, 1, 37, 0.0399, 14.9, 0.5123
20241223, NN, 19, 20250620, P, 0, 43, 0.0416, 14.9, -0.5041
20241223, NN, 20, 20250620, C, 3, 1503, 0.0398, 14.9, 0.4822
20241223, NN, 20, 20250620, P, 0, 59, 0.0417, 14.9, -0.5356
20241223, NN, 25, 20250620, C, 5, 70, 0.0368, 14.9, 0.3566
20241223, NN, 25, 20250620, P, 0, 2, 0.0397, 14.9, -0.6688
20241223, NN, 30, 20250620, C, 0, 284, 0.0321, 14.9, 0.2664
20241223, NN, 30, 20250620, P, 0, 0, 0.0361, 14.9, -0.768
20241223, NN, 1, 20260116, C, 0, 0, 0.0007, 14.9, 1
20241223, NN, 1, 20260116, P, 0, 0, 0.0007, 14.9, -0.0062
20241223, NN, 2, 20260116, C, 0, 350, 0.0018, 14.9, 0.9929
20241223, NN, 2, 20260116, P, 0, 401, 0.0018, 14.9, -0.0138
20241223, NN, 3, 20260116, C, 0, 3345, 0.0032, 14.9, 0.9821
20241223, NN, 3, 20260116, P, 0, 425, 0.0032, 14.9, -0.0247
20241223, NN, 4, 20260116, C, 0, 163, 0.0049, 14.9, 0.9678
20241223, NN, 4, 20260116, P, 0, 3, 0.005, 14.9, -0.0393
20241223, NN, 5, 20260116, C, 0, 1049, 0.0068, 14.9, 0.9502
20241223, NN, 5, 20260116, P, 0, 289, 0.007, 14.9, -0.0573
20241223, NN, 7, 20260116, C, 0, 11262, 0.0107, 14.9, 0.9083
20241223, NN, 7, 20260116, P, 0, 2126, 0.011, 14.9, -0.1001
20241223, NN, 10, 20260116, C, 5, 10799, 0.016, 14.9, 0.8381
20241223, NN, 10, 20260116, P, 0, 43, 0.0165, 14.9, -0.1724
20241223, NN, 12, 20260116, C, 15, 1989, 0.0187, 14.9, 0.7906
20241223, NN, 12, 20260116, P, 0, 268, 0.0196, 14.9, -0.222
20241223, NN, 15, 20260116, C, 214, 9266, 0.0218, 14.9, 0.7222
20241223, NN, 15, 20260116, P, 0, 0, 0.0231, 14.9, -0.2936
20241223, NN, 17, 20260116, C, 109, 44, 0.0233, 14.9, 0.6794
20241223, NN, 17, 20260116, P, 0, 0, 0.0249, 14.9, -0.3391
20241223, NN, 20, 20260116, C, 0, 6656, 0.0248, 14.9, 0.6203
20241223, NN, 20, 20260116, P, 0, 0, 0.0269, 14.9, -0.4027
20241223, NN, 25, 20260116, C, 150, 282, 0.0258, 14.9, 0.5349
20241223, NN, 25, 20260116, P, 0, 0, 0.029, 14.9, -0.4967
20241223, NN, 30, 20260116, C, 26, 317, 0.0258, 14.9, 0.4642
20241223, NN, 30, 20260116, P, 0, 0, 0.03, 14.9, -0.5772
20241223, NN, 3, 20270115, C, 0, 17, 0.0029, 14.9, 0.982
20241223, NN, 3, 20270115, P, 0, 10, 0.0031, 14.9, -0.0315
20241223, NN, 5, 20270115, C, 0, 2, 0.0053, 14.9, 0.952
20241223, NN, 5, 20270115, P, 0, 0, 0.0056, 14.9, -0.0628
20241223, NN, 7, 20270115, C, 0, 3, 0.0075, 14.9, 0.9201
20241223, NN, 7, 20270115, P, 0, 0, 0.008, 14.9, -0.0966
20241223, NN, 10, 20270115, C, 0, 4, 0.0101, 14.9, 0.873
20241223, NN, 10, 20270115, P, 0, 2, 0.011, 14.9, -0.1473
20241223, NN, 12, 20270115, C, 0, 351, 0.0116, 14.9, 0.8429
20241223, NN, 12, 20270115, P, 0, 0, 0.0128, 14.9, -0.1803
20241223, NN, 15, 20270115, C, 0, 2274, 0.0134, 14.9, 0.8002
20241223, NN, 15, 20270115, P, 0, 0, 0.0151, 14.9, -0.228
20241223, NN, 17, 20270115, C, 0, 636, 0.0144, 14.9, 0.7734
20241223, NN, 17, 20270115, P, 0, 0, 0.0165, 14.9, -0.2584
20241223, NN, 20, 20270115, C, 0, 4529, 0.0156, 14.9, 0.7357
20241223, NN, 20, 20270115, P, 0, 0, 0.0183, 14.9, -0.3021
20241223, NN, 25, 20270115, C, 3, 171, 0.017, 14.9, 0.679
20241223, NN, 25, 20270115, P, 0, 0, 0.0209, 14.9, -0.3698
20241223, NN, 30, 20270115, C, 0, 59, 0.018, 14.9, 0.6294
20241223, NN, 30, 20270115, P, 0, 0, 0.0231, 14.9, -0.4315
20241226, NN, 1, 20250117, C, 0, 0, 0.0003, 16.68, 0.999
20241226, NN, 1, 20250117, P, 0, 30, 0.0002, 16.68, -0.0012
20241226, NN, 2, 20250117, C, 0, 7, 0.0004, 16.68, 0.9992
20241226, NN, 2, 20250117, P, 0, 0, 0.0003, 16.68, -0.0013
20241226, NN, 3, 20250117, C, 26, 2979, 0.0006, 16.68, 0.9993
20241226, NN, 3, 20250117, P, 0, 30, 0.0004, 16.68, -0.0013
20241226, NN, 4, 20250117, C, 0, 18, 0.0008, 16.68, 0.9991
20241226, NN, 4, 20250117, P, 0, 314, 0.0005, 16.68, -0.0014
20241226, NN, 5, 20250117, C, 0, 131, 0.0011, 16.68, 0.9986
20241226, NN, 5, 20250117, P, 0, 0, 0.0007, 16.68, -0.0017
20241226, NN, 6, 20250117, C, 0, 120, 0.0014, 16.68, 0.9976
20241226, NN, 6, 20250117, P, 0, 193, 0.0011, 16.68, -0.0023
20241226, NN, 7, 20250117, C, 0, 1063, 0.002, 16.68, 0.996
20241226, NN, 7, 20250117, P, 0, 962, 0.0018, 16.68, -0.0036
20241226, NN, 8, 20250117, C, 0, 5473, 0.0035, 16.68, 0.9932
20241226, NN, 8, 20250117, P, 0, 137, 0.0033, 16.68, -0.0061
20241226, NN, 9, 20250117, C, 0, 1353, 0.0062, 16.68, 0.9878
20241226, NN, 9, 20250117, P, 0, 115, 0.006, 16.68, -0.0111
20241226, NN, 10, 20250117, C, 1, 4404, 0.0112, 16.68, 0.9778
20241226, NN, 10, 20250117, P, 0, 565, 0.0111, 16.68, -0.0208
20241226, NN, 11, 20250117, C, 0, 1013, 0.0198, 16.68, 0.9594
20241226, NN, 11, 20250117, P, 0, 498, 0.0197, 16.68, -0.0391
20241226, NN, 12, 20250117, C, 2, 329, 0.0328, 16.68, 0.9278
20241226, NN, 12, 20250117, P, 0, 158, 0.0328, 16.68, -0.0706
20241226, NN, 13, 20250117, C, 0, 1349, 0.0501, 16.68, 0.8784
20241226, NN, 13, 20250117, P, 1, 488, 0.0502, 16.68, -0.1201
20241226, NN, 14, 20250117, C, 1, 563, 0.0694, 16.68, 0.809
20241226, NN, 14, 20250117, P, 0, 159, 0.0695, 16.68, -0.1896
20241226, NN, 15, 20250117, C, 30, 1040, 0.0872, 16.68, 0.7213
20241226, NN, 15, 20250117, P, 83, 261, 0.0874, 16.68, -0.2774
20241226, NN, 16, 20250117, C, 72, 164, 0.1001, 16.68, 0.6211
20241226, NN, 16, 20250117, P, 2, 120, 0.1004, 16.68, -0.378
20241226, NN, 17, 20250117, C, 894, 306, 0.1059, 16.68, 0.5163
20241226, NN, 17, 20250117, P, 1, 100, 0.1063, 16.68, -0.4831
20241226, NN, 18, 20250117, C, 14, 330, 0.1042, 16.68, 0.4149
20241226, NN, 18, 20250117, P, 0, 51, 0.1047, 16.68, -0.585
20241226, NN, 19, 20250117, C, 1, 135, 0.0964, 16.68, 0.323
20241226, NN, 19, 20250117, P, 0, 17, 0.097, 16.68, -0.6773
20241226, NN, 20, 20250117, C, 0, 1611, 0.0846, 16.68, 0.2443
20241226, NN, 20, 20250117, P, 0, 1, 0.0853, 16.68, -0.7565
20241226, NN, 21, 20250117, C, 9, 389, 0.0709, 16.68, 0.1801
20241226, NN, 21, 20250117, P, 0, 0, 0.0717, 16.68, -0.8213
20241226, NN, 22, 20250117, C, 3, 53, 0.0571, 16.68, 0.1298
20241226, NN, 22, 20250117, P, 0, 0, 0.0581, 16.68, -0.8723
20241226, NN, 23, 20250117, C, 0, 37, 0.0445, 16.68, 0.0917
20241226, NN, 23, 20250117, P, 0, 0, 0.0457, 16.68, -0.9112
20241226, NN, 25, 20250117, C, 0, 67, 0.0249, 16.68, 0.0435
20241226, NN, 25, 20250117, P, 0, 0, 0.0259, 16.68, -0.961
20241226, NN, 1, 20250221, C, 0, 0, 0.0006, 16.68, 0.9925
20241226, NN, 1, 20250221, P, 0, 0, 0.0006, 16.68, -0.0085
20241226, NN, 2, 20250221, C, 0, 0, 0.0015, 16.68, 0.9862
20241226, NN, 2, 20250221, P, 0, 0, 0.0015, 16.68, -0.0148
20241226, NN, 3, 20250221, C, 0, 0, 0.0023, 16.68, 0.9839
20241226, NN, 3, 20250221, P, 0, 0, 0.0023, 16.68, -0.0171
20241226, NN, 4, 20250221, C, 0, 0, 0.0031, 16.68, 0.983
20241226, NN, 4, 20250221, P, 0, 0, 0.0031, 16.68, -0.018
20241226, NN, 5, 20250221, C, 0, 1, 0.004, 16.68, 0.9816
20241226, NN, 5, 20250221, P, 0, 0, 0.004, 16.68, -0.0194
20241226, NN, 6, 20250221, C, 0, 180, 0.0052, 16.68, 0.9787
20241226, NN, 6, 20250221, P, 0, 120, 0.0053, 16.68, -0.0223
20241226, NN, 7, 20250221, C, 0, 135, 0.0071, 16.68, 0.9736
20241226, NN, 7, 20250221, P, 0, 91, 0.0071, 16.68, -0.0274
20241226, NN, 8, 20250221, C, 0, 2, 0.0099, 16.68, 0.9651
20241226, NN, 8, 20250221, P, 0, 3, 0.0099, 16.68, -0.036
20241226, NN, 9, 20250221, C, 0, 230, 0.014, 16.68, 0.9517
20241226, NN, 9, 20250221, P, 0, 350, 0.014, 16.68, -0.0494
20241226, NN, 10, 20250221, C, 1, 224, 0.0196, 16.68, 0.9315
20241226, NN, 10, 20250221, P, 0, 1082, 0.0196, 16.68, -0.0698
20241226, NN, 11, 20250221, C, 0, 1, 0.0267, 16.68, 0.9026
20241226, NN, 11, 20250221, P, 0, 173, 0.0268, 16.68, -0.0988
20241226, NN, 12, 20250221, C, 7, 124, 0.0351, 16.68, 0.8639
20241226, NN, 12, 20250221, P, 0, 94, 0.0353, 16.68, -0.1377
20241226, NN, 13, 20250221, C, 0, 23, 0.0439, 16.68, 0.8152
20241226, NN, 13, 20250221, P, 0, 57, 0.0442, 16.68, -0.1867
20241226, NN, 14, 20250221, C, 0, 30, 0.0523, 16.68, 0.758
20241226, NN, 14, 20250221, P, 0, 54, 0.0527, 16.68, -0.2442
20241226, NN, 15, 20250221, C, 0, 135, 0.0594, 16.68, 0.6947
20241226, NN, 15, 20250221, P, 0, 52, 0.0599, 16.68, -0.3081
20241226, NN, 16, 20250221, C, 0, 1038, 0.0645, 16.68, 0.6281
20241226, NN, 16, 20250221, P, 0, 6, 0.0651, 16.68, -0.3753
20241226, NN, 17, 20250221, C, 0, 32, 0.0675, 16.68, 0.5611
20241226, NN, 17, 20250221, P, 0, 15, 0.0682, 16.68, -0.443
20241226, NN, 18, 20250221, C, 2, 217, 0.0684, 16.68, 0.496
20241226, NN, 18, 20250221, P, 0, 16, 0.0693, 16.68, -0.5089
20241226, NN, 19, 20250221, C, 16, 163, 0.0674, 16.68, 0.4346
20241226, NN, 19, 20250221, P, 0, 18, 0.0685, 16.68, -0.5712
20241226, NN, 20, 20250221, C, 2, 264, 0.0651, 16.68, 0.378
20241226, NN, 20, 20250221, P, 0, 52, 0.0664, 16.68, -0.6289
20241226, NN, 21, 20250221, C, 0, 0, 0.0616, 16.68, 0.3267
20241226, NN, 21, 20250221, P, 0, 0, 0.0631, 16.68, -0.6813
20241226, NN, 22, 20250221, C, 0, 0, 0.0575, 16.68, 0.281
20241226, NN, 22, 20250221, P, 0, 0, 0.0591, 16.68, -0.7282
20241226, NN, 23, 20250221, C, 0, 0, 0.0529, 16.68, 0.2406
20241226, NN, 23, 20250221, P, 0, 0, 0.0548, 16.68, -0.7698
20241226, NN, 24, 20250221, C, 0, 0, 0.0482, 16.68, 0.2054
20241226, NN, 24, 20250221, P, 0, 0, 0.0503, 16.68, -0.8064
20241226, NN, 25, 20250221, C, 0, 1126, 0.0436, 16.68, 0.1749
20241226, NN, 25, 20250221, P, 0, 5, 0.0458, 16.68, -0.8383
20241226, NN, 26, 20250221, C, 1, 0, 0.039, 16.68, 0.1486
20241226, NN, 26, 20250221, P, 0, 0, 0.0415, 16.68, -0.866
20241226, NN, 30, 20250221, C, 0, 1240, 0.0239, 16.68, 0.0764
20241226, NN, 30, 20250221, P, 0, 0, 0.0267, 16.68, -0.9443
20241226, NN, 1, 20250321, C, 0, 0, 0.0006, 16.68, 0.9945
20241226, NN, 1, 20250321, P, 0, 0, 0.0006, 16.68, -0.0085
20241226, NN, 2, 20250321, C, 0, 0, 0.0015, 16.68, 0.9867
20241226, NN, 2, 20250321, P, 0, 0, 0.0015, 16.68, -0.0163
20241226, NN, 3, 20250321, C, 0, 21, 0.0025, 16.68, 0.982
20241226, NN, 3, 20250321, P, 0, 0, 0.0025, 16.68, -0.021
20241226, NN, 4, 20250321, C, 0, 32, 0.0036, 16.68, 0.9782
20241226, NN, 4, 20250321, P, 0, 0, 0.0036, 16.68, -0.0248
20241226, NN, 5, 20250321, C, 0, 15, 0.0048, 16.68, 0.9736
20241226, NN, 5, 20250321, P, 0, 430, 0.0049, 16.68, -0.0294
20241226, NN, 6, 20250321, C, 0, 102, 0.0066, 16.68, 0.9671
20241226, NN, 6, 20250321, P, 0, 340, 0.0066, 16.68, -0.036
20241226, NN, 7, 20250321, C, 0, 44, 0.0089, 16.68, 0.9574
20241226, NN, 7, 20250321, P, 0, 110, 0.0089, 16.68, -0.0458
20241226, NN, 8, 20250321, C, 0, 5058, 0.0119, 16.68, 0.9435
20241226, NN, 8, 20250321, P, 165, 3, 0.012, 16.68, -0.0597
20241226, NN, 9, 20250321, C, 0, 2597, 0.0158, 16.68, 0.9243
20241226, NN, 9, 20250321, P, 0, 913, 0.0159, 16.68, -0.079
20241226, NN, 10, 20250321, C, 5, 1401, 0.0204, 16.68, 0.8992
20241226, NN, 10, 20250321, P, 0, 838, 0.0206, 16.68, -0.1043
20241226, NN, 11, 20250321, C, 0, 142, 0.0256, 16.68, 0.8677
20241226, NN, 11, 20250321, P, 0, 321, 0.0258, 16.68, -0.136
20241226, NN, 12, 20250321, C, 0, 498, 0.0309, 16.68, 0.8303
20241226, NN, 12, 20250321, P, 0, 243, 0.0312, 16.68, -0.1737
20241226, NN, 13, 20250321, C, 0, 211, 0.0362, 16.68, 0.7877
20241226, NN, 13, 20250321, P, 0, 136, 0.0365, 16.68, -0.2166
20241226, NN, 14, 20250321, C, 0, 11, 0.0409, 16.68, 0.7413
20241226, NN, 14, 20250321, P, 0, 14, 0.0413, 16.68, -0.2636
20241226, NN, 15, 20250321, C, 0, 367, 0.0448, 16.68, 0.6923
20241226, NN, 15, 20250321, P, 0, 642, 0.0454, 16.68, -0.3131
20241226, NN, 16, 20250321, C, 1, 299, 0.0479, 16.68, 0.6422
20241226, NN, 16, 20250321, P, 0, 33, 0.0485, 16.68, -0.3638
20241226, NN, 17, 20250321, C, 0, 662, 0.05, 16.68, 0.5923
20241226, NN, 17, 20250321, P, 0, 46, 0.0508, 16.68, -0.4144
20241226, NN, 18, 20250321, C, 5, 88, 0.0513, 16.68, 0.5435
20241226, NN, 18, 20250321, P, 0, 15, 0.0522, 16.68, -0.464
20241226, NN, 19, 20250321, C, 0, 175, 0.0517, 16.68, 0.4967
20241226, NN, 19, 20250321, P, 0, 11, 0.0527, 16.68, -0.5117
20241226, NN, 20, 20250321, C, 371, 2463, 0.0513, 16.68, 0.4523
20241226, NN, 20, 20250321, P, 0, 4, 0.0525, 16.68, -0.5571
20241226, NN, 25, 20250321, C, 2, 217, 0.043, 16.68, 0.2741
20241226, NN, 25, 20250321, P, 0, 7, 0.045, 16.68, -0.7411
20241226, NN, 30, 20250321, C, 0, 2182, 0.0314, 16.68, 0.1624
20241226, NN, 30, 20250321, P, 0, 0, 0.0343, 16.68, -0.8599
20241226, NN, 1, 20250620, C, 0, 0, 0.0006, 16.68, 0.9948
20241226, NN, 1, 20250620, P, 0, 0, 0.0006, 16.68, -0.0074
20241226, NN, 2, 20250620, C, 0, 0, 0.0014, 16.68, 0.9883
20241226, NN, 2, 20250620, P, 0, 0, 0.0014, 16.68, -0.0139
20241226, NN, 3, 20250620, C, 0, 0, 0.0024, 16.68, 0.9818
20241226, NN, 3, 20250620, P, 0, 0, 0.0024, 16.68, -0.0204
20241226, NN, 4, 20250620, C, 0, 0, 0.0037, 16.68, 0.9742
20241226, NN, 4, 20250620, P, 0, 0, 0.0037, 16.68, -0.028
20241226, NN, 5, 20250620, C, 0, 0, 0.0052, 16.68, 0.9646
20241226, NN, 5, 20250620, P, 0, 325, 0.0052, 16.68, -0.0378
20241226, NN, 6, 20250620, C, 0, 0, 0.0071, 16.68, 0.9521
20241226, NN, 6, 20250620, P, 0, 0, 0.0072, 16.68, -0.0504
20241226, NN, 7, 20250620, C, 0, 2, 0.0094, 16.68, 0.9362
20241226, NN, 7, 20250620, P, 0, 67, 0.0095, 16.68, -0.0664
20241226, NN, 8, 20250620, C, 0, 5, 0.012, 16.68, 0.9166
20241226, NN, 8, 20250620, P, 0, 120, 0.0122, 16.68, -0.0861
20241226, NN, 9, 20250620, C, 0, 39, 0.0149, 16.68, 0.8935
20241226, NN, 9, 20250620, P, 0, 12, 0.015, 16.68, -0.1095
20241226, NN, 10, 20250620, C, 0, 66, 0.0178, 16.68, 0.8671
20241226, NN, 10, 20250620, P, 50, 8, 0.018, 16.68, -0.1362
20241226, NN, 11, 20250620, C, 0, 110, 0.0207, 16.68, 0.838
20241226, NN, 11, 20250620, P, 0, 5, 0.021, 16.68, -0.1657
20241226, NN, 12, 20250620, C, 0, 28, 0.0234, 16.68, 0.8068
20241226, NN, 12, 20250620, P, 0, 0, 0.0238, 16.68, -0.1973
20241226, NN, 13, 20250620, C, 0, 10, 0.0259, 16.68, 0.7742
20241226, NN, 13, 20250620, P, 0, 25, 0.0264, 16.68, -0.2305
20241226, NN, 14, 20250620, C, 0, 3, 0.0281, 16.68, 0.7408
20241226, NN, 14, 20250620, P, 0, 57, 0.0286, 16.68, -0.2645
20241226, NN, 15, 20250620, C, 25, 833, 0.03, 16.68, 0.7072
20241226, NN, 15, 20250620, P, 0, 51, 0.0306, 16.68, -0.2988
20241226, NN, 16, 20250620, C, 2, 1155, 0.0316, 16.68, 0.6738
20241226, NN, 16, 20250620, P, 9, 44, 0.0323, 16.68, -0.333
20241226, NN, 17, 20250620, C, 0, 12, 0.0328, 16.68, 0.6408
20241226, NN, 17, 20250620, P, 35, 33, 0.0337, 16.68, -0.3667
20241226, NN, 18, 20250620, C, 10, 85, 0.0338, 16.68, 0.6088
20241226, NN, 18, 20250620, P, 0, 61, 0.0348, 16.68, -0.3997
20241226, NN, 19, 20250620, C, 0, 37, 0.0344, 16.68, 0.5777
20241226, NN, 19, 20250620, P, 7, 43, 0.0356, 16.68, -0.4317
20241226, NN, 20, 20250620, C, 3, 1603, 0.0349, 16.68, 0.5478
20241226, NN, 20, 20250620, P, 0, 59, 0.0361, 16.68, -0.4626
20241226, NN, 25, 20250620, C, 0, 59, 0.0343, 16.68, 0.4179
20241226, NN, 25, 20250620, P, 0, 2, 0.0362, 16.68, -0.5983
20241226, NN, 30, 20250620, C, 26, 283, 0.0312, 16.68, 0.3192
20241226, NN, 30, 20250620, P, 0, 0, 0.0339, 16.68, -0.704
20241226, NN, 1, 20260116, C, 0, 0, 0.0006, 16.68, 0.9958
20241226, NN, 1, 20260116, P, 0, 0, 0.0006, 16.68, -0.0068
20241226, NN, 2, 20260116, C, 0, 350, 0.0014, 16.68, 0.9885
20241226, NN, 2, 20260116, P, 0, 401, 0.0014, 16.68, -0.0142
20241226, NN, 3, 20260116, C, 0, 3345, 0.0024, 16.68, 0.9793
20241226, NN, 3, 20260116, P, 0, 425, 0.0025, 16.68, -0.0234
20241226, NN, 4, 20260116, C, 0, 163, 0.0037, 16.68, 0.9677
20241226, NN, 4, 20260116, P, 0, 3, 0.0038, 16.68, -0.0352
20241226, NN, 5, 20260116, C, 0, 1049, 0.0051, 16.68, 0.9537
20241226, NN, 5, 20260116, P, 0, 289, 0.0052, 16.68, -0.0495
20241226, NN, 7, 20260116, C, 10, 11252, 0.0082, 16.68, 0.9196
20241226, NN, 7, 20260116, P, 0, 2126, 0.0083, 16.68, -0.0843
20241226, NN, 10, 20260116, C, 0, 10794, 0.0126, 16.68, 0.8594
20241226, NN, 10, 20260116, P, 0, 43, 0.0129, 16.68, -0.146
20241226, NN, 12, 20260116, C, 0, 1971, 0.0151, 16.68, 0.8172
20241226, NN, 12, 20260116, P, 0, 268, 0.0156, 16.68, -0.1897
20241226, NN, 15, 20260116, C, 2, 9082, 0.0181, 16.68, 0.7543
20241226, NN, 15, 20260116, P, 40, 42, 0.0189, 16.68, -0.2552
20241226, NN, 17, 20260116, C, 0, 158, 0.0196, 16.68, 0.7141
20241226, NN, 17, 20260116, P, 0, 0, 0.0207, 16.68, -0.2975
20241226, NN, 20, 20260116, C, 314, 6786, 0.0213, 16.68, 0.6574
20241226, NN, 20, 20260116, P, 0, 0, 0.0228, 16.68, -0.3578
20241226, NN, 25, 20260116, C, 0, 387, 0.0227, 16.68, 0.5737
20241226, NN, 25, 20260116, P, 0, 0, 0.025, 16.68, -0.4485
20241226, NN, 30, 20260116, C, 4, 487, 0.0231, 16.68, 0.5029
20241226, NN, 30, 20260116, P, 0, 0, 0.0262, 16.68, -0.5273
20241226, NN, 3, 20270115, C, 0, 17, 0.0023, 16.68, 0.9743
20241226, NN, 3, 20270115, P, 0, 10, 0.0024, 16.68, -0.0266
20241226, NN, 5, 20270115, C, 0, 2, 0.0043, 16.68, 0.9482
20241226, NN, 5, 20270115, P, 0, 0, 0.0045, 16.68, -0.0538
20241226, NN, 7, 20270115, C, 0, 3, 0.0061, 16.68, 0.9192
20241226, NN, 7, 20270115, P, 0, 0, 0.0065, 16.68, -0.0842
20241226, NN, 10, 20270115, C, 0, 4, 0.0084, 16.68, 0.8759
20241226, NN, 10, 20270115, P, 0, 2, 0.0091, 16.68, -0.1304
20241226, NN, 12, 20270115, C, 0, 351, 0.0097, 16.68, 0.848
20241226, NN, 12, 20270115, P, 0, 0, 0.0106, 16.68, -0.1606
20241226, NN, 15, 20270115, C, 2, 2274, 0.0113, 16.68, 0.8081
20241226, NN, 15, 20270115, P, 0, 0, 0.0126, 16.68, -0.2045
20241226, NN, 17, 20270115, C, 0, 636, 0.0122, 16.68, 0.7828
20241226, NN, 17, 20270115, P, 0, 0, 0.0137, 16.68, -0.2327
20241226, NN, 20, 20270115, C, 0, 4529, 0.0133, 16.68, 0.7471
20241226, NN, 20, 20270115, P, 0, 0, 0.0153, 16.68, -0.2732
20241226, NN, 25, 20270115, C, 0, 171, 0.0147, 16.68, 0.693
20241226, NN, 25, 20270115, P, 0, 0, 0.0176, 16.68, -0.3364
20241226, NN, 30, 20270115, C, 0, 59, 0.0156, 16.68, 0.645
20241226, NN, 30, 20270115, P, 0, 0, 0.0194, 16.68, -0.3946
20241230, NN, 1, 20250117, C, 0, 0, 0.0001, 16.62, 1
20241230, NN, 1, 20250117, P, 0, 30, 0.0001, 16.62, -0.0006
20241230, NN, 2, 20250117, C, 0, 7, 0.0002, 16.62, 1
20241230, NN, 2, 20250117, P, 0, 0, 0.0002, 16.62, -0.0006
20241230, NN, 3, 20250117, C, 0, 2931, 0.0002, 16.62, 1
20241230, NN, 3, 20250117, P, 0, 30, 0.0002, 16.62, -0.0006
20241230, NN, 4, 20250117, C, 0, 18, 0.0003, 16.62, 1
20241230, NN, 4, 20250117, P, 0, 314, 0.0003, 16.62, -0.0006
20241230, NN, 5, 20250117, C, 0, 127, 0.0004, 16.62, 1
20241230, NN, 5, 20250117, P, 0, 0, 0.0004, 16.62, -0.0008
20241230, NN, 6, 20250117, C, 0, 120, 0.0006, 16.62, 1
20241230, NN, 6, 20250117, P, 0, 193, 0.0006, 16.62, -0.001
20241230, NN, 7, 20250117, C, 0, 1063, 0.001, 16.62, 0.9994
20241230, NN, 7, 20250117, P, 0, 962, 0.001, 16.62, -0.0017
20241230, NN, 8, 20250117, C, 0, 5473, 0.0019, 16.62, 0.9981
20241230, NN, 8, 20250117, P, 0, 137, 0.0019, 16.62, -0.003
20241230, NN, 9, 20250117, C, 0, 1353, 0.0039, 16.62, 0.9952
20241230, NN, 9, 20250117, P, 0, 115, 0.0039, 16.62, -0.0058
20241230, NN, 10, 20250117, C, 0, 4399, 0.0079, 16.62, 0.9889
20241230, NN, 10, 20250117, P, 0, 565, 0.008, 16.62, -0.0122
20241230, NN, 11, 20250117, C, 0, 1013, 0.0159, 16.62, 0.9753
20241230, NN, 11, 20250117, P, 0, 783, 0.016, 16.62, -0.0259
20241230, NN, 12, 20250117, C, 0, 328, 0.0298, 16.62, 0.9484
20241230, NN, 12, 20250117, P, 0, 158, 0.0299, 16.62, -0.0529
20241230, NN, 13, 20250117, C, 0, 1349, 0.05, 16.62, 0.901
20241230, NN, 13, 20250117, P, 0, 488, 0.0502, 16.62, -0.1005
20241230, NN, 14, 20250117, C, 0, 562, 0.0741, 16.62, 0.8286
20241230, NN, 14, 20250117, P, 0, 159, 0.0745, 16.62, -0.1732
20241230, NN, 15, 20250117, C, 0, 1071, 0.0968, 16.62, 0.7325
20241230, NN, 15, 20250117, P, 20, 322, 0.0973, 16.62, -0.2698
20241230, NN, 16, 20250117, C, 3, 179, 0.1126, 16.62, 0.6205
20241230, NN, 16, 20250117, P, 0, 120, 0.1133, 16.62, -0.3825
20241230, NN, 17, 20250117, C, 33, 1052, 0.1183, 16.62, 0.5036
20241230, NN, 17, 20250117, P, 0, 104, 0.1191, 16.62, -0.5001
20241230, NN, 18, 20250117, C, 21, 379, 0.114, 16.62, 0.3928
20241230, NN, 18, 20250117, P, 0, 51, 0.1149, 16.62, -0.6118
20241230, NN, 19, 20250117, C, 7, 150, 0.1023, 16.62, 0.2954
20241230, NN, 19, 20250117, P, 0, 16, 0.1033, 16.62, -0.71
20241230, NN, 20, 20250117, C, 7, 1611, 0.0864, 16.62, 0.2151
20241230, NN, 20, 20250117, P, 0, 1, 0.0876, 16.62, -0.7912
20241230, NN, 21, 20250117, C, 0, 398, 0.0695, 16.62, 0.1524
20241230, NN, 21, 20250117, P, 0, 0, 0.0709, 16.62, -0.855
20241230, NN, 22, 20250117, C, 4, 356, 0.0536, 16.62, 0.1054
20241230, NN, 22, 20250117, P, 0, 0, 0.0553, 16.62, -0.9032
20241230, NN, 23, 20250117, C, 0, 37, 0.04, 16.62, 0.0713
20241230, NN, 23, 20250117, P, 0, 0, 0.0415, 16.62, -0.9384
20241230, NN, 25, 20250117, C, 0, 67, 0.0204, 16.62, 0.0311
20241230, NN, 25, 20250117, P, 0, 0, 0.0245, 16.62, -0.9822
20241230, NN, 1, 20250221, C, 0, 0, 0.0006, 16.62, 0.9933
20241230, NN, 1, 20250221, P, 0, 0, 0.0006, 16.62, -0.0084
20241230, NN, 2, 20250221, C, 0, 0, 0.0015, 16.62, 0.9877
20241230, NN, 2, 20250221, P, 0, 0, 0.0015, 16.62, -0.0141
20241230, NN, 3, 20250221, C, 0, 0, 0.0022, 16.62, 0.986
20241230, NN, 3, 20250221, P, 0, 0, 0.0022, 16.62, -0.0158
20241230, NN, 4, 20250221, C, 0, 0, 0.003, 16.62, 0.9853
20241230, NN, 4, 20250221, P, 0, 0, 0.003, 16.62, -0.0165
20241230, NN, 5, 20250221, C, 0, 1, 0.0038, 16.62, 0.9841
20241230, NN, 5, 20250221, P, 0, 0, 0.0038, 16.62, -0.0177
20241230, NN, 6, 20250221, C, 3, 180, 0.005, 16.62, 0.9815
20241230, NN, 6, 20250221, P, 0, 120, 0.0051, 16.62, -0.0203
20241230, NN, 7, 20250221, C, 0, 135, 0.0069, 16.62, 0.9766
20241230, NN, 7, 20250221, P, 0, 91, 0.0069, 16.62, -0.0252
20241230, NN, 8, 20250221, C, 0, 2, 0.0097, 16.62, 0.9683
20241230, NN, 8, 20250221, P, 0, 3, 0.0098, 16.62, -0.0335
20241230, NN, 9, 20250221, C, 0, 230, 0.0139, 16.62, 0.9551
20241230, NN, 9, 20250221, P, 0, 350, 0.0139, 16.62, -0.0468
20241230, NN, 10, 20250221, C, 0, 224, 0.0197, 16.62, 0.935
20241230, NN, 10, 20250221, P, 0, 1082, 0.0198, 16.62, -0.067
20241230, NN, 11, 20250221, C, 0, 1, 0.0272, 16.62, 0.9058
20241230, NN, 11, 20250221, P, 0, 173, 0.0274, 16.62, -0.0963
20241230, NN, 12, 20250221, C, 0, 117, 0.0361, 16.62, 0.8663
20241230, NN, 12, 20250221, P, 0, 94, 0.0363, 16.62, -0.1361
20241230, NN, 13, 20250221, C, 0, 23, 0.0456, 16.62, 0.8163
20241230, NN, 13, 20250221, P, 0, 57, 0.0458, 16.62, -0.1863
20241230, NN, 14, 20250221, C, 0, 30, 0.0546, 16.62, 0.7571
20241230, NN, 14, 20250221, P, 0, 54, 0.0549, 16.62, -0.2458
20241230, NN, 15, 20250221, C, 0, 135, 0.0621, 16.62, 0.6914
20241230, NN, 15, 20250221, P, 0, 52, 0.0626, 16.62, -0.3123
20241230, NN, 16, 20250221, C, 3, 1059, 0.0674, 16.62, 0.6221
20241230, NN, 16, 20250221, P, 0, 6, 0.0681, 16.62, -0.3822
20241230, NN, 17, 20250221, C, 0, 38, 0.0704, 16.62, 0.5525
20241230, NN, 17, 20250221, P, 0, 15, 0.0713, 16.62, -0.4526
20241230, NN, 18, 20250221, C, 0, 219, 0.0711, 16.62, 0.485
20241230, NN, 18, 20250221, P, 0, 16, 0.0722, 16.62, -0.521
20241230, NN, 19, 20250221, C, 9, 171, 0.0698, 16.62, 0.4215
20241230, NN, 19, 20250221, P, 0, 18, 0.071, 16.62, -0.5855
20241230, NN, 20, 20250221, C, 1, 291, 0.0669, 16.62, 0.3632
20241230, NN, 20, 20250221, P, 0, 52, 0.0683, 16.62, -0.6448
20241230, NN, 21, 20250221, C, 0, 0, 0.0629, 16.62, 0.3108
20241230, NN, 21, 20250221, P, 0, 0, 0.0645, 16.62, -0.6984
20241230, NN, 22, 20250221, C, 0, 0, 0.0582, 16.62, 0.2644
20241230, NN, 22, 20250221, P, 0, 0, 0.0599, 16.62, -0.7461
20241230, NN, 23, 20250221, C, 0, 0, 0.0531, 16.62, 0.224
20241230, NN, 23, 20250221, P, 0, 0, 0.055, 16.62, -0.788
20241230, NN, 24, 20250221, C, 0, 0, 0.0478, 16.62, 0.1889
20241230, NN, 24, 20250221, P, 0, 0, 0.05, 16.62, -0.8245
20241230, NN, 25, 20250221, C, 5, 1126, 0.0427, 16.62, 0.1588
20241230, NN, 25, 20250221, P, 0, 5, 0.045, 16.62, -0.856
20241230, NN, 26, 20250221, C, 0, 1, 0.0378, 16.62, 0.1331
20241230, NN, 26, 20250221, P, 0, 0, 0.0404, 16.62, -0.8833
20241230, NN, 30, 20250221, C, 0, 1240, 0.022, 16.62, 0.0646
20241230, NN, 30, 20250221, P, 0, 0, 0.0247, 16.62, -0.9581
20241230, NN, 1, 20250321, C, 0, 0, 0.0006, 16.62, 0.9949
20241230, NN, 1, 20250321, P, 0, 0, 0.0006, 16.62, -0.0084
20241230, NN, 2, 20250321, C, 0, 0, 0.0015, 16.62, 0.9884
20241230, NN, 2, 20250321, P, 0, 0, 0.0015, 16.62, -0.015
20241230, NN, 3, 20250321, C, 0, 21, 0.0024, 16.62, 0.9847
20241230, NN, 3, 20250321, P, 0, 0, 0.0024, 16.62, -0.0187
20241230, NN, 4, 20250321, C, 0, 32, 0.0034, 16.62, 0.9816
20241230, NN, 4, 20250321, P, 0, 0, 0.0034, 16.62, -0.0218
20241230, NN, 5, 20250321, C, 0, 15, 0.0046, 16.62, 0.9776
20241230, NN, 5, 20250321, P, 0, 430, 0.0046, 16.62, -0.0258
20241230, NN, 6, 20250321, C, 0, 102, 0.0063, 16.62, 0.9714
20241230, NN, 6, 20250321, P, 0, 340, 0.0064, 16.62, -0.032
20241230, NN, 7, 20250321, C, 0, 44, 0.0087, 16.62, 0.962
20241230, NN, 7, 20250321, P, 0, 110, 0.0087, 16.62, -0.0414
20241230, NN, 8, 20250321, C, 50, 5058, 0.0119, 16.62, 0.9482
20241230, NN, 8, 20250321, P, 0, 165, 0.0119, 16.62, -0.0553
20241230, NN, 9, 20250321, C, 0, 2597, 0.016, 16.62, 0.9289
20241230, NN, 9, 20250321, P, 0, 913, 0.016, 16.62, -0.0748
20241230, NN, 10, 20250321, C, 0, 1396, 0.0209, 16.62, 0.903
20241230, NN, 10, 20250321, P, 0, 838, 0.021, 16.62, -0.1007
20241230, NN, 11, 20250321, C, 50, 142, 0.0264, 16.62, 0.8705
20241230, NN, 11, 20250321, P, 0, 321, 0.0266, 16.62, -0.1335
20241230, NN, 12, 20250321, C, 0, 498, 0.0321, 16.62, 0.8315
20241230, NN, 12, 20250321, P, 0, 243, 0.0323, 16.62, -0.1727
20241230, NN, 13, 20250321, C, 0, 211, 0.0376, 16.62, 0.7872
20241230, NN, 13, 20250321, P, 0, 136, 0.0379, 16.62, -0.2174
20241230, NN, 14, 20250321, C, 0, 11, 0.0425, 16.62, 0.7389
20241230, NN, 14, 20250321, P, 3, 14, 0.0429, 16.62, -0.2661
20241230, NN, 15, 20250321, C, 0, 367, 0.0465, 16.62, 0.6882
20241230, NN, 15, 20250321, P, 0, 642, 0.047, 16.62, -0.3175
20241230, NN, 16, 20250321, C, 35, 300, 0.0495, 16.62, 0.6367
20241230, NN, 16, 20250321, P, 0, 33, 0.0502, 16.62, -0.3697
20241230, NN, 17, 20250321, C, 0, 662, 0.0516, 16.62, 0.5856
20241230, NN, 17, 20250321, P, 0, 46, 0.0523, 16.62, -0.4215
20241230, NN, 18, 20250321, C, 4, 83, 0.0526, 16.62, 0.536
20241230, NN, 18, 20250321, P, 0, 15, 0.0535, 16.62, -0.4719
20241230, NN, 19, 20250321, C, 0, 171, 0.0528, 16.62, 0.4886
20241230, NN, 19, 20250321, P, 0, 11, 0.0538, 16.62, -0.5201
20241230, NN, 20, 20250321, C, 26, 2490, 0.0522, 16.62, 0.444
20241230, NN, 20, 20250321, P, 0, 4, 0.0534, 16.62, -0.5658
20241230, NN, 25, 20250321, C, 0, 216, 0.043, 16.62, 0.2671
20241230, NN, 25, 20250321, P, 0, 7, 0.045, 16.62, -0.7483
20241230, NN, 30, 20250321, C, 1, 2182, 0.0312, 16.62, 0.158
20241230, NN, 30, 20250321, P, 0, 0, 0.034, 16.62, -0.8644
20241230, NN, 1, 20250620, C, 0, 0, 0.0006, 16.62, 0.9983
20241230, NN, 1, 20250620, P, 0, 0, 0.0006, 16.62, -0.0066
20241230, NN, 2, 20250620, C, 0, 0, 0.0014, 16.62, 0.9927
20241230, NN, 2, 20250620, P, 0, 0, 0.0014, 16.62, -0.0122
20241230, NN, 3, 20250620, C, 0, 0, 0.0024, 16.62, 0.9867
20241230, NN, 3, 20250620, P, 0, 0, 0.0024, 16.62, -0.0182
20241230, NN, 4, 20250620, C, 0, 0, 0.0036, 16.62, 0.9792
20241230, NN, 4, 20250620, P, 0, 0, 0.0036, 16.62, -0.0258
20241230, NN, 5, 20250620, C, 0, 0, 0.0052, 16.62, 0.9693
20241230, NN, 5, 20250620, P, 0, 325, 0.0052, 16.62, -0.0357
20241230, NN, 6, 20250620, C, 0, 0, 0.0072, 16.62, 0.9564
20241230, NN, 6, 20250620, P, 0, 0, 0.0072, 16.62, -0.0487
20241230, NN, 7, 20250620, C, 0, 2, 0.0096, 16.62, 0.9399
20241230, NN, 7, 20250620, P, 0, 67, 0.0096, 16.62, -0.0654
20241230, NN, 8, 20250620, C, 0, 5, 0.0123, 16.62, 0.9197
20241230, NN, 8, 20250620, P, 0, 120, 0.0124, 16.62, -0.0858
20241230, NN, 9, 20250620, C, 0, 39, 0.0152, 16.62, 0.8959
20241230, NN, 9, 20250620, P, 0, 12, 0.0153, 16.62, -0.1098
20241230, NN, 10, 20250620, C, 0, 66, 0.0181, 16.62, 0.8689
20241230, NN, 10, 20250620, P, 0, 50, 0.0184, 16.62, -0.1371
20241230, NN, 11, 20250620, C, 0, 110, 0.021, 16.62, 0.8393
20241230, NN, 11, 20250620, P, 0, 5, 0.0213, 16.62, -0.1672
20241230, NN, 12, 20250620, C, 0, 28, 0.0238, 16.62, 0.8077
20241230, NN, 12, 20250620, P, 0, 0, 0.0242, 16.62, -0.1992
20241230, NN, 13, 20250620, C, 0, 10, 0.0263, 16.62, 0.7747
20241230, NN, 13, 20250620, P, 0, 25, 0.0268, 16.62, -0.2328
20241230, NN, 14, 20250620, C, 1, 4, 0.0285, 16.62, 0.741
20241230, NN, 14, 20250620, P, 0, 57, 0.0291, 16.62, -0.2671
20241230, NN, 15, 20250620, C, 2, 785, 0.0304, 16.62, 0.7071
20241230, NN, 15, 20250620, P, 0, 51, 0.0311, 16.62, -0.3018
20241230, NN, 16, 20250620, C, 0, 1157, 0.032, 16.62, 0.6733
20241230, NN, 16, 20250620, P, 0, 53, 0.0328, 16.62, -0.3363
20241230, NN, 17, 20250620, C, 3, 13, 0.0333, 16.62, 0.6401
20241230, NN, 17, 20250620, P, 0, 68, 0.0342, 16.62, -0.3703
20241230, NN, 18, 20250620, C, 0, 85, 0.0342, 16.62, 0.6078
20241230, NN, 18, 20250620, P, 0, 61, 0.0352, 16.62, -0.4036
20241230, NN, 19, 20250620, C, 0, 37, 0.0349, 16.62, 0.5764
20241230, NN, 19, 20250620, P, 1, 50, 0.036, 16.62, -0.436
20241230, NN, 20, 20250620, C, 126, 1603, 0.0353, 16.62, 0.5462
20241230, NN, 20, 20250620, P, 0, 59, 0.0366, 16.62, -0.4672
20241230, NN, 25, 20250620, C, 1, 59, 0.0347, 16.62, 0.4145
20241230, NN, 25, 20250620, P, 0, 2, 0.0367, 16.62, -0.6048
20241230, NN, 30, 20250620, C, 2, 283, 0.0315, 16.62, 0.3143
20241230, NN, 30, 20250620, P, 0, 0, 0.0343, 16.62, -0.7123
20241230, NN, 1, 20260116, C, 0, 0, 0.0006, 16.62, 1
20241230, NN, 1, 20260116, P, 0, 0, 0.0006, 16.62, -0.0059
20241230, NN, 2, 20260116, C, 0, 350, 0.0014, 16.62, 0.9955
20241230, NN, 2, 20260116, P, 0, 401, 0.0014, 16.62, -0.0129
20241230, NN, 3, 20260116, C, 0, 3345, 0.0024, 16.62, 0.9863
20241230, NN, 3, 20260116, P, 0, 425, 0.0025, 16.62, -0.0222
20241230, NN, 4, 20260116, C, 0, 163, 0.0038, 16.62, 0.9744
20241230, NN, 4, 20260116, P, 0, 3, 0.0038, 16.62, -0.0343
20241230, NN, 5, 20260116, C, 0, 1049, 0.0052, 16.62, 0.9599
20241230, NN, 5, 20260116, P, 0, 289, 0.0053, 16.62, -0.049
20241230, NN, 7, 20260116, C, 0, 11242, 0.0083, 16.62, 0.925
20241230, NN, 7, 20260116, P, 0, 2126, 0.0085, 16.62, -0.0846
20241230, NN, 10, 20260116, C, 25, 10794, 0.0128, 16.62, 0.864
20241230, NN, 10, 20260116, P, 0, 43, 0.0132, 16.62, -0.1472
20241230, NN, 12, 20260116, C, 0, 1971, 0.0153, 16.62, 0.8212
20241230, NN, 12, 20260116, P, 0, 268, 0.0159, 16.62, -0.1914
20241230, NN, 15, 20260116, C, 737, 9082, 0.0184, 16.62, 0.7576
20241230, NN, 15, 20260116, P, 0, 82, 0.0193, 16.62, -0.2577
20241230, NN, 17, 20260116, C, 0, 160, 0.02, 16.62, 0.7168
20241230, NN, 17, 20260116, P, 0, 0, 0.0211, 16.62, -0.3006
20241230, NN, 20, 20260116, C, 450, 7250, 0.0217, 16.62, 0.6591
20241230, NN, 20, 20260116, P, 0, 0, 0.0232, 16.62, -0.362
20241230, NN, 25, 20260116, C, 0, 387, 0.0232, 16.62, 0.5734
20241230, NN, 25, 20260116, P, 0, 0, 0.0255, 16.62, -0.4547
20241230, NN, 30, 20260116, C, 41, 497, 0.0237, 16.62, 0.5006
20241230, NN, 30, 20260116, P, 0, 0, 0.0268, 16.62, -0.5358
20241230, NN, 3, 20270115, C, 0, 17, 0.0023, 16.62, 0.9765
20241230, NN, 3, 20270115, P, 0, 10, 0.0024, 16.62, -0.0271
20241230, NN, 5, 20270115, C, 0, 2, 0.0043, 16.62, 0.9502
20241230, NN, 5, 20270115, P, 0, 0, 0.0045, 16.62, -0.0544
20241230, NN, 7, 20270115, C, 0, 3, 0.0062, 16.62, 0.9211
20241230, NN, 7, 20270115, P, 0, 0, 0.0065, 16.62, -0.0849
20241230, NN, 10, 20270115, C, 0, 4, 0.0086, 16.62, 0.8772
20241230, NN, 10, 20270115, P, 0, 2, 0.0092, 16.62, -0.1316
20241230, NN, 12, 20270115, C, 0, 351, 0.0099, 16.62, 0.8488
20241230, NN, 12, 20270115, P, 0, 0, 0.0107, 16.62, -0.1623
20241230, NN, 15, 20270115, C, 11, 2276, 0.0116, 16.62, 0.808
20241230, NN, 15, 20270115, P, 0, 0, 0.0128, 16.62, -0.207
20241230, NN, 17, 20270115, C, 0, 636, 0.0125, 16.62, 0.7822
20241230, NN, 17, 20270115, P, 0, 0, 0.014, 16.62, -0.2357
20241230, NN, 20, 20270115, C, 0, 4529, 0.0136, 16.62, 0.7457
20241230, NN, 20, 20270115, P, 0, 0, 0.0156, 16.62, -0.277
20241230, NN, 25, 20270115, C, 0, 171, 0.0151, 16.62, 0.6903
20241230, NN, 25, 20270115, P, 0, 0, 0.0179, 16.62, -0.3412
20241230, NN, 30, 20270115, C, 10, 59, 0.016, 16.62, 0.6413
20241230, NN, 30, 20270115, P, 0, 0, 0.0198, 16.62, -0.4004
20241231, NN, 1, 20250117, C, 0, 0, 0.0001, 15.65, 1
20241231, NN, 1, 20250117, P, 0, 30, 0.0001, 15.65, -0.0005
20241231, NN, 2, 20250117, C, 0, 7, 0.0001, 15.65, 1
20241231, NN, 2, 20250117, P, 0, 0, 0.0001, 15.65, -0.0005
20241231, NN, 3, 20250117, C, 0, 2931, 0.0002, 15.65, 1
20241231, NN, 3, 20250117, P, 0, 30, 0.0002, 15.65, -0.0004
20241231, NN, 4, 20250117, C, 0, 18, 0.0002, 15.65, 1
20241231, NN, 4, 20250117, P, 0, 314, 0.0002, 15.65, -0.0005
20241231, NN, 5, 20250117, C, 0, 127, 0.0004, 15.65, 1
20241231, NN, 5, 20250117, P, 0, 0, 0.0004, 15.65, -0.0006
20241231, NN, 6, 20250117, C, 0, 120, 0.0006, 15.65, 1
20241231, NN, 6, 20250117, P, 0, 193, 0.0006, 15.65, -0.001
20241231, NN, 7, 20250117, C, 0, 1063, 0.0012, 15.65, 0.9994
20241231, NN, 7, 20250117, P, 0, 962, 0.0012, 15.65, -0.0017
20241231, NN, 8, 20250117, C, 0, 5473, 0.0025, 15.65, 0.9976
20241231, NN, 8, 20250117, P, 0, 137, 0.0025, 15.65, -0.0034
20241231, NN, 9, 20250117, C, 0, 1353, 0.0056, 15.65, 0.9934
20241231, NN, 9, 20250117, P, 0, 115, 0.0056, 15.65, -0.0076
20241231, NN, 10, 20250117, C, 0, 4399, 0.0123, 15.65, 0.9835
20241231, NN, 10, 20250117, P, 0, 565, 0.0123, 15.65, -0.0176
20241231, NN, 11, 20250117, C, 0, 1013, 0.0253, 15.65, 0.9617
20241231, NN, 11, 20250117, P, 0, 783, 0.0254, 15.65, -0.0395
20241231, NN, 12, 20250117, C, 0, 328, 0.0466, 15.65, 0.9193
20241231, NN, 12, 20250117, P, 0, 158, 0.0468, 15.65, -0.0821
20241231, NN, 13, 20250117, C, 0, 1349, 0.0744, 15.65, 0.8487
20241231, NN, 13, 20250117, P, 1, 488, 0.0748, 15.65, -0.153
20241231, NN, 14, 20250117, C, 0, 562, 0.1023, 15.65, 0.7491
20241231, NN, 14, 20250117, P, 2, 159, 0.1029, 15.65, -0.2532
20241231, NN, 15, 20250117, C, 0, 1071, 0.1225, 15.65, 0.6283
20241231, NN, 15, 20250117, P, 0, 332, 0.1232, 15.65, -0.3747
20241231, NN, 16, 20250117, C, 143, 176, 0.1298, 15.65, 0.5003
20241231, NN, 16, 20250117, P, 0, 120, 0.1307, 15.65, -0.5036
20241231, NN, 17, 20250117, C, 1, 1020, 0.124, 15.65, 0.379
20241231, NN, 17, 20250117, P, 0, 104, 0.1251, 15.65, -0.6259
20241231, NN, 18, 20250117, C, 4, 379, 0.1087, 15.65, 0.2743
20241231, NN, 18, 20250117, P, 0, 51, 0.1098, 15.65, -0.7315
20241231, NN, 19, 20250117, C, 0, 151, 0.0886, 15.65, 0.1907
20241231, NN, 19, 20250117, P, 0, 16, 0.0899, 15.65, -0.8162
20241231, NN, 20, 20250117, C, 3, 1613, 0.0681, 15.65, 0.128
20241231, NN, 20, 20250117, P, 0, 1, 0.0697, 15.65, -0.88
20241231, NN, 21, 20250117, C, 0, 398, 0.0498, 15.65, 0.0833
20241231, NN, 21, 20250117, P, 0, 0, 0.0519, 15.65, -0.926
20241231, NN, 22, 20250117, C, 0, 356, 0.0349, 15.65, 0.0528
20241231, NN, 22, 20250117, P, 0, 0, 0.0371, 15.65, -0.9582
20241231, NN, 23, 20250117, C, 0, 37, 0.0237, 15.65, 0.0328
20241231, NN, 23, 20250117, P, 0, 0, 0.0241, 15.65, -0.9792
20241231, NN, 25, 20250117, C, 0, 67, 0.01, 15.65, 0.0119
20241231, NN, 25, 20250117, P, 0, 0, 0.0054, 15.65, -0.9973
20241231, NN, 1, 20250221, C, 0, 0, 0.0007, 15.65, 0.9912
20241231, NN, 1, 20250221, P, 0, 0, 0.0007, 15.65, -0.0089
20241231, NN, 2, 20250221, C, 0, 0, 0.0017, 15.65, 0.9861
20241231, NN, 2, 20250221, P, 0, 0, 0.0017, 15.65, -0.0139
20241231, NN, 3, 20250221, C, 0, 0, 0.0025, 15.65, 0.9849
20241231, NN, 3, 20250221, P, 0, 0, 0.0025, 15.65, -0.0151
20241231, NN, 4, 20250221, C, 0, 0, 0.0032, 15.65, 0.9843
20241231, NN, 4, 20250221, P, 0, 0, 0.0032, 15.65, -0.0157
20241231, NN, 5, 20250221, C, 0, 1, 0.0043, 15.65, 0.9828
20241231, NN, 5, 20250221, P, 0, 0, 0.0043, 15.65, -0.0172
20241231, NN, 6, 20250221, C, 0, 178, 0.0058, 15.65, 0.9794
20241231, NN, 6, 20250221, P, 0, 120, 0.0058, 15.65, -0.0207
20241231, NN, 7, 20250221, C, 0, 135, 0.0083, 15.65, 0.973
20241231, NN, 7, 20250221, P, 0, 91, 0.0083, 15.65, -0.027
20241231, NN, 8, 20250221, C, 0, 2, 0.0122, 15.65, 0.9621
20241231, NN, 8, 20250221, P, 0, 3, 0.0122, 15.65, -0.038
20241231, NN, 9, 20250221, C, 0, 230, 0.0179, 15.65, 0.9445
20241231, NN, 9, 20250221, P, 0, 350, 0.0179, 15.65, -0.0557
20241231, NN, 10, 20250221, C, 0, 224, 0.0258, 15.65, 0.9175
20241231, NN, 10, 20250221, P, 0, 1082, 0.0259, 15.65, -0.0828
20241231, NN, 11, 20250221, C, 0, 1, 0.0356, 15.65, 0.879
20241231, NN, 11, 20250221, P, 0, 173, 0.0357, 15.65, -0.1214
20241231, NN, 12, 20250221, C, 1, 117, 0.0464, 15.65, 0.8284
20241231, NN, 12, 20250221, P, 0, 94, 0.0466, 15.65, -0.1723
20241231, NN, 13, 20250221, C, 0, 23, 0.0569, 15.65, 0.7668
20241231, NN, 13, 20250221, P, 0, 57, 0.0572, 15.65, -0.2343
20241231, NN, 14, 20250221, C, 0, 30, 0.0658, 15.65, 0.697
20241231, NN, 14, 20250221, P, 0, 54, 0.0662, 15.65, -0.3045
20241231, NN, 15, 20250221, C, 0, 135, 0.0721, 15.65, 0.6229
20241231, NN, 15, 20250221, P, 20, 52, 0.0727, 15.65, -0.3792
20241231, NN, 16, 20250221, C, 50, 1062, 0.0755, 15.65, 0.5481
20241231, NN, 16, 20250221, P, 0, 6, 0.0763, 15.65, -0.4547
20241231, NN, 17, 20250221, C, 0, 38, 0.0761, 15.65, 0.476
20241231, NN, 17, 20250221, P, 0, 15, 0.077, 15.65, -0.5277
20241231, NN, 18, 20250221, C, 0, 219, 0.0743, 15.65, 0.4086
20241231, NN, 18, 20250221, P, 0, 16, 0.0754, 15.65, -0.596
20241231, NN, 19, 20250221, C, 0, 173, 0.0706, 15.65, 0.3474
20241231, NN, 19, 20250221, P, 0, 18, 0.0719, 15.65, -0.6582
20241231, NN, 20, 20250221, C, 0, 292, 0.0656, 15.65, 0.2931
20241231, NN, 20, 20250221, P, 0, 52, 0.0671, 15.65, -0.7136
20241231, NN, 21, 20250221, C, 0, 0, 0.0599, 15.65, 0.2457
20241231, NN, 21, 20250221, P, 0, 0, 0.0616, 15.65, -0.7622
20241231, NN, 22, 20250221, C, 0, 0, 0.0539, 15.65, 0.2048
20241231, NN, 22, 20250221, P, 0, 0, 0.0559, 15.65, -0.8044
20241231, NN, 23, 20250221, C, 0, 0, 0.048, 15.65, 0.17
20241231, NN, 23, 20250221, P, 0, 0, 0.0501, 15.65, -0.8406
20241231, NN, 24, 20250221, C, 0, 0, 0.0422, 15.65, 0.1406
20241231, NN, 24, 20250221, P, 0, 0, 0.0445, 15.65, -0.8713
20241231, NN, 25, 20250221, C, 0, 1126, 0.0368, 15.65, 0.116
20241231, NN, 25, 20250221, P, 0, 5, 0.0394, 15.65, -0.8975
20241231, NN, 26, 20250221, C, 1, 1, 0.0319, 15.65, 0.0955
20241231, NN, 26, 20250221, P, 0, 0, 0.0345, 15.65, -0.9194
20241231, NN, 30, 20250221, C, 0, 1240, 0.0171, 15.65, 0.0433
20241231, NN, 30, 20250221, P, 0, 0, 0.0196, 15.65, -0.9781
20241231, NN, 1, 20250321, C, 0, 0, 0.0007, 15.65, 0.9922
20241231, NN, 1, 20250321, P, 0, 0, 0.0007, 15.65, -0.0089
20241231, NN, 2, 20250321, C, 0, 0, 0.0017, 15.65, 0.986
20241231, NN, 2, 20250321, P, 0, 0, 0.0017, 15.65, -0.0151
20241231, NN, 3, 20250321, C, 0, 21, 0.0027, 15.65, 0.9826
20241231, NN, 3, 20250321, P, 0, 0, 0.0027, 15.65, -0.0185
20241231, NN, 4, 20250321, C, 0, 32, 0.0038, 15.65, 0.9795
20241231, NN, 4, 20250321, P, 0, 0, 0.0038, 15.65, -0.0216
20241231, NN, 5, 20250321, C, 0, 15, 0.0053, 15.65, 0.9749
20241231, NN, 5, 20250321, P, 0, 430, 0.0053, 15.65, -0.0263
20241231, NN, 6, 20250321, C, 0, 102, 0.0075, 15.65, 0.9675
20241231, NN, 6, 20250321, P, 0, 340, 0.0075, 15.65, -0.0337
20241231, NN, 7, 20250321, C, 0, 44, 0.0105, 15.65, 0.9559
20241231, NN, 7, 20250321, P, 0, 110, 0.0105, 15.65, -0.0454
20241231, NN, 8, 20250321, C, 0, 5058, 0.0146, 15.65, 0.9386
20241231, NN, 8, 20250321, P, 0, 165, 0.0147, 15.65, -0.0627
20241231, NN, 9, 20250321, C, 0, 2597, 0.0199, 15.65, 0.9143
20241231, NN, 9, 20250321, P, 0, 913, 0.02, 15.65, -0.0871
20241231, NN, 10, 20250321, C, 3, 1396, 0.026, 15.65, 0.8823
20241231, NN, 10, 20250321, P, 0, 838, 0.0261, 15.65, -0.1193
20241231, NN, 11, 20250321, C, 0, 192, 0.0326, 15.65, 0.8427
20241231, NN, 11, 20250321, P, 1, 321, 0.0328, 15.65, -0.1593
20241231, NN, 12, 20250321, C, 0, 498, 0.039, 15.65, 0.7965
20241231, NN, 12, 20250321, P, 50, 243, 0.0393, 15.65, -0.2057
20241231, NN, 13, 20250321, C, 0, 211, 0.0448, 15.65, 0.7453
20241231, NN, 13, 20250321, P, 0, 136, 0.0452, 15.65, -0.2573
20241231, NN, 14, 20250321, C, 0, 11, 0.0495, 15.65, 0.6912
20241231, NN, 14, 20250321, P, 0, 17, 0.05, 15.65, -0.312
20241231, NN, 15, 20250321, C, 0, 367, 0.0531, 15.65, 0.6358
20241231, NN, 15, 20250321, P, 0, 642, 0.0537, 15.65, -0.368
20241231, NN, 16, 20250321, C, 0, 265, 0.0553, 15.65, 0.581
20241231, NN, 16, 20250321, P, 0, 33, 0.0561, 15.65, -0.4235
20241231, NN, 17, 20250321, C, 0, 662, 0.0564, 15.65, 0.5279
20241231, NN, 17, 20250321, P, 0, 46, 0.0573, 15.65, -0.4773
20241231, NN, 18, 20250321, C, 0, 79, 0.0564, 15.65, 0.4775
20241231, NN, 18, 20250321, P, 0, 15, 0.0575, 15.65, -0.5286
20241231, NN, 19, 20250321, C, 0, 171, 0.0556, 15.65, 0.4303
20241231, NN, 19, 20250321, P, 0, 11, 0.0568, 15.65, -0.5767
20241231, NN, 20, 20250321, C, 6, 2464, 0.0541, 15.65, 0.3867
20241231, NN, 20, 20250321, P, 0, 4, 0.0554, 15.65, -0.6214
20241231, NN, 25, 20250321, C, 0, 216, 0.0415, 15.65, 0.2212
20241231, NN, 25, 20250321, P, 0, 7, 0.0437, 15.65, -0.7928
20241231, NN, 30, 20250321, C, 0, 2183, 0.0284, 15.65, 0.1251
20241231, NN, 30, 20250321, P, 0, 0, 0.0314, 15.65, -0.8959
20241231, NN, 1, 20250620, C, 0, 0, 0.0007, 15.65, 1
20241231, NN, 1, 20250620, P, 0, 0, 0.0007, 15.65, -0.0075
20241231, NN, 2, 20250620, C, 0, 0, 0.0016, 15.65, 0.9958
20241231, NN, 2, 20250620, P, 0, 0, 0.0016, 15.65, -0.0136
20241231, NN, 3, 20250620, C, 0, 0, 0.0027, 15.65, 0.9897
20241231, NN, 3, 20250620, P, 0, 0, 0.0028, 15.65, -0.0196
20241231, NN, 4, 20250620, C, 0, 0, 0.0042, 15.65, 0.9822
20241231, NN, 4, 20250620, P, 0, 0, 0.0042, 15.65, -0.0272
20241231, NN, 5, 20250620, C, 0, 0, 0.006, 15.65, 0.9722
20241231, NN, 5, 20250620, P, 0, 325, 0.0061, 15.65, -0.0374
20241231, NN, 6, 20250620, C, 0, 0, 0.0084, 15.65, 0.9584
20241231, NN, 6, 20250620, P, 0, 0, 0.0085, 15.65, -0.0512
20241231, NN, 7, 20250620, C, 0, 2, 0.0113, 15.65, 0.9404
20241231, NN, 7, 20250620, P, 0, 67, 0.0115, 15.65, -0.0695
20241231, NN, 8, 20250620, C, 0, 5, 0.0147, 15.65, 0.9176
20241231, NN, 8, 20250620, P, 0, 120, 0.0148, 15.65, -0.0925
20241231, NN, 9, 20250620, C, 0, 39, 0.0183, 15.65, 0.8904
20241231, NN, 9, 20250620, P, 0, 12, 0.0185, 15.65, -0.12
20241231, NN, 10, 20250620, C, 0, 66, 0.0219, 15.65, 0.8593
20241231, NN, 10, 20250620, P, 0, 50, 0.0222, 15.65, -0.1516
20241231, NN, 11, 20250620, C, 0, 110, 0.0253, 15.65, 0.8253
20241231, NN, 11, 20250620, P, 0, 5, 0.0257, 15.65, -0.1861
20241231, NN, 12, 20250620, C, 0, 28, 0.0284, 15.65, 0.7893
20241231, NN, 12, 20250620, P, 0, 0, 0.029, 15.65, -0.2228
20241231, NN, 13, 20250620, C, 0, 10, 0.0312, 15.65, 0.7522
20241231, NN, 13, 20250620, P, 0, 25, 0.0318, 15.65, -0.2606
20241231, NN, 14, 20250620, C, 0, 3, 0.0334, 15.65, 0.7148
20241231, NN, 14, 20250620, P, 0, 57, 0.0342, 15.65, -0.2989
20241231, NN, 15, 20250620, C, 0, 787, 0.0353, 15.65, 0.6777
20241231, NN, 15, 20250620, P, 0, 51, 0.0362, 15.65, -0.337
20241231, NN, 16, 20250620, C, 0, 1157, 0.0367, 15.65, 0.6413
20241231, NN, 16, 20250620, P, 0, 53, 0.0378, 15.65, -0.3743
20241231, NN, 17, 20250620, C, 0, 16, 0.0377, 15.65, 0.6061
20241231, NN, 17, 20250620, P, 0, 68, 0.0389, 15.65, -0.4106
20241231, NN, 18, 20250620, C, 0, 85, 0.0384, 15.65, 0.5722
20241231, NN, 18, 20250620, P, 0, 61, 0.0398, 15.65, -0.4456
20241231, NN, 19, 20250620, C, 0, 37, 0.0387, 15.65, 0.5399
20241231, NN, 19, 20250620, P, 0, 50, 0.0403, 15.65, -0.4792
20241231, NN, 20, 20250620, C, 69, 1692, 0.0388, 15.65, 0.5092
20241231, NN, 20, 20250620, P, 27, 59, 0.0405, 15.65, -0.5112
20241231, NN, 25, 20250620, C, 0, 60, 0.0365, 15.65, 0.3797
20241231, NN, 25, 20250620, P, 0, 2, 0.0391, 15.65, -0.6478
20241231, NN, 30, 20250620, C, 50, 285, 0.0322, 15.65, 0.2854
20241231, NN, 30, 20250620, P, 0, 0, 0.0357, 15.65, -0.7504
20241231, NN, 1, 20260116, C, 0, 0, 0.0006, 15.65, 1
20241231, NN, 1, 20260116, P, 0, 0, 0.0006, 15.65, -0.0051
20241231, NN, 2, 20260116, C, 0, 350, 0.0015, 15.65, 0.9934
20241231, NN, 2, 20260116, P, 0, 401, 0.0016, 15.65, -0.0123
20241231, NN, 3, 20260116, C, 0, 3345, 0.0028, 15.65, 0.9829
20241231, NN, 3, 20260116, P, 0, 425, 0.0028, 15.65, -0.0229
20241231, NN, 4, 20260116, C, 0, 163, 0.0044, 15.65, 0.9692
20241231, NN, 4, 20260116, P, 0, 3, 0.0044, 15.65, -0.0369
20241231, NN, 5, 20260116, C, 0, 1049, 0.0061, 15.65, 0.9526
20241231, NN, 5, 20260116, P, 0, 289, 0.0062, 15.65, -0.0537
20241231, NN, 7, 20260116, C, 0, 11242, 0.0096, 15.65, 0.9136
20241231, NN, 7, 20260116, P, 0, 2126, 0.0098, 15.65, -0.0935
20241231, NN, 10, 20260116, C, 0, 10794, 0.0143, 15.65, 0.848
20241231, NN, 10, 20260116, P, 0, 43, 0.0148, 15.65, -0.161
20241231, NN, 12, 20260116, C, 0, 1971, 0.0169, 15.65, 0.8031
20241231, NN, 12, 20260116, P, 0, 268, 0.0176, 15.65, -0.2075
20241231, NN, 15, 20260116, C, 38, 9789, 0.02, 15.65, 0.7376
20241231, NN, 15, 20260116, P, 0, 82, 0.021, 15.65, -0.2758
20241231, NN, 17, 20260116, C, 0, 160, 0.0215, 15.65, 0.6961
20241231, NN, 17, 20260116, P, 0, 0, 0.0228, 15.65, -0.3196
20241231, NN, 20, 20260116, C, 74, 7700, 0.0231, 15.65, 0.6379
20241231, NN, 20, 20260116, P, 0, 0, 0.0248, 15.65, -0.3816
20241231, NN, 25, 20260116, C, 0, 387, 0.0245, 15.65, 0.5524
20241231, NN, 25, 20260116, P, 0, 0, 0.027, 15.65, -0.4745
20241231, NN, 30, 20260116, C, 0, 506, 0.0247, 15.65, 0.4804
20241231, NN, 30, 20260116, P, 0, 0, 0.0282, 15.65, -0.5553
20241231, NN, 3, 20270115, C, 0, 17, 0.0024, 15.65, 0.9644
20241231, NN, 3, 20270115, P, 0, 10, 0.0024, 15.65, -0.0313
20241231, NN, 5, 20270115, C, 0, 2, 0.0043, 15.65, 0.9373
20241231, NN, 5, 20270115, P, 0, 0, 0.0045, 15.65, -0.0588
20241231, NN, 7, 20270115, C, 0, 3, 0.0062, 15.65, 0.9084
20241231, NN, 7, 20270115, P, 0, 0, 0.0065, 15.65, -0.0888
20241231, NN, 10, 20270115, C, 0, 4, 0.0087, 15.65, 0.864
20241231, NN, 10, 20270115, P, 0, 2, 0.0094, 15.65, -0.1358
20241231, NN, 12, 20270115, C, 0, 351, 0.0102, 15.65, 0.8347
20241231, NN, 12, 20270115, P, 0, 0, 0.0111, 15.65, -0.1674
20241231, NN, 15, 20270115, C, 0, 2276, 0.0121, 15.65, 0.7921
20241231, NN, 15, 20270115, P, 0, 0, 0.0135, 15.65, -0.2141
20241231, NN, 17, 20270115, C, 0, 636, 0.0132, 15.65, 0.7649
20241231, NN, 17, 20270115, P, 0, 0, 0.0149, 15.65, -0.2444
20241231, NN, 20, 20270115, C, 0, 4529, 0.0145, 15.65, 0.7262
20241231, NN, 20, 20270115, P, 0, 0, 0.0167, 15.65, -0.2882
20241231, NN, 25, 20270115, C, 0, 171, 0.0161, 15.65, 0.6675
20241231, NN, 25, 20270115, P, 0, 0, 0.0193, 15.65, -0.3568
20241231, NN, 30, 20270115, C, 0, 69, 0.0172, 15.65, 0.6156
20241231, NN, 30, 20270115, P, 0, 0, 0.0215, 15.65, -0.4198
