20241218, RMBS, 22.5, 20241220, C, 0, 0, 0.0006, 54.83, 0.9971
20241218, RMBS, 22.5, 20241220, P, 0, 0, 0.0006, 54.83, -0.0037
20241218, RMBS, 25, 20241220, C, 0, 0, 0.0007, 54.83, 0.9965
20241218, RMBS, 25, 20241220, P, 0, 11, 0.0007, 54.83, -0.0043
20241218, RMBS, 27.5, 20241220, C, 0, 1, 0.0009, 54.83, 0.9958
20241218, RMBS, 27.5, 20241220, P, 0, 16, 0.0009, 54.83, -0.005
20241218, RMBS, 30, 20241220, C, 0, 2, 0.0012, 54.83, 0.9949
20241218, RMBS, 30, 20241220, P, 0, 15, 0.0012, 54.83, -0.0059
20241218, RMBS, 32.5, 20241220, C, 0, 10, 0.0016, 54.83, 0.9936
20241218, RMBS, 32.5, 20241220, P, 0, 40, 0.0016, 54.83, -0.0072
20241218, RMBS, 35, 20241220, C, 0, 0, 0.0022, 54.83, 0.9919
20241218, RMBS, 35, 20241220, P, 0, 3, 0.0022, 54.83, -0.0089
20241218, RMBS, 37.5, 20241220, C, 0, 2, 0.0031, 54.83, 0.9894
20241218, RMBS, 37.5, 20241220, P, 0, 37, 0.0031, 54.83, -0.0114
20241218, RMBS, 40, 20241220, C, 0, 5, 0.0046, 54.83, 0.9856
20241218, RMBS, 40, 20241220, P, 0, 52, 0.0046, 54.83, -0.0152
20241218, RMBS, 42.5, 20241220, C, 0, 68, 0.0071, 54.83, 0.9796
20241218, RMBS, 42.5, 20241220, P, 0, 20, 0.0071, 54.83, -0.0212
20241218, RMBS, 45, 20241220, C, 10, 52, 0.0118, 54.83, 0.9691
20241218, RMBS, 45, 20241220, P, 0, 168, 0.0118, 54.83, -0.0317
20241218, RMBS, 47.5, 20241220, C, 1, 43, 0.0212, 54.83, 0.9489
20241218, RMBS, 47.5, 20241220, P, 0, 110, 0.0213, 54.83, -0.0519
20241218, RMBS, 50, 20241220, C, 1, 119, 0.0425, 54.83, 0.9042
20241218, RMBS, 50, 20241220, P, 0, 76, 0.0426, 54.83, -0.0967
20241218, RMBS, 52.5, 20241220, C, 3, 258, 0.0918, 54.83, 0.7857
20241218, RMBS, 52.5, 20241220, P, 0, 24, 0.0924, 54.83, -0.2158
20241218, RMBS, 55, 20241220, C, 10, 341, 0.1423, 54.83, 0.4933
20241218, RMBS, 55, 20241220, P, 211, 113, 0.1447, 54.83, -0.5121
20241218, RMBS, 57.5, 20241220, C, 3, 146, 0.0932, 54.83, 0.2185
20241218, RMBS, 57.5, 20241220, P, 6, 186, 0.0944, 54.83, -0.7904
20241218, RMBS, 60, 20241220, C, 1, 314, 0.0475, 54.83, 0.1017
20241218, RMBS, 60, 20241220, P, 2, 32, 0.0481, 54.83, -0.9071
20241218, RMBS, 62.5, 20241220, C, 1, 153, 0.025, 54.83, 0.0528
20241218, RMBS, 62.5, 20241220, P, 0, 2, 0.0254, 54.83, -0.9555
20241218, RMBS, 65, 20241220, C, 0, 159, 0.014, 54.83, 0.0297
20241218, RMBS, 65, 20241220, P, 0, 0, 0.0138, 54.83, -0.9777
20241218, RMBS, 67.5, 20241220, C, 0, 0, 0.0083, 54.83, 0.0178
20241218, RMBS, 67.5, 20241220, P, 0, 0, 0.0076, 54.83, -0.9886
20241218, RMBS, 70, 20241220, C, 0, 481, 0.0051, 54.83, 0.0111
20241218, RMBS, 70, 20241220, P, 0, 0, 0.0042, 54.83, -0.9942
20241218, RMBS, 20, 20250117, C, 0, 0, 0.0006, 54.83, 0.9957
20241218, RMBS, 20, 20250117, P, 0, 0, 0.0006, 54.83, -0.0048
20241218, RMBS, 22.5, 20250117, C, 0, 0, 0.0008, 54.83, 0.9948
20241218, RMBS, 22.5, 20250117, P, 0, 2, 0.0008, 54.83, -0.0057
20241218, RMBS, 25, 20250117, C, 0, 43, 0.001, 54.83, 0.9937
20241218, RMBS, 25, 20250117, P, 0, 4, 0.001, 54.83, -0.0068
20241218, RMBS, 27.5, 20250117, C, 0, 2, 0.0013, 54.83, 0.9921
20241218, RMBS, 27.5, 20250117, P, 0, 1, 0.0013, 54.83, -0.0084
20241218, RMBS, 30, 20250117, C, 0, 27, 0.0018, 54.83, 0.9899
20241218, RMBS, 30, 20250117, P, 0, 614, 0.0018, 54.83, -0.0106
20241218, RMBS, 32.5, 20250117, C, 0, 10, 0.0025, 54.83, 0.9867
20241218, RMBS, 32.5, 20250117, P, 0, 11, 0.0025, 54.83, -0.0138
20241218, RMBS, 35, 20250117, C, 0, 94, 0.0036, 54.83, 0.9819
20241218, RMBS, 35, 20250117, P, 0, 98, 0.0036, 54.83, -0.0187
20241218, RMBS, 37.5, 20250117, C, 0, 42, 0.0053, 54.83, 0.9745
20241218, RMBS, 37.5, 20250117, P, 0, 378, 0.0053, 54.83, -0.0261
20241218, RMBS, 40, 20250117, C, 0, 54, 0.0079, 54.83, 0.9628
20241218, RMBS, 40, 20250117, P, 0, 253, 0.0079, 54.83, -0.038
20241218, RMBS, 42.5, 20250117, C, 0, 292, 0.012, 54.83, 0.9434
20241218, RMBS, 42.5, 20250117, P, 0, 995, 0.0121, 54.83, -0.0574
20241218, RMBS, 45, 20250117, C, 0, 340, 0.0185, 54.83, 0.9113
20241218, RMBS, 45, 20250117, P, 0, 562, 0.0186, 54.83, -0.0898
20241218, RMBS, 47.5, 20250117, C, 1, 109, 0.0277, 54.83, 0.8584
20241218, RMBS, 47.5, 20250117, P, 0, 214, 0.0279, 54.83, -0.1432
20241218, RMBS, 50, 20250117, C, 1, 199, 0.039, 54.83, 0.7763
20241218, RMBS, 50, 20250117, P, 0, 434, 0.0394, 54.83, -0.2261
20241218, RMBS, 52.5, 20250117, C, 0, 235, 0.0491, 54.83, 0.6631
20241218, RMBS, 52.5, 20250117, P, 2, 251, 0.0497, 54.83, -0.3406
20241218, RMBS, 55, 20250117, C, 4, 175, 0.054, 54.83, 0.5312
20241218, RMBS, 55, 20250117, P, 1, 240, 0.0548, 54.83, -0.4742
20241218, RMBS, 57.5, 20250117, C, 46, 470, 0.0522, 54.83, 0.4016
20241218, RMBS, 57.5, 20250117, P, 0, 254, 0.0531, 54.83, -0.6059
20241218, RMBS, 60, 20250117, C, 5, 357, 0.0454, 54.83, 0.2909
20241218, RMBS, 60, 20250117, P, 0, 163, 0.0466, 54.83, -0.7188
20241218, RMBS, 62.5, 20250117, C, 3, 415, 0.0367, 54.83, 0.2049
20241218, RMBS, 62.5, 20250117, P, 0, 21, 0.0381, 54.83, -0.8073
20241218, RMBS, 65, 20250117, C, 10, 273, 0.0283, 54.83, 0.1419
20241218, RMBS, 65, 20250117, P, 0, 0, 0.0297, 54.83, -0.8725
20241218, RMBS, 67.5, 20250117, C, 4, 172, 0.0212, 54.83, 0.0974
20241218, RMBS, 67.5, 20250117, P, 0, 41, 0.0227, 54.83, -0.9193
20241218, RMBS, 70, 20250117, C, 0, 281, 0.0155, 54.83, 0.0665
20241218, RMBS, 70, 20250117, P, 0, 10, 0.0174, 54.83, -0.9527
20241218, RMBS, 72.5, 20250117, C, 0, 1052, 0.0112, 54.83, 0.0454
20241218, RMBS, 72.5, 20250117, P, 0, 2, 0.0142, 54.83, -0.9773
20241218, RMBS, 75, 20250117, C, 0, 371, 0.008, 54.83, 0.0309
20241218, RMBS, 75, 20250117, P, 0, 1, 0.0074, 54.83, -0.9931
20241218, RMBS, 77.5, 20250117, C, 0, 26, 0.0057, 54.83, 0.0211
20241218, RMBS, 77.5, 20250117, P, 0, 0, 0.0011, 54.83, -0.9991
20241218, RMBS, 80, 20250117, C, 0, 77, 0.004, 54.83, 0.0145
20241218, RMBS, 80, 20250117, P, 0, 0, 0, 54.83, -1
20241218, RMBS, 82.5, 20250117, C, 0, 43, 0.0029, 54.83, 0.0099
20241218, RMBS, 82.5, 20250117, P, 0, 0, 0, 54.83, -1
20241218, RMBS, 85, 20250117, C, 0, 92, 0.002, 54.83, 0.0068
20241218, RMBS, 85, 20250117, P, 0, 0, 0, 54.83, -1
20241218, RMBS, 90, 20250117, C, 0, 8005, 0.001, 54.83, 0.0032
20241218, RMBS, 90, 20250117, P, 0, 0, 0, 54.83, -1
20241218, RMBS, 95, 20250117, C, 0, 79, 0.0005, 54.83, 0.0016
20241218, RMBS, 95, 20250117, P, 0, 0, 0, 54.83, -1
20241218, RMBS, 100, 20250117, C, 0, 214, 0.0003, 54.83, 0.0008
20241218, RMBS, 100, 20250117, P, 0, 0, 0, 54.83, -1
20241218, RMBS, 105, 20250117, C, 0, 133, 0.0001, 54.83, 0.0004
20241218, RMBS, 105, 20250117, P, 0, 0, 0, 54.83, -1
20241218, RMBS, 110, 20250117, C, 0, 74, 0.0001, 54.83, 0.0002
20241218, RMBS, 110, 20250117, P, 0, 0, 0, 54.83, -1
20241218, RMBS, 20, 20250221, C, 0, 1, 0.0009, 54.83, 0.9919
20241218, RMBS, 20, 20250221, P, 0, 0, 0.0009, 54.83, -0.0092
20241218, RMBS, 22.5, 20250221, C, 0, 0, 0.0012, 54.83, 0.9897
20241218, RMBS, 22.5, 20250221, P, 0, 0, 0.0012, 54.83, -0.0114
20241218, RMBS, 25, 20250221, C, 0, 0, 0.0017, 54.83, 0.9867
20241218, RMBS, 25, 20250221, P, 0, 0, 0.0017, 54.83, -0.0145
20241218, RMBS, 27.5, 20250221, C, 0, 0, 0.0023, 54.83, 0.9825
20241218, RMBS, 27.5, 20250221, P, 0, 17, 0.0023, 54.83, -0.0187
20241218, RMBS, 30, 20250221, C, 0, 5, 0.0031, 54.83, 0.9766
20241218, RMBS, 30, 20250221, P, 0, 40, 0.0031, 54.83, -0.0245
20241218, RMBS, 32.5, 20250221, C, 0, 20, 0.0042, 54.83, 0.9684
20241218, RMBS, 32.5, 20250221, P, 0, 6, 0.0042, 54.83, -0.0328
20241218, RMBS, 35, 20250221, C, 0, 1, 0.0058, 54.83, 0.9566
20241218, RMBS, 35, 20250221, P, 0, 33, 0.0058, 54.83, -0.0447
20241218, RMBS, 37.5, 20250221, C, 0, 35, 0.008, 54.83, 0.9398
20241218, RMBS, 37.5, 20250221, P, 0, 99, 0.008, 54.83, -0.0617
20241218, RMBS, 40, 20250221, C, 1, 30, 0.0109, 54.83, 0.9159
20241218, RMBS, 40, 20250221, P, 0, 84, 0.011, 54.83, -0.0857
20241218, RMBS, 42.5, 20250221, C, 0, 55, 0.0145, 54.83, 0.8828
20241218, RMBS, 42.5, 20250221, P, 0, 79, 0.0146, 54.83, -0.1191
20241218, RMBS, 45, 20250221, C, 0, 94, 0.0188, 54.83, 0.8384
20241218, RMBS, 45, 20250221, P, 0, 47, 0.019, 54.83, -0.164
20241218, RMBS, 47.5, 20250221, C, 0, 185, 0.0233, 54.83, 0.7818
20241218, RMBS, 47.5, 20250221, P, 0, 64, 0.0236, 54.83, -0.2213
20241218, RMBS, 50, 20250221, C, 0, 145, 0.0274, 54.83, 0.7137
20241218, RMBS, 50, 20250221, P, 5, 98, 0.0278, 54.83, -0.2903
20241218, RMBS, 52.5, 20250221, C, 6, 390, 0.0307, 54.83, 0.6372
20241218, RMBS, 52.5, 20250221, P, 1, 202, 0.0312, 54.83, -0.3681
20241218, RMBS, 55, 20250221, C, 4, 84, 0.0325, 54.83, 0.5566
20241218, RMBS, 55, 20250221, P, 0, 39, 0.0332, 54.83, -0.4503
20241218, RMBS, 57.5, 20250221, C, 0, 96, 0.0329, 54.83, 0.4767
20241218, RMBS, 57.5, 20250221, P, 4, 159, 0.0337, 54.83, -0.532
20241218, RMBS, 60, 20250221, C, 8, 181, 0.0318, 54.83, 0.4014
20241218, RMBS, 60, 20250221, P, 0, 28, 0.0328, 54.83, -0.6094
20241218, RMBS, 62.5, 20250221, C, 0, 123, 0.0298, 54.83, 0.3333
20241218, RMBS, 62.5, 20250221, P, 0, 1, 0.031, 54.83, -0.6799
20241218, RMBS, 65, 20250221, C, 15, 197, 0.0271, 54.83, 0.2736
20241218, RMBS, 65, 20250221, P, 0, 4, 0.0285, 54.83, -0.7422
20241218, RMBS, 67.5, 20250221, C, 0, 150, 0.0241, 54.83, 0.2226
20241218, RMBS, 67.5, 20250221, P, 0, 0, 0.0256, 54.83, -0.7959
20241218, RMBS, 70, 20250221, C, 0, 188, 0.021, 54.83, 0.1799
20241218, RMBS, 70, 20250221, P, 0, 1, 0.0228, 54.83, -0.8416
20241218, RMBS, 72.5, 20250221, C, 0, 99, 0.0181, 54.83, 0.1447
20241218, RMBS, 72.5, 20250221, P, 0, 0, 0.0199, 54.83, -0.8799
20241218, RMBS, 75, 20250221, C, 1, 2, 0.0154, 54.83, 0.1158
20241218, RMBS, 75, 20250221, P, 0, 0, 0.0171, 54.83, -0.9114
20241218, RMBS, 80, 20250221, C, 0, 1, 0.0108, 54.83, 0.0737
20241218, RMBS, 80, 20250221, P, 0, 0, 0.013, 54.83, -0.9598
20241218, RMBS, 85, 20250221, C, 0, 1, 0.0074, 54.83, 0.0467
20241218, RMBS, 85, 20250221, P, 0, 0, 0.0071, 54.83, -0.9916
20241218, RMBS, 90, 20250221, C, 0, 0, 0.005, 54.83, 0.0295
20241218, RMBS, 90, 20250221, P, 0, 0, 0, 54.83, -1
20241218, RMBS, 95, 20250221, C, 0, 0, 0.0034, 54.83, 0.0187
20241218, RMBS, 95, 20250221, P, 0, 0, 0, 54.83, -1
20241218, RMBS, 22.5, 20250516, C, 0, 0, 0.0021, 54.83, 0.9725
20241218, RMBS, 22.5, 20250516, P, 0, 2, 0.0021, 54.83, -0.0274
20241218, RMBS, 25, 20250516, C, 0, 2, 0.0027, 54.83, 0.9653
20241218, RMBS, 25, 20250516, P, 0, 0, 0.0027, 54.83, -0.0347
20241218, RMBS, 27.5, 20250516, C, 0, 1, 0.0035, 54.83, 0.9561
20241218, RMBS, 27.5, 20250516, P, 0, 0, 0.0035, 54.83, -0.044
20241218, RMBS, 30, 20250516, C, 0, 3, 0.0045, 54.83, 0.9443
20241218, RMBS, 30, 20250516, P, 0, 1, 0.0045, 54.83, -0.0559
20241218, RMBS, 32.5, 20250516, C, 0, 0, 0.0057, 54.83, 0.9293
20241218, RMBS, 32.5, 20250516, P, 0, 2, 0.0058, 54.83, -0.0711
20241218, RMBS, 35, 20250516, C, 0, 2, 0.0072, 54.83, 0.9103
20241218, RMBS, 35, 20250516, P, 0, 160, 0.0073, 54.83, -0.0903
20241218, RMBS, 37.5, 20250516, C, 0, 14, 0.0089, 54.83, 0.8867
20241218, RMBS, 37.5, 20250516, P, 0, 0, 0.009, 54.83, -0.1143
20241218, RMBS, 40, 20250516, C, 0, 1, 0.0108, 54.83, 0.8578
20241218, RMBS, 40, 20250516, P, 0, 280, 0.011, 54.83, -0.1436
20241218, RMBS, 42.5, 20250516, C, 0, 4, 0.0129, 54.83, 0.8233
20241218, RMBS, 42.5, 20250516, P, 0, 100, 0.0131, 54.83, -0.1786
20241218, RMBS, 45, 20250516, C, 0, 21, 0.015, 54.83, 0.7834
20241218, RMBS, 45, 20250516, P, 0, 26, 0.0152, 54.83, -0.2194
20241218, RMBS, 47.5, 20250516, C, 0, 60, 0.0169, 54.83, 0.7386
20241218, RMBS, 47.5, 20250516, P, 0, 6, 0.0173, 54.83, -0.2652
20241218, RMBS, 50, 20250516, C, 0, 39, 0.0186, 54.83, 0.6899
20241218, RMBS, 50, 20250516, P, 0, 1, 0.0191, 54.83, -0.3151
20241218, RMBS, 52.5, 20250516, C, 0, 7, 0.02, 54.83, 0.6386
20241218, RMBS, 52.5, 20250516, P, 0, 2, 0.0206, 54.83, -0.3679
20241218, RMBS, 55, 20250516, C, 0, 8, 0.021, 54.83, 0.5862
20241218, RMBS, 55, 20250516, P, 0, 0, 0.0217, 54.83, -0.422
20241218, RMBS, 57.5, 20250516, C, 0, 2, 0.0215, 54.83, 0.534
20241218, RMBS, 57.5, 20250516, P, 0, 0, 0.0224, 54.83, -0.4761
20241218, RMBS, 60, 20250516, C, 0, 11, 0.0216, 54.83, 0.4834
20241218, RMBS, 60, 20250516, P, 0, 5, 0.0226, 54.83, -0.529
20241218, RMBS, 62.5, 20250516, C, 0, 9, 0.0214, 54.83, 0.4351
20241218, RMBS, 62.5, 20250516, P, 0, 0, 0.0225, 54.83, -0.5796
20241218, RMBS, 65, 20250516, C, 0, 24, 0.0208, 54.83, 0.3899
20241218, RMBS, 65, 20250516, P, 0, 0, 0.0221, 54.83, -0.6275
20241218, RMBS, 67.5, 20250516, C, 0, 2, 0.02, 54.83, 0.3481
20241218, RMBS, 67.5, 20250516, P, 0, 0, 0.0215, 54.83, -0.672
20241218, RMBS, 70, 20250516, C, 0, 21, 0.019, 54.83, 0.3099
20241218, RMBS, 70, 20250516, P, 0, 0, 0.0207, 54.83, -0.7133
20241218, RMBS, 75, 20250516, C, 0, 2, 0.0168, 54.83, 0.2441
20241218, RMBS, 75, 20250516, P, 0, 0, 0.0188, 54.83, -0.7855
20241218, RMBS, 80, 20250516, C, 2, 0, 0.0145, 54.83, 0.1913
20241218, RMBS, 80, 20250516, P, 0, 0, 0.0168, 54.83, -0.8454
20241218, RMBS, 85, 20250516, C, 0, 3, 0.0123, 54.83, 0.1496
20241218, RMBS, 85, 20250516, P, 0, 0, 0.0149, 54.83, -0.8944
20241218, RMBS, 20, 20250620, C, 0, 0, 0.0016, 54.83, 0.9773
20241218, RMBS, 20, 20250620, P, 0, 0, 0.0016, 54.83, -0.022
20241218, RMBS, 22.5, 20250620, C, 0, 0, 0.0021, 54.83, 0.9708
20241218, RMBS, 22.5, 20250620, P, 0, 0, 0.0021, 54.83, -0.0286
20241218, RMBS, 25, 20250620, C, 0, 0, 0.0028, 54.83, 0.9625
20241218, RMBS, 25, 20250620, P, 0, 0, 0.0028, 54.83, -0.037
20241218, RMBS, 27.5, 20250620, C, 0, 0, 0.0036, 54.83, 0.9519
20241218, RMBS, 27.5, 20250620, P, 0, 0, 0.0036, 54.83, -0.0477
20241218, RMBS, 30, 20250620, C, 0, 0, 0.0046, 54.83, 0.9384
20241218, RMBS, 30, 20250620, P, 0, 6, 0.0046, 54.83, -0.0613
20241218, RMBS, 32.5, 20250620, C, 0, 4, 0.0058, 54.83, 0.9216
20241218, RMBS, 32.5, 20250620, P, 0, 3, 0.0059, 54.83, -0.0784
20241218, RMBS, 35, 20250620, C, 0, 6, 0.0072, 54.83, 0.901
20241218, RMBS, 35, 20250620, P, 0, 80, 0.0073, 54.83, -0.0993
20241218, RMBS, 37.5, 20250620, C, 0, 9, 0.0087, 54.83, 0.8761
20241218, RMBS, 37.5, 20250620, P, 0, 3, 0.0089, 54.83, -0.1246
20241218, RMBS, 40, 20250620, C, 0, 2, 0.0104, 54.83, 0.8466
20241218, RMBS, 40, 20250620, P, 0, 11, 0.0106, 54.83, -0.1546
20241218, RMBS, 42.5, 20250620, C, 0, 23, 0.0121, 54.83, 0.8127
20241218, RMBS, 42.5, 20250620, P, 0, 2, 0.0124, 54.83, -0.1892
20241218, RMBS, 45, 20250620, C, 0, 22, 0.0138, 54.83, 0.7746
20241218, RMBS, 45, 20250620, P, 0, 9, 0.0142, 54.83, -0.2282
20241218, RMBS, 47.5, 20250620, C, 0, 1, 0.0154, 54.83, 0.733
20241218, RMBS, 47.5, 20250620, P, 0, 35, 0.0158, 54.83, -0.271
20241218, RMBS, 50, 20250620, C, 0, 18, 0.0168, 54.83, 0.6885
20241218, RMBS, 50, 20250620, P, 0, 9, 0.0173, 54.83, -0.3167
20241218, RMBS, 52.5, 20250620, C, 0, 6, 0.0179, 54.83, 0.6424
20241218, RMBS, 52.5, 20250620, P, 0, 16, 0.0186, 54.83, -0.3645
20241218, RMBS, 55, 20250620, C, 0, 12, 0.0188, 54.83, 0.5954
20241218, RMBS, 55, 20250620, P, 0, 8, 0.0195, 54.83, -0.4132
20241218, RMBS, 57.5, 20250620, C, 0, 37, 0.0193, 54.83, 0.5488
20241218, RMBS, 57.5, 20250620, P, 0, 10, 0.0202, 54.83, -0.462
20241218, RMBS, 60, 20250620, C, 0, 16, 0.0195, 54.83, 0.5031
20241218, RMBS, 60, 20250620, P, 601, 105, 0.0205, 54.83, -0.5099
20241218, RMBS, 62.5, 20250620, C, 0, 2, 0.0194, 54.83, 0.4592
20241218, RMBS, 62.5, 20250620, P, 0, 0, 0.0206, 54.83, -0.5564
20241218, RMBS, 65, 20250620, C, 1, 15, 0.0191, 54.83, 0.4175
20241218, RMBS, 65, 20250620, P, 0, 0, 0.0205, 54.83, -0.6008
20241218, RMBS, 67.5, 20250620, C, 0, 3, 0.0186, 54.83, 0.3783
20241218, RMBS, 67.5, 20250620, P, 0, 1, 0.0202, 54.83, -0.6429
20241218, RMBS, 70, 20250620, C, 0, 11, 0.018, 54.83, 0.3419
20241218, RMBS, 70, 20250620, P, 0, 0, 0.0197, 54.83, -0.6824
20241218, RMBS, 72.5, 20250620, C, 0, 1, 0.0172, 54.83, 0.3084
20241218, RMBS, 72.5, 20250620, P, 0, 0, 0.0191, 54.83, -0.7193
20241218, RMBS, 75, 20250620, C, 0, 271, 0.0164, 54.83, 0.2776
20241218, RMBS, 75, 20250620, P, 0, 0, 0.0184, 54.83, -0.7534
20241218, RMBS, 80, 20250620, C, 0, 10, 0.0146, 54.83, 0.2242
20241218, RMBS, 80, 20250620, P, 0, 0, 0.0169, 54.83, -0.8143
20241218, RMBS, 85, 20250620, C, 0, 2, 0.0127, 54.83, 0.1805
20241218, RMBS, 85, 20250620, P, 0, 0, 0.0154, 54.83, -0.866
20241218, RMBS, 90, 20250620, C, 0, 0, 0.011, 54.83, 0.1451
20241218, RMBS, 90, 20250620, P, 0, 0, 0.014, 54.83, -0.9094
20241218, RMBS, 95, 20250620, C, 0, 10, 0.0094, 54.83, 0.1167
20241218, RMBS, 95, 20250620, P, 0, 0, 0.0137, 54.83, -0.9484
20241218, RMBS, 20, 20260116, C, 0, 1, 0.0017, 54.83, 0.9738
20241218, RMBS, 20, 20260116, P, 0, 2, 0.0017, 54.83, -0.0272
20241218, RMBS, 22.5, 20260116, C, 0, 1, 0.0023, 54.83, 0.9637
20241218, RMBS, 22.5, 20260116, P, 0, 14, 0.0023, 54.83, -0.0374
20241218, RMBS, 25, 20260116, C, 0, 3, 0.003, 54.83, 0.9514
20241218, RMBS, 25, 20260116, P, 0, 0, 0.0031, 54.83, -0.05
20241218, RMBS, 27.5, 20260116, C, 0, 2, 0.0038, 54.83, 0.9367
20241218, RMBS, 27.5, 20260116, P, 0, 34, 0.0039, 54.83, -0.0651
20241218, RMBS, 30, 20260116, C, 0, 19, 0.0046, 54.83, 0.9195
20241218, RMBS, 30, 20260116, P, 0, 60, 0.0048, 54.83, -0.0828
20241218, RMBS, 32.5, 20260116, C, 0, 1, 0.0055, 54.83, 0.8997
20241218, RMBS, 32.5, 20260116, P, 0, 7, 0.0057, 54.83, -0.1032
20241218, RMBS, 35, 20260116, C, 0, 8, 0.0065, 54.83, 0.8775
20241218, RMBS, 35, 20260116, P, 0, 37, 0.0067, 54.83, -0.1262
20241218, RMBS, 37.5, 20260116, C, 0, 31, 0.0075, 54.83, 0.853
20241218, RMBS, 37.5, 20260116, P, 0, 1, 0.0078, 54.83, -0.1516
20241218, RMBS, 40, 20260116, C, 0, 42, 0.0085, 54.83, 0.8264
20241218, RMBS, 40, 20260116, P, 0, 67, 0.0088, 54.83, -0.1794
20241218, RMBS, 42.5, 20260116, C, 0, 139, 0.0094, 54.83, 0.7979
20241218, RMBS, 42.5, 20260116, P, 0, 94, 0.0098, 54.83, -0.2092
20241218, RMBS, 45, 20260116, C, 0, 20, 0.0103, 54.83, 0.7679
20241218, RMBS, 45, 20260116, P, 0, 36, 0.0108, 54.83, -0.2409
20241218, RMBS, 47.5, 20260116, C, 0, 5, 0.0111, 54.83, 0.7366
20241218, RMBS, 47.5, 20260116, P, 0, 52, 0.0118, 54.83, -0.2739
20241218, RMBS, 50, 20260116, C, 0, 30, 0.0118, 54.83, 0.7046
20241218, RMBS, 50, 20260116, P, 0, 41, 0.0126, 54.83, -0.308
20241218, RMBS, 52.5, 20260116, C, 0, 23, 0.0125, 54.83, 0.6721
20241218, RMBS, 52.5, 20260116, P, 0, 106, 0.0134, 54.83, -0.3429
20241218, RMBS, 55, 20260116, C, 0, 47, 0.013, 54.83, 0.6394
20241218, RMBS, 55, 20260116, P, 5, 203, 0.014, 54.83, -0.3782
20241218, RMBS, 57.5, 20260116, C, 0, 26, 0.0134, 54.83, 0.6069
20241218, RMBS, 57.5, 20260116, P, 10, 135, 0.0146, 54.83, -0.4135
20241218, RMBS, 60, 20260116, C, 0, 86, 0.0137, 54.83, 0.5749
20241218, RMBS, 60, 20260116, P, 0, 64, 0.0151, 54.83, -0.4487
20241218, RMBS, 62.5, 20260116, C, 0, 21, 0.0139, 54.83, 0.5435
20241218, RMBS, 62.5, 20260116, P, 0, 9, 0.0155, 54.83, -0.4834
20241218, RMBS, 65, 20260116, C, 0, 64, 0.014, 54.83, 0.5131
20241218, RMBS, 65, 20260116, P, 0, 5, 0.0158, 54.83, -0.5175
20241218, RMBS, 67.5, 20260116, C, 0, 6, 0.014, 54.83, 0.4837
20241218, RMBS, 67.5, 20260116, P, 0, 14, 0.016, 54.83, -0.5507
20241218, RMBS, 70, 20260116, C, 3, 117, 0.014, 54.83, 0.4555
20241218, RMBS, 70, 20260116, P, 0, 0, 0.0161, 54.83, -0.583
20241218, RMBS, 72.5, 20260116, C, 0, 4, 0.0138, 54.83, 0.4286
20241218, RMBS, 72.5, 20260116, P, 0, 0, 0.0162, 54.83, -0.6143
20241218, RMBS, 75, 20260116, C, 2, 280, 0.0136, 54.83, 0.403
20241218, RMBS, 75, 20260116, P, 0, 0, 0.0162, 54.83, -0.6445
20241218, RMBS, 77.5, 20260116, C, 0, 10, 0.0134, 54.83, 0.3787
20241218, RMBS, 77.5, 20260116, P, 0, 0, 0.0162, 54.83, -0.6734
20241218, RMBS, 80, 20260116, C, 0, 7, 0.0131, 54.83, 0.3557
20241218, RMBS, 80, 20260116, P, 0, 0, 0.0161, 54.83, -0.7014
20241218, RMBS, 82.5, 20260116, C, 0, 3, 0.0128, 54.83, 0.3341
20241218, RMBS, 82.5, 20260116, P, 0, 0, 0.016, 54.83, -0.7281
20241218, RMBS, 85, 20260116, C, 0, 93, 0.0125, 54.83, 0.3137
20241218, RMBS, 85, 20260116, P, 0, 0, 0.0159, 54.83, -0.7537
20241218, RMBS, 90, 20260116, C, 0, 61, 0.0117, 54.83, 0.2767
20241218, RMBS, 90, 20260116, P, 0, 0, 0.0155, 54.83, -0.8017
20241218, RMBS, 95, 20260116, C, 0, 2, 0.011, 54.83, 0.2443
20241218, RMBS, 95, 20260116, P, 0, 0, 0.0153, 54.83, -0.8458
20241218, RMBS, 100, 20260116, C, 0, 19, 0.0102, 54.83, 0.2159
20241218, RMBS, 100, 20260116, P, 0, 0, 0.0151, 54.83, -0.886
20241218, RMBS, 105, 20260116, C, 0, 21, 0.0094, 54.83, 0.1912
20241218, RMBS, 105, 20260116, P, 0, 0, 0.0153, 54.83, -0.9247
20241218, RMBS, 110, 20260116, C, 0, 103, 0.0087, 54.83, 0.1697
20241218, RMBS, 110, 20260116, P, 0, 0, 0.0136, 54.83, -0.9556
20241220, RMBS, 20, 20250117, C, 0, 0, 0.0003, 52.58, 0.9982
20241220, RMBS, 20, 20250117, P, 0, 0, 0.0003, 52.58, -0.0019
20241220, RMBS, 22.5, 20250117, C, 0, 0, 0.0004, 52.58, 0.9977
20241220, RMBS, 22.5, 20250117, P, 0, 2, 0.0004, 52.58, -0.0024
20241220, RMBS, 25, 20250117, C, 0, 43, 0.0006, 52.58, 0.997
20241220, RMBS, 25, 20250117, P, 0, 4, 0.0006, 52.58, -0.0031
20241220, RMBS, 27.5, 20250117, C, 0, 2, 0.0009, 52.58, 0.9959
20241220, RMBS, 27.5, 20250117, P, 0, 1, 0.0009, 52.58, -0.0042
20241220, RMBS, 30, 20250117, C, 0, 27, 0.0013, 52.58, 0.9942
20241220, RMBS, 30, 20250117, P, 0, 614, 0.0014, 52.58, -0.0059
20241220, RMBS, 32.5, 20250117, C, 0, 10, 0.0021, 52.58, 0.9915
20241220, RMBS, 32.5, 20250117, P, 0, 11, 0.0021, 52.58, -0.0086
20241220, RMBS, 35, 20250117, C, 0, 94, 0.0033, 52.58, 0.9868
20241220, RMBS, 35, 20250117, P, 0, 98, 0.0033, 52.58, -0.0133
20241220, RMBS, 37.5, 20250117, C, 0, 42, 0.0055, 52.58, 0.9788
20241220, RMBS, 37.5, 20250117, P, 0, 378, 0.0055, 52.58, -0.0214
20241220, RMBS, 40, 20250117, C, 0, 54, 0.0093, 52.58, 0.9642
20241220, RMBS, 40, 20250117, P, 0, 253, 0.0094, 52.58, -0.0361
20241220, RMBS, 42.5, 20250117, C, 0, 292, 0.0157, 52.58, 0.9377
20241220, RMBS, 42.5, 20250117, P, 0, 995, 0.0159, 52.58, -0.0629
20241220, RMBS, 45, 20250117, C, 0, 340, 0.0259, 52.58, 0.89
20241220, RMBS, 45, 20250117, P, 1, 562, 0.0262, 52.58, -0.1111
20241220, RMBS, 47.5, 20250117, C, 0, 109, 0.0397, 52.58, 0.8098
20241220, RMBS, 47.5, 20250117, P, 15, 199, 0.04, 52.58, -0.1917
20241220, RMBS, 50, 20250117, C, 10, 210, 0.0536, 52.58, 0.6909
20241220, RMBS, 50, 20250117, P, 23, 441, 0.0542, 52.58, -0.3119
20241220, RMBS, 52.5, 20250117, C, 20, 235, 0.0617, 52.58, 0.5432
20241220, RMBS, 52.5, 20250117, P, 20, 237, 0.0625, 52.58, -0.4615
20241220, RMBS, 55, 20250117, C, 86, 180, 0.0601, 52.58, 0.3923
20241220, RMBS, 55, 20250117, P, 23, 263, 0.0612, 52.58, -0.6148
20241220, RMBS, 57.5, 20250117, C, 33, 487, 0.0507, 52.58, 0.2631
20241220, RMBS, 57.5, 20250117, P, 0, 255, 0.0521, 52.58, -0.7468
20241220, RMBS, 60, 20250117, C, 6, 357, 0.0383, 52.58, 0.1667
20241220, RMBS, 60, 20250117, P, 0, 163, 0.04, 52.58, -0.8463
20241220, RMBS, 62.5, 20250117, C, 0, 426, 0.0267, 52.58, 0.1012
20241220, RMBS, 62.5, 20250117, P, 0, 21, 0.0287, 52.58, -0.915
20241220, RMBS, 65, 20250117, C, 0, 267, 0.0176, 52.58, 0.0601
20241220, RMBS, 65, 20250117, P, 0, 0, 0.0188, 52.58, -0.959
20241220, RMBS, 67.5, 20250117, C, 4, 167, 0.0112, 52.58, 0.0348
20241220, RMBS, 67.5, 20250117, P, 0, 41, 0.01, 52.58, -0.9839
20241220, RMBS, 70, 20250117, C, 0, 281, 0.0069, 52.58, 0.02
20241220, RMBS, 70, 20250117, P, 0, 10, 0.004, 52.58, -0.9952
20241220, RMBS, 72.5, 20250117, C, 0, 1052, 0.0042, 52.58, 0.0114
20241220, RMBS, 72.5, 20250117, P, 0, 2, 0.001, 52.58, -0.999
20241220, RMBS, 75, 20250117, C, 0, 371, 0.0025, 52.58, 0.0065
20241220, RMBS, 75, 20250117, P, 0, 0, 0.0002, 52.58, -0.9999
20241220, RMBS, 77.5, 20250117, C, 0, 26, 0.0015, 52.58, 0.0037
20241220, RMBS, 77.5, 20250117, P, 0, 0, 0, 52.58, -1
20241220, RMBS, 80, 20250117, C, 0, 77, 0.0009, 52.58, 0.0021
20241220, RMBS, 80, 20250117, P, 0, 0, 0, 52.58, -1
20241220, RMBS, 82.5, 20250117, C, 0, 43, 0.0005, 52.58, 0.0012
20241220, RMBS, 82.5, 20250117, P, 0, 0, 0, 52.58, -1
20241220, RMBS, 85, 20250117, C, 0, 92, 0.0003, 52.58, 0.0007
20241220, RMBS, 85, 20250117, P, 0, 0, 0, 52.58, -1
20241220, RMBS, 90, 20250117, C, 0, 8005, 0.0001, 52.58, 0.0002
20241220, RMBS, 90, 20250117, P, 0, 0, 0, 52.58, -1
20241220, RMBS, 95, 20250117, C, 0, 79, 0, 52.58, 0.0001
20241220, RMBS, 95, 20250117, P, 0, 0, 0, 52.58, -1
20241220, RMBS, 100, 20250117, C, 0, 214, 0, 52.58, 0
20241220, RMBS, 100, 20250117, P, 0, 0, 0, 52.58, -1
20241220, RMBS, 105, 20250117, C, 0, 133, 0, 52.58, 0
20241220, RMBS, 105, 20250117, P, 0, 0, 0, 52.58, -1
20241220, RMBS, 110, 20250117, C, 0, 74, 0, 52.58, 0
20241220, RMBS, 110, 20250117, P, 0, 0, 0, 52.58, -1
20241220, RMBS, 20, 20250221, C, 0, 1, 0.0006, 52.58, 0.9953
20241220, RMBS, 20, 20250221, P, 0, 0, 0.0006, 52.58, -0.0046
20241220, RMBS, 22.5, 20250221, C, 0, 0, 0.0009, 52.58, 0.9936
20241220, RMBS, 22.5, 20250221, P, 0, 0, 0.0009, 52.58, -0.0063
20241220, RMBS, 25, 20250221, C, 0, 0, 0.0013, 52.58, 0.9911
20241220, RMBS, 25, 20250221, P, 0, 0, 0.0013, 52.58, -0.0088
20241220, RMBS, 27.5, 20250221, C, 0, 0, 0.002, 52.58, 0.9871
20241220, RMBS, 27.5, 20250221, P, 0, 17, 0.002, 52.58, -0.0128
20241220, RMBS, 30, 20250221, C, 0, 5, 0.003, 52.58, 0.981
20241220, RMBS, 30, 20250221, P, 0, 40, 0.003, 52.58, -0.019
20241220, RMBS, 32.5, 20250221, C, 0, 30, 0.0045, 52.58, 0.9714
20241220, RMBS, 32.5, 20250221, P, 0, 6, 0.0045, 52.58, -0.0286
20241220, RMBS, 35, 20250221, C, 0, 1, 0.0066, 52.58, 0.9568
20241220, RMBS, 35, 20250221, P, 0, 33, 0.0067, 52.58, -0.0433
20241220, RMBS, 37.5, 20250221, C, 4, 35, 0.0097, 52.58, 0.9346
20241220, RMBS, 37.5, 20250221, P, 0, 99, 0.0098, 52.58, -0.0656
20241220, RMBS, 40, 20250221, C, 0, 30, 0.0137, 52.58, 0.9024
20241220, RMBS, 40, 20250221, P, 0, 85, 0.0138, 52.58, -0.0981
20241220, RMBS, 42.5, 20250221, C, 0, 55, 0.0185, 52.58, 0.8577
20241220, RMBS, 42.5, 20250221, P, 0, 79, 0.0186, 52.58, -0.1432
20241220, RMBS, 45, 20250221, C, 1, 105, 0.0236, 52.58, 0.7994
20241220, RMBS, 45, 20250221, P, 0, 47, 0.0239, 52.58, -0.202
20241220, RMBS, 47.5, 20250221, C, 4, 189, 0.0285, 52.58, 0.7284
20241220, RMBS, 47.5, 20250221, P, 14, 67, 0.0288, 52.58, -0.2739
20241220, RMBS, 50, 20250221, C, 1, 146, 0.0323, 52.58, 0.6477
20241220, RMBS, 50, 20250221, P, 8, 125, 0.0328, 52.58, -0.3557
20241220, RMBS, 52.5, 20250221, C, 37, 361, 0.0347, 52.58, 0.5618
20241220, RMBS, 52.5, 20250221, P, 4, 206, 0.0353, 52.58, -0.4431
20241220, RMBS, 55, 20250221, C, 39, 58, 0.0352, 52.58, 0.4758
20241220, RMBS, 55, 20250221, P, 3, 39, 0.036, 52.58, -0.5309
20241220, RMBS, 57.5, 20250221, C, 13, 97, 0.0341, 52.58, 0.3942
20241220, RMBS, 57.5, 20250221, P, 4, 159, 0.0351, 52.58, -0.6146
20241220, RMBS, 60, 20250221, C, 20, 206, 0.0317, 52.58, 0.3202
20241220, RMBS, 60, 20250221, P, 0, 28, 0.0329, 52.58, -0.6911
20241220, RMBS, 62.5, 20250221, C, 8, 123, 0.0285, 52.58, 0.2556
20241220, RMBS, 62.5, 20250221, P, 0, 1, 0.0299, 52.58, -0.7584
20241220, RMBS, 65, 20250221, C, 16, 190, 0.0248, 52.58, 0.2011
20241220, RMBS, 65, 20250221, P, 0, 4, 0.0264, 52.58, -0.8159
20241220, RMBS, 67.5, 20250221, C, 18, 150, 0.0211, 52.58, 0.1562
20241220, RMBS, 67.5, 20250221, P, 0, 0, 0.0229, 52.58, -0.864
20241220, RMBS, 70, 20250221, C, 0, 188, 0.0176, 52.58, 0.12
20241220, RMBS, 70, 20250221, P, 0, 1, 0.0197, 52.58, -0.9038
20241220, RMBS, 72.5, 20250221, C, 0, 99, 0.0144, 52.58, 0.0914
20241220, RMBS, 72.5, 20250221, P, 0, 0, 0.0165, 52.58, -0.9361
20241220, RMBS, 75, 20250221, C, 0, 3, 0.0116, 52.58, 0.069
20241220, RMBS, 75, 20250221, P, 0, 0, 0.0131, 52.58, -0.9614
20241220, RMBS, 80, 20250221, C, 0, 1, 0.0072, 52.58, 0.0387
20241220, RMBS, 80, 20250221, P, 0, 0, 0.0051, 52.58, -0.9914
20241220, RMBS, 85, 20250221, C, 0, 1, 0.0044, 52.58, 0.0214
20241220, RMBS, 85, 20250221, P, 0, 0, 0.0006, 52.58, -0.9994
20241220, RMBS, 90, 20250221, C, 0, 0, 0.0026, 52.58, 0.0116
20241220, RMBS, 90, 20250221, P, 0, 0, 0, 52.58, -1
20241220, RMBS, 95, 20250221, C, 0, 0, 0.0015, 52.58, 0.0063
20241220, RMBS, 95, 20250221, P, 0, 0, 0, 52.58, -1
20241220, RMBS, 22.5, 20250516, C, 0, 0, 0.002, 52.58, 0.9787
20241220, RMBS, 22.5, 20250516, P, 0, 2, 0.002, 52.58, -0.0208
20241220, RMBS, 25, 20250516, C, 0, 2, 0.0027, 52.58, 0.9712
20241220, RMBS, 25, 20250516, P, 0, 0, 0.0027, 52.58, -0.0284
20241220, RMBS, 27.5, 20250516, C, 0, 1, 0.0037, 52.58, 0.9609
20241220, RMBS, 27.5, 20250516, P, 0, 0, 0.0037, 52.58, -0.0388
20241220, RMBS, 30, 20250516, C, 0, 3, 0.005, 52.58, 0.9472
20241220, RMBS, 30, 20250516, P, 0, 1, 0.005, 52.58, -0.0526
20241220, RMBS, 32.5, 20250516, C, 0, 0, 0.0066, 52.58, 0.9291
20241220, RMBS, 32.5, 20250516, P, 0, 2, 0.0066, 52.58, -0.071
20241220, RMBS, 35, 20250516, C, 0, 2, 0.0084, 52.58, 0.9058
20241220, RMBS, 35, 20250516, P, 0, 160, 0.0086, 52.58, -0.0946
20241220, RMBS, 37.5, 20250516, C, 4, 10, 0.0106, 52.58, 0.8766
20241220, RMBS, 37.5, 20250516, P, 0, 0, 0.0107, 52.58, -0.1241
20241220, RMBS, 40, 20250516, C, 0, 1, 0.013, 52.58, 0.8411
20241220, RMBS, 40, 20250516, P, 0, 280, 0.0132, 52.58, -0.1603
20241220, RMBS, 42.5, 20250516, C, 0, 4, 0.0153, 52.58, 0.7995
20241220, RMBS, 42.5, 20250516, P, 0, 100, 0.0156, 52.58, -0.2026
20241220, RMBS, 45, 20250516, C, 0, 21, 0.0176, 52.58, 0.7524
20241220, RMBS, 45, 20250516, P, 1, 31, 0.018, 52.58, -0.2506
20241220, RMBS, 47.5, 20250516, C, 0, 60, 0.0197, 52.58, 0.7008
20241220, RMBS, 47.5, 20250516, P, 1, 6, 0.0202, 52.58, -0.3037
20241220, RMBS, 50, 20250516, C, 0, 39, 0.0213, 52.58, 0.6461
20241220, RMBS, 50, 20250516, P, 0, 1, 0.0219, 52.58, -0.36
20241220, RMBS, 52.5, 20250516, C, 0, 7, 0.0225, 52.58, 0.5899
20241220, RMBS, 52.5, 20250516, P, 0, 2, 0.0232, 52.58, -0.418
20241220, RMBS, 55, 20250516, C, 17, 25, 0.0231, 52.58, 0.5337
20241220, RMBS, 55, 20250516, P, 0, 0, 0.024, 52.58, -0.4763
20241220, RMBS, 57.5, 20250516, C, 4, 4, 0.0233, 52.58, 0.4786
20241220, RMBS, 57.5, 20250516, P, 0, 0, 0.0244, 52.58, -0.5335
20241220, RMBS, 60, 20250516, C, 8, 19, 0.023, 52.58, 0.4266
20241220, RMBS, 60, 20250516, P, 0, 5, 0.0243, 52.58, -0.5883
20241220, RMBS, 62.5, 20250516, C, 7, 14, 0.0223, 52.58, 0.3772
20241220, RMBS, 62.5, 20250516, P, 0, 0, 0.0238, 52.58, -0.6404
20241220, RMBS, 65, 20250516, C, 0, 24, 0.0213, 52.58, 0.332
20241220, RMBS, 65, 20250516, P, 0, 0, 0.023, 52.58, -0.689
20241220, RMBS, 67.5, 20250516, C, 8, 10, 0.0202, 52.58, 0.2909
20241220, RMBS, 67.5, 20250516, P, 0, 0, 0.022, 52.58, -0.7338
20241220, RMBS, 70, 20250516, C, 26, 47, 0.0188, 52.58, 0.2535
20241220, RMBS, 70, 20250516, P, 0, 0, 0.0209, 52.58, -0.7747
20241220, RMBS, 75, 20250516, C, 0, 2, 0.016, 52.58, 0.191
20241220, RMBS, 75, 20250516, P, 0, 0, 0.0185, 52.58, -0.8456
20241220, RMBS, 80, 20250516, C, 0, 2, 0.0132, 52.58, 0.1425
20241220, RMBS, 80, 20250516, P, 0, 0, 0.0161, 52.58, -0.9031
20241220, RMBS, 85, 20250516, C, 0, 3, 0.0106, 52.58, 0.1057
20241220, RMBS, 85, 20250516, P, 0, 0, 0.0138, 52.58, -0.9493
20241220, RMBS, 20, 20250620, C, 0, 0, 0.0016, 52.58, 0.9821
20241220, RMBS, 20, 20250620, P, 0, 0, 0.0016, 52.58, -0.0183
20241220, RMBS, 22.5, 20250620, C, 0, 0, 0.0022, 52.58, 0.9752
20241220, RMBS, 22.5, 20250620, P, 0, 0, 0.0022, 52.58, -0.0252
20241220, RMBS, 25, 20250620, C, 0, 0, 0.003, 52.58, 0.966
20241220, RMBS, 25, 20250620, P, 0, 0, 0.003, 52.58, -0.0345
20241220, RMBS, 27.5, 20250620, C, 0, 0, 0.004, 52.58, 0.9539
20241220, RMBS, 27.5, 20250620, P, 0, 0, 0.004, 52.58, -0.0468
20241220, RMBS, 30, 20250620, C, 0, 0, 0.0052, 52.58, 0.9382
20241220, RMBS, 30, 20250620, P, 0, 6, 0.0053, 52.58, -0.0628
20241220, RMBS, 32.5, 20250620, C, 0, 4, 0.0067, 52.58, 0.9184
20241220, RMBS, 32.5, 20250620, P, 0, 3, 0.0068, 52.58, -0.0828
20241220, RMBS, 35, 20250620, C, 0, 6, 0.0084, 52.58, 0.8939
20241220, RMBS, 35, 20250620, P, 0, 80, 0.0086, 52.58, -0.1078
20241220, RMBS, 37.5, 20250620, C, 0, 9, 0.0103, 52.58, 0.8643
20241220, RMBS, 37.5, 20250620, P, 0, 3, 0.0105, 52.58, -0.1378
20241220, RMBS, 40, 20250620, C, 0, 2, 0.0122, 52.58, 0.8298
20241220, RMBS, 40, 20250620, P, 0, 11, 0.0125, 52.58, -0.1731
20241220, RMBS, 42.5, 20250620, C, 0, 23, 0.0142, 52.58, 0.7904
20241220, RMBS, 42.5, 20250620, P, 0, 2, 0.0145, 52.58, -0.2133
20241220, RMBS, 45, 20250620, C, 0, 22, 0.016, 52.58, 0.747
20241220, RMBS, 45, 20250620, P, 0, 9, 0.0164, 52.58, -0.2579
20241220, RMBS, 47.5, 20250620, C, 0, 1, 0.0176, 52.58, 0.7002
20241220, RMBS, 47.5, 20250620, P, 0, 35, 0.0182, 52.58, -0.3061
20241220, RMBS, 50, 20250620, C, 0, 18, 0.019, 52.58, 0.6513
20241220, RMBS, 50, 20250620, P, 0, 9, 0.0197, 52.58, -0.3568
20241220, RMBS, 52.5, 20250620, C, 0, 6, 0.02, 52.58, 0.6009
20241220, RMBS, 52.5, 20250620, P, 0, 16, 0.0208, 52.58, -0.4091
20241220, RMBS, 55, 20250620, C, 0, 12, 0.0206, 52.58, 0.551
20241220, RMBS, 55, 20250620, P, 0, 8, 0.0216, 52.58, -0.4616
20241220, RMBS, 57.5, 20250620, C, 2, 39, 0.0209, 52.58, 0.5018
20241220, RMBS, 57.5, 20250620, P, 0, 10, 0.0221, 52.58, -0.5132
20241220, RMBS, 60, 20250620, C, 22, 34, 0.0209, 52.58, 0.454
20241220, RMBS, 60, 20250620, P, 0, 706, 0.0222, 52.58, -0.5637
20241220, RMBS, 62.5, 20250620, C, 1, 2, 0.0205, 52.58, 0.4089
20241220, RMBS, 62.5, 20250620, P, 0, 0, 0.0221, 52.58, -0.6123
20241220, RMBS, 65, 20250620, C, 3, 16, 0.0199, 52.58, 0.3666
20241220, RMBS, 65, 20250620, P, 0, 0, 0.0217, 52.58, -0.6579
20241220, RMBS, 67.5, 20250620, C, 14, 17, 0.0191, 52.58, 0.3275
20241220, RMBS, 67.5, 20250620, P, 0, 1, 0.0211, 52.58, -0.701
20241220, RMBS, 70, 20250620, C, 3, 14, 0.0182, 52.58, 0.2912
20241220, RMBS, 70, 20250620, P, 0, 0, 0.0204, 52.58, -0.7412
20241220, RMBS, 72.5, 20250620, C, 0, 1, 0.0172, 52.58, 0.2585
20241220, RMBS, 72.5, 20250620, P, 0, 0, 0.0196, 52.58, -0.7784
20241220, RMBS, 75, 20250620, C, 92, 427, 0.0161, 52.58, 0.2288
20241220, RMBS, 75, 20250620, P, 0, 0, 0.0188, 52.58, -0.8128
20241220, RMBS, 80, 20250620, C, 0, 10, 0.0138, 52.58, 0.1781
20241220, RMBS, 80, 20250620, P, 0, 0, 0.017, 52.58, -0.8734
20241220, RMBS, 85, 20250620, C, 0, 2, 0.0116, 52.58, 0.1379
20241220, RMBS, 85, 20250620, P, 0, 0, 0.0154, 52.58, -0.9244
20241220, RMBS, 90, 20250620, C, 0, 0, 0.0097, 52.58, 0.1063
20241220, RMBS, 90, 20250620, P, 0, 0, 0.0119, 52.58, -0.9638
20241220, RMBS, 95, 20250620, C, 0, 10, 0.008, 52.58, 0.0818
20241220, RMBS, 95, 20250620, P, 0, 0, 0.0058, 52.58, -0.9883
20241220, RMBS, 27.5, 20250815, C, 0, 0, 0.0042, 52.58, 0.9459
20241220, RMBS, 27.5, 20250815, P, 0, 0, 0.0042, 52.58, -0.0539
20241220, RMBS, 30, 20250815, C, 0, 0, 0.0054, 52.58, 0.9281
20241220, RMBS, 30, 20250815, P, 0, 0, 0.0055, 52.58, -0.0722
20241220, RMBS, 32.5, 20250815, C, 0, 0, 0.0067, 52.58, 0.9064
20241220, RMBS, 32.5, 20250815, P, 0, 0, 0.0068, 52.58, -0.0941
20241220, RMBS, 35, 20250815, C, 0, 0, 0.0082, 52.58, 0.8806
20241220, RMBS, 35, 20250815, P, 0, 0, 0.0084, 52.58, -0.1207
20241220, RMBS, 37.5, 20250815, C, 0, 0, 0.0098, 52.58, 0.8508
20241220, RMBS, 37.5, 20250815, P, 0, 0, 0.01, 52.58, -0.151
20241220, RMBS, 40, 20250815, C, 0, 0, 0.0113, 52.58, 0.8172
20241220, RMBS, 40, 20250815, P, 0, 0, 0.0116, 52.58, -0.1854
20241220, RMBS, 42.5, 20250815, C, 0, 0, 0.0128, 52.58, 0.7803
20241220, RMBS, 42.5, 20250815, P, 0, 0, 0.0132, 52.58, -0.2234
20241220, RMBS, 45, 20250815, C, 0, 0, 0.0142, 52.58, 0.7407
20241220, RMBS, 45, 20250815, P, 0, 0, 0.0147, 52.58, -0.2643
20241220, RMBS, 47.5, 20250815, C, 0, 0, 0.0154, 52.58, 0.6992
20241220, RMBS, 47.5, 20250815, P, 0, 0, 0.016, 52.58, -0.3074
20241220, RMBS, 50, 20250815, C, 1, 1, 0.0164, 52.58, 0.6564
20241220, RMBS, 50, 20250815, P, 0, 0, 0.0171, 52.58, -0.3519
20241220, RMBS, 52.5, 20250815, C, 0, 0, 0.0172, 52.58, 0.6133
20241220, RMBS, 52.5, 20250815, P, 0, 0, 0.018, 52.58, -0.3971
20241220, RMBS, 55, 20250815, C, 0, 0, 0.0177, 52.58, 0.5702
20241220, RMBS, 55, 20250815, P, 0, 0, 0.0187, 52.58, -0.4426
20241220, RMBS, 57.5, 20250815, C, 0, 0, 0.018, 52.58, 0.5281
20241220, RMBS, 57.5, 20250815, P, 0, 0, 0.0192, 52.58, -0.4873
20241220, RMBS, 60, 20250815, C, 0, 0, 0.0181, 52.58, 0.4874
20241220, RMBS, 60, 20250815, P, 0, 0, 0.0194, 52.58, -0.5308
20241220, RMBS, 62.5, 20250815, C, 0, 0, 0.018, 52.58, 0.4484
20241220, RMBS, 62.5, 20250815, P, 0, 0, 0.0195, 52.58, -0.573
20241220, RMBS, 65, 20250815, C, 0, 0, 0.0177, 52.58, 0.4114
20241220, RMBS, 65, 20250815, P, 0, 0, 0.0194, 52.58, -0.6131
20241220, RMBS, 70, 20250815, C, 0, 0, 0.0167, 52.58, 0.3442
20241220, RMBS, 70, 20250815, P, 0, 0, 0.0188, 52.58, -0.6879
20241220, RMBS, 75, 20250815, C, 0, 0, 0.0154, 52.58, 0.2859
20241220, RMBS, 75, 20250815, P, 0, 0, 0.018, 52.58, -0.7544
20241220, RMBS, 80, 20250815, C, 1, 1, 0.014, 52.58, 0.2365
20241220, RMBS, 80, 20250815, P, 0, 0, 0.0169, 52.58, -0.813
20241220, RMBS, 85, 20250815, C, 0, 0, 0.0125, 52.58, 0.1951
20241220, RMBS, 85, 20250815, P, 0, 0, 0.0158, 52.58, -0.8642
20241220, RMBS, 20, 20260116, C, 0, 1, 0.0019, 52.58, 0.9713
20241220, RMBS, 20, 20260116, P, 0, 2, 0.002, 52.58, -0.0285
20241220, RMBS, 22.5, 20260116, C, 0, 1, 0.0026, 52.58, 0.96
20241220, RMBS, 22.5, 20260116, P, 0, 14, 0.0027, 52.58, -0.04
20241220, RMBS, 25, 20260116, C, 0, 3, 0.0034, 52.58, 0.9461
20241220, RMBS, 25, 20260116, P, 0, 0, 0.0035, 52.58, -0.0543
20241220, RMBS, 27.5, 20260116, C, 0, 1, 0.0043, 52.58, 0.9294
20241220, RMBS, 27.5, 20260116, P, 0, 34, 0.0044, 52.58, -0.0713
20241220, RMBS, 30, 20260116, C, 0, 19, 0.0053, 52.58, 0.9099
20241220, RMBS, 30, 20260116, P, 0, 60, 0.0055, 52.58, -0.0914
20241220, RMBS, 32.5, 20260116, C, 0, 1, 0.0064, 52.58, 0.8877
20241220, RMBS, 32.5, 20260116, P, 0, 7, 0.0066, 52.58, -0.1143
20241220, RMBS, 35, 20260116, C, 0, 8, 0.0074, 52.58, 0.8628
20241220, RMBS, 35, 20260116, P, 0, 37, 0.0077, 52.58, -0.1401
20241220, RMBS, 37.5, 20260116, C, 0, 31, 0.0085, 52.58, 0.8356
20241220, RMBS, 37.5, 20260116, P, 0, 1, 0.0089, 52.58, -0.1684
20241220, RMBS, 40, 20260116, C, 0, 42, 0.0096, 52.58, 0.8062
20241220, RMBS, 40, 20260116, P, 0, 67, 0.01, 52.58, -0.1993
20241220, RMBS, 42.5, 20260116, C, 0, 139, 0.0106, 52.58, 0.7751
20241220, RMBS, 42.5, 20260116, P, 0, 94, 0.0111, 52.58, -0.2318
20241220, RMBS, 45, 20260116, C, 0, 20, 0.0115, 52.58, 0.7424
20241220, RMBS, 45, 20260116, P, 0, 36, 0.0121, 52.58, -0.2664
20241220, RMBS, 47.5, 20260116, C, 0, 5, 0.0123, 52.58, 0.709
20241220, RMBS, 47.5, 20260116, P, 0, 52, 0.0131, 52.58, -0.302
20241220, RMBS, 50, 20260116, C, 0, 30, 0.013, 52.58, 0.6749
20241220, RMBS, 50, 20260116, P, 0, 41, 0.0139, 52.58, -0.3381
20241220, RMBS, 52.5, 20260116, C, 0, 23, 0.0136, 52.58, 0.6406
20241220, RMBS, 52.5, 20260116, P, 0, 111, 0.0147, 52.58, -0.3752
20241220, RMBS, 55, 20260116, C, 0, 47, 0.014, 52.58, 0.6063
20241220, RMBS, 55, 20260116, P, 0, 208, 0.0153, 52.58, -0.4121
20241220, RMBS, 57.5, 20260116, C, 0, 26, 0.0144, 52.58, 0.5726
20241220, RMBS, 57.5, 20260116, P, 0, 145, 0.0158, 52.58, -0.4491
20241220, RMBS, 60, 20260116, C, 0, 86, 0.0146, 52.58, 0.5397
20241220, RMBS, 60, 20260116, P, 0, 64, 0.0162, 52.58, -0.4856
20241220, RMBS, 62.5, 20260116, C, 0, 21, 0.0147, 52.58, 0.5077
20241220, RMBS, 62.5, 20260116, P, 0, 9, 0.0166, 52.58, -0.5217
20241220, RMBS, 65, 20260116, C, 0, 64, 0.0148, 52.58, 0.4767
20241220, RMBS, 65, 20260116, P, 0, 5, 0.0168, 52.58, -0.5567
20241220, RMBS, 67.5, 20260116, C, 0, 6, 0.0147, 52.58, 0.447
20241220, RMBS, 67.5, 20260116, P, 0, 14, 0.0169, 52.58, -0.5908
20241220, RMBS, 70, 20260116, C, 0, 116, 0.0145, 52.58, 0.4187
20241220, RMBS, 70, 20260116, P, 0, 0, 0.017, 52.58, -0.6238
20241220, RMBS, 72.5, 20260116, C, 0, 4, 0.0143, 52.58, 0.3917
20241220, RMBS, 72.5, 20260116, P, 0, 0, 0.017, 52.58, -0.6554
20241220, RMBS, 75, 20260116, C, 0, 280, 0.014, 52.58, 0.3662
20241220, RMBS, 75, 20260116, P, 0, 0, 0.017, 52.58, -0.6861
20241220, RMBS, 77.5, 20260116, C, 0, 10, 0.0137, 52.58, 0.3422
20241220, RMBS, 77.5, 20260116, P, 0, 0, 0.0169, 52.58, -0.7156
20241220, RMBS, 80, 20260116, C, 0, 7, 0.0133, 52.58, 0.3191
20241220, RMBS, 80, 20260116, P, 0, 0, 0.0168, 52.58, -0.7438
20241220, RMBS, 82.5, 20260116, C, 0, 3, 0.0129, 52.58, 0.2979
20241220, RMBS, 82.5, 20260116, P, 0, 0, 0.0167, 52.58, -0.771
20241220, RMBS, 85, 20260116, C, 0, 93, 0.0125, 52.58, 0.278
20241220, RMBS, 85, 20260116, P, 0, 0, 0.0166, 52.58, -0.7969
20241220, RMBS, 90, 20260116, C, 0, 61, 0.0116, 52.58, 0.2423
20241220, RMBS, 90, 20260116, P, 0, 0, 0.0164, 52.58, -0.8461
20241220, RMBS, 95, 20260116, C, 0, 2, 0.0107, 52.58, 0.2109
20241220, RMBS, 95, 20260116, P, 0, 0, 0.0162, 52.58, -0.8911
20241220, RMBS, 100, 20260116, C, 0, 19, 0.0098, 52.58, 0.1841
20241220, RMBS, 100, 20260116, P, 0, 0, 0.0146, 52.58, -0.9299
20241220, RMBS, 105, 20260116, C, 0, 21, 0.009, 52.58, 0.1607
20241220, RMBS, 105, 20260116, P, 0, 0, 0.0114, 52.58, -0.9618
20241220, RMBS, 110, 20260116, C, 0, 103, 0.0082, 52.58, 0.1405
20241220, RMBS, 110, 20260116, P, 0, 0, 0.007, 52.58, -0.9822
20241226, RMBS, 20, 20250117, C, 0, 0, 0.0002, 54.68, 0.9989
20241226, RMBS, 20, 20250117, P, 0, 0, 0.0002, 54.68, -0.0015
20241226, RMBS, 22.5, 20250117, C, 0, 0, 0.0003, 54.68, 0.9986
20241226, RMBS, 22.5, 20250117, P, 0, 2, 0.0003, 54.68, -0.0019
20241226, RMBS, 25, 20250117, C, 0, 43, 0.0004, 54.68, 0.9981
20241226, RMBS, 25, 20250117, P, 0, 4, 0.0004, 54.68, -0.0023
20241226, RMBS, 27.5, 20250117, C, 0, 2, 0.0006, 54.68, 0.9975
20241226, RMBS, 27.5, 20250117, P, 0, 1, 0.0006, 54.68, -0.003
20241226, RMBS, 30, 20250117, C, 0, 27, 0.0009, 54.68, 0.9966
20241226, RMBS, 30, 20250117, P, 0, 614, 0.0009, 54.68, -0.0039
20241226, RMBS, 32.5, 20250117, C, 0, 10, 0.0013, 54.68, 0.9951
20241226, RMBS, 32.5, 20250117, P, 0, 11, 0.0013, 54.68, -0.0054
20241226, RMBS, 35, 20250117, C, 0, 94, 0.002, 54.68, 0.9928
20241226, RMBS, 35, 20250117, P, 0, 98, 0.002, 54.68, -0.0076
20241226, RMBS, 37.5, 20250117, C, 0, 42, 0.0031, 54.68, 0.989
20241226, RMBS, 37.5, 20250117, P, 0, 378, 0.0032, 54.68, -0.0114
20241226, RMBS, 40, 20250117, C, 0, 54, 0.0052, 54.68, 0.9824
20241226, RMBS, 40, 20250117, P, 0, 253, 0.0052, 54.68, -0.0181
20241226, RMBS, 42.5, 20250117, C, 0, 292, 0.0088, 54.68, 0.9705
20241226, RMBS, 42.5, 20250117, P, 0, 995, 0.0089, 54.68, -0.0302
20241226, RMBS, 45, 20250117, C, 0, 340, 0.0154, 54.68, 0.9478
20241226, RMBS, 45, 20250117, P, 0, 562, 0.0155, 54.68, -0.053
20241226, RMBS, 47.5, 20250117, C, 0, 109, 0.027, 54.68, 0.904
20241226, RMBS, 47.5, 20250117, P, 0, 199, 0.0272, 54.68, -0.0972
20241226, RMBS, 50, 20250117, C, 0, 210, 0.0446, 54.68, 0.8224
20241226, RMBS, 50, 20250117, P, 13, 448, 0.045, 54.68, -0.1797
20241226, RMBS, 52.5, 20250117, C, 0, 240, 0.0641, 54.68, 0.6876
20241226, RMBS, 52.5, 20250117, P, 3, 246, 0.0648, 54.68, -0.3161
20241226, RMBS, 55, 20250117, C, 39, 202, 0.0739, 54.68, 0.5113
20241226, RMBS, 55, 20250117, P, 2, 281, 0.075, 54.68, -0.4948
20241226, RMBS, 57.5, 20250117, C, 5, 513, 0.0674, 54.68, 0.3377
20241226, RMBS, 57.5, 20250117, P, 0, 257, 0.0688, 54.68, -0.6714
20241226, RMBS, 60, 20250117, C, 35, 364, 0.0511, 54.68, 0.2042
20241226, RMBS, 60, 20250117, P, 0, 163, 0.0529, 54.68, -0.8083
20241226, RMBS, 62.5, 20250117, C, 1, 428, 0.0344, 54.68, 0.1172
20241226, RMBS, 62.5, 20250117, P, 0, 21, 0.036, 54.68, -0.8984
20241226, RMBS, 65, 20250117, C, 0, 321, 0.0216, 54.68, 0.0655
20241226, RMBS, 65, 20250117, P, 0, 0, 0.0247, 54.68, -0.953
20241226, RMBS, 67.5, 20250117, C, 1, 167, 0.013, 54.68, 0.0362
20241226, RMBS, 67.5, 20250117, P, 0, 41, 0.0158, 54.68, -0.9889
20241226, RMBS, 70, 20250117, C, 0, 281, 0.0076, 54.68, 0.02
20241226, RMBS, 70, 20250117, P, 0, 10, 0, 54.68, -1
20241226, RMBS, 72.5, 20250117, C, 0, 1052, 0.0045, 54.68, 0.011
20241226, RMBS, 72.5, 20250117, P, 0, 2, 0, 54.68, -1
20241226, RMBS, 75, 20250117, C, 0, 382, 0.0026, 54.68, 0.0061
20241226, RMBS, 75, 20250117, P, 0, 0, 0, 54.68, -1
20241226, RMBS, 77.5, 20250117, C, 0, 26, 0.0015, 54.68, 0.0034
20241226, RMBS, 77.5, 20250117, P, 0, 0, 0, 54.68, -1
20241226, RMBS, 80, 20250117, C, 0, 77, 0.0009, 54.68, 0.0019
20241226, RMBS, 80, 20250117, P, 0, 0, 0, 54.68, -1
20241226, RMBS, 82.5, 20250117, C, 0, 43, 0.0005, 54.68, 0.0011
20241226, RMBS, 82.5, 20250117, P, 0, 0, 0, 54.68, -1
20241226, RMBS, 85, 20250117, C, 0, 92, 0.0003, 54.68, 0.0006
20241226, RMBS, 85, 20250117, P, 0, 0, 0, 54.68, -1
20241226, RMBS, 90, 20250117, C, 0, 8033, 0.0001, 54.68, 0.0002
20241226, RMBS, 90, 20250117, P, 0, 0, 0, 54.68, -1
20241226, RMBS, 95, 20250117, C, 0, 79, 0, 54.68, 0.0001
20241226, RMBS, 95, 20250117, P, 0, 0, 0, 54.68, -1
20241226, RMBS, 100, 20250117, C, 0, 214, 0, 54.68, 0
20241226, RMBS, 100, 20250117, P, 0, 0, 0, 54.68, -1
20241226, RMBS, 105, 20250117, C, 0, 133, 0, 54.68, 0
20241226, RMBS, 105, 20250117, P, 0, 0, 0, 54.68, -1
20241226, RMBS, 110, 20250117, C, 0, 74, 0, 54.68, 0
20241226, RMBS, 110, 20250117, P, 0, 0, 0, 54.68, -1
20241226, RMBS, 20, 20250221, C, 0, 1, 0.0007, 54.68, 0.9948
20241226, RMBS, 20, 20250221, P, 0, 0, 0.0007, 54.68, -0.0058
20241226, RMBS, 22.5, 20250221, C, 0, 0, 0.0009, 54.68, 0.9933
20241226, RMBS, 22.5, 20250221, P, 0, 0, 0.0009, 54.68, -0.0073
20241226, RMBS, 25, 20250221, C, 0, 0, 0.0013, 54.68, 0.9912
20241226, RMBS, 25, 20250221, P, 0, 0, 0.0013, 54.68, -0.0094
20241226, RMBS, 27.5, 20250221, C, 0, 0, 0.0018, 54.68, 0.9883
20241226, RMBS, 27.5, 20250221, P, 0, 17, 0.0018, 54.68, -0.0123
20241226, RMBS, 30, 20250221, C, 0, 5, 0.0024, 54.68, 0.984
20241226, RMBS, 30, 20250221, P, 0, 40, 0.0025, 54.68, -0.0167
20241226, RMBS, 32.5, 20250221, C, 0, 30, 0.0035, 54.68, 0.9776
20241226, RMBS, 32.5, 20250221, P, 0, 6, 0.0035, 54.68, -0.0231
20241226, RMBS, 35, 20250221, C, 0, 1, 0.005, 54.68, 0.968
20241226, RMBS, 35, 20250221, P, 0, 33, 0.005, 54.68, -0.0327
20241226, RMBS, 37.5, 20250221, C, 0, 35, 0.0072, 54.68, 0.9537
20241226, RMBS, 37.5, 20250221, P, 0, 99, 0.0072, 54.68, -0.0471
20241226, RMBS, 40, 20250221, C, 0, 30, 0.0103, 54.68, 0.9323
20241226, RMBS, 40, 20250221, P, 0, 86, 0.0104, 54.68, -0.0686
20241226, RMBS, 42.5, 20250221, C, 0, 53, 0.0144, 54.68, 0.9008
20241226, RMBS, 42.5, 20250221, P, 1, 79, 0.0145, 54.68, -0.1002
20241226, RMBS, 45, 20250221, C, 0, 105, 0.0196, 54.68, 0.8564
20241226, RMBS, 45, 20250221, P, 2, 47, 0.0197, 54.68, -0.145
20241226, RMBS, 47.5, 20250221, C, 0, 189, 0.0253, 54.68, 0.7969
20241226, RMBS, 47.5, 20250221, P, 4, 67, 0.0255, 54.68, -0.2054
20241226, RMBS, 50, 20250221, C, 1, 146, 0.0307, 54.68, 0.7225
20241226, RMBS, 50, 20250221, P, 0, 125, 0.0311, 54.68, -0.2808
20241226, RMBS, 52.5, 20250221, C, 6, 360, 0.035, 54.68, 0.6364
20241226, RMBS, 52.5, 20250221, P, 2, 207, 0.0356, 54.68, -0.3682
20241226, RMBS, 55, 20250221, C, 1, 80, 0.0373, 54.68, 0.5444
20241226, RMBS, 55, 20250221, P, 0, 39, 0.0381, 54.68, -0.4619
20241226, RMBS, 57.5, 20250221, C, 6, 152, 0.0375, 54.68, 0.453
20241226, RMBS, 57.5, 20250221, P, 4, 158, 0.0384, 54.68, -0.5554
20241226, RMBS, 60, 20250221, C, 0, 206, 0.0356, 54.68, 0.3677
20241226, RMBS, 60, 20250221, P, 0, 28, 0.0368, 54.68, -0.6431
20241226, RMBS, 62.5, 20250221, C, 6, 123, 0.0324, 54.68, 0.2923
20241226, RMBS, 62.5, 20250221, P, 0, 1, 0.0338, 54.68, -0.7213
20241226, RMBS, 65, 20250221, C, 1, 189, 0.0284, 54.68, 0.2284
20241226, RMBS, 65, 20250221, P, 0, 4, 0.03, 54.68, -0.7883
20241226, RMBS, 67.5, 20250221, C, 11, 150, 0.0241, 54.68, 0.1763
20241226, RMBS, 67.5, 20250221, P, 0, 0, 0.0259, 54.68, -0.844
20241226, RMBS, 70, 20250221, C, 33, 188, 0.02, 54.68, 0.1343
20241226, RMBS, 70, 20250221, P, 0, 1, 0.022, 54.68, -0.8894
20241226, RMBS, 72.5, 20250221, C, 0, 99, 0.0163, 54.68, 0.1014
20241226, RMBS, 72.5, 20250221, P, 0, 0, 0.0182, 54.68, -0.9257
20241226, RMBS, 75, 20250221, C, 30, 3, 0.013, 54.68, 0.076
20241226, RMBS, 75, 20250221, P, 0, 0, 0.0142, 54.68, -0.9536
20241226, RMBS, 80, 20250221, C, 0, 1, 0.008, 54.68, 0.0421
20241226, RMBS, 80, 20250221, P, 0, 0, 0.0053, 54.68, -0.9946
20241226, RMBS, 85, 20250221, C, 0, 1, 0.0048, 54.68, 0.023
20241226, RMBS, 85, 20250221, P, 0, 0, 0, 54.68, -1
20241226, RMBS, 90, 20250221, C, 0, 0, 0.0028, 54.68, 0.0125
20241226, RMBS, 90, 20250221, P, 0, 0, 0, 54.68, -1
20241226, RMBS, 95, 20250221, C, 0, 0, 0.0016, 54.68, 0.0068
20241226, RMBS, 95, 20250221, P, 0, 0, 0, 54.68, -1
20241226, RMBS, 22.5, 20250516, C, 0, 0, 0.0016, 54.68, 0.9858
20241226, RMBS, 22.5, 20250516, P, 0, 2, 0.0016, 54.68, -0.0166
20241226, RMBS, 25, 20250516, C, 0, 2, 0.0022, 54.68, 0.9801
20241226, RMBS, 25, 20250516, P, 0, 0, 0.0022, 54.68, -0.0224
20241226, RMBS, 27.5, 20250516, C, 0, 1, 0.0029, 54.68, 0.9722
20241226, RMBS, 27.5, 20250516, P, 0, 0, 0.003, 54.68, -0.0303
20241226, RMBS, 30, 20250516, C, 0, 3, 0.004, 54.68, 0.9616
20241226, RMBS, 30, 20250516, P, 0, 1, 0.004, 54.68, -0.041
20241226, RMBS, 32.5, 20250516, C, 0, 0, 0.0053, 54.68, 0.9474
20241226, RMBS, 32.5, 20250516, P, 0, 2, 0.0054, 54.68, -0.0553
20241226, RMBS, 35, 20250516, C, 0, 2, 0.0069, 54.68, 0.9288
20241226, RMBS, 35, 20250516, P, 0, 160, 0.007, 54.68, -0.0742
20241226, RMBS, 37.5, 20250516, C, 0, 10, 0.0089, 54.68, 0.9049
20241226, RMBS, 37.5, 20250516, P, 0, 0, 0.009, 54.68, -0.0984
20241226, RMBS, 40, 20250516, C, 0, 1, 0.0111, 54.68, 0.8749
20241226, RMBS, 40, 20250516, P, 0, 280, 0.0113, 54.68, -0.1288
20241226, RMBS, 42.5, 20250516, C, 0, 4, 0.0135, 54.68, 0.8386
20241226, RMBS, 42.5, 20250516, P, 0, 100, 0.0137, 54.68, -0.1658
20241226, RMBS, 45, 20250516, C, 0, 21, 0.0159, 54.68, 0.7961
20241226, RMBS, 45, 20250516, P, 1, 31, 0.0162, 54.68, -0.2094
20241226, RMBS, 47.5, 20250516, C, 0, 60, 0.0182, 54.68, 0.7479
20241226, RMBS, 47.5, 20250516, P, 2, 6, 0.0186, 54.68, -0.2584
20241226, RMBS, 50, 20250516, C, 0, 39, 0.0202, 54.68, 0.6953
20241226, RMBS, 50, 20250516, P, 0, 1, 0.0208, 54.68, -0.3128
20241226, RMBS, 52.5, 20250516, C, 0, 7, 0.0218, 54.68, 0.6398
20241226, RMBS, 52.5, 20250516, P, 0, 2, 0.0225, 54.68, -0.3701
20241226, RMBS, 55, 20250516, C, 0, 25, 0.0229, 54.68, 0.5829
20241226, RMBS, 55, 20250516, P, 0, 0, 0.0238, 54.68, -0.4287
20241226, RMBS, 57.5, 20250516, C, 0, 4, 0.0235, 54.68, 0.5262
20241226, RMBS, 57.5, 20250516, P, 0, 0, 0.0245, 54.68, -0.4882
20241226, RMBS, 60, 20250516, C, 0, 19, 0.0235, 54.68, 0.471
20241226, RMBS, 60, 20250516, P, 0, 5, 0.0248, 54.68, -0.5461
20241226, RMBS, 62.5, 20250516, C, 0, 14, 0.0231, 54.68, 0.4189
20241226, RMBS, 62.5, 20250516, P, 0, 0, 0.0246, 54.68, -0.6016
20241226, RMBS, 65, 20250516, C, 0, 24, 0.0224, 54.68, 0.3699
20241226, RMBS, 65, 20250516, P, 0, 0, 0.024, 54.68, -0.6539
20241226, RMBS, 67.5, 20250516, C, 0, 10, 0.0213, 54.68, 0.3248
20241226, RMBS, 67.5, 20250516, P, 0, 0, 0.0232, 54.68, -0.7027
20241226, RMBS, 70, 20250516, C, 0, 48, 0.02, 54.68, 0.2838
20241226, RMBS, 70, 20250516, P, 0, 0, 0.0221, 54.68, -0.7475
20241226, RMBS, 75, 20250516, C, 0, 3, 0.0172, 54.68, 0.214
20241226, RMBS, 75, 20250516, P, 0, 0, 0.0197, 54.68, -0.8257
20241226, RMBS, 80, 20250516, C, 0, 2, 0.0143, 54.68, 0.1597
20241226, RMBS, 80, 20250516, P, 0, 0, 0.0173, 54.68, -0.8894
20241226, RMBS, 85, 20250516, C, 0, 3, 0.0116, 54.68, 0.1185
20241226, RMBS, 85, 20250516, P, 0, 0, 0.0151, 54.68, -0.9411
20241226, RMBS, 20, 20250620, C, 0, 0, 0.0014, 54.68, 0.9816
20241226, RMBS, 20, 20250620, P, 0, 0, 0.0014, 54.68, -0.0164
20241226, RMBS, 22.5, 20250620, C, 0, 0, 0.0019, 54.68, 0.9758
20241226, RMBS, 22.5, 20250620, P, 0, 0, 0.0019, 54.68, -0.0222
20241226, RMBS, 25, 20250620, C, 0, 0, 0.0025, 54.68, 0.9681
20241226, RMBS, 25, 20250620, P, 0, 0, 0.0025, 54.68, -0.03
20241226, RMBS, 27.5, 20250620, C, 0, 0, 0.0034, 54.68, 0.9579
20241226, RMBS, 27.5, 20250620, P, 0, 0, 0.0034, 54.68, -0.0402
20241226, RMBS, 30, 20250620, C, 0, 0, 0.0044, 54.68, 0.9448
20241226, RMBS, 30, 20250620, P, 0, 6, 0.0045, 54.68, -0.0535
20241226, RMBS, 32.5, 20250620, C, 0, 4, 0.0057, 54.68, 0.928
20241226, RMBS, 32.5, 20250620, P, 0, 3, 0.0058, 54.68, -0.0705
20241226, RMBS, 35, 20250620, C, 0, 6, 0.0072, 54.68, 0.907
20241226, RMBS, 35, 20250620, P, 0, 80, 0.0073, 54.68, -0.0917
20241226, RMBS, 37.5, 20250620, C, 0, 9, 0.0089, 54.68, 0.8814
20241226, RMBS, 37.5, 20250620, P, 0, 3, 0.009, 54.68, -0.1177
20241226, RMBS, 40, 20250620, C, 0, 2, 0.0107, 54.68, 0.8509
20241226, RMBS, 40, 20250620, P, 0, 11, 0.0109, 54.68, -0.1487
20241226, RMBS, 42.5, 20250620, C, 0, 23, 0.0126, 54.68, 0.8155
20241226, RMBS, 42.5, 20250620, P, 0, 2, 0.0129, 54.68, -0.1847
20241226, RMBS, 45, 20250620, C, 0, 23, 0.0145, 54.68, 0.7757
20241226, RMBS, 45, 20250620, P, 0, 9, 0.0148, 54.68, -0.2254
20241226, RMBS, 47.5, 20250620, C, 0, 1, 0.0163, 54.68, 0.7319
20241226, RMBS, 47.5, 20250620, P, 0, 35, 0.0167, 54.68, -0.2702
20241226, RMBS, 50, 20250620, C, 0, 18, 0.0178, 54.68, 0.6851
20241226, RMBS, 50, 20250620, P, 0, 9, 0.0183, 54.68, -0.3182
20241226, RMBS, 52.5, 20250620, C, 0, 6, 0.019, 54.68, 0.6364
20241226, RMBS, 52.5, 20250620, P, 0, 16, 0.0196, 54.68, -0.3685
20241226, RMBS, 55, 20250620, C, 0, 12, 0.0199, 54.68, 0.5866
20241226, RMBS, 55, 20250620, P, 0, 8, 0.0207, 54.68, -0.42
20241226, RMBS, 57.5, 20250620, C, 0, 39, 0.0205, 54.68, 0.5371
20241226, RMBS, 57.5, 20250620, P, 0, 10, 0.0214, 54.68, -0.4717
20241226, RMBS, 60, 20250620, C, 0, 34, 0.0207, 54.68, 0.4885
20241226, RMBS, 60, 20250620, P, 0, 706, 0.0217, 54.68, -0.523
20241226, RMBS, 62.5, 20250620, C, 0, 2, 0.0205, 54.68, 0.4421
20241226, RMBS, 62.5, 20250620, P, 0, 0, 0.0218, 54.68, -0.5724
20241226, RMBS, 65, 20250620, C, 0, 16, 0.0201, 54.68, 0.3978
20241226, RMBS, 65, 20250620, P, 0, 0, 0.0216, 54.68, -0.6196
20241226, RMBS, 67.5, 20250620, C, 0, 17, 0.0195, 54.68, 0.3559
20241226, RMBS, 67.5, 20250620, P, 0, 1, 0.0211, 54.68, -0.6643
20241226, RMBS, 70, 20250620, C, 0, 14, 0.0187, 54.68, 0.3177
20241226, RMBS, 70, 20250620, P, 0, 0, 0.0205, 54.68, -0.7062
20241226, RMBS, 72.5, 20250620, C, 0, 1, 0.0177, 54.68, 0.2824
20241226, RMBS, 72.5, 20250620, P, 0, 0, 0.0197, 54.68, -0.7452
20241226, RMBS, 75, 20250620, C, 0, 427, 0.0167, 54.68, 0.2503
20241226, RMBS, 75, 20250620, P, 0, 0, 0.0189, 54.68, -0.7813
20241226, RMBS, 80, 20250620, C, 0, 10, 0.0145, 54.68, 0.1951
20241226, RMBS, 80, 20250620, P, 0, 0, 0.0171, 54.68, -0.8449
20241226, RMBS, 85, 20250620, C, 0, 2, 0.0123, 54.68, 0.151
20241226, RMBS, 85, 20250620, P, 0, 0, 0.0154, 54.68, -0.8984
20241226, RMBS, 90, 20250620, C, 0, 0, 0.0102, 54.68, 0.1164
20241226, RMBS, 90, 20250620, P, 0, 0, 0.0139, 54.68, -0.9433
20241226, RMBS, 95, 20250620, C, 0, 10, 0.0084, 54.68, 0.0894
20241226, RMBS, 95, 20250620, P, 0, 0, 0.0118, 54.68, -0.9785
20241226, RMBS, 27.5, 20250815, C, 0, 0, 0.0036, 54.68, 0.9503
20241226, RMBS, 27.5, 20250815, P, 0, 0, 0.0037, 54.68, -0.0498
20241226, RMBS, 30, 20250815, C, 0, 0, 0.0047, 54.68, 0.9345
20241226, RMBS, 30, 20250815, P, 0, 0, 0.0047, 54.68, -0.0658
20241226, RMBS, 32.5, 20250815, C, 0, 0, 0.0058, 54.68, 0.9154
20241226, RMBS, 32.5, 20250815, P, 0, 0, 0.0059, 54.68, -0.0852
20241226, RMBS, 35, 20250815, C, 0, 0, 0.0071, 54.68, 0.8927
20241226, RMBS, 35, 20250815, P, 0, 0, 0.0073, 54.68, -0.1084
20241226, RMBS, 37.5, 20250815, C, 0, 0, 0.0085, 54.68, 0.8664
20241226, RMBS, 37.5, 20250815, P, 0, 0, 0.0087, 54.68, -0.1352
20241226, RMBS, 40, 20250815, C, 0, 0, 0.0099, 54.68, 0.8365
20241226, RMBS, 40, 20250815, P, 0, 0, 0.0102, 54.68, -0.1657
20241226, RMBS, 42.5, 20250815, C, 0, 0, 0.0113, 54.68, 0.8034
20241226, RMBS, 42.5, 20250815, P, 0, 0, 0.0116, 54.68, -0.1997
20241226, RMBS, 45, 20250815, C, 0, 0, 0.0127, 54.68, 0.7674
20241226, RMBS, 45, 20250815, P, 0, 0, 0.0131, 54.68, -0.2368
20241226, RMBS, 47.5, 20250815, C, 0, 0, 0.0139, 54.68, 0.729
20241226, RMBS, 47.5, 20250815, P, 0, 0, 0.0144, 54.68, -0.2764
20241226, RMBS, 50, 20250815, C, 0, 1, 0.015, 54.68, 0.6889
20241226, RMBS, 50, 20250815, P, 0, 0, 0.0156, 54.68, -0.3179
20241226, RMBS, 52.5, 20250815, C, 0, 0, 0.0159, 54.68, 0.6478
20241226, RMBS, 52.5, 20250815, P, 0, 0, 0.0166, 54.68, -0.3608
20241226, RMBS, 55, 20250815, C, 0, 0, 0.0166, 54.68, 0.6061
20241226, RMBS, 55, 20250815, P, 0, 0, 0.0174, 54.68, -0.4045
20241226, RMBS, 57.5, 20250815, C, 0, 0, 0.0171, 54.68, 0.5646
20241226, RMBS, 57.5, 20250815, P, 0, 0, 0.0181, 54.68, -0.4482
20241226, RMBS, 60, 20250815, C, 0, 0, 0.0174, 54.68, 0.524
20241226, RMBS, 60, 20250815, P, 0, 0, 0.0185, 54.68, -0.4916
20241226, RMBS, 62.5, 20250815, C, 0, 0, 0.0175, 54.68, 0.4842
20241226, RMBS, 62.5, 20250815, P, 0, 0, 0.0188, 54.68, -0.5344
20241226, RMBS, 65, 20250815, C, 0, 0, 0.0174, 54.68, 0.4459
20241226, RMBS, 65, 20250815, P, 0, 0, 0.0189, 54.68, -0.5758
20241226, RMBS, 70, 20250815, C, 0, 0, 0.0168, 54.68, 0.3747
20241226, RMBS, 70, 20250815, P, 0, 0, 0.0186, 54.68, -0.6538
20241226, RMBS, 75, 20250815, C, 2, 0, 0.0158, 54.68, 0.3117
20241226, RMBS, 75, 20250815, P, 0, 0, 0.018, 54.68, -0.7246
20241226, RMBS, 80, 20250815, C, 0, 1, 0.0144, 54.68, 0.2574
20241226, RMBS, 80, 20250815, P, 0, 0, 0.017, 54.68, -0.7877
20241226, RMBS, 85, 20250815, C, 0, 0, 0.0129, 54.68, 0.2113
20241226, RMBS, 85, 20250815, P, 0, 0, 0.016, 54.68, -0.8434
20241226, RMBS, 20, 20260116, C, 0, 1, 0.0016, 54.68, 0.9759
20241226, RMBS, 20, 20260116, P, 0, 2, 0.0017, 54.68, -0.0248
20241226, RMBS, 22.5, 20260116, C, 0, 1, 0.0022, 54.68, 0.966
20241226, RMBS, 22.5, 20260116, P, 0, 14, 0.0023, 54.68, -0.0349
20241226, RMBS, 25, 20260116, C, 0, 3, 0.003, 54.68, 0.9538
20241226, RMBS, 25, 20260116, P, 0, 0, 0.003, 54.68, -0.0473
20241226, RMBS, 27.5, 20260116, C, 0, 1, 0.0038, 54.68, 0.9391
20241226, RMBS, 27.5, 20260116, P, 0, 35, 0.0038, 54.68, -0.0625
20241226, RMBS, 30, 20260116, C, 0, 19, 0.0046, 54.68, 0.9217
20241226, RMBS, 30, 20260116, P, 0, 60, 0.0048, 54.68, -0.0803
20241226, RMBS, 32.5, 20260116, C, 0, 1, 0.0056, 54.68, 0.9018
20241226, RMBS, 32.5, 20260116, P, 0, 7, 0.0058, 54.68, -0.1008
20241226, RMBS, 35, 20260116, C, 0, 8, 0.0066, 54.68, 0.8792
20241226, RMBS, 35, 20260116, P, 0, 37, 0.0068, 54.68, -0.124
20241226, RMBS, 37.5, 20260116, C, 0, 31, 0.0076, 54.68, 0.8542
20241226, RMBS, 37.5, 20260116, P, 0, 1, 0.0079, 54.68, -0.1499
20241226, RMBS, 40, 20260116, C, 0, 42, 0.0087, 54.68, 0.827
20241226, RMBS, 40, 20260116, P, 0, 66, 0.009, 54.68, -0.1782
20241226, RMBS, 42.5, 20260116, C, 0, 139, 0.0096, 54.68, 0.7978
20241226, RMBS, 42.5, 20260116, P, 0, 94, 0.0101, 54.68, -0.2086
20241226, RMBS, 45, 20260116, C, 0, 20, 0.0106, 54.68, 0.7671
20241226, RMBS, 45, 20260116, P, 0, 36, 0.0111, 54.68, -0.2409
20241226, RMBS, 47.5, 20260116, C, 0, 5, 0.0114, 54.68, 0.735
20241226, RMBS, 47.5, 20260116, P, 0, 52, 0.0121, 54.68, -0.2753
20241226, RMBS, 50, 20260116, C, 0, 30, 0.0122, 54.68, 0.7021
20241226, RMBS, 50, 20260116, P, 0, 41, 0.013, 54.68, -0.3103
20241226, RMBS, 52.5, 20260116, C, 0, 23, 0.0129, 54.68, 0.6687
20241226, RMBS, 52.5, 20260116, P, 0, 111, 0.0138, 54.68, -0.3462
20241226, RMBS, 55, 20260116, C, 0, 47, 0.0134, 54.68, 0.6352
20241226, RMBS, 55, 20260116, P, 0, 208, 0.0145, 54.68, -0.3823
20241226, RMBS, 57.5, 20260116, C, 0, 26, 0.0138, 54.68, 0.6018
20241226, RMBS, 57.5, 20260116, P, 0, 145, 0.0151, 54.68, -0.4187
20241226, RMBS, 60, 20260116, C, 0, 86, 0.0141, 54.68, 0.5687
20241226, RMBS, 60, 20260116, P, 0, 64, 0.0156, 54.68, -0.455
20241226, RMBS, 62.5, 20260116, C, 0, 21, 0.0144, 54.68, 0.5364
20241226, RMBS, 62.5, 20260116, P, 0, 9, 0.016, 54.68, -0.4909
20241226, RMBS, 65, 20260116, C, 0, 64, 0.0144, 54.68, 0.5049
20241226, RMBS, 65, 20260116, P, 0, 5, 0.0163, 54.68, -0.5262
20241226, RMBS, 67.5, 20260116, C, 0, 6, 0.0145, 54.68, 0.4745
20241226, RMBS, 67.5, 20260116, P, 0, 14, 0.0165, 54.68, -0.5607
20241226, RMBS, 70, 20260116, C, 0, 116, 0.0144, 54.68, 0.445
20241226, RMBS, 70, 20260116, P, 0, 0, 0.0166, 54.68, -0.5945
20241226, RMBS, 72.5, 20260116, C, 0, 4, 0.0142, 54.68, 0.4171
20241226, RMBS, 72.5, 20260116, P, 0, 0, 0.0167, 54.68, -0.6271
20241226, RMBS, 75, 20260116, C, 1, 280, 0.014, 54.68, 0.3907
20241226, RMBS, 75, 20260116, P, 0, 0, 0.0167, 54.68, -0.6584
20241226, RMBS, 77.5, 20260116, C, 0, 10, 0.0137, 54.68, 0.3653
20241226, RMBS, 77.5, 20260116, P, 0, 0, 0.0167, 54.68, -0.6888
20241226, RMBS, 80, 20260116, C, 0, 7, 0.0134, 54.68, 0.3418
20241226, RMBS, 80, 20260116, P, 0, 0, 0.0166, 54.68, -0.718
20241226, RMBS, 82.5, 20260116, C, 0, 3, 0.013, 54.68, 0.3194
20241226, RMBS, 82.5, 20260116, P, 0, 0, 0.0164, 54.68, -0.7459
20241226, RMBS, 85, 20260116, C, 0, 93, 0.0127, 54.68, 0.2984
20241226, RMBS, 85, 20260116, P, 0, 0, 0.0163, 54.68, -0.7728
20241226, RMBS, 90, 20260116, C, 0, 61, 0.0118, 54.68, 0.2602
20241226, RMBS, 90, 20260116, P, 0, 0, 0.016, 54.68, -0.8231
20241226, RMBS, 95, 20260116, C, 0, 2, 0.011, 54.68, 0.2268
20241226, RMBS, 95, 20260116, P, 0, 0, 0.0159, 54.68, -0.8699
20241226, RMBS, 100, 20260116, C, 0, 19, 0.0101, 54.68, 0.1973
20241226, RMBS, 100, 20260116, P, 0, 0, 0.0156, 54.68, -0.9133
20241226, RMBS, 105, 20260116, C, 0, 21, 0.0093, 54.68, 0.1721
20241226, RMBS, 105, 20260116, P, 0, 0, 0.0142, 54.68, -0.9509
20241226, RMBS, 110, 20260116, C, 0, 103, 0.0085, 54.68, 0.1504
20241226, RMBS, 110, 20260116, P, 0, 0, 0.0092, 54.68, -0.9765
