20241218, SITM, 95, 20241220, C, 0, 0, 0, 226.69, 1
20241218, SITM, 95, 20241220, P, 0, 28, 0, 226.69, -0.0009
20241218, SITM, 100, 20241220, C, 0, 0, 0, 226.69, 1
20241218, SITM, 100, 20241220, P, 0, 0, 0, 226.69, -0.001
20241218, SITM, 105, 20241220, C, 0, 0, 0.0001, 226.69, 1
20241218, SITM, 105, 20241220, P, 0, 7, 0.0001, 226.69, -0.0012
20241218, SITM, 110, 20241220, C, 0, 0, 0.0001, 226.69, 0.9999
20241218, SITM, 110, 20241220, P, 0, 0, 0.0001, 226.69, -0.0014
20241218, SITM, 115, 20241220, C, 0, 0, 0.0001, 226.69, 0.9997
20241218, SITM, 115, 20241220, P, 0, 0, 0.0001, 226.69, -0.0016
20241218, SITM, 120, 20241220, C, 0, 0, 0.0001, 226.69, 0.9995
20241218, SITM, 120, 20241220, P, 0, 0, 0.0001, 226.69, -0.0018
20241218, SITM, 125, 20241220, C, 0, 0, 0.0001, 226.69, 0.9992
20241218, SITM, 125, 20241220, P, 0, 0, 0.0001, 226.69, -0.0021
20241218, SITM, 130, 20241220, C, 0, 0, 0.0002, 226.69, 0.9988
20241218, SITM, 130, 20241220, P, 0, 0, 0.0002, 226.69, -0.0025
20241218, SITM, 135, 20241220, C, 0, 0, 0.0002, 226.69, 0.9984
20241218, SITM, 135, 20241220, P, 0, 1, 0.0002, 226.69, -0.0029
20241218, SITM, 140, 20241220, C, 0, 0, 0.0002, 226.69, 0.9978
20241218, SITM, 140, 20241220, P, 0, 1, 0.0002, 226.69, -0.0034
20241218, SITM, 145, 20241220, C, 0, 2, 0.0003, 226.69, 0.9972
20241218, SITM, 145, 20241220, P, 0, 0, 0.0003, 226.69, -0.0041
20241218, SITM, 150, 20241220, C, 0, 0, 0.0004, 226.69, 0.9964
20241218, SITM, 150, 20241220, P, 0, 2, 0.0004, 226.69, -0.0049
20241218, SITM, 155, 20241220, C, 0, 0, 0.0005, 226.69, 0.9954
20241218, SITM, 155, 20241220, P, 0, 1, 0.0005, 226.69, -0.0059
20241218, SITM, 160, 20241220, C, 0, 0, 0.0006, 226.69, 0.9941
20241218, SITM, 160, 20241220, P, 0, 0, 0.0006, 226.69, -0.0072
20241218, SITM, 165, 20241220, C, 0, 0, 0.0008, 226.69, 0.9925
20241218, SITM, 165, 20241220, P, 0, 3, 0.0008, 226.69, -0.0088
20241218, SITM, 170, 20241220, C, 0, 0, 0.001, 226.69, 0.9903
20241218, SITM, 170, 20241220, P, 0, 0, 0.001, 226.69, -0.0109
20241218, SITM, 175, 20241220, C, 0, 0, 0.0013, 226.69, 0.9875
20241218, SITM, 175, 20241220, P, 0, 0, 0.0013, 226.69, -0.0137
20241218, SITM, 180, 20241220, C, 0, 0, 0.0017, 226.69, 0.9838
20241218, SITM, 180, 20241220, P, 0, 1, 0.0017, 226.69, -0.0175
20241218, SITM, 185, 20241220, C, 0, 1, 0.0023, 226.69, 0.9786
20241218, SITM, 185, 20241220, P, 0, 11, 0.0023, 226.69, -0.0226
20241218, SITM, 190, 20241220, C, 0, 2, 0.0031, 226.69, 0.9714
20241218, SITM, 190, 20241220, P, 0, 0, 0.0031, 226.69, -0.0299
20241218, SITM, 195, 20241220, C, 0, 0, 0.0043, 226.69, 0.961
20241218, SITM, 195, 20241220, P, 0, 2, 0.0043, 226.69, -0.0403
20241218, SITM, 200, 20241220, C, 0, 2, 0.0061, 226.69, 0.9455
20241218, SITM, 200, 20241220, P, 0, 6, 0.0061, 226.69, -0.0558
20241218, SITM, 210, 20241220, C, 0, 11, 0.0131, 226.69, 0.883
20241218, SITM, 210, 20241220, P, 0, 17, 0.0131, 226.69, -0.1186
20241218, SITM, 220, 20241220, C, 0, 21, 0.0266, 226.69, 0.716
20241218, SITM, 220, 20241220, P, 0, 6, 0.0269, 226.69, -0.2873
20241218, SITM, 230, 20241220, C, 1, 8, 0.0302, 226.69, 0.4156
20241218, SITM, 230, 20241220, P, 0, 7, 0.0309, 226.69, -0.5929
20241218, SITM, 240, 20241220, C, 0, 6, 0.019, 226.69, 0.2097
20241218, SITM, 240, 20241220, P, 1, 9, 0.0193, 226.69, -0.801
20241218, SITM, 250, 20241220, C, 0, 12, 0.011, 226.69, 0.1156
20241218, SITM, 250, 20241220, P, 0, 0, 0.0111, 226.69, -0.8947
20241218, SITM, 260, 20241220, C, 1, 11, 0.0066, 226.69, 0.07
20241218, SITM, 260, 20241220, P, 0, 0, 0.0067, 226.69, -0.9396
20241218, SITM, 270, 20241220, C, 0, 7, 0.0042, 226.69, 0.0455
20241218, SITM, 270, 20241220, P, 0, 0, 0.0042, 226.69, -0.9634
20241218, SITM, 280, 20241220, C, 0, 0, 0.0028, 226.69, 0.0312
20241218, SITM, 280, 20241220, P, 0, 0, 0.0028, 226.69, -0.9769
20241218, SITM, 290, 20241220, C, 0, 0, 0.002, 226.69, 0.0222
20241218, SITM, 290, 20241220, P, 0, 0, 0.0018, 226.69, -0.9851
20241218, SITM, 300, 20241220, C, 0, 0, 0.0014, 226.69, 0.0163
20241218, SITM, 300, 20241220, P, 0, 0, 0.0012, 226.69, -0.9901
20241218, SITM, 115, 20250117, C, 0, 0, 0.0006, 226.69, 0.9801
20241218, SITM, 115, 20250117, P, 0, 1, 0.0006, 226.69, -0.0192
20241218, SITM, 120, 20250117, C, 0, 0, 0.0007, 226.69, 0.9777
20241218, SITM, 120, 20250117, P, 0, 2, 0.0007, 226.69, -0.0216
20241218, SITM, 125, 20250117, C, 0, 0, 0.0008, 226.69, 0.975
20241218, SITM, 125, 20250117, P, 0, 0, 0.0008, 226.69, -0.0243
20241218, SITM, 130, 20250117, C, 0, 0, 0.0009, 226.69, 0.9719
20241218, SITM, 130, 20250117, P, 0, 0, 0.0009, 226.69, -0.0274
20241218, SITM, 135, 20250117, C, 0, 0, 0.001, 226.69, 0.9683
20241218, SITM, 135, 20250117, P, 0, 0, 0.001, 226.69, -0.031
20241218, SITM, 140, 20250117, C, 0, 0, 0.0012, 226.69, 0.9641
20241218, SITM, 140, 20250117, P, 0, 0, 0.0012, 226.69, -0.0352
20241218, SITM, 145, 20250117, C, 0, 0, 0.0014, 226.69, 0.9593
20241218, SITM, 145, 20250117, P, 0, 0, 0.0014, 226.69, -0.0401
20241218, SITM, 150, 20250117, C, 0, 0, 0.0016, 226.69, 0.9536
20241218, SITM, 150, 20250117, P, 0, 1, 0.0016, 226.69, -0.0458
20241218, SITM, 155, 20250117, C, 0, 0, 0.0018, 226.69, 0.9469
20241218, SITM, 155, 20250117, P, 0, 0, 0.0018, 226.69, -0.0526
20241218, SITM, 160, 20250117, C, 0, 0, 0.0022, 226.69, 0.939
20241218, SITM, 160, 20250117, P, 0, 0, 0.0022, 226.69, -0.0605
20241218, SITM, 165, 20250117, C, 0, 0, 0.0025, 226.69, 0.9296
20241218, SITM, 165, 20250117, P, 0, 0, 0.0025, 226.69, -0.0699
20241218, SITM, 170, 20250117, C, 0, 0, 0.0029, 226.69, 0.9185
20241218, SITM, 170, 20250117, P, 0, 0, 0.003, 226.69, -0.0811
20241218, SITM, 175, 20250117, C, 0, 0, 0.0034, 226.69, 0.9052
20241218, SITM, 175, 20250117, P, 0, 0, 0.0034, 226.69, -0.0944
20241218, SITM, 180, 20250117, C, 0, 0, 0.004, 226.69, 0.8894
20241218, SITM, 180, 20250117, P, 0, 5, 0.004, 226.69, -0.1103
20241218, SITM, 185, 20250117, C, 0, 0, 0.0047, 226.69, 0.8704
20241218, SITM, 185, 20250117, P, 0, 1, 0.0047, 226.69, -0.1294
20241218, SITM, 190, 20250117, C, 0, 0, 0.0054, 226.69, 0.8478
20241218, SITM, 190, 20250117, P, 0, 0, 0.0054, 226.69, -0.1522
20241218, SITM, 195, 20250117, C, 0, 2, 0.0062, 226.69, 0.8209
20241218, SITM, 195, 20250117, P, 0, 2, 0.0063, 226.69, -0.1792
20241218, SITM, 200, 20250117, C, 0, 0, 0.0072, 226.69, 0.789
20241218, SITM, 200, 20250117, P, 0, 9, 0.0072, 226.69, -0.2113
20241218, SITM, 210, 20250117, C, 0, 5, 0.009, 226.69, 0.7093
20241218, SITM, 210, 20250117, P, 0, 3, 0.009, 226.69, -0.2915
20241218, SITM, 220, 20250117, C, 0, 0, 0.0104, 226.69, 0.6103
20241218, SITM, 220, 20250117, P, 2, 5, 0.0105, 226.69, -0.3914
20241218, SITM, 230, 20250117, C, 0, 2, 0.011, 226.69, 0.5021
20241218, SITM, 230, 20250117, P, 1, 7, 0.0111, 226.69, -0.5005
20241218, SITM, 240, 20250117, C, 0, 10, 0.0105, 226.69, 0.3993
20241218, SITM, 240, 20250117, P, 0, 9, 0.0106, 226.69, -0.6044
20241218, SITM, 250, 20250117, C, 19, 15, 0.0094, 226.69, 0.3121
20241218, SITM, 250, 20250117, P, 0, 10, 0.0095, 226.69, -0.6927
20241218, SITM, 260, 20250117, C, 3, 5, 0.008, 226.69, 0.243
20241218, SITM, 260, 20250117, P, 0, 0, 0.0082, 226.69, -0.7628
20241218, SITM, 270, 20250117, C, 0, 189, 0.0067, 226.69, 0.1899
20241218, SITM, 270, 20250117, P, 0, 1, 0.0069, 226.69, -0.8168
20241218, SITM, 280, 20250117, C, 0, 2, 0.0056, 226.69, 0.1496
20241218, SITM, 280, 20250117, P, 0, 0, 0.0057, 226.69, -0.858
20241218, SITM, 290, 20250117, C, 0, 0, 0.0046, 226.69, 0.119
20241218, SITM, 290, 20250117, P, 0, 0, 0.0048, 226.69, -0.8895
20241218, SITM, 300, 20250117, C, 0, 1, 0.0038, 226.69, 0.0955
20241218, SITM, 300, 20250117, P, 0, 0, 0.004, 226.69, -0.9136
20241218, SITM, 310, 20250117, C, 0, 4, 0.0031, 226.69, 0.0774
20241218, SITM, 310, 20250117, P, 0, 0, 0.0033, 226.69, -0.9323
20241218, SITM, 320, 20250117, C, 1, 8, 0.0026, 226.69, 0.0633
20241218, SITM, 320, 20250117, P, 0, 0, 0.0028, 226.69, -0.9473
20241218, SITM, 330, 20250117, C, 0, 5, 0.0022, 226.69, 0.0522
20241218, SITM, 330, 20250117, P, 0, 0, 0.0024, 226.69, -0.9589
20241218, SITM, 340, 20250117, C, 0, 0, 0.0018, 226.69, 0.0434
20241218, SITM, 340, 20250117, P, 0, 0, 0.002, 226.69, -0.9687
20241218, SITM, 350, 20250117, C, 0, 7, 0.0016, 226.69, 0.0362
20241218, SITM, 350, 20250117, P, 0, 0, 0.0019, 226.69, -0.977
20241218, SITM, 55, 20250221, C, 0, 0, 0.0001, 226.69, 0.9986
20241218, SITM, 55, 20250221, P, 0, 72, 0.0001, 226.69, -0.0037
20241218, SITM, 60, 20250221, C, 0, 0, 0.0001, 226.69, 0.9979
20241218, SITM, 60, 20250221, P, 0, 1, 0.0001, 226.69, -0.0043
20241218, SITM, 65, 20250221, C, 0, 0, 0.0001, 226.69, 0.9971
20241218, SITM, 65, 20250221, P, 0, 1, 0.0001, 226.69, -0.0051
20241218, SITM, 70, 20250221, C, 0, 0, 0.0001, 226.69, 0.9962
20241218, SITM, 70, 20250221, P, 0, 4, 0.0001, 226.69, -0.006
20241218, SITM, 75, 20250221, C, 0, 0, 0.0002, 226.69, 0.9952
20241218, SITM, 75, 20250221, P, 0, 0, 0.0002, 226.69, -0.007
20241218, SITM, 80, 20250221, C, 0, 1, 0.0002, 226.69, 0.994
20241218, SITM, 80, 20250221, P, 0, 1, 0.0002, 226.69, -0.0083
20241218, SITM, 85, 20250221, C, 0, 0, 0.0002, 226.69, 0.9925
20241218, SITM, 85, 20250221, P, 0, 0, 0.0002, 226.69, -0.0097
20241218, SITM, 90, 20250221, C, 0, 45, 0.0003, 226.69, 0.9908
20241218, SITM, 90, 20250221, P, 0, 1, 0.0003, 226.69, -0.0114
20241218, SITM, 95, 20250221, C, 0, 0, 0.0003, 226.69, 0.9888
20241218, SITM, 95, 20250221, P, 0, 1, 0.0004, 226.69, -0.0134
20241218, SITM, 100, 20250221, C, 0, 0, 0.0004, 226.69, 0.9865
20241218, SITM, 100, 20250221, P, 0, 0, 0.0004, 226.69, -0.0158
20241218, SITM, 105, 20250221, C, 0, 1, 0.0005, 226.69, 0.9837
20241218, SITM, 105, 20250221, P, 0, 0, 0.0005, 226.69, -0.0186
20241218, SITM, 110, 20250221, C, 0, 2, 0.0006, 226.69, 0.9804
20241218, SITM, 110, 20250221, P, 0, 0, 0.0006, 226.69, -0.0218
20241218, SITM, 115, 20250221, C, 0, 0, 0.0007, 226.69, 0.9766
20241218, SITM, 115, 20250221, P, 0, 1, 0.0007, 226.69, -0.0257
20241218, SITM, 120, 20250221, C, 0, 40, 0.0008, 226.69, 0.9722
20241218, SITM, 120, 20250221, P, 0, 0, 0.0008, 226.69, -0.0302
20241218, SITM, 125, 20250221, C, 0, 6, 0.0009, 226.69, 0.9669
20241218, SITM, 125, 20250221, P, 0, 2, 0.0009, 226.69, -0.0354
20241218, SITM, 130, 20250221, C, 0, 1, 0.0011, 226.69, 0.9608
20241218, SITM, 130, 20250221, P, 0, 1, 0.0011, 226.69, -0.0416
20241218, SITM, 135, 20250221, C, 0, 1, 0.0012, 226.69, 0.9537
20241218, SITM, 135, 20250221, P, 0, 0, 0.0013, 226.69, -0.0487
20241218, SITM, 140, 20250221, C, 0, 1, 0.0014, 226.69, 0.9455
20241218, SITM, 140, 20250221, P, 0, 12, 0.0014, 226.69, -0.0569
20241218, SITM, 145, 20250221, C, 0, 2, 0.0017, 226.69, 0.9361
20241218, SITM, 145, 20250221, P, 0, 16, 0.0017, 226.69, -0.0664
20241218, SITM, 150, 20250221, C, 35, 35, 0.0019, 226.69, 0.9253
20241218, SITM, 150, 20250221, P, 0, 6, 0.0019, 226.69, -0.0773
20241218, SITM, 155, 20250221, C, 0, 10, 0.0022, 226.69, 0.913
20241218, SITM, 155, 20250221, P, 0, 1, 0.0022, 226.69, -0.0897
20241218, SITM, 160, 20250221, C, 0, 2, 0.0024, 226.69, 0.8991
20241218, SITM, 160, 20250221, P, 0, 7, 0.0025, 226.69, -0.1037
20241218, SITM, 165, 20250221, C, 0, 1, 0.0027, 226.69, 0.8835
20241218, SITM, 165, 20250221, P, 0, 0, 0.0028, 226.69, -0.1194
20241218, SITM, 170, 20250221, C, 0, 1, 0.0031, 226.69, 0.8662
20241218, SITM, 170, 20250221, P, 0, 0, 0.0031, 226.69, -0.1369
20241218, SITM, 175, 20250221, C, 0, 1, 0.0034, 226.69, 0.8471
20241218, SITM, 175, 20250221, P, 0, 0, 0.0034, 226.69, -0.1561
20241218, SITM, 180, 20250221, C, 0, 13, 0.0037, 226.69, 0.8263
20241218, SITM, 180, 20250221, P, 0, 0, 0.0037, 226.69, -0.1771
20241218, SITM, 185, 20250221, C, 0, 10, 0.004, 226.69, 0.8038
20241218, SITM, 185, 20250221, P, 0, 2, 0.0041, 226.69, -0.1999
20241218, SITM, 190, 20250221, C, 0, 10, 0.0043, 226.69, 0.7798
20241218, SITM, 190, 20250221, P, 0, 0, 0.0044, 226.69, -0.2241
20241218, SITM, 195, 20250221, C, 0, 1, 0.0046, 226.69, 0.7543
20241218, SITM, 195, 20250221, P, 0, 0, 0.0047, 226.69, -0.2499
20241218, SITM, 200, 20250221, C, 0, 29, 0.0049, 226.69, 0.7276
20241218, SITM, 200, 20250221, P, 0, 0, 0.005, 226.69, -0.2769
20241218, SITM, 210, 20250221, C, 0, 44, 0.0054, 226.69, 0.6714
20241218, SITM, 210, 20250221, P, 0, 1, 0.0054, 226.69, -0.3338
20241218, SITM, 220, 20250221, C, 0, 6, 0.0057, 226.69, 0.6131
20241218, SITM, 220, 20250221, P, 0, 2, 0.0058, 226.69, -0.393
20241218, SITM, 230, 20250221, C, 0, 31, 0.0059, 226.69, 0.5546
20241218, SITM, 230, 20250221, P, 0, 1, 0.006, 226.69, -0.4524
20241218, SITM, 240, 20250221, C, 0, 14, 0.006, 226.69, 0.4975
20241218, SITM, 240, 20250221, P, 0, 0, 0.0061, 226.69, -0.5106
20241218, SITM, 250, 20250221, C, 0, 1, 0.0059, 226.69, 0.4432
20241218, SITM, 250, 20250221, P, 0, 1, 0.006, 226.69, -0.566
20241218, SITM, 260, 20250221, C, 3, 17, 0.0057, 226.69, 0.3926
20241218, SITM, 260, 20250221, P, 1, 1, 0.0058, 226.69, -0.6178
20241218, SITM, 270, 20250221, C, 30, 175, 0.0054, 226.69, 0.3462
20241218, SITM, 270, 20250221, P, 0, 2, 0.0056, 226.69, -0.6656
20241218, SITM, 280, 20250221, C, 1, 1, 0.0051, 226.69, 0.3043
20241218, SITM, 280, 20250221, P, 0, 0, 0.0053, 226.69, -0.7089
20241218, SITM, 290, 20250221, C, 0, 1, 0.0048, 226.69, 0.2667
20241218, SITM, 290, 20250221, P, 0, 0, 0.005, 226.69, -0.7479
20241218, SITM, 300, 20250221, C, 0, 7, 0.0044, 226.69, 0.2333
20241218, SITM, 300, 20250221, P, 0, 0, 0.0046, 226.69, -0.7828
20241218, SITM, 310, 20250221, C, 0, 7, 0.0041, 226.69, 0.2039
20241218, SITM, 310, 20250221, P, 0, 0, 0.0043, 226.69, -0.8138
20241218, SITM, 320, 20250221, C, 0, 1, 0.0037, 226.69, 0.178
20241218, SITM, 320, 20250221, P, 0, 0, 0.004, 226.69, -0.8412
20241218, SITM, 330, 20250221, C, 0, 0, 0.0034, 226.69, 0.1554
20241218, SITM, 330, 20250221, P, 0, 0, 0.0036, 226.69, -0.8654
20241218, SITM, 340, 20250221, C, 0, 0, 0.0031, 226.69, 0.1356
20241218, SITM, 340, 20250221, P, 0, 0, 0.0033, 226.69, -0.8868
20241218, SITM, 350, 20250221, C, 0, 3, 0.0028, 226.69, 0.1184
20241218, SITM, 350, 20250221, P, 0, 0, 0.0031, 226.69, -0.9056
20241218, SITM, 360, 20250221, C, 0, 0, 0.0025, 226.69, 0.1034
20241218, SITM, 360, 20250221, P, 0, 0, 0.0028, 226.69, -0.9218
20241218, SITM, 370, 20250221, C, 1, 1, 0.0022, 226.69, 0.0904
20241218, SITM, 370, 20250221, P, 0, 0, 0.0026, 226.69, -0.9369
20241218, SITM, 380, 20250221, C, 0, 0, 0.002, 226.69, 0.0791
20241218, SITM, 380, 20250221, P, 0, 0, 0.0024, 226.69, -0.9496
20241218, SITM, 390, 20250221, C, 0, 1, 0.0018, 226.69, 0.0693
20241218, SITM, 390, 20250221, P, 0, 0, 0.0022, 226.69, -0.9609
20241218, SITM, 85, 20250516, C, 0, 0, 0.0003, 226.69, 0.9896
20241218, SITM, 85, 20250516, P, 0, 7, 0.0003, 226.69, -0.0143
20241218, SITM, 90, 20250516, C, 0, 0, 0.0004, 226.69, 0.9861
20241218, SITM, 90, 20250516, P, 0, 4, 0.0004, 226.69, -0.0178
20241218, SITM, 95, 20250516, C, 0, 0, 0.0005, 226.69, 0.982
20241218, SITM, 95, 20250516, P, 0, 12, 0.0005, 226.69, -0.0219
20241218, SITM, 100, 20250516, C, 0, 0, 0.0005, 226.69, 0.9773
20241218, SITM, 100, 20250516, P, 1, 11, 0.0006, 226.69, -0.0266
20241218, SITM, 105, 20250516, C, 0, 0, 0.0006, 226.69, 0.9718
20241218, SITM, 105, 20250516, P, 1, 1, 0.0006, 226.69, -0.0322
20241218, SITM, 110, 20250516, C, 0, 0, 0.0008, 226.69, 0.9656
20241218, SITM, 110, 20250516, P, 1, 1, 0.0008, 226.69, -0.0385
20241218, SITM, 115, 20250516, C, 0, 0, 0.0009, 226.69, 0.9585
20241218, SITM, 115, 20250516, P, 0, 0, 0.0009, 226.69, -0.0456
20241218, SITM, 120, 20250516, C, 0, 0, 0.001, 226.69, 0.9506
20241218, SITM, 120, 20250516, P, 0, 12, 0.001, 226.69, -0.0536
20241218, SITM, 125, 20250516, C, 0, 1, 0.0011, 226.69, 0.9418
20241218, SITM, 125, 20250516, P, 0, 18, 0.0012, 226.69, -0.0625
20241218, SITM, 130, 20250516, C, 0, 1, 0.0013, 226.69, 0.9321
20241218, SITM, 130, 20250516, P, 1, 8, 0.0013, 226.69, -0.0723
20241218, SITM, 135, 20250516, C, 0, 0, 0.0014, 226.69, 0.9214
20241218, SITM, 135, 20250516, P, 0, 0, 0.0015, 226.69, -0.0831
20241218, SITM, 140, 20250516, C, 0, 3, 0.0016, 226.69, 0.9099
20241218, SITM, 140, 20250516, P, 0, 0, 0.0016, 226.69, -0.0948
20241218, SITM, 145, 20250516, C, 0, 0, 0.0018, 226.69, 0.8974
20241218, SITM, 145, 20250516, P, 0, 0, 0.0018, 226.69, -0.1074
20241218, SITM, 150, 20250516, C, 0, 86, 0.0019, 226.69, 0.8841
20241218, SITM, 150, 20250516, P, 0, 1, 0.002, 226.69, -0.1209
20241218, SITM, 155, 20250516, C, 0, 0, 0.0021, 226.69, 0.8699
20241218, SITM, 155, 20250516, P, 0, 0, 0.0021, 226.69, -0.1353
20241218, SITM, 160, 20250516, C, 0, 0, 0.0023, 226.69, 0.8549
20241218, SITM, 160, 20250516, P, 0, 0, 0.0023, 226.69, -0.1505
20241218, SITM, 165, 20250516, C, 0, 2, 0.0024, 226.69, 0.8392
20241218, SITM, 165, 20250516, P, 0, 0, 0.0025, 226.69, -0.1665
20241218, SITM, 170, 20250516, C, 0, 0, 0.0026, 226.69, 0.8228
20241218, SITM, 170, 20250516, P, 0, 0, 0.0026, 226.69, -0.1832
20241218, SITM, 175, 20250516, C, 0, 1, 0.0027, 226.69, 0.8057
20241218, SITM, 175, 20250516, P, 0, 0, 0.0028, 226.69, -0.2005
20241218, SITM, 180, 20250516, C, 0, 200, 0.0029, 226.69, 0.7881
20241218, SITM, 180, 20250516, P, 0, 6, 0.003, 226.69, -0.2185
20241218, SITM, 185, 20250516, C, 0, 0, 0.003, 226.69, 0.77
20241218, SITM, 185, 20250516, P, 0, 0, 0.0031, 226.69, -0.2369
20241218, SITM, 190, 20250516, C, 0, 1, 0.0032, 226.69, 0.7515
20241218, SITM, 190, 20250516, P, 0, 0, 0.0032, 226.69, -0.2558
20241218, SITM, 195, 20250516, C, 0, 1, 0.0033, 226.69, 0.7326
20241218, SITM, 195, 20250516, P, 0, 0, 0.0034, 226.69, -0.2751
20241218, SITM, 200, 20250516, C, 0, 200, 0.0034, 226.69, 0.7135
20241218, SITM, 200, 20250516, P, 0, 1, 0.0035, 226.69, -0.2946
20241218, SITM, 210, 20250516, C, 0, 2, 0.0036, 226.69, 0.6748
20241218, SITM, 210, 20250516, P, 0, 0, 0.0037, 226.69, -0.3343
20241218, SITM, 220, 20250516, C, 0, 1, 0.0038, 226.69, 0.6359
20241218, SITM, 220, 20250516, P, 0, 1, 0.0039, 226.69, -0.3742
20241218, SITM, 230, 20250516, C, 0, 11, 0.0039, 226.69, 0.5972
20241218, SITM, 230, 20250516, P, 0, 0, 0.004, 226.69, -0.4141
20241218, SITM, 240, 20250516, C, 0, 6, 0.004, 226.69, 0.5593
20241218, SITM, 240, 20250516, P, 0, 1, 0.0041, 226.69, -0.4533
20241218, SITM, 250, 20250516, C, 2, 6, 0.004, 226.69, 0.5224
20241218, SITM, 250, 20250516, P, 0, 0, 0.0042, 226.69, -0.4915
20241218, SITM, 260, 20250516, C, 0, 0, 0.004, 226.69, 0.4868
20241218, SITM, 260, 20250516, P, 0, 1, 0.0042, 226.69, -0.5285
20241218, SITM, 270, 20250516, C, 0, 5, 0.004, 226.69, 0.4528
20241218, SITM, 270, 20250516, P, 0, 0, 0.0042, 226.69, -0.5641
20241218, SITM, 280, 20250516, C, 0, 0, 0.0039, 226.69, 0.4204
20241218, SITM, 280, 20250516, P, 0, 0, 0.0041, 226.69, -0.5981
20241218, SITM, 290, 20250516, C, 0, 2, 0.0038, 226.69, 0.3898
20241218, SITM, 290, 20250516, P, 0, 2, 0.0041, 226.69, -0.6305
20241218, SITM, 300, 20250516, C, 0, 10, 0.0038, 226.69, 0.361
20241218, SITM, 300, 20250516, P, 0, 3, 0.004, 226.69, -0.661
20241218, SITM, 310, 20250516, C, 0, 1, 0.0036, 226.69, 0.3341
20241218, SITM, 310, 20250516, P, 0, 1, 0.0039, 226.69, -0.69
20241218, SITM, 320, 20250516, C, 0, 0, 0.0035, 226.69, 0.3088
20241218, SITM, 320, 20250516, P, 0, 0, 0.0038, 226.69, -0.7171
20241218, SITM, 330, 20250516, C, 0, 0, 0.0034, 226.69, 0.2854
20241218, SITM, 330, 20250516, P, 0, 0, 0.0037, 226.69, -0.7426
20241218, SITM, 340, 20250516, C, 0, 0, 0.0032, 226.69, 0.2636
20241218, SITM, 340, 20250516, P, 0, 0, 0.0036, 226.69, -0.7665
20241218, SITM, 350, 20250516, C, 1, 1, 0.0031, 226.69, 0.2434
20241218, SITM, 350, 20250516, P, 0, 0, 0.0035, 226.69, -0.7889
20241218, SITM, 360, 20250516, C, 1, 1, 0.003, 226.69, 0.2247
20241218, SITM, 360, 20250516, P, 0, 0, 0.0033, 226.69, -0.8098
20241218, SITM, 370, 20250516, C, 0, 0, 0.0028, 226.69, 0.2074
20241218, SITM, 370, 20250516, P, 0, 0, 0.0032, 226.69, -0.8293
20241218, SITM, 380, 20250516, C, 0, 0, 0.0027, 226.69, 0.1914
20241218, SITM, 380, 20250516, P, 0, 0, 0.0031, 226.69, -0.8477
20241218, SITM, 390, 20250516, C, 0, 0, 0.0026, 226.69, 0.1768
20241218, SITM, 390, 20250516, P, 0, 0, 0.003, 226.69, -0.8646
20241218, SITM, 155, 20250815, C, 0, 0, 0, 226.69, 0
20241218, SITM, 155, 20250815, P, 0, 0, 0, 226.69, 0
20241218, SITM, 160, 20250815, C, 0, 0, 0, 226.69, 0
20241218, SITM, 160, 20250815, P, 0, 0, 0, 226.69, 0
20241218, SITM, 165, 20250815, C, 0, 0, 0, 226.69, 0
20241218, SITM, 165, 20250815, P, 0, 0, 0, 226.69, 0
20241218, SITM, 170, 20250815, C, 0, 0, 0, 226.69, 0
20241218, SITM, 170, 20250815, P, 0, 0, 0, 226.69, 0
20241218, SITM, 175, 20250815, C, 0, 0, 0, 226.69, 0
20241218, SITM, 175, 20250815, P, 0, 0, 0, 226.69, 0
20241218, SITM, 180, 20250815, C, 0, 0, 0, 226.69, 0
20241218, SITM, 180, 20250815, P, 0, 0, 0, 226.69, 0
20241218, SITM, 185, 20250815, C, 0, 0, 0, 226.69, 0
20241218, SITM, 185, 20250815, P, 0, 0, 0, 226.69, 0
20241218, SITM, 190, 20250815, C, 0, 0, 0, 226.69, 0
20241218, SITM, 190, 20250815, P, 0, 0, 0, 226.69, 0
20241218, SITM, 195, 20250815, C, 0, 0, 0, 226.69, 0
20241218, SITM, 195, 20250815, P, 0, 0, 0, 226.69, 0
20241218, SITM, 200, 20250815, C, 0, 0, 0, 226.69, 0
20241218, SITM, 200, 20250815, P, 0, 0, 0, 226.69, 0
20241218, SITM, 210, 20250815, C, 0, 0, 0, 226.69, 0
20241218, SITM, 210, 20250815, P, 0, 0, 0, 226.69, 0
20241218, SITM, 220, 20250815, C, 0, 0, 0, 226.69, 0
20241218, SITM, 220, 20250815, P, 0, 0, 0, 226.69, 0
20241218, SITM, 230, 20250815, C, 0, 0, 0, 226.69, 0
20241218, SITM, 230, 20250815, P, 0, 0, 0, 226.69, 0
20241218, SITM, 240, 20250815, C, 0, 0, 0, 226.69, 0
20241218, SITM, 240, 20250815, P, 0, 0, 0, 226.69, 0
20241218, SITM, 250, 20250815, C, 0, 0, 0, 226.69, 0
20241218, SITM, 250, 20250815, P, 0, 0, 0, 226.69, 0
20241218, SITM, 260, 20250815, C, 0, 0, 0, 226.69, 0
20241218, SITM, 260, 20250815, P, 0, 0, 0, 226.69, 0
20241218, SITM, 270, 20250815, C, 0, 0, 0, 226.69, 0
20241218, SITM, 270, 20250815, P, 0, 0, 0, 226.69, 0
20241218, SITM, 280, 20250815, C, 0, 0, 0, 226.69, 0
20241218, SITM, 280, 20250815, P, 0, 0, 0, 226.69, 0
20241218, SITM, 290, 20250815, C, 0, 0, 0, 226.69, 0
20241218, SITM, 290, 20250815, P, 0, 0, 0, 226.69, 0
20241218, SITM, 300, 20250815, C, 0, 0, 0, 226.69, 0
20241218, SITM, 300, 20250815, P, 0, 0, 0, 226.69, 0
20241218, SITM, 310, 20250815, C, 0, 0, 0, 226.69, 0
20241218, SITM, 310, 20250815, P, 0, 0, 0, 226.69, 0
20241218, SITM, 320, 20250815, C, 0, 0, 0, 226.69, 0
20241218, SITM, 320, 20250815, P, 0, 0, 0, 226.69, 0
20241218, SITM, 330, 20250815, C, 0, 0, 0, 226.69, 0
20241218, SITM, 330, 20250815, P, 0, 0, 0, 226.69, 0
20241218, SITM, 340, 20250815, C, 0, 0, 0, 226.69, 0
20241218, SITM, 340, 20250815, P, 0, 0, 0, 226.69, 0
20241218, SITM, 350, 20250815, C, 0, 0, 0, 226.69, 0
20241218, SITM, 350, 20250815, P, 0, 0, 0, 226.69, 0
20241218, SITM, 360, 20250815, C, 0, 0, 0, 226.69, 0
20241218, SITM, 360, 20250815, P, 0, 0, 0, 226.69, 0
20241218, SITM, 370, 20250815, C, 0, 0, 0, 226.69, 0
20241218, SITM, 370, 20250815, P, 0, 0, 0, 226.69, 0
20241226, SITM, 115, 20250117, C, 0, 0, 0.0003, 225.6, 0.9916
20241226, SITM, 115, 20250117, P, 0, 1, 0.0003, 225.6, -0.0078
20241226, SITM, 120, 20250117, C, 0, 0, 0.0004, 225.6, 0.9904
20241226, SITM, 120, 20250117, P, 0, 2, 0.0004, 225.6, -0.0091
20241226, SITM, 125, 20250117, C, 0, 0, 0.0004, 225.6, 0.9889
20241226, SITM, 125, 20250117, P, 0, 0, 0.0004, 225.6, -0.0106
20241226, SITM, 130, 20250117, C, 0, 0, 0.0005, 225.6, 0.987
20241226, SITM, 130, 20250117, P, 0, 0, 0.0005, 225.6, -0.0124
20241226, SITM, 135, 20250117, C, 0, 0, 0.0006, 225.6, 0.9849
20241226, SITM, 135, 20250117, P, 0, 0, 0.0006, 225.6, -0.0146
20241226, SITM, 140, 20250117, C, 0, 0, 0.0008, 225.6, 0.9822
20241226, SITM, 140, 20250117, P, 0, 0, 0.0008, 225.6, -0.0173
20241226, SITM, 145, 20250117, C, 0, 0, 0.001, 225.6, 0.979
20241226, SITM, 145, 20250117, P, 0, 0, 0.001, 225.6, -0.0205
20241226, SITM, 150, 20250117, C, 0, 0, 0.0012, 225.6, 0.9751
20241226, SITM, 150, 20250117, P, 0, 1, 0.0012, 225.6, -0.0244
20241226, SITM, 155, 20250117, C, 0, 0, 0.0014, 225.6, 0.9703
20241226, SITM, 155, 20250117, P, 0, 0, 0.0014, 225.6, -0.0292
20241226, SITM, 160, 20250117, C, 0, 0, 0.0017, 225.6, 0.9643
20241226, SITM, 160, 20250117, P, 0, 0, 0.0017, 225.6, -0.0352
20241226, SITM, 165, 20250117, C, 0, 1, 0.0021, 225.6, 0.9569
20241226, SITM, 165, 20250117, P, 0, 0, 0.0021, 225.6, -0.0427
20241226, SITM, 170, 20250117, C, 0, 0, 0.0025, 225.6, 0.9477
20241226, SITM, 170, 20250117, P, 0, 1, 0.0025, 225.6, -0.0519
20241226, SITM, 175, 20250117, C, 0, 0, 0.0031, 225.6, 0.9363
20241226, SITM, 175, 20250117, P, 0, 1, 0.0031, 225.6, -0.0634
20241226, SITM, 180, 20250117, C, 0, 0, 0.0038, 225.6, 0.9219
20241226, SITM, 180, 20250117, P, 0, 5, 0.0038, 225.6, -0.0778
20241226, SITM, 185, 20250117, C, 0, 0, 0.0046, 225.6, 0.9039
20241226, SITM, 185, 20250117, P, 0, 1, 0.0046, 225.6, -0.0958
20241226, SITM, 190, 20250117, C, 0, 1, 0.0056, 225.6, 0.8814
20241226, SITM, 190, 20250117, P, 0, 2, 0.0056, 225.6, -0.1185
20241226, SITM, 195, 20250117, C, 0, 2, 0.0067, 225.6, 0.8536
20241226, SITM, 195, 20250117, P, 0, 2, 0.0067, 225.6, -0.1466
20241226, SITM, 200, 20250117, C, 0, 1, 0.008, 225.6, 0.8192
20241226, SITM, 200, 20250117, P, 0, 10, 0.008, 225.6, -0.1811
20241226, SITM, 210, 20250117, C, 0, 8, 0.0107, 225.6, 0.7283
20241226, SITM, 210, 20250117, P, 0, 3, 0.0108, 225.6, -0.2726
20241226, SITM, 220, 20250117, C, 1, 1, 0.0129, 225.6, 0.6087
20241226, SITM, 220, 20250117, P, 0, 6, 0.013, 225.6, -0.393
20241226, SITM, 230, 20250117, C, 0, 4, 0.0137, 225.6, 0.4741
20241226, SITM, 230, 20250117, P, 0, 7, 0.0138, 225.6, -0.5288
20241226, SITM, 240, 20250117, C, 5, 25, 0.0127, 225.6, 0.3469
20241226, SITM, 240, 20250117, P, 0, 9, 0.0128, 225.6, -0.6573
20241226, SITM, 250, 20250117, C, 0, 4, 0.0106, 225.6, 0.2436
20241226, SITM, 250, 20250117, P, 0, 10, 0.0107, 225.6, -0.7619
20241226, SITM, 260, 20250117, C, 0, 5, 0.0082, 225.6, 0.1676
20241226, SITM, 260, 20250117, P, 0, 0, 0.0084, 225.6, -0.8392
20241226, SITM, 270, 20250117, C, 0, 188, 0.0062, 225.6, 0.1149
20241226, SITM, 270, 20250117, P, 0, 1, 0.0064, 225.6, -0.8932
20241226, SITM, 280, 20250117, C, 0, 2, 0.0045, 225.6, 0.079
20241226, SITM, 280, 20250117, P, 0, 0, 0.0047, 225.6, -0.93
20241226, SITM, 290, 20250117, C, 0, 0, 0.0033, 225.6, 0.0549
20241226, SITM, 290, 20250117, P, 0, 0, 0.0034, 225.6, -0.9548
20241226, SITM, 300, 20250117, C, 0, 1, 0.0024, 225.6, 0.0385
20241226, SITM, 300, 20250117, P, 0, 0, 0.003, 225.6, -0.9729
20241226, SITM, 310, 20250117, C, 0, 4, 0.0018, 225.6, 0.0273
20241226, SITM, 310, 20250117, P, 0, 0, 0.0023, 225.6, -0.9864
20241226, SITM, 320, 20250117, C, 15, 23, 0.0013, 225.6, 0.0196
20241226, SITM, 320, 20250117, P, 0, 0, 0.0014, 225.6, -0.9954
20241226, SITM, 330, 20250117, C, 0, 5, 0.001, 225.6, 0.0142
20241226, SITM, 330, 20250117, P, 0, 0, 0.0003, 225.6, -0.9991
20241226, SITM, 340, 20250117, C, 0, 0, 0.0007, 225.6, 0.0104
20241226, SITM, 340, 20250117, P, 0, 0, 0, 225.6, -1
20241226, SITM, 350, 20250117, C, 0, 7, 0.0005, 225.6, 0.0077
20241226, SITM, 350, 20250117, P, 0, 0, 0, 225.6, -1
20241226, SITM, 55, 20250221, C, 0, 0, 0, 225.6, 1
20241226, SITM, 55, 20250221, P, 0, 72, 0, 225.6, -0.0004
20241226, SITM, 60, 20250221, C, 0, 0, 0, 225.6, 1
20241226, SITM, 60, 20250221, P, 0, 1, 0, 225.6, -0.0006
20241226, SITM, 65, 20250221, C, 0, 0, 0, 225.6, 1
20241226, SITM, 65, 20250221, P, 0, 1, 0, 225.6, -0.0008
20241226, SITM, 70, 20250221, C, 0, 0, 0, 225.6, 1
20241226, SITM, 70, 20250221, P, 0, 4, 0, 225.6, -0.0011
20241226, SITM, 75, 20250221, C, 0, 0, 0, 225.6, 1
20241226, SITM, 75, 20250221, P, 0, 0, 0, 225.6, -0.0014
20241226, SITM, 80, 20250221, C, 0, 1, 0.0001, 225.6, 1
20241226, SITM, 80, 20250221, P, 0, 1, 0.0001, 225.6, -0.002
20241226, SITM, 85, 20250221, C, 0, 0, 0.0001, 225.6, 1
20241226, SITM, 85, 20250221, P, 0, 0, 0.0001, 225.6, -0.0027
20241226, SITM, 90, 20250221, C, 0, 45, 0.0001, 225.6, 0.9998
20241226, SITM, 90, 20250221, P, 0, 1, 0.0001, 225.6, -0.0036
20241226, SITM, 95, 20250221, C, 0, 0, 0.0002, 225.6, 0.9986
20241226, SITM, 95, 20250221, P, 0, 1, 0.0002, 225.6, -0.0047
20241226, SITM, 100, 20250221, C, 0, 0, 0.0002, 225.6, 0.9972
20241226, SITM, 100, 20250221, P, 0, 0, 0.0002, 225.6, -0.0062
20241226, SITM, 105, 20250221, C, 0, 1, 0.0003, 225.6, 0.9953
20241226, SITM, 105, 20250221, P, 0, 0, 0.0003, 225.6, -0.0081
20241226, SITM, 110, 20250221, C, 0, 2, 0.0004, 225.6, 0.9929
20241226, SITM, 110, 20250221, P, 0, 0, 0.0004, 225.6, -0.0105
20241226, SITM, 115, 20250221, C, 0, 0, 0.0005, 225.6, 0.99
20241226, SITM, 115, 20250221, P, 0, 1, 0.0005, 225.6, -0.0134
20241226, SITM, 120, 20250221, C, 0, 40, 0.0006, 225.6, 0.9863
20241226, SITM, 120, 20250221, P, 0, 0, 0.0006, 225.6, -0.0171
20241226, SITM, 125, 20250221, C, 0, 6, 0.0007, 225.6, 0.9818
20241226, SITM, 125, 20250221, P, 0, 2, 0.0007, 225.6, -0.0216
20241226, SITM, 130, 20250221, C, 0, 1, 0.0009, 225.6, 0.9763
20241226, SITM, 130, 20250221, P, 0, 1, 0.0009, 225.6, -0.0272
20241226, SITM, 135, 20250221, C, 0, 1, 0.0011, 225.6, 0.9697
20241226, SITM, 135, 20250221, P, 0, 0, 0.0011, 225.6, -0.0338
20241226, SITM, 140, 20250221, C, 0, 1, 0.0013, 225.6, 0.9618
20241226, SITM, 140, 20250221, P, 0, 12, 0.0013, 225.6, -0.0417
20241226, SITM, 145, 20250221, C, 0, 2, 0.0015, 225.6, 0.9525
20241226, SITM, 145, 20250221, P, 0, 16, 0.0015, 225.6, -0.0511
20241226, SITM, 150, 20250221, C, 10, 50, 0.0018, 225.6, 0.9416
20241226, SITM, 150, 20250221, P, 0, 6, 0.0018, 225.6, -0.0621
20241226, SITM, 155, 20250221, C, 0, 10, 0.0021, 225.6, 0.929
20241226, SITM, 155, 20250221, P, 0, 1, 0.0021, 225.6, -0.0748
20241226, SITM, 160, 20250221, C, 0, 2, 0.0024, 225.6, 0.9145
20241226, SITM, 160, 20250221, P, 0, 7, 0.0024, 225.6, -0.0893
20241226, SITM, 165, 20250221, C, 0, 1, 0.0028, 225.6, 0.8982
20241226, SITM, 165, 20250221, P, 0, 2, 0.0028, 225.6, -0.1057
20241226, SITM, 170, 20250221, C, 0, 1, 0.0031, 225.6, 0.8799
20241226, SITM, 170, 20250221, P, 0, 2, 0.0032, 225.6, -0.1242
20241226, SITM, 175, 20250221, C, 0, 1, 0.0035, 225.6, 0.8596
20241226, SITM, 175, 20250221, P, 0, 0, 0.0035, 225.6, -0.1446
20241226, SITM, 180, 20250221, C, 0, 13, 0.0039, 225.6, 0.8374
20241226, SITM, 180, 20250221, P, 0, 0, 0.0039, 225.6, -0.167
20241226, SITM, 185, 20250221, C, 0, 10, 0.0042, 225.6, 0.8134
20241226, SITM, 185, 20250221, P, 4, 6, 0.0043, 225.6, -0.1912
20241226, SITM, 190, 20250221, C, 0, 10, 0.0046, 225.6, 0.7877
20241226, SITM, 190, 20250221, P, 0, 0, 0.0047, 225.6, -0.2174
20241226, SITM, 195, 20250221, C, 0, 1, 0.005, 225.6, 0.7604
20241226, SITM, 195, 20250221, P, 0, 0, 0.005, 225.6, -0.245
20241226, SITM, 200, 20250221, C, 0, 29, 0.0053, 225.6, 0.7317
20241226, SITM, 200, 20250221, P, 0, 0, 0.0053, 225.6, -0.274
20241226, SITM, 210, 20250221, C, 0, 44, 0.0058, 225.6, 0.6713
20241226, SITM, 210, 20250221, P, 0, 2, 0.0059, 225.6, -0.3352
20241226, SITM, 220, 20250221, C, 0, 6, 0.0062, 225.6, 0.6085
20241226, SITM, 220, 20250221, P, 0, 2, 0.0063, 225.6, -0.399
20241226, SITM, 230, 20250221, C, 1, 32, 0.0064, 225.6, 0.5453
20241226, SITM, 230, 20250221, P, 0, 1, 0.0065, 225.6, -0.4633
20241226, SITM, 240, 20250221, C, 2, 17, 0.0064, 225.6, 0.4836
20241226, SITM, 240, 20250221, P, 0, 0, 0.0066, 225.6, -0.5262
20241226, SITM, 250, 20250221, C, 0, 1, 0.0063, 225.6, 0.425
20241226, SITM, 250, 20250221, P, 0, 1, 0.0065, 225.6, -0.5861
20241226, SITM, 260, 20250221, C, 0, 19, 0.0061, 225.6, 0.3705
20241226, SITM, 260, 20250221, P, 0, 1, 0.0063, 225.6, -0.6421
20241226, SITM, 270, 20250221, C, 0, 145, 0.0057, 225.6, 0.3209
20241226, SITM, 270, 20250221, P, 0, 2, 0.0059, 225.6, -0.6932
20241226, SITM, 280, 20250221, C, 37, 48, 0.0053, 225.6, 0.2766
20241226, SITM, 280, 20250221, P, 0, 0, 0.0056, 225.6, -0.7394
20241226, SITM, 290, 20250221, C, 0, 1, 0.0049, 225.6, 0.2372
20241226, SITM, 290, 20250221, P, 0, 0, 0.0052, 225.6, -0.7806
20241226, SITM, 300, 20250221, C, 1, 13, 0.0045, 225.6, 0.2027
20241226, SITM, 300, 20250221, P, 0, 0, 0.0047, 225.6, -0.8168
20241226, SITM, 310, 20250221, C, 0, 7, 0.004, 225.6, 0.1727
20241226, SITM, 310, 20250221, P, 0, 0, 0.0043, 225.6, -0.8486
20241226, SITM, 320, 20250221, C, 0, 2, 0.0036, 225.6, 0.147
20241226, SITM, 320, 20250221, P, 0, 0, 0.0039, 225.6, -0.8764
20241226, SITM, 330, 20250221, C, 0, 0, 0.0032, 225.6, 0.1249
20241226, SITM, 330, 20250221, P, 0, 0, 0.0035, 225.6, -0.9002
20241226, SITM, 340, 20250221, C, 0, 0, 0.0028, 225.6, 0.106
20241226, SITM, 340, 20250221, P, 0, 0, 0.0031, 225.6, -0.921
20241226, SITM, 350, 20250221, C, 0, 3, 0.0025, 225.6, 0.09
20241226, SITM, 350, 20250221, P, 0, 0, 0.0028, 225.6, -0.9386
20241226, SITM, 360, 20250221, C, 0, 0, 0.0022, 225.6, 0.0764
20241226, SITM, 360, 20250221, P, 0, 0, 0.0024, 225.6, -0.9533
20241226, SITM, 370, 20250221, C, 0, 2, 0.0019, 225.6, 0.0649
20241226, SITM, 370, 20250221, P, 0, 0, 0.0026, 225.6, -0.9689
20241226, SITM, 380, 20250221, C, 0, 0, 0.0017, 225.6, 0.0552
20241226, SITM, 380, 20250221, P, 0, 0, 0.0026, 225.6, -0.9804
20241226, SITM, 390, 20250221, C, 0, 5, 0.0015, 225.6, 0.047
20241226, SITM, 390, 20250221, P, 0, 0, 0.0016, 225.6, -0.99
20241226, SITM, 85, 20250516, C, 0, 0, 0.0003, 225.6, 0.9916
20241226, SITM, 85, 20250516, P, 0, 10, 0.0003, 225.6, -0.013
20241226, SITM, 90, 20250516, C, 0, 0, 0.0004, 225.6, 0.9883
20241226, SITM, 90, 20250516, P, 0, 7, 0.0004, 225.6, -0.0163
20241226, SITM, 95, 20250516, C, 0, 0, 0.0004, 225.6, 0.9844
20241226, SITM, 95, 20250516, P, 0, 15, 0.0004, 225.6, -0.0202
20241226, SITM, 100, 20250516, C, 0, 0, 0.0005, 225.6, 0.9799
20241226, SITM, 100, 20250516, P, 0, 11, 0.0005, 225.6, -0.0247
20241226, SITM, 105, 20250516, C, 0, 0, 0.0006, 225.6, 0.9746
20241226, SITM, 105, 20250516, P, 1, 5, 0.0006, 225.6, -0.03
20241226, SITM, 110, 20250516, C, 0, 0, 0.0007, 225.6, 0.9686
20241226, SITM, 110, 20250516, P, 1, 4, 0.0007, 225.6, -0.0361
20241226, SITM, 115, 20250516, C, 0, 0, 0.0009, 225.6, 0.9617
20241226, SITM, 115, 20250516, P, 1, 1, 0.0009, 225.6, -0.043
20241226, SITM, 120, 20250516, C, 0, 0, 0.001, 225.6, 0.954
20241226, SITM, 120, 20250516, P, 0, 12, 0.001, 225.6, -0.0508
20241226, SITM, 125, 20250516, C, 0, 1, 0.0011, 225.6, 0.9453
20241226, SITM, 125, 20250516, P, 0, 18, 0.0012, 225.6, -0.0596
20241226, SITM, 130, 20250516, C, 0, 1, 0.0013, 225.6, 0.9357
20241226, SITM, 130, 20250516, P, 0, 9, 0.0013, 225.6, -0.0694
20241226, SITM, 135, 20250516, C, 0, 0, 0.0014, 225.6, 0.9251
20241226, SITM, 135, 20250516, P, 0, 0, 0.0015, 225.6, -0.0801
20241226, SITM, 140, 20250516, C, 0, 3, 0.0016, 225.6, 0.9136
20241226, SITM, 140, 20250516, P, 0, 0, 0.0016, 225.6, -0.0918
20241226, SITM, 145, 20250516, C, 0, 0, 0.0018, 225.6, 0.9011
20241226, SITM, 145, 20250516, P, 0, 0, 0.0018, 225.6, -0.1045
20241226, SITM, 150, 20250516, C, 0, 86, 0.002, 225.6, 0.8876
20241226, SITM, 150, 20250516, P, 0, 1, 0.002, 225.6, -0.1181
20241226, SITM, 155, 20250516, C, 0, 0, 0.0021, 225.6, 0.8733
20241226, SITM, 155, 20250516, P, 0, 0, 0.0022, 225.6, -0.1326
20241226, SITM, 160, 20250516, C, 0, 0, 0.0023, 225.6, 0.858
20241226, SITM, 160, 20250516, P, 0, 0, 0.0024, 225.6, -0.1481
20241226, SITM, 165, 20250516, C, 0, 2, 0.0025, 225.6, 0.842
20241226, SITM, 165, 20250516, P, 0, 0, 0.0025, 225.6, -0.1643
20241226, SITM, 170, 20250516, C, 0, 0, 0.0027, 225.6, 0.8252
20241226, SITM, 170, 20250516, P, 0, 0, 0.0027, 225.6, -0.1815
20241226, SITM, 175, 20250516, C, 0, 2, 0.0028, 225.6, 0.8077
20241226, SITM, 175, 20250516, P, 0, 0, 0.0029, 225.6, -0.1993
20241226, SITM, 180, 20250516, C, 0, 106, 0.003, 225.6, 0.7896
20241226, SITM, 180, 20250516, P, 0, 6, 0.0031, 225.6, -0.2178
20241226, SITM, 185, 20250516, C, 0, 0, 0.0032, 225.6, 0.7709
20241226, SITM, 185, 20250516, P, 0, 0, 0.0032, 225.6, -0.2368
20241226, SITM, 190, 20250516, C, 0, 1, 0.0033, 225.6, 0.7517
20241226, SITM, 190, 20250516, P, 0, 0, 0.0034, 225.6, -0.2564
20241226, SITM, 195, 20250516, C, 0, 1, 0.0034, 225.6, 0.7321
20241226, SITM, 195, 20250516, P, 0, 0, 0.0035, 225.6, -0.2762
20241226, SITM, 200, 20250516, C, 0, 124, 0.0036, 225.6, 0.7123
20241226, SITM, 200, 20250516, P, 0, 1, 0.0036, 225.6, -0.2965
20241226, SITM, 210, 20250516, C, 0, 2, 0.0038, 225.6, 0.6719
20241226, SITM, 210, 20250516, P, 0, 0, 0.0039, 225.6, -0.338
20241226, SITM, 220, 20250516, C, 0, 1, 0.004, 225.6, 0.6312
20241226, SITM, 220, 20250516, P, 0, 3, 0.0041, 225.6, -0.3798
20241226, SITM, 230, 20250516, C, 0, 11, 0.0041, 225.6, 0.5908
20241226, SITM, 230, 20250516, P, 0, 0, 0.0042, 225.6, -0.4215
20241226, SITM, 240, 20250516, C, 0, 8, 0.0042, 225.6, 0.551
20241226, SITM, 240, 20250516, P, 0, 1, 0.0043, 225.6, -0.4625
20241226, SITM, 250, 20250516, C, 0, 16, 0.0042, 225.6, 0.5124
20241226, SITM, 250, 20250516, P, 0, 0, 0.0044, 225.6, -0.5028
20241226, SITM, 260, 20250516, C, 0, 0, 0.0042, 225.6, 0.4751
20241226, SITM, 260, 20250516, P, 0, 1, 0.0044, 225.6, -0.5417
20241226, SITM, 270, 20250516, C, 0, 5, 0.0042, 225.6, 0.4394
20241226, SITM, 270, 20250516, P, 0, 0, 0.0044, 225.6, -0.579
20241226, SITM, 280, 20250516, C, 0, 0, 0.0041, 225.6, 0.4056
20241226, SITM, 280, 20250516, P, 0, 0, 0.0043, 225.6, -0.6146
20241226, SITM, 290, 20250516, C, 0, 2, 0.004, 225.6, 0.3735
20241226, SITM, 290, 20250516, P, 0, 2, 0.0042, 225.6, -0.6484
20241226, SITM, 300, 20250516, C, 0, 10, 0.0039, 225.6, 0.3437
20241226, SITM, 300, 20250516, P, 0, 3, 0.0041, 225.6, -0.6803
20241226, SITM, 310, 20250516, C, 0, 1, 0.0037, 225.6, 0.3158
20241226, SITM, 310, 20250516, P, 0, 1, 0.004, 225.6, -0.7103
20241226, SITM, 320, 20250516, C, 0, 0, 0.0036, 225.6, 0.2898
20241226, SITM, 320, 20250516, P, 0, 0, 0.0039, 225.6, -0.7383
20241226, SITM, 330, 20250516, C, 0, 0, 0.0034, 225.6, 0.2658
20241226, SITM, 330, 20250516, P, 0, 0, 0.0038, 225.6, -0.7647
20241226, SITM, 340, 20250516, C, 0, 0, 0.0033, 225.6, 0.2435
20241226, SITM, 340, 20250516, P, 0, 0, 0.0036, 225.6, -0.7892
20241226, SITM, 350, 20250516, C, 0, 1, 0.0031, 225.6, 0.223
20241226, SITM, 350, 20250516, P, 0, 0, 0.0035, 225.6, -0.812
20241226, SITM, 360, 20250516, C, 0, 1, 0.003, 225.6, 0.204
20241226, SITM, 360, 20250516, P, 0, 0, 0.0034, 225.6, -0.8334
20241226, SITM, 370, 20250516, C, 0, 0, 0.0028, 225.6, 0.1869
20241226, SITM, 370, 20250516, P, 0, 0, 0.0032, 225.6, -0.8532
20241226, SITM, 380, 20250516, C, 0, 0, 0.0026, 225.6, 0.171
20241226, SITM, 380, 20250516, P, 0, 0, 0.0031, 225.6, -0.8714
20241226, SITM, 390, 20250516, C, 0, 0, 0.0025, 225.6, 0.1564
20241226, SITM, 390, 20250516, P, 0, 0, 0.003, 225.6, -0.8887
20241226, SITM, 110, 20250815, C, 0, 0, 0.0009, 225.6, 0.9471
20241226, SITM, 110, 20250815, P, 0, 0, 0.0009, 225.6, -0.0574
20241226, SITM, 115, 20250815, C, 0, 0, 0.001, 225.6, 0.9387
20241226, SITM, 115, 20250815, P, 0, 0, 0.001, 225.6, -0.0659
20241226, SITM, 120, 20250815, C, 0, 0, 0.0011, 225.6, 0.9296
20241226, SITM, 120, 20250815, P, 0, 0, 0.0011, 225.6, -0.0751
20241226, SITM, 125, 20250815, C, 0, 0, 0.0012, 225.6, 0.9199
20241226, SITM, 125, 20250815, P, 0, 0, 0.0012, 225.6, -0.085
20241226, SITM, 130, 20250815, C, 0, 0, 0.0013, 225.6, 0.9095
20241226, SITM, 130, 20250815, P, 0, 0, 0.0013, 225.6, -0.0955
20241226, SITM, 135, 20250815, C, 0, 0, 0.0014, 225.6, 0.8985
20241226, SITM, 135, 20250815, P, 0, 0, 0.0015, 225.6, -0.1066
20241226, SITM, 140, 20250815, C, 0, 0, 0.0016, 225.6, 0.8869
20241226, SITM, 140, 20250815, P, 0, 0, 0.0016, 225.6, -0.1185
20241226, SITM, 145, 20250815, C, 0, 0, 0.0017, 225.6, 0.8747
20241226, SITM, 145, 20250815, P, 0, 0, 0.0017, 225.6, -0.1309
20241226, SITM, 150, 20250815, C, 0, 0, 0.0018, 225.6, 0.862
20241226, SITM, 150, 20250815, P, 0, 0, 0.0018, 225.6, -0.1438
20241226, SITM, 155, 20250815, C, 0, 2, 0.0019, 225.6, 0.8488
20241226, SITM, 155, 20250815, P, 0, 0, 0.002, 225.6, -0.1573
20241226, SITM, 160, 20250815, C, 0, 0, 0.002, 225.6, 0.8351
20241226, SITM, 160, 20250815, P, 0, 0, 0.0021, 225.6, -0.1715
20241226, SITM, 165, 20250815, C, 0, 0, 0.0021, 225.6, 0.821
20241226, SITM, 165, 20250815, P, 0, 0, 0.0022, 225.6, -0.1857
20241226, SITM, 170, 20250815, C, 0, 0, 0.0022, 225.6, 0.8066
20241226, SITM, 170, 20250815, P, 0, 0, 0.0023, 225.6, -0.2008
20241226, SITM, 175, 20250815, C, 0, 0, 0.0024, 225.6, 0.7918
20241226, SITM, 175, 20250815, P, 0, 0, 0.0024, 225.6, -0.2159
20241226, SITM, 180, 20250815, C, 0, 0, 0.0025, 225.6, 0.7767
20241226, SITM, 180, 20250815, P, 0, 0, 0.0025, 225.6, -0.2315
20241226, SITM, 185, 20250815, C, 0, 0, 0.0026, 225.6, 0.7614
20241226, SITM, 185, 20250815, P, 0, 0, 0.0026, 225.6, -0.2473
20241226, SITM, 190, 20250815, C, 0, 0, 0.0026, 225.6, 0.7459
20241226, SITM, 190, 20250815, P, 0, 0, 0.0027, 225.6, -0.2631
20241226, SITM, 195, 20250815, C, 0, 0, 0.0027, 225.6, 0.7302
20241226, SITM, 195, 20250815, P, 0, 0, 0.0028, 225.6, -0.2793
20241226, SITM, 200, 20250815, C, 0, 0, 0.0028, 225.6, 0.7144
20241226, SITM, 200, 20250815, P, 0, 0, 0.0029, 225.6, -0.2956
20241226, SITM, 210, 20250815, C, 0, 0, 0.003, 225.6, 0.6828
20241226, SITM, 210, 20250815, P, 0, 0, 0.0031, 225.6, -0.3285
20241226, SITM, 220, 20250815, C, 0, 0, 0.0031, 225.6, 0.651
20241226, SITM, 220, 20250815, P, 0, 0, 0.0032, 225.6, -0.3614
20241226, SITM, 230, 20250815, C, 0, 0, 0.0032, 225.6, 0.6197
20241226, SITM, 230, 20250815, P, 0, 0, 0.0033, 225.6, -0.3944
20241226, SITM, 240, 20250815, C, 0, 0, 0.0032, 225.6, 0.5888
20241226, SITM, 240, 20250815, P, 0, 0, 0.0034, 225.6, -0.4267
20241226, SITM, 250, 20250815, C, 0, 0, 0.0033, 225.6, 0.5583
20241226, SITM, 250, 20250815, P, 0, 0, 0.0035, 225.6, -0.4585
20241226, SITM, 260, 20250815, C, 0, 0, 0.0033, 225.6, 0.5291
20241226, SITM, 260, 20250815, P, 0, 0, 0.0035, 225.6, -0.4896
20241226, SITM, 270, 20250815, C, 0, 0, 0.0033, 225.6, 0.5005
20241226, SITM, 270, 20250815, P, 0, 0, 0.0036, 225.6, -0.5199
20241226, SITM, 280, 20250815, C, 0, 0, 0.0033, 225.6, 0.4729
20241226, SITM, 280, 20250815, P, 0, 0, 0.0036, 225.6, -0.5494
20241226, SITM, 290, 20250815, C, 0, 0, 0.0033, 225.6, 0.4467
20241226, SITM, 290, 20250815, P, 0, 0, 0.0036, 225.6, -0.5777
20241226, SITM, 300, 20250815, C, 0, 0, 0.0033, 225.6, 0.4214
20241226, SITM, 300, 20250815, P, 0, 0, 0.0036, 225.6, -0.605
20241226, SITM, 310, 20250815, C, 0, 0, 0.0032, 225.6, 0.3974
20241226, SITM, 310, 20250815, P, 0, 0, 0.0035, 225.6, -0.6315
20241226, SITM, 320, 20250815, C, 0, 0, 0.0032, 225.6, 0.3744
20241226, SITM, 320, 20250815, P, 0, 0, 0.0035, 225.6, -0.6566
20241226, SITM, 330, 20250815, C, 0, 0, 0.0031, 225.6, 0.3527
20241226, SITM, 330, 20250815, P, 0, 0, 0.0034, 225.6, -0.6807
20241226, SITM, 340, 20250815, C, 0, 0, 0.003, 225.6, 0.3319
20241226, SITM, 340, 20250815, P, 0, 0, 0.0034, 225.6, -0.7038
20241226, SITM, 350, 20250815, C, 0, 0, 0.003, 225.6, 0.3126
20241226, SITM, 350, 20250815, P, 0, 0, 0.0034, 225.6, -0.7258
20241226, SITM, 360, 20250815, C, 0, 0, 0.0029, 225.6, 0.2942
20241226, SITM, 360, 20250815, P, 0, 0, 0.0033, 225.6, -0.7468
20241226, SITM, 370, 20250815, C, 0, 0, 0.0028, 225.6, 0.2766
20241226, SITM, 370, 20250815, P, 0, 0, 0.0032, 225.6, -0.7669
