20241219, SRE, 35, 20241220, C, 0, 0, 0, 85.9, 1
20241219, SRE, 35, 20241220, P, 0, 16, 0, 85.9, 0
20241219, SRE, 40, 20241220, C, 0, 0, 0, 85.9, 1
20241219, SRE, 40, 20241220, P, 0, 48, 0, 85.9, 0
20241219, SRE, 45, 20241220, C, 0, 0, 0, 85.9, 1
20241219, SRE, 45, 20241220, P, 0, 30, 0, 85.9, 0
20241219, SRE, 50, 20241220, C, 0, 0, 0, 85.9, 1
20241219, SRE, 50, 20241220, P, 0, 46, 0, 85.9, 0
20241219, SRE, 55, 20241220, C, 0, 1, 0, 85.9, 1
20241219, SRE, 55, 20241220, P, 0, 195, 0, 85.9, 0
20241219, SRE, 60, 20241220, C, 0, 0, 0, 85.9, 1
20241219, SRE, 60, 20241220, P, 0, 856, 0, 85.9, 0
20241219, SRE, 65, 20241220, C, 0, 3, 0, 85.9, 1
20241219, SRE, 65, 20241220, P, 0, 137, 0, 85.9, 0
20241219, SRE, 70, 20241220, C, 0, 11, 0, 85.9, 1
20241219, SRE, 70, 20241220, P, 0, 808, 0, 85.9, 0
20241219, SRE, 75, 20241220, C, 0, 7, 0.0001, 85.9, 1
20241219, SRE, 75, 20241220, P, 0, 638, 0.0001, 85.9, -0.0001
20241219, SRE, 80, 20241220, C, 100, 116, 0.0025, 85.9, 0.9985
20241219, SRE, 80, 20241220, P, 0, 314, 0.0026, 85.9, -0.0017
20241219, SRE, 85, 20241220, C, 3, 35, 0.25, 85.9, 0.813
20241219, SRE, 85, 20241220, P, 51, 1133, 0.2505, 85.9, -0.1873
20241219, SRE, 90, 20241220, C, 32, 738, 0.0138, 85.9, 0.0084
20241219, SRE, 90, 20241220, P, 34, 85, 0.005, 85.9, -0.9983
20241219, SRE, 95, 20241220, C, 0, 420, 0.0003, 85.9, 0.0002
20241219, SRE, 95, 20241220, P, 0, 0, 0, 85.9, -1
20241219, SRE, 100, 20241220, C, 0, 30, 0, 85.9, 0
20241219, SRE, 100, 20241220, P, 0, 0, 0, 85.9, -1
20241219, SRE, 105, 20241220, C, 0, 0, 0, 85.9, 0
20241219, SRE, 105, 20241220, P, 0, 0, 0, 85.9, -1
20241219, SRE, 110, 20241220, C, 0, 0, 0, 85.9, 0
20241219, SRE, 110, 20241220, P, 0, 0, 0, 85.9, -1
20241219, SRE, 115, 20241220, C, 0, 0, 0, 85.9, 0
20241219, SRE, 115, 20241220, P, 0, 0, 0, 85.9, -1
20241219, SRE, 120, 20241220, C, 0, 0, 0, 85.9, 0
20241219, SRE, 120, 20241220, P, 0, 0, 0, 85.9, -1
20241219, SRE, 125, 20241220, C, 0, 0, 0, 85.9, 0
20241219, SRE, 125, 20241220, P, 0, 0, 0, 85.9, -1
20241219, SRE, 40, 20250117, C, 0, 0, 0.0002, 85.9, 1
20241219, SRE, 40, 20250117, P, 0, 0, 0.0002, 85.9, -0.0012
20241219, SRE, 45, 20250117, C, 0, 0, 0.0002, 85.9, 0.9999
20241219, SRE, 45, 20250117, P, 0, 0, 0.0002, 85.9, -0.0015
20241219, SRE, 50, 20250117, C, 0, 0, 0.0004, 85.9, 0.9994
20241219, SRE, 50, 20250117, P, 0, 0, 0.0004, 85.9, -0.002
20241219, SRE, 55, 20250117, C, 0, 0, 0.0006, 85.9, 0.9986
20241219, SRE, 55, 20250117, P, 0, 0, 0.0006, 85.9, -0.0028
20241219, SRE, 60, 20250117, C, 0, 0, 0.0011, 85.9, 0.9968
20241219, SRE, 60, 20250117, P, 0, 12, 0.0011, 85.9, -0.0046
20241219, SRE, 65, 20250117, C, 0, 2, 0.0022, 85.9, 0.993
20241219, SRE, 65, 20250117, P, 16, 101, 0.0022, 85.9, -0.0084
20241219, SRE, 70, 20250117, C, 0, 0, 0.005, 85.9, 0.9835
20241219, SRE, 70, 20250117, P, 0, 242, 0.005, 85.9, -0.0181
20241219, SRE, 75, 20250117, C, 0, 24, 0.013, 85.9, 0.956
20241219, SRE, 75, 20250117, P, 0, 155, 0.0132, 85.9, -0.0461
20241219, SRE, 80, 20250117, C, 11, 124, 0.0352, 85.9, 0.8673
20241219, SRE, 80, 20250117, P, 1, 133, 0.036, 85.9, -0.1368
20241219, SRE, 85, 20250117, C, 6, 571, 0.0724, 85.9, 0.6159
20241219, SRE, 85, 20250117, P, 0, 129, 0.0752, 85.9, -0.3969
20241219, SRE, 90, 20250117, C, 32, 1022, 0.0638, 85.9, 0.249
20241219, SRE, 90, 20250117, P, 4, 175, 0.0707, 85.9, -0.7887
20241219, SRE, 95, 20250117, C, 6, 254, 0.0226, 85.9, 0.0573
20241219, SRE, 95, 20250117, P, 4, 4, 0, 85.9, -1
20241219, SRE, 100, 20250117, C, 0, 1187, 0.005, 85.9, 0.0102
20241219, SRE, 100, 20250117, P, 0, 0, 0, 85.9, -1
20241219, SRE, 105, 20250117, C, 0, 2, 0.001, 85.9, 0.0017
20241219, SRE, 105, 20250117, P, 0, 0, 0, 85.9, -1
20241219, SRE, 110, 20250117, C, 0, 0, 0.0002, 85.9, 0.0003
20241219, SRE, 110, 20250117, P, 0, 0, 0, 85.9, -1
20241219, SRE, 115, 20250117, C, 0, 0, 0, 85.9, 0
20241219, SRE, 115, 20250117, P, 0, 0, 0, 85.9, -1
20241219, SRE, 45, 20250221, C, 0, 0, 0.0019, 85.9, 0.9724
20241219, SRE, 45, 20250221, P, 0, 0, 0.0019, 85.9, -0.0262
20241219, SRE, 50, 20250221, C, 0, 0, 0.0025, 85.9, 0.9681
20241219, SRE, 50, 20250221, P, 0, 0, 0.0025, 85.9, -0.0305
20241219, SRE, 55, 20250221, C, 0, 0, 0.0034, 85.9, 0.9623
20241219, SRE, 55, 20250221, P, 0, 0, 0.0034, 85.9, -0.0363
20241219, SRE, 60, 20250221, C, 0, 0, 0.0047, 85.9, 0.9541
20241219, SRE, 60, 20250221, P, 0, 0, 0.0048, 85.9, -0.0446
20241219, SRE, 65, 20250221, C, 0, 0, 0.0069, 85.9, 0.9416
20241219, SRE, 65, 20250221, P, 0, 0, 0.007, 85.9, -0.0572
20241219, SRE, 70, 20250221, C, 0, 0, 0.0107, 85.9, 0.9208
20241219, SRE, 70, 20250221, P, 0, 0, 0.0108, 85.9, -0.0783
20241219, SRE, 75, 20250221, C, 0, 0, 0.018, 85.9, 0.8818
20241219, SRE, 75, 20250221, P, 0, 0, 0.0183, 85.9, -0.118
20241219, SRE, 80, 20250221, C, 0, 0, 0.0328, 85.9, 0.7964
20241219, SRE, 80, 20250221, P, 57, 0, 0.0335, 85.9, -0.2054
20241219, SRE, 85, 20250221, C, 0, 0, 0.0528, 85.9, 0.5982
20241219, SRE, 85, 20250221, P, 2, 0, 0.0549, 85.9, -0.4108
20241219, SRE, 90, 20250221, C, 2, 0, 0.047, 85.9, 0.3505
20241219, SRE, 90, 20250221, P, 0, 0, 0.0504, 85.9, -0.6703
20241219, SRE, 95, 20250221, C, 2, 0, 0.031, 85.9, 0.2048
20241219, SRE, 95, 20250221, P, 0, 0, 0.0346, 85.9, -0.8241
20241219, SRE, 100, 20250221, C, 0, 0, 0.0201, 85.9, 0.1279
20241219, SRE, 100, 20250221, P, 0, 0, 0.0231, 85.9, -0.9062
20241219, SRE, 105, 20250221, C, 0, 0, 0.0134, 85.9, 0.084
20241219, SRE, 105, 20250221, P, 0, 0, 0.016, 85.9, -0.9535
20241219, SRE, 110, 20250221, C, 0, 0, 0.0092, 85.9, 0.0571
20241219, SRE, 110, 20250221, P, 0, 0, 0.0136, 85.9, -0.9848
20241219, SRE, 115, 20250221, C, 0, 0, 0.0064, 85.9, 0.0398
20241219, SRE, 115, 20250221, P, 0, 0, 0.0007, 85.9, -0.9991
20241219, SRE, 120, 20250221, C, 0, 0, 0.0046, 85.9, 0.0283
20241219, SRE, 120, 20250221, P, 0, 0, 0, 85.9, -1
20241219, SRE, 125, 20250221, C, 0, 0, 0.0033, 85.9, 0.0205
20241219, SRE, 125, 20250221, P, 0, 0, 0, 85.9, -1
20241219, SRE, 130, 20250221, C, 0, 0, 0.0024, 85.9, 0.0149
20241219, SRE, 130, 20250221, P, 0, 0, 0, 85.9, -1
20241219, SRE, 40, 20250417, C, 0, 0, 0.0007, 85.9, 0.9942
20241219, SRE, 40, 20250417, P, 0, 0, 0.0009, 85.9, -0.0098
20241219, SRE, 45, 20250417, C, 0, 0, 0.001, 85.9, 0.9926
20241219, SRE, 45, 20250417, P, 0, 0, 0.0012, 85.9, -0.0118
20241219, SRE, 50, 20250417, C, 0, 1, 0.0014, 85.9, 0.99
20241219, SRE, 50, 20250417, P, 0, 0, 0.0016, 85.9, -0.015
20241219, SRE, 55, 20250417, C, 0, 0, 0.0021, 85.9, 0.9853
20241219, SRE, 55, 20250417, P, 0, 0, 0.0025, 85.9, -0.0206
20241219, SRE, 60, 20250417, C, 0, 0, 0.0034, 85.9, 0.9768
20241219, SRE, 60, 20250417, P, 0, 0, 0.0039, 85.9, -0.0304
20241219, SRE, 65, 20250417, C, 0, 5, 0.0058, 85.9, 0.961
20241219, SRE, 65, 20250417, P, 0, 287, 0.0064, 85.9, -0.0481
20241219, SRE, 70, 20250417, C, 0, 7, 0.0103, 85.9, 0.9304
20241219, SRE, 70, 20250417, P, 0, 285, 0.011, 85.9, -0.0814
20241219, SRE, 75, 20250417, C, 0, 27, 0.0178, 85.9, 0.8709
20241219, SRE, 75, 20250417, P, 0, 56, 0.0185, 85.9, -0.144
20241219, SRE, 80, 20250417, C, 1, 86, 0.0282, 85.9, 0.7638
20241219, SRE, 80, 20250417, P, 0, 48, 0.0289, 85.9, -0.2543
20241219, SRE, 85, 20250417, C, 64, 142, 0.0376, 85.9, 0.6004
20241219, SRE, 85, 20250417, P, 1, 301, 0.0381, 85.9, -0.4204
20241219, SRE, 90, 20250417, C, 5, 400, 0.0393, 85.9, 0.4067
20241219, SRE, 90, 20250417, P, 13, 315, 0.0401, 85.9, -0.6168
20241219, SRE, 95, 20250417, C, 0, 480, 0.0317, 85.9, 0.2349
20241219, SRE, 95, 20250417, P, 1, 165, 0.0376, 85.9, -0.8039
20241219, SRE, 100, 20250417, C, 1, 821, 0.0205, 85.9, 0.1178
20241219, SRE, 100, 20250417, P, 0, 0, 0.0321, 85.9, -0.9721
20241219, SRE, 105, 20250417, C, 0, 144, 0.0111, 85.9, 0.0528
20241219, SRE, 105, 20250417, P, 0, 0, 0, 85.9, -1
20241219, SRE, 110, 20250417, C, 0, 1, 0.0053, 85.9, 0.0218
20241219, SRE, 110, 20250417, P, 0, 0, 0, 85.9, -1
20241219, SRE, 115, 20250417, C, 0, 0, 0.0023, 85.9, 0.0084
20241219, SRE, 115, 20250417, P, 0, 0, 0, 85.9, -1
20241219, SRE, 50, 20250718, C, 0, 0, 0.0016, 85.9, 0.9861
20241219, SRE, 50, 20250718, P, 0, 0, 0.0019, 85.9, -0.0183
20241219, SRE, 55, 20250718, C, 0, 0, 0.0026, 85.9, 0.9785
20241219, SRE, 55, 20250718, P, 0, 0, 0.0029, 85.9, -0.027
20241219, SRE, 60, 20250718, C, 0, 0, 0.0042, 85.9, 0.9651
20241219, SRE, 60, 20250718, P, 0, 0, 0.0046, 85.9, -0.0419
20241219, SRE, 65, 20250718, C, 0, 1, 0.0068, 85.9, 0.9415
20241219, SRE, 65, 20250718, P, 0, 0, 0.0074, 85.9, -0.0674
20241219, SRE, 70, 20250718, C, 0, 0, 0.011, 85.9, 0.9009
20241219, SRE, 70, 20250718, P, 0, 0, 0.0117, 85.9, -0.1109
20241219, SRE, 75, 20250718, C, 0, 20, 0.0168, 85.9, 0.8341
20241219, SRE, 75, 20250718, P, 0, 0, 0.0175, 85.9, -0.1808
20241219, SRE, 80, 20250718, C, 0, 7, 0.0234, 85.9, 0.7346
20241219, SRE, 80, 20250718, P, 0, 20, 0.0241, 85.9, -0.2839
20241219, SRE, 85, 20250718, C, 3, 15, 0.0287, 85.9, 0.6041
20241219, SRE, 85, 20250718, P, 0, 50, 0.0297, 85.9, -0.419
20241219, SRE, 90, 20250718, C, 0, 27, 0.0305, 85.9, 0.4575
20241219, SRE, 90, 20250718, P, 0, 18, 0.0319, 85.9, -0.5723
20241219, SRE, 95, 20250718, C, 4, 849, 0.028, 85.9, 0.3172
20241219, SRE, 95, 20250718, P, 0, 14, 0.0303, 85.9, -0.7225
20241219, SRE, 100, 20250718, C, 0, 538, 0.0225, 85.9, 0.2017
20241219, SRE, 100, 20250718, P, 0, 0, 0.0312, 85.9, -0.8649
20241219, SRE, 105, 20250718, C, 0, 23, 0.016, 85.9, 0.1186
20241219, SRE, 105, 20250718, P, 0, 0, 0.0071, 85.9, -0.9921
20241219, SRE, 110, 20250718, C, 0, 17, 0.0103, 85.9, 0.0655
20241219, SRE, 110, 20250718, P, 0, 0, 0, 85.9, -1
20241219, SRE, 115, 20250718, C, 0, 0, 0.0061, 85.9, 0.0337
20241219, SRE, 115, 20250718, P, 0, 0, 0, 85.9, -1
20241219, SRE, 120, 20250718, C, 0, 0, 0.0034, 85.9, 0.0166
20241219, SRE, 120, 20250718, P, 0, 0, 0, 85.9, -1
20241219, SRE, 125, 20250718, C, 0, 0, 0.0018, 85.9, 0.0078
20241219, SRE, 125, 20250718, P, 0, 0, 0, 85.9, -1
20241219, SRE, 130, 20250718, C, 0, 0, 0.0009, 85.9, 0.0036
20241219, SRE, 130, 20250718, P, 0, 0, 0, 85.9, -1
20241219, SRE, 135, 20250718, C, 0, 4, 0.0004, 85.9, 0.0016
20241219, SRE, 135, 20250718, P, 0, 0, 0, 85.9, -1
20241219, SRE, 40, 20251219, C, 0, 0, 0.0005, 85.9, 0.9964
20241219, SRE, 40, 20251219, P, 0, 0, 0.0009, 85.9, -0.01
20241219, SRE, 45, 20251219, C, 0, 0, 0.0011, 85.9, 0.9908
20241219, SRE, 45, 20251219, P, 0, 0, 0.0014, 85.9, -0.0153
20241219, SRE, 50, 20251219, C, 0, 0, 0.0019, 85.9, 0.983
20241219, SRE, 50, 20251219, P, 0, 0, 0.0022, 85.9, -0.0239
20241219, SRE, 55, 20251219, C, 0, 0, 0.0031, 85.9, 0.9701
20241219, SRE, 55, 20251219, P, 0, 0, 0.0035, 85.9, -0.0377
20241219, SRE, 60, 20251219, C, 0, 12, 0.005, 85.9, 0.9491
20241219, SRE, 60, 20251219, P, 0, 20, 0.0054, 85.9, -0.0598
20241219, SRE, 65, 20251219, C, 0, 8, 0.0077, 85.9, 0.917
20241219, SRE, 65, 20251219, P, 0, 40, 0.008, 85.9, -0.0932
20241219, SRE, 70, 20251219, C, 1, 9, 0.0111, 85.9, 0.8698
20241219, SRE, 70, 20251219, P, 0, 15, 0.0115, 85.9, -0.1427
20241219, SRE, 75, 20251219, C, 1, 48, 0.0152, 85.9, 0.8034
20241219, SRE, 75, 20251219, P, 0, 13, 0.0157, 85.9, -0.2117
20241219, SRE, 80, 20251219, C, 0, 107, 0.0194, 85.9, 0.7171
20241219, SRE, 80, 20251219, P, 0, 117, 0.02, 85.9, -0.3013
20241219, SRE, 85, 20251219, C, 0, 77, 0.0228, 85.9, 0.6127
20241219, SRE, 85, 20251219, P, 0, 84, 0.0239, 85.9, -0.4108
20241219, SRE, 90, 20251219, C, 1, 125, 0.0247, 85.9, 0.497
20241219, SRE, 90, 20251219, P, 0, 7, 0.0267, 85.9, -0.5361
20241219, SRE, 95, 20251219, C, 0, 107, 0.0244, 85.9, 0.3796
20241219, SRE, 95, 20251219, P, 0, 8, 0.0275, 85.9, -0.6694
20241219, SRE, 100, 20251219, C, 0, 51, 0.022, 85.9, 0.2716
20241219, SRE, 100, 20251219, P, 0, 0, 0.0293, 85.9, -0.8056
20241219, SRE, 105, 20251219, C, 5, 20, 0.018, 85.9, 0.1809
20241219, SRE, 105, 20251219, P, 0, 0, 0.0264, 85.9, -0.9648
20241219, SRE, 110, 20251219, C, 0, 42, 0.0133, 85.9, 0.1118
20241219, SRE, 110, 20251219, P, 0, 0, 0, 85.9, -1
20241219, SRE, 115, 20251219, C, 0, 109, 0.009, 85.9, 0.064
20241219, SRE, 115, 20251219, P, 0, 0, 0, 85.9, -1
20241219, SRE, 120, 20251219, C, 0, 3, 0.0055, 85.9, 0.034
20241219, SRE, 120, 20251219, P, 0, 0, 0, 85.9, -1
20241223, SRE, 40, 20250117, C, 0, 0, 0.0005, 86.63, 0.9957
20241223, SRE, 40, 20250117, P, 0, 0, 0.0005, 86.63, -0.0044
20241223, SRE, 45, 20250117, C, 0, 0, 0.0006, 86.63, 0.995
20241223, SRE, 45, 20250117, P, 0, 0, 0.0006, 86.63, -0.0051
20241223, SRE, 50, 20250117, C, 0, 0, 0.0009, 86.63, 0.9938
20241223, SRE, 50, 20250117, P, 0, 0, 0.0009, 86.63, -0.0062
20241223, SRE, 55, 20250117, C, 0, 0, 0.0013, 86.63, 0.9921
20241223, SRE, 55, 20250117, P, 0, 0, 0.0013, 86.63, -0.008
20241223, SRE, 60, 20250117, C, 0, 0, 0.002, 86.63, 0.9893
20241223, SRE, 60, 20250117, P, 0, 12, 0.002, 86.63, -0.0108
20241223, SRE, 65, 20250117, C, 0, 2, 0.0033, 86.63, 0.9843
20241223, SRE, 65, 20250117, P, 0, 101, 0.0033, 86.63, -0.0159
20241223, SRE, 70, 20250117, C, 0, 0, 0.006, 86.63, 0.9743
20241223, SRE, 70, 20250117, P, 0, 242, 0.0061, 86.63, -0.026
20241223, SRE, 75, 20250117, C, 0, 24, 0.0127, 86.63, 0.9514
20241223, SRE, 75, 20250117, P, 1, 159, 0.0128, 86.63, -0.0492
20241223, SRE, 80, 20250117, C, 0, 115, 0.0312, 86.63, 0.8872
20241223, SRE, 80, 20250117, P, 0, 133, 0.0318, 86.63, -0.1148
20241223, SRE, 85, 20250117, C, 1, 560, 0.0769, 86.63, 0.6722
20241223, SRE, 85, 20250117, P, 0, 129, 0.0789, 86.63, -0.3347
20241223, SRE, 90, 20250117, C, 19, 992, 0.0736, 86.63, 0.2566
20241223, SRE, 90, 20250117, P, 0, 165, 0.0788, 86.63, -0.7688
20241223, SRE, 95, 20250117, C, 0, 253, 0.0257, 86.63, 0.066
20241223, SRE, 95, 20250117, P, 0, 2, 0.0309, 86.63, -0.9766
20241223, SRE, 100, 20250117, C, 0, 1187, 0.008, 86.63, 0.019
20241223, SRE, 100, 20250117, P, 0, 0, 0, 86.63, -1
20241223, SRE, 105, 20250117, C, 0, 2, 0.0027, 86.63, 0.0062
20241223, SRE, 105, 20250117, P, 0, 0, 0, 86.63, -1
20241223, SRE, 110, 20250117, C, 0, 0, 0.001, 86.63, 0.0022
20241223, SRE, 110, 20250117, P, 0, 0, 0, 86.63, -1
20241223, SRE, 115, 20250117, C, 0, 0, 0.0004, 86.63, 0.0008
20241223, SRE, 115, 20250117, P, 0, 0, 0, 86.63, -1
20241223, SRE, 45, 20250221, C, 0, 0, 0.0012, 86.63, 0.9876
20241223, SRE, 45, 20250221, P, 0, 0, 0.0012, 86.63, -0.0122
20241223, SRE, 50, 20250221, C, 0, 0, 0.0016, 86.63, 0.9851
20241223, SRE, 50, 20250221, P, 0, 0, 0.0016, 86.63, -0.0147
20241223, SRE, 55, 20250221, C, 0, 0, 0.0022, 86.63, 0.9814
20241223, SRE, 55, 20250221, P, 0, 0, 0.0022, 86.63, -0.0185
20241223, SRE, 60, 20250221, C, 0, 0, 0.0033, 86.63, 0.9755
20241223, SRE, 60, 20250221, P, 0, 0, 0.0033, 86.63, -0.0244
20241223, SRE, 65, 20250221, C, 0, 0, 0.0052, 86.63, 0.9656
20241223, SRE, 65, 20250221, P, 0, 0, 0.0052, 86.63, -0.0345
20241223, SRE, 70, 20250221, C, 0, 0, 0.0087, 86.63, 0.9474
20241223, SRE, 70, 20250221, P, 0, 0, 0.0088, 86.63, -0.0528
20241223, SRE, 75, 20250221, C, 0, 0, 0.0158, 86.63, 0.9108
20241223, SRE, 75, 20250221, P, 0, 0, 0.016, 86.63, -0.0901
20241223, SRE, 80, 20250221, C, 0, 0, 0.0302, 86.63, 0.8288
20241223, SRE, 80, 20250221, P, 48, 57, 0.031, 86.63, -0.1741
20241223, SRE, 85, 20250221, C, 0, 0, 0.0526, 86.63, 0.6437
20241223, SRE, 85, 20250221, P, 5, 15, 0.0548, 86.63, -0.3663
20241223, SRE, 90, 20250221, C, 0, 9, 0.0561, 86.63, 0.3618
20241223, SRE, 90, 20250221, P, 0, 0, 0.0615, 86.63, -0.6673
20241223, SRE, 95, 20250221, C, 0, 6, 0.0345, 86.63, 0.1592
20241223, SRE, 95, 20250221, P, 0, 0, 0.042, 86.63, -0.8958
20241223, SRE, 100, 20250221, C, 0, 0, 0.0171, 86.63, 0.0675
20241223, SRE, 100, 20250221, P, 0, 0, 0.0076, 86.63, -0.9948
20241223, SRE, 105, 20250221, C, 0, 0, 0.0081, 86.63, 0.0296
20241223, SRE, 105, 20250221, P, 0, 0, 0, 86.63, -1
20241223, SRE, 110, 20250221, C, 0, 0, 0.0039, 86.63, 0.0134
20241223, SRE, 110, 20250221, P, 0, 0, 0, 86.63, -1
20241223, SRE, 115, 20250221, C, 0, 0, 0.0019, 86.63, 0.0063
20241223, SRE, 115, 20250221, P, 0, 0, 0, 86.63, -1
20241223, SRE, 120, 20250221, C, 0, 0, 0.0009, 86.63, 0.0031
20241223, SRE, 120, 20250221, P, 0, 0, 0, 86.63, -1
20241223, SRE, 125, 20250221, C, 0, 0, 0.0005, 86.63, 0.0015
20241223, SRE, 125, 20250221, P, 0, 0, 0, 86.63, -1
20241223, SRE, 130, 20250221, C, 0, 0, 0.0002, 86.63, 0.0008
20241223, SRE, 130, 20250221, P, 0, 0, 0, 86.63, -1
20241223, SRE, 40, 20250417, C, 0, 0, 0.0008, 86.63, 0.9921
20241223, SRE, 40, 20250417, P, 0, 0, 0.0009, 86.63, -0.0116
20241223, SRE, 45, 20250417, C, 0, 0, 0.001, 86.63, 0.9903
20241223, SRE, 45, 20250417, P, 0, 0, 0.0013, 86.63, -0.0138
20241223, SRE, 50, 20250417, C, 0, 1, 0.0015, 86.63, 0.9875
20241223, SRE, 50, 20250417, P, 0, 0, 0.0018, 86.63, -0.0172
20241223, SRE, 55, 20250417, C, 0, 0, 0.0022, 86.63, 0.9828
20241223, SRE, 55, 20250417, P, 0, 0, 0.0026, 86.63, -0.0227
20241223, SRE, 60, 20250417, C, 0, 0, 0.0034, 86.63, 0.9749
20241223, SRE, 60, 20250417, P, 0, 0, 0.0039, 86.63, -0.032
20241223, SRE, 65, 20250417, C, 1, 5, 0.0056, 86.63, 0.9606
20241223, SRE, 65, 20250417, P, 0, 287, 0.0062, 86.63, -0.0481
20241223, SRE, 70, 20250417, C, 0, 7, 0.0096, 86.63, 0.9336
20241223, SRE, 70, 20250417, P, 0, 285, 0.0104, 86.63, -0.0777
20241223, SRE, 75, 20250417, C, 0, 29, 0.0166, 86.63, 0.8817
20241223, SRE, 75, 20250417, P, 0, 56, 0.0174, 86.63, -0.1331
20241223, SRE, 80, 20250417, C, 0, 107, 0.0272, 86.63, 0.7847
20241223, SRE, 80, 20250417, P, 0, 48, 0.0278, 86.63, -0.2331
20241223, SRE, 85, 20250417, C, 0, 206, 0.0382, 86.63, 0.6254
20241223, SRE, 85, 20250417, P, 19, 343, 0.0386, 86.63, -0.3952
20241223, SRE, 90, 20250417, C, 7, 402, 0.0414, 86.63, 0.4242
20241223, SRE, 90, 20250417, P, 30, 333, 0.0416, 86.63, -0.5981
20241223, SRE, 95, 20250417, C, 0, 480, 0.0335, 86.63, 0.2411
20241223, SRE, 95, 20250417, P, 1, 165, 0.0372, 86.63, -0.7884
20241223, SRE, 100, 20250417, C, 0, 820, 0.0213, 86.63, 0.1188
20241223, SRE, 100, 20250417, P, 0, 0, 0.0376, 86.63, -0.955
20241223, SRE, 105, 20250417, C, 0, 144, 0.0114, 86.63, 0.0527
20241223, SRE, 105, 20250417, P, 0, 0, 0, 86.63, -1
20241223, SRE, 110, 20250417, C, 0, 1, 0.0055, 86.63, 0.0221
20241223, SRE, 110, 20250417, P, 0, 0, 0, 86.63, -1
20241223, SRE, 115, 20250417, C, 0, 0, 0.0025, 86.63, 0.0089
20241223, SRE, 115, 20250417, P, 0, 0, 0, 86.63, -1
20241223, SRE, 50, 20250718, C, 0, 0, 0.0019, 86.63, 0.9807
20241223, SRE, 50, 20250718, P, 0, 0, 0.0021, 86.63, -0.0228
20241223, SRE, 55, 20250718, C, 0, 0, 0.0028, 86.63, 0.9732
20241223, SRE, 55, 20250718, P, 0, 0, 0.0031, 86.63, -0.0312
20241223, SRE, 60, 20250718, C, 0, 0, 0.0042, 86.63, 0.9607
20241223, SRE, 60, 20250718, P, 0, 0, 0.0046, 86.63, -0.045
20241223, SRE, 65, 20250718, C, 1, 1, 0.0067, 86.63, 0.9394
20241223, SRE, 65, 20250718, P, 0, 0, 0.0072, 86.63, -0.0681
20241223, SRE, 70, 20250718, C, 0, 0, 0.0105, 86.63, 0.9032
20241223, SRE, 70, 20250718, P, 0, 0, 0.0111, 86.63, -0.1068
20241223, SRE, 75, 20250718, C, 0, 20, 0.0161, 86.63, 0.8428
20241223, SRE, 75, 20250718, P, 0, 5, 0.0167, 86.63, -0.1701
20241223, SRE, 80, 20250718, C, 0, 7, 0.0229, 86.63, 0.7493
20241223, SRE, 80, 20250718, P, 0, 20, 0.0236, 86.63, -0.2669
20241223, SRE, 85, 20250718, C, 0, 27, 0.029, 86.63, 0.6207
20241223, SRE, 85, 20250718, P, 0, 50, 0.0299, 86.63, -0.3996
20241223, SRE, 90, 20250718, C, 3, 27, 0.0317, 86.63, 0.4694
20241223, SRE, 90, 20250718, P, 0, 18, 0.0328, 86.63, -0.5564
20241223, SRE, 95, 20250718, C, 0, 844, 0.0294, 86.63, 0.3214
20241223, SRE, 95, 20250718, P, 0, 14, 0.031, 86.63, -0.7128
20241223, SRE, 100, 20250718, C, 0, 538, 0.0233, 86.63, 0.1993
20241223, SRE, 100, 20250718, P, 0, 0, 0.0313, 86.63, -0.8565
20241223, SRE, 105, 20250718, C, 0, 23, 0.0162, 86.63, 0.1133
20241223, SRE, 105, 20250718, P, 0, 0, 0.0116, 86.63, -0.9875
20241223, SRE, 110, 20250718, C, 0, 17, 0.01, 86.63, 0.0596
20241223, SRE, 110, 20250718, P, 0, 0, 0, 86.63, -1
20241223, SRE, 115, 20250718, C, 0, 0, 0.0057, 86.63, 0.0296
20241223, SRE, 115, 20250718, P, 0, 0, 0, 86.63, -1
20241223, SRE, 120, 20250718, C, 0, 0, 0.003, 86.63, 0.014
20241223, SRE, 120, 20250718, P, 0, 0, 0, 86.63, -1
20241223, SRE, 125, 20250718, C, 0, 0, 0.0015, 86.63, 0.0064
20241223, SRE, 125, 20250718, P, 0, 0, 0, 86.63, -1
20241223, SRE, 130, 20250718, C, 0, 0, 0.0007, 86.63, 0.0028
20241223, SRE, 130, 20250718, P, 0, 0, 0, 86.63, -1
20241223, SRE, 135, 20250718, C, 0, 4, 0.0003, 86.63, 0.0012
20241223, SRE, 135, 20250718, P, 0, 0, 0, 86.63, -1
20241223, SRE, 40, 20251219, C, 0, 0, 0.0009, 86.63, 0.9914
20241223, SRE, 40, 20251219, P, 0, 0, 0.0012, 86.63, -0.0168
20241223, SRE, 45, 20251219, C, 0, 0, 0.0014, 86.63, 0.985
20241223, SRE, 45, 20251219, P, 0, 0, 0.0017, 86.63, -0.0219
20241223, SRE, 50, 20251219, C, 0, 0, 0.0022, 86.63, 0.9764
20241223, SRE, 50, 20251219, P, 0, 0, 0.0024, 86.63, -0.0299
20241223, SRE, 55, 20251219, C, 0, 0, 0.0033, 86.63, 0.9646
20241223, SRE, 55, 20251219, P, 0, 0, 0.0036, 86.63, -0.0425
20241223, SRE, 60, 20251219, C, 0, 12, 0.0049, 86.63, 0.9458
20241223, SRE, 60, 20251219, P, 0, 20, 0.0053, 86.63, -0.0622
20241223, SRE, 65, 20251219, C, 0, 8, 0.0074, 86.63, 0.9166
20241223, SRE, 65, 20251219, P, 0, 40, 0.0078, 86.63, -0.0923
20241223, SRE, 70, 20251219, C, 0, 9, 0.0107, 86.63, 0.8736
20241223, SRE, 70, 20251219, P, 0, 15, 0.0111, 86.63, -0.1378
20241223, SRE, 75, 20251219, C, 0, 48, 0.0147, 86.63, 0.8117
20241223, SRE, 75, 20251219, P, 0, 13, 0.0152, 86.63, -0.2019
20241223, SRE, 80, 20251219, C, 0, 107, 0.019, 86.63, 0.7287
20241223, SRE, 80, 20251219, P, 0, 117, 0.0197, 86.63, -0.2881
20241223, SRE, 85, 20251219, C, 0, 77, 0.0228, 86.63, 0.6256
20241223, SRE, 85, 20251219, P, 1, 85, 0.0238, 86.63, -0.3955
20241223, SRE, 90, 20251219, C, 0, 126, 0.0251, 86.63, 0.5088
20241223, SRE, 90, 20251219, P, 0, 7, 0.0268, 86.63, -0.5212
20241223, SRE, 95, 20251219, C, 0, 107, 0.025, 86.63, 0.3888
20241223, SRE, 95, 20251219, P, 0, 8, 0.0278, 86.63, -0.6562
20241223, SRE, 100, 20251219, C, 20, 52, 0.0225, 86.63, 0.2778
20241223, SRE, 100, 20251219, P, 0, 0, 0.0277, 86.63, -0.7904
20241223, SRE, 105, 20251219, C, 0, 25, 0.0184, 86.63, 0.185
20241223, SRE, 105, 20251219, P, 0, 0, 0.0345, 86.63, -0.9453
20241223, SRE, 110, 20251219, C, 20, 42, 0.0137, 86.63, 0.1145
20241223, SRE, 110, 20251219, P, 0, 0, 0, 86.63, -1
20241223, SRE, 115, 20251219, C, 0, 114, 0.0093, 86.63, 0.066
20241223, SRE, 115, 20251219, P, 0, 0, 0, 86.63, -1
20241223, SRE, 120, 20251219, C, 0, 3, 0.0058, 86.63, 0.0357
20241223, SRE, 120, 20251219, P, 0, 0, 0, 86.63, -1
20241227, SRE, 40, 20250117, C, 0, 0, 0.0002, 87.69, 0.9986
20241227, SRE, 40, 20250117, P, 0, 0, 0.0002, 87.69, -0.0013
20241227, SRE, 45, 20250117, C, 0, 0, 0.0002, 87.69, 0.9983
20241227, SRE, 45, 20250117, P, 0, 0, 0.0002, 87.69, -0.0016
20241227, SRE, 50, 20250117, C, 0, 0, 0.0004, 87.69, 0.9978
20241227, SRE, 50, 20250117, P, 0, 0, 0.0004, 87.69, -0.002
20241227, SRE, 55, 20250117, C, 0, 0, 0.0006, 87.69, 0.9971
20241227, SRE, 55, 20250117, P, 0, 0, 0.0006, 87.69, -0.0028
20241227, SRE, 60, 20250117, C, 0, 0, 0.0009, 87.69, 0.9958
20241227, SRE, 60, 20250117, P, 0, 12, 0.0009, 87.69, -0.004
20241227, SRE, 65, 20250117, C, 0, 2, 0.0017, 87.69, 0.9934
20241227, SRE, 65, 20250117, P, 0, 101, 0.0017, 87.69, -0.0065
20241227, SRE, 70, 20250117, C, 0, 0, 0.0034, 87.69, 0.9882
20241227, SRE, 70, 20250117, P, 0, 242, 0.0034, 87.69, -0.0118
20241227, SRE, 75, 20250117, C, 0, 24, 0.008, 87.69, 0.9749
20241227, SRE, 75, 20250117, P, 0, 159, 0.0081, 87.69, -0.0252
20241227, SRE, 80, 20250117, C, 0, 115, 0.0231, 87.69, 0.9326
20241227, SRE, 80, 20250117, P, 0, 133, 0.0234, 87.69, -0.0681
20241227, SRE, 85, 20250117, C, 18, 574, 0.0723, 87.69, 0.7613
20241227, SRE, 85, 20250117, P, 138, 106, 0.0738, 87.69, -0.2428
20241227, SRE, 90, 20250117, C, 10, 965, 0.0914, 87.69, 0.3025
20241227, SRE, 90, 20250117, P, 0, 165, 0.0962, 87.69, -0.7174
20241227, SRE, 95, 20250117, C, 1, 277, 0.0282, 87.69, 0.0626
20241227, SRE, 95, 20250117, P, 0, 2, 0.0263, 87.69, -0.9678
20241227, SRE, 100, 20250117, C, 0, 1187, 0.007, 87.69, 0.014
20241227, SRE, 100, 20250117, P, 0, 0, 0.0017, 87.69, -0.9987
20241227, SRE, 105, 20250117, C, 0, 2, 0.0019, 87.69, 0.0037
20241227, SRE, 105, 20250117, P, 0, 0, 0, 87.69, -1
20241227, SRE, 110, 20250117, C, 0, 0, 0.0006, 87.69, 0.0011
20241227, SRE, 110, 20250117, P, 0, 0, 0, 87.69, -1
20241227, SRE, 115, 20250117, C, 0, 0, 0.0002, 87.69, 0.0004
20241227, SRE, 115, 20250117, P, 0, 0, 0, 87.69, -1
20241227, SRE, 45, 20250221, C, 0, 0, 0.0007, 87.69, 0.9938
20241227, SRE, 45, 20250221, P, 0, 0, 0.0007, 87.69, -0.0066
20241227, SRE, 50, 20250221, C, 0, 0, 0.001, 87.69, 0.9922
20241227, SRE, 50, 20250221, P, 0, 0, 0.001, 87.69, -0.0083
20241227, SRE, 55, 20250221, C, 0, 0, 0.0015, 87.69, 0.9897
20241227, SRE, 55, 20250221, P, 0, 0, 0.0015, 87.69, -0.0108
20241227, SRE, 60, 20250221, C, 0, 0, 0.0023, 87.69, 0.9856
20241227, SRE, 60, 20250221, P, 0, 0, 0.0023, 87.69, -0.0149
20241227, SRE, 65, 20250221, C, 0, 0, 0.0038, 87.69, 0.9783
20241227, SRE, 65, 20250221, P, 0, 0, 0.0038, 87.69, -0.0222
20241227, SRE, 70, 20250221, C, 0, 0, 0.0067, 87.69, 0.9646
20241227, SRE, 70, 20250221, P, 0, 0, 0.0068, 87.69, -0.0362
20241227, SRE, 75, 20250221, C, 0, 0, 0.0129, 87.69, 0.9355
20241227, SRE, 75, 20250221, P, 0, 20, 0.0131, 87.69, -0.0658
20241227, SRE, 80, 20250221, C, 0, 0, 0.0264, 87.69, 0.8674
20241227, SRE, 80, 20250221, P, 3, 98, 0.027, 87.69, -0.1355
20241227, SRE, 85, 20250221, C, 0, 0, 0.0506, 87.69, 0.7033
20241227, SRE, 85, 20250221, P, 5, 50, 0.0526, 87.69, -0.3056
20241227, SRE, 90, 20250221, C, 2, 199, 0.0627, 87.69, 0.4111
20241227, SRE, 90, 20250221, P, 1, 20, 0.0685, 87.69, -0.618
20241227, SRE, 95, 20250221, C, 3, 6, 0.0395, 87.69, 0.1659
20241227, SRE, 95, 20250221, P, 0, 0, 0.0483, 87.69, -0.8985
20241227, SRE, 100, 20250221, C, 0, 0, 0.0173, 87.69, 0.0585
20241227, SRE, 100, 20250221, P, 0, 0, 0.0053, 87.69, -0.9958
20241227, SRE, 105, 20250221, C, 0, 0, 0.0068, 87.69, 0.0208
20241227, SRE, 105, 20250221, P, 0, 0, 0, 87.69, -1
20241227, SRE, 110, 20250221, C, 0, 0, 0.0027, 87.69, 0.0077
20241227, SRE, 110, 20250221, P, 0, 0, 0, 87.69, -1
20241227, SRE, 115, 20250221, C, 0, 0, 0.0011, 87.69, 0.003
20241227, SRE, 115, 20250221, P, 0, 0, 0, 87.69, -1
20241227, SRE, 120, 20250221, C, 0, 0, 0.0004, 87.69, 0.0012
20241227, SRE, 120, 20250221, P, 0, 0, 0, 87.69, -1
20241227, SRE, 125, 20250221, C, 0, 0, 0.0002, 87.69, 0.0005
20241227, SRE, 125, 20250221, P, 0, 0, 0, 87.69, -1
20241227, SRE, 130, 20250221, C, 0, 0, 0.0001, 87.69, 0.0002
20241227, SRE, 130, 20250221, P, 0, 0, 0, 87.69, -1
20241227, SRE, 40, 20250417, C, 0, 0, 0.0007, 87.69, 0.9928
20241227, SRE, 40, 20250417, P, 0, 0, 0.0009, 87.69, -0.0108
20241227, SRE, 45, 20250417, C, 0, 0, 0.001, 87.69, 0.9913
20241227, SRE, 45, 20250417, P, 0, 0, 0.0012, 87.69, -0.0127
20241227, SRE, 50, 20250417, C, 0, 1, 0.0014, 87.69, 0.9887
20241227, SRE, 50, 20250417, P, 0, 0, 0.0016, 87.69, -0.0158
20241227, SRE, 55, 20250417, C, 0, 0, 0.002, 87.69, 0.9847
20241227, SRE, 55, 20250417, P, 0, 0, 0.0023, 87.69, -0.0207
20241227, SRE, 60, 20250417, C, 0, 0, 0.0031, 87.69, 0.9778
20241227, SRE, 60, 20250417, P, 0, 0, 0.0035, 87.69, -0.0286
20241227, SRE, 65, 20250417, C, 0, 4, 0.005, 87.69, 0.9658
20241227, SRE, 65, 20250417, P, 0, 287, 0.0056, 87.69, -0.0424
20241227, SRE, 70, 20250417, C, 0, 7, 0.0085, 87.69, 0.9433
20241227, SRE, 70, 20250417, P, 0, 285, 0.0092, 87.69, -0.0672
20241227, SRE, 75, 20250417, C, 0, 29, 0.0148, 87.69, 0.8998
20241227, SRE, 75, 20250417, P, 0, 56, 0.0156, 87.69, -0.114
20241227, SRE, 80, 20250417, C, 0, 107, 0.0253, 87.69, 0.8152
20241227, SRE, 80, 20250417, P, 0, 48, 0.026, 87.69, -0.2022
20241227, SRE, 85, 20250417, C, 1, 212, 0.0378, 87.69, 0.6664
20241227, SRE, 85, 20250417, P, 0, 346, 0.0383, 87.69, -0.3545
20241227, SRE, 90, 20250417, C, 0, 402, 0.0438, 87.69, 0.46
20241227, SRE, 90, 20250417, P, 2, 352, 0.044, 87.69, -0.5629
20241227, SRE, 95, 20250417, C, 4, 480, 0.0367, 87.69, 0.2601
20241227, SRE, 95, 20250417, P, 0, 165, 0.0394, 87.69, -0.7677
20241227, SRE, 100, 20250417, C, 0, 820, 0.0232, 87.69, 0.1247
20241227, SRE, 100, 20250417, P, 0, 0, 0.0332, 87.69, -0.9401
20241227, SRE, 105, 20250417, C, 0, 144, 0.0121, 87.69, 0.0538
20241227, SRE, 105, 20250417, P, 0, 0, 0, 87.69, -1
20241227, SRE, 110, 20250417, C, 0, 1, 0.0057, 87.69, 0.0219
20241227, SRE, 110, 20250417, P, 0, 0, 0, 87.69, -1
20241227, SRE, 115, 20250417, C, 0, 0, 0.0025, 87.69, 0.0086
20241227, SRE, 115, 20250417, P, 0, 0, 0, 87.69, -1
20241227, SRE, 50, 20250718, C, 0, 0, 0.0021, 87.69, 0.9752
20241227, SRE, 50, 20250718, P, 0, 0, 0.0024, 87.69, -0.0297
20241227, SRE, 55, 20250718, C, 0, 0, 0.003, 87.69, 0.9677
20241227, SRE, 55, 20250718, P, 0, 0, 0.0033, 87.69, -0.038
20241227, SRE, 60, 20250718, C, 0, 0, 0.0043, 87.69, 0.9561
20241227, SRE, 60, 20250718, P, 0, 0, 0.0047, 87.69, -0.0507
20241227, SRE, 65, 20250718, C, 0, 2, 0.0064, 87.69, 0.9374
20241227, SRE, 65, 20250718, P, 0, 0, 0.0069, 87.69, -0.0709
20241227, SRE, 70, 20250718, C, 0, 0, 0.0098, 87.69, 0.9066
20241227, SRE, 70, 20250718, P, 0, 0, 0.0103, 87.69, -0.1038
20241227, SRE, 75, 20250718, C, 0, 20, 0.0148, 87.69, 0.8556
20241227, SRE, 75, 20250718, P, 0, 5, 0.0154, 87.69, -0.1576
20241227, SRE, 80, 20250718, C, 0, 7, 0.0215, 87.69, 0.7734
20241227, SRE, 80, 20250718, P, 0, 20, 0.0222, 87.69, -0.2431
20241227, SRE, 85, 20250718, C, 0, 27, 0.0284, 87.69, 0.6528
20241227, SRE, 85, 20250718, P, 0, 49, 0.0294, 87.69, -0.3683
20241227, SRE, 90, 20250718, C, 0, 28, 0.0323, 87.69, 0.5016
20241227, SRE, 90, 20250718, P, 2, 18, 0.0338, 87.69, -0.5266
20241227, SRE, 95, 20250718, C, 0, 844, 0.0308, 87.69, 0.3476
20241227, SRE, 95, 20250718, P, 0, 14, 0.0325, 87.69, -0.69
20241227, SRE, 100, 20250718, C, 0, 920, 0.0249, 87.69, 0.2197
20241227, SRE, 100, 20250718, P, 0, 0, 0.0304, 87.69, -0.8341
20241227, SRE, 105, 20250718, C, 0, 23, 0.0177, 87.69, 0.1294
20241227, SRE, 105, 20250718, P, 0, 0, 0.0221, 87.69, -0.9652
20241227, SRE, 110, 20250718, C, 0, 17, 0.0115, 87.69, 0.0726
20241227, SRE, 110, 20250718, P, 0, 0, 0, 87.69, -1
20241227, SRE, 115, 20250718, C, 0, 0, 0.007, 87.69, 0.0392
20241227, SRE, 115, 20250718, P, 0, 0, 0, 87.69, -1
20241227, SRE, 120, 20250718, C, 0, 0, 0.004, 87.69, 0.0208
20241227, SRE, 120, 20250718, P, 0, 0, 0, 87.69, -1
20241227, SRE, 125, 20250718, C, 0, 0, 0.0023, 87.69, 0.0109
20241227, SRE, 125, 20250718, P, 0, 0, 0, 87.69, -1
20241227, SRE, 130, 20250718, C, 0, 0, 0.0013, 87.69, 0.0056
20241227, SRE, 130, 20250718, P, 0, 0, 0, 87.69, -1
20241227, SRE, 135, 20250718, C, 5, 4, 0.0007, 87.69, 0.0029
20241227, SRE, 135, 20250718, P, 0, 0, 0, 87.69, -1
20241227, SRE, 40, 20251219, C, 0, 0, 0.0007, 87.69, 0.9934
20241227, SRE, 40, 20251219, P, 0, 0, 0.0011, 87.69, -0.0144
20241227, SRE, 45, 20251219, C, 0, 0, 0.0012, 87.69, 0.9876
20241227, SRE, 45, 20251219, P, 0, 0, 0.0015, 87.69, -0.019
20241227, SRE, 50, 20251219, C, 0, 0, 0.0019, 87.69, 0.98
20241227, SRE, 50, 20251219, P, 0, 0, 0.0022, 87.69, -0.0264
20241227, SRE, 55, 20251219, C, 0, 0, 0.003, 87.69, 0.969
20241227, SRE, 55, 20251219, P, 0, 0, 0.0033, 87.69, -0.0378
20241227, SRE, 60, 20251219, C, 0, 12, 0.0045, 87.69, 0.9518
20241227, SRE, 60, 20251219, P, 0, 20, 0.0049, 87.69, -0.0561
20241227, SRE, 65, 20251219, C, 0, 8, 0.0068, 87.69, 0.925
20241227, SRE, 65, 20251219, P, 0, 40, 0.0072, 87.69, -0.0838
20241227, SRE, 70, 20251219, C, 0, 9, 0.0099, 87.69, 0.8851
20241227, SRE, 70, 20251219, P, 0, 21, 0.0104, 87.69, -0.1257
20241227, SRE, 75, 20251219, C, 0, 48, 0.0139, 87.69, 0.8272
20241227, SRE, 75, 20251219, P, 0, 17, 0.0144, 87.69, -0.186
20241227, SRE, 80, 20251219, C, 0, 107, 0.0183, 87.69, 0.748
20241227, SRE, 80, 20251219, P, 0, 122, 0.0189, 87.69, -0.268
20241227, SRE, 85, 20251219, C, 0, 77, 0.0224, 87.69, 0.6479
20241227, SRE, 85, 20251219, P, 0, 138, 0.0232, 87.69, -0.3724
20241227, SRE, 90, 20251219, C, 0, 176, 0.025, 87.69, 0.5319
20241227, SRE, 90, 20251219, P, 0, 7, 0.0267, 87.69, -0.4963
20241227, SRE, 95, 20251219, C, 0, 107, 0.0255, 87.69, 0.4101
20241227, SRE, 95, 20251219, P, 0, 8, 0.0283, 87.69, -0.6325
20241227, SRE, 100, 20251219, C, 0, 72, 0.0234, 87.69, 0.2945
20241227, SRE, 100, 20251219, P, 0, 0, 0.0274, 87.69, -0.7693
20241227, SRE, 105, 20251219, C, 0, 28, 0.0193, 87.69, 0.1959
20241227, SRE, 105, 20251219, P, 0, 0, 0.0339, 87.69, -0.9182
20241227, SRE, 110, 20251219, C, 0, 59, 0.0144, 87.69, 0.1206
20241227, SRE, 110, 20251219, P, 0, 0, 0, 87.69, -1
20241227, SRE, 115, 20251219, C, 1, 124, 0.0097, 87.69, 0.0686
20241227, SRE, 115, 20251219, P, 0, 0, 0, 87.69, -1
20241227, SRE, 120, 20251219, C, 0, 3, 0.0059, 87.69, 0.036
20241227, SRE, 120, 20251219, P, 0, 0, 0, 87.69, -1
20241231, SRE, 40, 20250117, C, 0, 0, 0.0002, 87.72, 0.9985
20241231, SRE, 40, 20250117, P, 0, 0, 0.0002, 87.72, -0.0012
20241231, SRE, 45, 20250117, C, 0, 0, 0.0002, 87.72, 0.9982
20241231, SRE, 45, 20250117, P, 0, 0, 0.0002, 87.72, -0.0015
20241231, SRE, 50, 20250117, C, 0, 0, 0.0004, 87.72, 0.9978
20241231, SRE, 50, 20250117, P, 0, 0, 0.0004, 87.72, -0.002
20241231, SRE, 55, 20250117, C, 0, 0, 0.0005, 87.72, 0.9971
20241231, SRE, 55, 20250117, P, 0, 0, 0.0005, 87.72, -0.0027
20241231, SRE, 60, 20250117, C, 0, 0, 0.0009, 87.72, 0.9959
20241231, SRE, 60, 20250117, P, 0, 12, 0.0009, 87.72, -0.0039
20241231, SRE, 65, 20250117, C, 0, 2, 0.0016, 87.72, 0.9937
20241231, SRE, 65, 20250117, P, 0, 101, 0.0016, 87.72, -0.0061
20241231, SRE, 70, 20250117, C, 0, 0, 0.0032, 87.72, 0.9889
20241231, SRE, 70, 20250117, P, 0, 242, 0.0032, 87.72, -0.0109
20241231, SRE, 75, 20250117, C, 0, 24, 0.0075, 87.72, 0.9772
20241231, SRE, 75, 20250117, P, 0, 159, 0.0076, 87.72, -0.0228
20241231, SRE, 80, 20250117, C, 1, 115, 0.0218, 87.72, 0.94
20241231, SRE, 80, 20250117, P, 0, 133, 0.0221, 87.72, -0.0603
20241231, SRE, 85, 20250117, C, 3, 549, 0.0749, 87.72, 0.7804
20241231, SRE, 85, 20250117, P, 26, 232, 0.0762, 87.72, -0.2228
20241231, SRE, 90, 20250117, C, 2, 997, 0.0991, 87.72, 0.2809
20241231, SRE, 90, 20250117, P, 0, 165, 0.1033, 87.72, -0.7368
20241231, SRE, 95, 20250117, C, 0, 276, 0.0253, 87.72, 0.0501
20241231, SRE, 95, 20250117, P, 0, 2, 0.0239, 87.72, -0.977
20241231, SRE, 100, 20250117, C, 0, 1187, 0.006, 87.72, 0.0112
20241231, SRE, 100, 20250117, P, 0, 0, 0.0008, 87.72, -0.9996
20241231, SRE, 105, 20250117, C, 0, 2, 0.0017, 87.72, 0.0031
20241231, SRE, 105, 20250117, P, 0, 0, 0, 87.72, -1
20241231, SRE, 110, 20250117, C, 0, 0, 0.0005, 87.72, 0.001
20241231, SRE, 110, 20250117, P, 0, 0, 0, 87.72, -1
20241231, SRE, 115, 20250117, C, 0, 0, 0.0002, 87.72, 0.0004
20241231, SRE, 115, 20250117, P, 0, 0, 0, 87.72, -1
20241231, SRE, 45, 20250221, C, 0, 0, 0.0008, 87.72, 0.9925
20241231, SRE, 45, 20250221, P, 0, 0, 0.0008, 87.72, -0.0075
20241231, SRE, 50, 20250221, C, 0, 0, 0.0011, 87.72, 0.9907
20241231, SRE, 50, 20250221, P, 0, 0, 0.0011, 87.72, -0.0093
20241231, SRE, 55, 20250221, C, 0, 0, 0.0016, 87.72, 0.988
20241231, SRE, 55, 20250221, P, 0, 0, 0.0016, 87.72, -0.0121
20241231, SRE, 60, 20250221, C, 0, 0, 0.0024, 87.72, 0.9836
20241231, SRE, 60, 20250221, P, 0, 0, 0.0025, 87.72, -0.0165
20241231, SRE, 65, 20250221, C, 0, 0, 0.004, 87.72, 0.9761
20241231, SRE, 65, 20250221, P, 0, 0, 0.004, 87.72, -0.024
20241231, SRE, 70, 20250221, C, 0, 0, 0.0069, 87.72, 0.9622
20241231, SRE, 70, 20250221, P, 0, 0, 0.007, 87.72, -0.0381
20241231, SRE, 75, 20250221, C, 0, 0, 0.013, 87.72, 0.9337
20241231, SRE, 75, 20250221, P, 0, 20, 0.0132, 87.72, -0.0672
20241231, SRE, 80, 20250221, C, 0, 0, 0.0263, 87.72, 0.8681
20241231, SRE, 80, 20250221, P, 0, 98, 0.0269, 87.72, -0.1343
20241231, SRE, 85, 20250221, C, 1, 0, 0.0517, 87.72, 0.7072
20241231, SRE, 85, 20250221, P, 8, 53, 0.0534, 87.72, -0.3002
20241231, SRE, 90, 20250221, C, 1, 201, 0.0654, 87.72, 0.4049
20241231, SRE, 90, 20250221, P, 1, 21, 0.0708, 87.72, -0.6211
20241231, SRE, 95, 20250221, C, 0, 8, 0.0393, 87.72, 0.156
20241231, SRE, 95, 20250221, P, 0, 0, 0.049, 87.72, -0.9025
20241231, SRE, 100, 20250221, C, 0, 0, 0.0167, 87.72, 0.0547
20241231, SRE, 100, 20250221, P, 0, 0, 0.004, 87.72, -0.9976
20241231, SRE, 105, 20250221, C, 0, 0, 0.0067, 87.72, 0.0201
20241231, SRE, 105, 20250221, P, 0, 0, 0, 87.72, -1
20241231, SRE, 110, 20250221, C, 0, 0, 0.0028, 87.72, 0.0079
20241231, SRE, 110, 20250221, P, 0, 0, 0, 87.72, -1
20241231, SRE, 115, 20250221, C, 0, 0, 0.0012, 87.72, 0.0033
20241231, SRE, 115, 20250221, P, 0, 0, 0, 87.72, -1
20241231, SRE, 120, 20250221, C, 0, 0, 0.0005, 87.72, 0.0014
20241231, SRE, 120, 20250221, P, 0, 0, 0, 87.72, -1
20241231, SRE, 125, 20250221, C, 0, 0, 0.0002, 87.72, 0.0006
20241231, SRE, 125, 20250221, P, 0, 0, 0, 87.72, -1
20241231, SRE, 130, 20250221, C, 0, 0, 0.0001, 87.72, 0.0003
20241231, SRE, 130, 20250221, P, 0, 0, 0, 87.72, -1
20241231, SRE, 40, 20250417, C, 0, 0, 0.0008, 87.72, 0.9903
20241231, SRE, 40, 20250417, P, 0, 0, 0.001, 87.72, -0.0125
20241231, SRE, 45, 20250417, C, 0, 0, 0.0011, 87.72, 0.9886
20241231, SRE, 45, 20250417, P, 0, 0, 0.0013, 87.72, -0.0147
20241231, SRE, 50, 20250417, C, 0, 1, 0.0015, 87.72, 0.986
20241231, SRE, 50, 20250417, P, 0, 0, 0.0018, 87.72, -0.018
20241231, SRE, 55, 20250417, C, 0, 0, 0.0021, 87.72, 0.9817
20241231, SRE, 55, 20250417, P, 0, 0, 0.0025, 87.72, -0.023
20241231, SRE, 60, 20250417, C, 0, 0, 0.0032, 87.72, 0.9748
20241231, SRE, 60, 20250417, P, 0, 0, 0.0037, 87.72, -0.0312
20241231, SRE, 65, 20250417, C, 0, 4, 0.0052, 87.72, 0.9629
20241231, SRE, 65, 20250417, P, 0, 287, 0.0057, 87.72, -0.0449
20241231, SRE, 70, 20250417, C, 0, 7, 0.0086, 87.72, 0.9409
20241231, SRE, 70, 20250417, P, 0, 285, 0.0093, 87.72, -0.0694
20241231, SRE, 75, 20250417, C, 1, 29, 0.0149, 87.72, 0.8985
20241231, SRE, 75, 20250417, P, 0, 56, 0.0157, 87.72, -0.115
20241231, SRE, 80, 20250417, C, 0, 107, 0.0255, 87.72, 0.8158
20241231, SRE, 80, 20250417, P, 0, 48, 0.0262, 87.72, -0.2015
20241231, SRE, 85, 20250417, C, 0, 211, 0.0388, 87.72, 0.666
20241231, SRE, 85, 20250417, P, 1, 346, 0.0391, 87.72, -0.3546
20241231, SRE, 90, 20250417, C, 0, 406, 0.0452, 87.72, 0.4533
20241231, SRE, 90, 20250417, P, 0, 352, 0.045, 87.72, -0.5682
20241231, SRE, 95, 20250417, C, 0, 480, 0.0369, 87.72, 0.2496
20241231, SRE, 95, 20250417, P, 0, 165, 0.0371, 87.72, -0.7711
20241231, SRE, 100, 20250417, C, 0, 820, 0.0226, 87.72, 0.1172
20241231, SRE, 100, 20250417, P, 0, 0, 0.035, 87.72, -0.926
20241231, SRE, 105, 20250417, C, 0, 144, 0.0116, 87.72, 0.0504
20241231, SRE, 105, 20250417, P, 0, 0, 0, 87.72, -1
20241231, SRE, 110, 20250417, C, 0, 1, 0.0055, 87.72, 0.0208
20241231, SRE, 110, 20250417, P, 0, 0, 0, 87.72, -1
20241231, SRE, 115, 20250417, C, 0, 0, 0.0024, 87.72, 0.0085
20241231, SRE, 115, 20250417, P, 0, 0, 0, 87.72, -1
20241231, SRE, 50, 20250718, C, 0, 0, 0.0021, 87.72, 0.978
20241231, SRE, 50, 20250718, P, 0, 0, 0.0023, 87.72, -0.0282
20241231, SRE, 55, 20250718, C, 0, 0, 0.0029, 87.72, 0.971
20241231, SRE, 55, 20250718, P, 0, 0, 0.0032, 87.72, -0.0359
20241231, SRE, 60, 20250718, C, 0, 0, 0.0042, 87.72, 0.96
20241231, SRE, 60, 20250718, P, 0, 0, 0.0045, 87.72, -0.0479
20241231, SRE, 65, 20250718, C, 0, 2, 0.0063, 87.72, 0.9424
20241231, SRE, 65, 20250718, P, 0, 0, 0.0067, 87.72, -0.0671
20241231, SRE, 70, 20250718, C, 0, 0, 0.0096, 87.72, 0.9129
20241231, SRE, 70, 20250718, P, 0, 0, 0.0101, 87.72, -0.0987
20241231, SRE, 75, 20250718, C, 0, 20, 0.0147, 87.72, 0.863
20241231, SRE, 75, 20250718, P, 0, 5, 0.0154, 87.72, -0.1518
20241231, SRE, 80, 20250718, C, 0, 7, 0.0216, 87.72, 0.7812
20241231, SRE, 80, 20250718, P, 0, 20, 0.0224, 87.72, -0.2371
20241231, SRE, 85, 20250718, C, 0, 27, 0.0288, 87.72, 0.659
20241231, SRE, 85, 20250718, P, 0, 49, 0.0298, 87.72, -0.3642
20241231, SRE, 90, 20250718, C, 0, 28, 0.0327, 87.72, 0.5059
20241231, SRE, 90, 20250718, P, 0, 18, 0.0342, 87.72, -0.5241
20241231, SRE, 95, 20250718, C, 0, 844, 0.031, 87.72, 0.3519
20241231, SRE, 95, 20250718, P, 0, 14, 0.0328, 87.72, -0.6875
20241231, SRE, 100, 20250718, C, 0, 920, 0.025, 87.72, 0.2253
20241231, SRE, 100, 20250718, P, 0, 0, 0.0309, 87.72, -0.8306
20241231, SRE, 105, 20250718, C, 0, 23, 0.018, 87.72, 0.1365
20241231, SRE, 105, 20250718, P, 0, 0, 0.027, 87.72, -0.9632
20241231, SRE, 110, 20250718, C, 0, 17, 0.012, 87.72, 0.0797
20241231, SRE, 110, 20250718, P, 0, 0, 0, 87.72, -1
20241231, SRE, 115, 20250718, C, 0, 0, 0.0076, 87.72, 0.0457
20241231, SRE, 115, 20250718, P, 0, 0, 0, 87.72, -1
20241231, SRE, 120, 20250718, C, 0, 0, 0.0047, 87.72, 0.0258
20241231, SRE, 120, 20250718, P, 0, 0, 0, 87.72, -1
20241231, SRE, 125, 20250718, C, 0, 0, 0.0028, 87.72, 0.0144
20241231, SRE, 125, 20250718, P, 0, 0, 0, 87.72, -1
20241231, SRE, 130, 20250718, C, 0, 0, 0.0017, 87.72, 0.008
20241231, SRE, 130, 20250718, P, 0, 0, 0, 87.72, -1
20241231, SRE, 135, 20250718, C, 0, 6, 0.001, 87.72, 0.0044
20241231, SRE, 135, 20250718, P, 0, 0, 0, 87.72, -1
20241231, SRE, 40, 20251219, C, 0, 0, 0.001, 87.72, 0.9886
20241231, SRE, 40, 20251219, P, 0, 0, 0.0013, 87.72, -0.021
20241231, SRE, 45, 20251219, C, 0, 0, 0.0016, 87.72, 0.9822
20241231, SRE, 45, 20251219, P, 0, 0, 0.0018, 87.72, -0.0263
20241231, SRE, 50, 20251219, C, 0, 0, 0.0023, 87.72, 0.9724
20241231, SRE, 50, 20251219, P, 0, 0, 0.0026, 87.72, -0.0345
20241231, SRE, 55, 20251219, C, 0, 0, 0.0033, 87.72, 0.9596
20241231, SRE, 55, 20251219, P, 0, 0, 0.0036, 87.72, -0.047
20241231, SRE, 60, 20251219, C, 0, 12, 0.0049, 87.72, 0.9415
20241231, SRE, 60, 20251219, P, 1, 20, 0.0052, 87.72, -0.0659
20241231, SRE, 65, 20251219, C, 0, 8, 0.0071, 87.72, 0.9141
20241231, SRE, 65, 20251219, P, 0, 40, 0.0075, 87.72, -0.0943
20241231, SRE, 70, 20251219, C, 0, 9, 0.0101, 87.72, 0.8736
20241231, SRE, 70, 20251219, P, 0, 21, 0.0105, 87.72, -0.1358
20241231, SRE, 75, 20251219, C, 0, 48, 0.0138, 87.72, 0.8165
20241231, SRE, 75, 20251219, P, 0, 17, 0.0142, 87.72, -0.1949
20241231, SRE, 80, 20251219, C, 0, 107, 0.018, 87.72, 0.7392
20241231, SRE, 80, 20251219, P, 0, 122, 0.0185, 87.72, -0.2744
20241231, SRE, 85, 20251219, C, 0, 77, 0.022, 87.72, 0.6409
20241231, SRE, 85, 20251219, P, 28, 139, 0.0226, 87.72, -0.376
20241231, SRE, 90, 20251219, C, 0, 157, 0.0247, 87.72, 0.5264
20241231, SRE, 90, 20251219, P, 0, 7, 0.0259, 87.72, -0.4961
20241231, SRE, 95, 20251219, C, 0, 107, 0.0252, 87.72, 0.4049
20241231, SRE, 95, 20251219, P, 0, 8, 0.0275, 87.72, -0.6296
20241231, SRE, 100, 20251219, C, 0, 72, 0.0232, 87.72, 0.2885
20241231, SRE, 100, 20251219, P, 0, 0, 0.0262, 87.72, -0.7645
20241231, SRE, 105, 20251219, C, 0, 28, 0.0191, 87.72, 0.189
20241231, SRE, 105, 20251219, P, 0, 0, 0.0311, 87.72, -0.9011
20241231, SRE, 110, 20251219, C, 0, 59, 0.014, 87.72, 0.1132
20241231, SRE, 110, 20251219, P, 0, 0, 0, 87.72, -1
20241231, SRE, 115, 20251219, C, 0, 159, 0.0092, 87.72, 0.0619
20241231, SRE, 115, 20251219, P, 0, 0, 0, 87.72, -1
20241231, SRE, 120, 20251219, C, 0, 3, 0.0054, 87.72, 0.0307
20241231, SRE, 120, 20251219, P, 0, 0, 0, 87.72, -1
