20241203101105, TNA, 20, 20241206, C, 0, 0, 0, 55.1, 0.9998
20241203101105, TNA, 20, 20241206, P, 0, 5, 0, 55.1, 0
20241203101105, TNA, 25, 20241206, C, 0, 0, 0, 55.1, 0.9998
20241203101105, TNA, 25, 20241206, P, 0, 66, 0, 55.1, 0
20241203101105, TNA, 30, 20241206, C, 0, 9, 0, 55.1, 0.9998
20241203101105, TNA, 30, 20241206, P, 0, 196, 0, 55.1, 0
20241203101105, TNA, 32, 20241206, C, 0, 5, 0, 55.1, 0.9997
20241203101105, TNA, 32, 20241206, P, 0, 43, 0, 55.1, -0.0001
20241203101105, TNA, 33, 20241206, C, 0, 2, 0.0001, 55.1, 0.9997
20241203101105, TNA, 33, 20241206, P, 0, 181, 0.0001, 55.1, -0.0002
20241203101105, TNA, 34, 20241206, C, 0, 3, 0.0001, 55.1, 0.9996
20241203101105, TNA, 34, 20241206, P, 0, 23, 0.0001, 55.1, -0.0003
20241203101105, TNA, 35, 20241206, C, 0, 15, 0.0002, 55.1, 0.9995
20241203101105, TNA, 35, 20241206, P, 0, 69, 0.0002, 55.1, -0.0004
20241203101105, TNA, 36, 20241206, C, 0, 0, 0.0002, 55.1, 0.9993
20241203101105, TNA, 36, 20241206, P, 0, 75, 0.0002, 55.1, -0.0005
20241203101105, TNA, 37, 20241206, C, 0, 10, 0.0003, 55.1, 0.9992
20241203101105, TNA, 37, 20241206, P, 3, 64, 0.0003, 55.1, -0.0007
20241203101105, TNA, 37.5, 20241206, C, 0, 0, 0.0004, 55.1, 0.9991
20241203101105, TNA, 37.5, 20241206, P, 0, 47, 0.0004, 55.1, -0.0008
20241203101105, TNA, 38, 20241206, C, 0, 5, 0.0004, 55.1, 0.999
20241203101105, TNA, 38, 20241206, P, 0, 41, 0.0004, 55.1, -0.0009
20241203101105, TNA, 38.5, 20241206, C, 0, 0, 0.0005, 55.1, 0.9988
20241203101105, TNA, 38.5, 20241206, P, 0, 40, 0.0005, 55.1, -0.001
20241203101105, TNA, 39, 20241206, C, 0, 2, 0.0006, 55.1, 0.9986
20241203101105, TNA, 39, 20241206, P, 0, 48, 0.0006, 55.1, -0.0012
20241203101105, TNA, 39.5, 20241206, C, 0, 26, 0.0008, 55.1, 0.9984
20241203101105, TNA, 39.5, 20241206, P, 0, 2, 0.0007, 55.1, -0.0014
20241203101105, TNA, 40, 20241206, C, 0, 17, 0.0009, 55.1, 0.9981
20241203101105, TNA, 40, 20241206, P, 2, 110, 0.0009, 55.1, -0.0018
20241203101105, TNA, 40.5, 20241206, C, 0, 6, 0.0011, 55.1, 0.9976
20241203101105, TNA, 40.5, 20241206, P, 0, 97, 0.0011, 55.1, -0.0022
20241203101105, TNA, 41, 20241206, C, 0, 8, 0.0014, 55.1, 0.997
20241203101105, TNA, 41, 20241206, P, 0, 46, 0.0014, 55.1, -0.0028
20241203101105, TNA, 41.5, 20241206, C, 0, 20, 0.0018, 55.1, 0.9962
20241203101105, TNA, 41.5, 20241206, P, 0, 2, 0.0018, 55.1, -0.0036
20241203101105, TNA, 42, 20241206, C, 0, 89, 0.0023, 55.1, 0.9952
20241203101105, TNA, 42, 20241206, P, 0, 143, 0.0023, 55.1, -0.0046
20241203101105, TNA, 42.5, 20241206, C, 0, 21, 0.0028, 55.1, 0.994
20241203101105, TNA, 42.5, 20241206, P, 2, 35, 0.0028, 55.1, -0.0059
20241203101105, TNA, 43, 20241206, C, 0, 34, 0.0035, 55.1, 0.9925
20241203101105, TNA, 43, 20241206, P, 0, 92, 0.0035, 55.1, -0.0073
20241203101105, TNA, 43.5, 20241206, C, 0, 21, 0.0043, 55.1, 0.9908
20241203101105, TNA, 43.5, 20241206, P, 0, 7, 0.0043, 55.1, -0.0091
20241203101105, TNA, 44, 20241206, C, 0, 38, 0.0052, 55.1, 0.9888
20241203101105, TNA, 44, 20241206, P, 0, 69, 0.0052, 55.1, -0.011
20241203101105, TNA, 44.5, 20241206, C, 0, 62, 0.0062, 55.1, 0.9866
20241203101105, TNA, 44.5, 20241206, P, 0, 20, 0.0062, 55.1, -0.0132
20241203101105, TNA, 45, 20241206, C, 0, 131, 0.0074, 55.1, 0.9842
20241203101105, TNA, 45, 20241206, P, 7, 404, 0.0074, 55.1, -0.0157
20241203101105, TNA, 45.5, 20241206, C, 0, 8, 0.0087, 55.1, 0.9814
20241203101105, TNA, 45.5, 20241206, P, 0, 21, 0.0087, 55.1, -0.0185
20241203101105, TNA, 46, 20241206, C, 0, 56, 0.0102, 55.1, 0.9782
20241203101105, TNA, 46, 20241206, P, 2, 564, 0.0102, 55.1, -0.0216
20241203101105, TNA, 46.5, 20241206, C, 1, 23, 0.012, 55.1, 0.9746
20241203101105, TNA, 46.5, 20241206, P, 0, 62, 0.012, 55.1, -0.0253
20241203101105, TNA, 47, 20241206, C, 0, 197, 0.0141, 55.1, 0.9701
20241203101105, TNA, 47, 20241206, P, 11, 2806, 0.0141, 55.1, -0.0297
20241203101105, TNA, 47.5, 20241206, C, 0, 57, 0.0167, 55.1, 0.9646
20241203101105, TNA, 47.5, 20241206, P, 0, 242, 0.0167, 55.1, -0.0353
20241203101105, TNA, 48, 20241206, C, 0, 442, 0.0198, 55.1, 0.9575
20241203101105, TNA, 48, 20241206, P, 5, 579, 0.0198, 55.1, -0.0423
20241203101105, TNA, 48.5, 20241206, C, 0, 40, 0.0237, 55.1, 0.9484
20241203101105, TNA, 48.5, 20241206, P, 10, 282, 0.0237, 55.1, -0.0515
20241203101105, TNA, 49, 20241206, C, 2, 117, 0.0283, 55.1, 0.9366
20241203101105, TNA, 49, 20241206, P, 5, 3502, 0.0283, 55.1, -0.0632
20241203101105, TNA, 49.5, 20241206, C, 1, 21, 0.0338, 55.1, 0.9217
20241203101105, TNA, 49.5, 20241206, P, 0, 426, 0.0338, 55.1, -0.0782
20241203101105, TNA, 50, 20241206, C, 90, 529, 0.04, 55.1, 0.9032
20241203101105, TNA, 50, 20241206, P, 20, 2072, 0.04, 55.1, -0.0968
20241203101105, TNA, 51, 20241206, C, 10, 567, 0.0539, 55.1, 0.8543
20241203101105, TNA, 51, 20241206, P, 37, 1706, 0.054, 55.1, -0.1457
20241203101105, TNA, 52, 20241206, C, 6, 421, 0.0683, 55.1, 0.7901
20241203101105, TNA, 52, 20241206, P, 160, 2280, 0.0684, 55.1, -0.21
20241203101105, TNA, 52.5, 20241206, C, 0, 115, 0.075, 55.1, 0.7528
20241203101105, TNA, 52.5, 20241206, P, 227, 1094, 0.0752, 55.1, -0.2474
20241203101105, TNA, 53, 20241206, C, 32, 441, 0.0812, 55.1, 0.7124
20241203101105, TNA, 53, 20241206, P, 208, 1907, 0.0814, 55.1, -0.2879
20241203101105, TNA, 54, 20241206, C, 1, 672, 0.0908, 55.1, 0.6244
20241203101105, TNA, 54, 20241206, P, 75, 1583, 0.0911, 55.1, -0.3762
20241203101105, TNA, 55, 20241206, C, 33, 1147, 0.0958, 55.1, 0.5302
20241203101105, TNA, 55, 20241206, P, 206, 889, 0.0962, 55.1, -0.4708
20241203101105, TNA, 56, 20241206, C, 115, 4699, 0.0954, 55.1, 0.4346
20241203101105, TNA, 56, 20241206, P, 6, 216, 0.0958, 55.1, -0.5667
20241203101105, TNA, 56.5, 20241206, C, 36, 333, 0.0932, 55.1, 0.3881
20241203101105, TNA, 56.5, 20241206, P, 30, 101, 0.0936, 55.1, -0.6134
20241203101105, TNA, 57, 20241206, C, 88, 2211, 0.0897, 55.1, 0.3432
20241203101105, TNA, 57, 20241206, P, 0, 139, 0.0901, 55.1, -0.6585
20241203101105, TNA, 57.5, 20241206, C, 49, 579, 0.0852, 55.1, 0.3005
20241203101105, TNA, 57.5, 20241206, P, 0, 34, 0.0856, 55.1, -0.7015
20241203101105, TNA, 58, 20241206, C, 38, 2469, 0.0798, 55.1, 0.2603
20241203101105, TNA, 58, 20241206, P, 5, 35, 0.0801, 55.1, -0.7419
20241203101105, TNA, 58.5, 20241206, C, 20, 816, 0.0736, 55.1, 0.223
20241203101105, TNA, 58.5, 20241206, P, 0, 3, 0.074, 55.1, -0.7793
20241203101105, TNA, 59, 20241206, C, 41, 1735, 0.067, 55.1, 0.189
20241203101105, TNA, 59, 20241206, P, 0, 13, 0.0673, 55.1, -0.8136
20241203101105, TNA, 60, 20241206, C, 12, 2746, 0.0531, 55.1, 0.1311
20241203101105, TNA, 60, 20241206, P, 0, 105, 0.0534, 55.1, -0.8717
20241203101105, TNA, 61, 20241206, C, 96, 612, 0.0399, 55.1, 0.0874
20241203101105, TNA, 61, 20241206, P, 0, 0, 0.0401, 55.1, -0.9157
20241203101105, TNA, 62, 20241206, C, 0, 678, 0.0286, 55.1, 0.0568
20241203101105, TNA, 62, 20241206, P, 0, 4, 0.0288, 55.1, -0.9464
20241203101105, TNA, 63, 20241206, C, 0, 429, 0.02, 55.1, 0.0366
20241203101105, TNA, 63, 20241206, P, 0, 0, 0.0202, 55.1, -0.9667
20241203101105, TNA, 64, 20241206, C, 107, 45, 0.0138, 55.1, 0.0238
20241203101105, TNA, 64, 20241206, P, 0, 0, 0.0138, 55.1, -0.9796
20241203101105, TNA, 65, 20241206, C, 9, 1508, 0.0095, 55.1, 0.0158
20241203101105, TNA, 65, 20241206, P, 0, 30, 0.0093, 55.1, -0.9876
20241203101105, TNA, 66, 20241206, C, 0, 801, 0.0066, 55.1, 0.0106
20241203101105, TNA, 66, 20241206, P, 0, 0, 0.0062, 55.1, -0.9925
20241203101105, TNA, 67, 20241206, C, 0, 33, 0.0047, 55.1, 0.0073
20241203101105, TNA, 67, 20241206, P, 0, 0, 0.0041, 55.1, -0.9954
20241203101105, TNA, 68, 20241206, C, 0, 3, 0.0033, 55.1, 0.0052
20241203101105, TNA, 68, 20241206, P, 0, 0, 0.0026, 55.1, -0.9972
20241203101105, TNA, 69, 20241206, C, 0, 1, 0.0024, 55.1, 0.0037
20241203101105, TNA, 69, 20241206, P, 0, 0, 0.0017, 55.1, -0.9983
20241203101105, TNA, 70, 20241206, C, 0, 436, 0.0018, 55.1, 0.0027
20241203101105, TNA, 70, 20241206, P, 0, 0, 0.0011, 55.1, -0.999
20241203101105, TNA, 75, 20241206, C, 0, 32, 0.0004, 55.1, 0.0007
20241203101105, TNA, 75, 20241206, P, 0, 0, 0.0001, 55.1, -0.9999
20241203101105, TNA, 80, 20241206, C, 0, 14, 0.0001, 55.1, 0.0002
20241203101105, TNA, 80, 20241206, P, 0, 0, 0, 55.1, -1
20241203101105, TNA, 20, 20241213, C, 0, 3, 0.0003, 55.1, 0.9977
20241203101105, TNA, 20, 20241213, P, 0, 0, 0.0003, 55.1, -0.002
20241203101105, TNA, 25, 20241213, C, 0, 0, 0.0007, 55.1, 0.9959
20241203101105, TNA, 25, 20241213, P, 0, 17, 0.0007, 55.1, -0.0038
20241203101105, TNA, 30, 20241213, C, 0, 0, 0.0014, 55.1, 0.9927
20241203101105, TNA, 30, 20241213, P, 0, 28, 0.0014, 55.1, -0.007
20241203101105, TNA, 32, 20241213, C, 0, 0, 0.0018, 55.1, 0.9908
20241203101105, TNA, 32, 20241213, P, 0, 102, 0.0018, 55.1, -0.0089
20241203101105, TNA, 33, 20241213, C, 0, 0, 0.0021, 55.1, 0.9897
20241203101105, TNA, 33, 20241213, P, 0, 2, 0.0021, 55.1, -0.0101
20241203101105, TNA, 34, 20241213, C, 0, 0, 0.0024, 55.1, 0.9884
20241203101105, TNA, 34, 20241213, P, 0, 3, 0.0024, 55.1, -0.0114
20241203101105, TNA, 35, 20241213, C, 0, 1, 0.0028, 55.1, 0.9869
20241203101105, TNA, 35, 20241213, P, 0, 79, 0.0028, 55.1, -0.0128
20241203101105, TNA, 36, 20241213, C, 0, 1, 0.0032, 55.1, 0.9852
20241203101105, TNA, 36, 20241213, P, 0, 46, 0.0032, 55.1, -0.0145
20241203101105, TNA, 37, 20241213, C, 0, 1, 0.0038, 55.1, 0.9832
20241203101105, TNA, 37, 20241213, P, 0, 10, 0.0038, 55.1, -0.0165
20241203101105, TNA, 37.5, 20241213, C, 0, 5, 0.0041, 55.1, 0.9821
20241203101105, TNA, 37.5, 20241213, P, 0, 14, 0.0041, 55.1, -0.0176
20241203101105, TNA, 38, 20241213, C, 0, 2, 0.0044, 55.1, 0.981
20241203101105, TNA, 38, 20241213, P, 0, 27, 0.0044, 55.1, -0.0188
20241203101105, TNA, 38.5, 20241213, C, 0, 0, 0.0048, 55.1, 0.9797
20241203101105, TNA, 38.5, 20241213, P, 0, 0, 0.0048, 55.1, -0.0201
20241203101105, TNA, 39, 20241213, C, 0, 0, 0.0052, 55.1, 0.9783
20241203101105, TNA, 39, 20241213, P, 0, 2, 0.0052, 55.1, -0.0215
20241203101105, TNA, 39.5, 20241213, C, 0, 0, 0.0056, 55.1, 0.9768
20241203101105, TNA, 39.5, 20241213, P, 0, 208, 0.0056, 55.1, -0.023
20241203101105, TNA, 40, 20241213, C, 0, 1, 0.0061, 55.1, 0.9751
20241203101105, TNA, 40, 20241213, P, 0, 190, 0.0061, 55.1, -0.0247
20241203101105, TNA, 40.5, 20241213, C, 0, 0, 0.0066, 55.1, 0.9733
20241203101105, TNA, 40.5, 20241213, P, 0, 4, 0.0066, 55.1, -0.0265
20241203101105, TNA, 41, 20241213, C, 0, 12, 0.0072, 55.1, 0.9713
20241203101105, TNA, 41, 20241213, P, 0, 82, 0.0072, 55.1, -0.0285
20241203101105, TNA, 41.5, 20241213, C, 0, 1, 0.0079, 55.1, 0.969
20241203101105, TNA, 41.5, 20241213, P, 0, 45, 0.0079, 55.1, -0.0307
20241203101105, TNA, 42, 20241213, C, 1, 3, 0.0086, 55.1, 0.9665
20241203101105, TNA, 42, 20241213, P, 0, 105, 0.0086, 55.1, -0.0332
20241203101105, TNA, 42.5, 20241213, C, 0, 4, 0.0094, 55.1, 0.9637
20241203101105, TNA, 42.5, 20241213, P, 0, 10, 0.0095, 55.1, -0.0361
20241203101105, TNA, 43, 20241213, C, 0, 18, 0.0104, 55.1, 0.9605
20241203101105, TNA, 43, 20241213, P, 0, 73, 0.0104, 55.1, -0.0393
20241203101105, TNA, 43.5, 20241213, C, 0, 5, 0.0114, 55.1, 0.9569
20241203101105, TNA, 43.5, 20241213, P, 0, 3, 0.0114, 55.1, -0.0429
20241203101105, TNA, 44, 20241213, C, 0, 1, 0.0126, 55.1, 0.9526
20241203101105, TNA, 44, 20241213, P, 0, 121, 0.0126, 55.1, -0.0472
20241203101105, TNA, 44.5, 20241213, C, 0, 10, 0.0139, 55.1, 0.9477
20241203101105, TNA, 44.5, 20241213, P, 0, 14, 0.014, 55.1, -0.0521
20241203101105, TNA, 45, 20241213, C, 0, 40, 0.0154, 55.1, 0.942
20241203101105, TNA, 45, 20241213, P, 6, 238, 0.0155, 55.1, -0.0578
20241203101105, TNA, 45.5, 20241213, C, 0, 0, 0.0172, 55.1, 0.9354
20241203101105, TNA, 45.5, 20241213, P, 0, 10, 0.0172, 55.1, -0.0644
20241203101105, TNA, 46, 20241213, C, 0, 31, 0.019, 55.1, 0.9277
20241203101105, TNA, 46, 20241213, P, 0, 230, 0.0191, 55.1, -0.0722
20241203101105, TNA, 46.5, 20241213, C, 0, 12, 0.0212, 55.1, 0.9188
20241203101105, TNA, 46.5, 20241213, P, 0, 9, 0.0212, 55.1, -0.0811
20241203101105, TNA, 47, 20241213, C, 0, 31, 0.0235, 55.1, 0.9084
20241203101105, TNA, 47, 20241213, P, 0, 164, 0.0236, 55.1, -0.0915
20241203101105, TNA, 47.5, 20241213, C, 0, 22, 0.026, 55.1, 0.8966
20241203101105, TNA, 47.5, 20241213, P, 0, 30, 0.0261, 55.1, -0.1034
20241203101105, TNA, 48, 20241213, C, 0, 442, 0.0288, 55.1, 0.8832
20241203101105, TNA, 48, 20241213, P, 28, 575, 0.0288, 55.1, -0.1168
20241203101105, TNA, 48.5, 20241213, C, 0, 8, 0.0316, 55.1, 0.8681
20241203101105, TNA, 48.5, 20241213, P, 35, 22, 0.0317, 55.1, -0.132
20241203101105, TNA, 49, 20241213, C, 0, 105, 0.0346, 55.1, 0.8512
20241203101105, TNA, 49, 20241213, P, 52, 644, 0.0348, 55.1, -0.1489
20241203101105, TNA, 49.5, 20241213, C, 5, 52, 0.0377, 55.1, 0.8325
20241203101105, TNA, 49.5, 20241213, P, 8, 180, 0.0378, 55.1, -0.1676
20241203101105, TNA, 50, 20241213, C, 81, 505, 0.0408, 55.1, 0.8122
20241203101105, TNA, 50, 20241213, P, 1324, 615, 0.041, 55.1, -0.1881
20241203101105, TNA, 51, 20241213, C, 1, 192, 0.0469, 55.1, 0.7664
20241203101105, TNA, 51, 20241213, P, 49, 380, 0.0471, 55.1, -0.234
20241203101105, TNA, 52, 20241213, C, 12, 92, 0.0525, 55.1, 0.7146
20241203101105, TNA, 52, 20241213, P, 24, 288, 0.0527, 55.1, -0.286
20241203101105, TNA, 52.5, 20241213, C, 0, 12, 0.0549, 55.1, 0.6868
20241203101105, TNA, 52.5, 20241213, P, 63, 70, 0.0551, 55.1, -0.3139
20241203101105, TNA, 53, 20241213, C, 15, 301, 0.0571, 55.1, 0.658
20241203101105, TNA, 53, 20241213, P, 33, 163, 0.0573, 55.1, -0.3429
20241203101105, TNA, 54, 20241213, C, 0, 126, 0.0605, 55.1, 0.5979
20241203101105, TNA, 54, 20241213, P, 2, 121, 0.0607, 55.1, -0.4032
20241203101105, TNA, 55, 20241213, C, 4, 420, 0.0624, 55.1, 0.5359
20241203101105, TNA, 55, 20241213, P, 9, 162, 0.0627, 55.1, -0.4655
20241203101105, TNA, 56, 20241213, C, 3, 208, 0.0628, 55.1, 0.4736
20241203101105, TNA, 56, 20241213, P, 4, 40, 0.063, 55.1, -0.5281
20241203101105, TNA, 56.5, 20241213, C, 3, 38, 0.0624, 55.1, 0.4428
20241203101105, TNA, 56.5, 20241213, P, 7, 27, 0.0626, 55.1, -0.559
20241203101105, TNA, 57, 20241213, C, 6, 152, 0.0616, 55.1, 0.4126
20241203101105, TNA, 57, 20241213, P, 0, 42, 0.0619, 55.1, -0.5894
20241203101105, TNA, 57.5, 20241213, C, 0, 108, 0.0605, 55.1, 0.383
20241203101105, TNA, 57.5, 20241213, P, 0, 6, 0.0608, 55.1, -0.6191
20241203101105, TNA, 58, 20241213, C, 0, 90, 0.059, 55.1, 0.3543
20241203101105, TNA, 58, 20241213, P, 0, 8, 0.0593, 55.1, -0.648
20241203101105, TNA, 58.5, 20241213, C, 2, 26, 0.0573, 55.1, 0.3266
20241203101105, TNA, 58.5, 20241213, P, 0, 1, 0.0576, 55.1, -0.6759
20241203101105, TNA, 59, 20241213, C, 0, 265, 0.0553, 55.1, 0.2999
20241203101105, TNA, 59, 20241213, P, 0, 2, 0.0556, 55.1, -0.7026
20241203101105, TNA, 60, 20241213, C, 18, 448, 0.0507, 55.1, 0.2503
20241203101105, TNA, 60, 20241213, P, 10, 23, 0.051, 55.1, -0.7526
20241203101105, TNA, 61, 20241213, C, 1, 115, 0.0455, 55.1, 0.2061
20241203101105, TNA, 61, 20241213, P, 0, 0, 0.0458, 55.1, -0.7971
20241203101105, TNA, 65, 20241213, C, 3, 227, 0.0249, 55.1, 0.0873
20241203101105, TNA, 65, 20241213, P, 0, 55, 0.0256, 55.1, -0.9173
20241203101105, TNA, 70, 20241213, C, 2, 75, 0.0107, 55.1, 0.0332
20241203101105, TNA, 70, 20241213, P, 0, 0, 0.0114, 55.1, -0.9732
20241203101105, TNA, 75, 20241213, C, 0, 5, 0.0053, 55.1, 0.0162
20241203101105, TNA, 75, 20241213, P, 0, 0, 0.0053, 55.1, -0.9907
20241203101105, TNA, 80, 20241213, C, 0, 1, 0.003, 55.1, 0.0093
20241203101105, TNA, 80, 20241213, P, 0, 0, 0.0023, 55.1, -0.9966
20241203101105, TNA, 20, 20241220, C, 0, 1, 0.0006, 55.1, 0.9945
20241203101105, TNA, 20, 20241220, P, 0, 36, 0.0006, 55.1, -0.0051
20241203101105, TNA, 25, 20241220, C, 0, 0, 0.0012, 55.1, 0.9907
20241203101105, TNA, 25, 20241220, P, 0, 211, 0.0012, 55.1, -0.0089
20241203101105, TNA, 26, 20241220, C, 0, 2, 0.0014, 55.1, 0.9897
20241203101105, TNA, 26, 20241220, P, 0, 40, 0.0014, 55.1, -0.0099
20241203101105, TNA, 27, 20241220, C, 0, 0, 0.0016, 55.1, 0.9886
20241203101105, TNA, 27, 20241220, P, 0, 76, 0.0016, 55.1, -0.011
20241203101105, TNA, 28, 20241220, C, 0, 46, 0.0018, 55.1, 0.9874
20241203101105, TNA, 28, 20241220, P, 0, 74, 0.0018, 55.1, -0.0122
20241203101105, TNA, 29, 20241220, C, 0, 1, 0.002, 55.1, 0.9861
20241203101105, TNA, 29, 20241220, P, 0, 59, 0.002, 55.1, -0.0135
20241203101105, TNA, 30, 20241220, C, 0, 259, 0.0023, 55.1, 0.9846
20241203101105, TNA, 30, 20241220, P, 3, 669, 0.0023, 55.1, -0.015
20241203101105, TNA, 31, 20241220, C, 0, 10, 0.0026, 55.1, 0.983
20241203101105, TNA, 31, 20241220, P, 0, 233, 0.0026, 55.1, -0.0166
20241203101105, TNA, 32, 20241220, C, 0, 19, 0.0029, 55.1, 0.9812
20241203101105, TNA, 32, 20241220, P, 0, 851, 0.0029, 55.1, -0.0184
20241203101105, TNA, 33, 20241220, C, 0, 43, 0.0033, 55.1, 0.9793
20241203101105, TNA, 33, 20241220, P, 0, 716, 0.0033, 55.1, -0.0204
20241203101105, TNA, 34, 20241220, C, 0, 20, 0.0038, 55.1, 0.977
20241203101105, TNA, 34, 20241220, P, 0, 1143, 0.0038, 55.1, -0.0226
20241203101105, TNA, 35, 20241220, C, 0, 251, 0.0043, 55.1, 0.9746
20241203101105, TNA, 35, 20241220, P, 0, 1412, 0.0043, 55.1, -0.0251
20241203101105, TNA, 36, 20241220, C, 0, 154, 0.0049, 55.1, 0.9717
20241203101105, TNA, 36, 20241220, P, 0, 464, 0.0049, 55.1, -0.0279
20241203101105, TNA, 37, 20241220, C, 0, 59, 0.0056, 55.1, 0.9684
20241203101105, TNA, 37, 20241220, P, 13, 379, 0.0056, 55.1, -0.0312
20241203101105, TNA, 38, 20241220, C, 0, 56, 0.0064, 55.1, 0.9646
20241203101105, TNA, 38, 20241220, P, 0, 549, 0.0064, 55.1, -0.0351
20241203101105, TNA, 39, 20241220, C, 0, 31, 0.0073, 55.1, 0.96
20241203101105, TNA, 39, 20241220, P, 3, 781, 0.0074, 55.1, -0.0397
20241203101105, TNA, 40, 20241220, C, 0, 440, 0.0085, 55.1, 0.9544
20241203101105, TNA, 40, 20241220, P, 3, 872, 0.0085, 55.1, -0.0453
20241203101105, TNA, 41, 20241220, C, 0, 112, 0.0099, 55.1, 0.9475
20241203101105, TNA, 41, 20241220, P, 0, 413, 0.0099, 55.1, -0.0522
20241203101105, TNA, 42, 20241220, C, 1, 429, 0.0116, 55.1, 0.9388
20241203101105, TNA, 42, 20241220, P, 0, 698, 0.0116, 55.1, -0.0609
20241203101105, TNA, 42.5, 20241220, C, 0, 0, 0.0125, 55.1, 0.9337
20241203101105, TNA, 42.5, 20241220, P, 1, 23, 0.0126, 55.1, -0.066
20241203101105, TNA, 43, 20241220, C, 1, 1084, 0.0136, 55.1, 0.928
20241203101105, TNA, 43, 20241220, P, 0, 434, 0.0136, 55.1, -0.0718
20241203101105, TNA, 43.5, 20241220, C, 0, 2, 0.0147, 55.1, 0.9216
20241203101105, TNA, 43.5, 20241220, P, 0, 9, 0.0148, 55.1, -0.0782
20241203101105, TNA, 44, 20241220, C, 0, 224, 0.0159, 55.1, 0.9144
20241203101105, TNA, 44, 20241220, P, 0, 781, 0.016, 55.1, -0.0854
20241203101105, TNA, 44.5, 20241220, C, 0, 20, 0.0172, 55.1, 0.9065
20241203101105, TNA, 44.5, 20241220, P, 0, 47, 0.0173, 55.1, -0.0933
20241203101105, TNA, 45, 20241220, C, 0, 2445, 0.0186, 55.1, 0.8977
20241203101105, TNA, 45, 20241220, P, 278, 1451, 0.0187, 55.1, -0.1021
20241203101105, TNA, 45.5, 20241220, C, 0, 7, 0.0201, 55.1, 0.8881
20241203101105, TNA, 45.5, 20241220, P, 0, 79, 0.0202, 55.1, -0.1118
20241203101105, TNA, 46, 20241220, C, 0, 325, 0.0217, 55.1, 0.8776
20241203101105, TNA, 46, 20241220, P, 2, 624, 0.0217, 55.1, -0.1224
20241203101105, TNA, 46.5, 20241220, C, 0, 129, 0.0233, 55.1, 0.8661
20241203101105, TNA, 46.5, 20241220, P, 0, 43, 0.0234, 55.1, -0.1339
20241203101105, TNA, 47, 20241220, C, 0, 349, 0.025, 55.1, 0.8537
20241203101105, TNA, 47, 20241220, P, 1313, 606, 0.025, 55.1, -0.1464
20241203101105, TNA, 47.5, 20241220, C, 0, 226, 0.0267, 55.1, 0.8403
20241203101105, TNA, 47.5, 20241220, P, 0, 12, 0.0268, 55.1, -0.1598
20241203101105, TNA, 48, 20241220, C, 0, 1044, 0.0284, 55.1, 0.8259
20241203101105, TNA, 48, 20241220, P, 0, 703, 0.0285, 55.1, -0.1742
20241203101105, TNA, 48.5, 20241220, C, 0, 14, 0.0302, 55.1, 0.8106
20241203101105, TNA, 48.5, 20241220, P, 0, 11, 0.0303, 55.1, -0.1896
20241203101105, TNA, 49, 20241220, C, 0, 188, 0.0319, 55.1, 0.7943
20241203101105, TNA, 49, 20241220, P, 2, 1938, 0.032, 55.1, -0.206
20241203101105, TNA, 49.5, 20241220, C, 0, 30, 0.0336, 55.1, 0.7771
20241203101105, TNA, 49.5, 20241220, P, 0, 6, 0.0338, 55.1, -0.2232
20241203101105, TNA, 50, 20241220, C, 14, 1651, 0.0353, 55.1, 0.759
20241203101105, TNA, 50, 20241220, P, 63, 1027, 0.0355, 55.1, -0.2414
20241203101105, TNA, 51, 20241220, C, 0, 135, 0.0386, 55.1, 0.7204
20241203101105, TNA, 51, 20241220, P, 8, 693, 0.0387, 55.1, -0.2801
20241203101105, TNA, 52, 20241220, C, 0, 561, 0.0414, 55.1, 0.6788
20241203101105, TNA, 52, 20241220, P, 5, 168, 0.0416, 55.1, -0.3219
20241203101105, TNA, 52.5, 20241220, C, 1, 134, 0.0427, 55.1, 0.6571
20241203101105, TNA, 52.5, 20241220, P, 1, 32, 0.0429, 55.1, -0.3437
20241203101105, TNA, 53, 20241220, C, 0, 1324, 0.0439, 55.1, 0.6349
20241203101105, TNA, 53, 20241220, P, 11, 266, 0.0441, 55.1, -0.3661
20241203101105, TNA, 54, 20241220, C, 0, 350, 0.0457, 55.1, 0.5892
20241203101105, TNA, 54, 20241220, P, 5, 80, 0.046, 55.1, -0.412
20241203101105, TNA, 55, 20241220, C, 22, 2056, 0.0469, 55.1, 0.5424
20241203101105, TNA, 55, 20241220, P, 1, 447, 0.0472, 55.1, -0.459
20241203101105, TNA, 56, 20241220, C, 12, 565, 0.0474, 55.1, 0.4954
20241203101105, TNA, 56, 20241220, P, 0, 98, 0.0477, 55.1, -0.5063
20241203101105, TNA, 57, 20241220, C, 2, 516, 0.0472, 55.1, 0.4489
20241203101105, TNA, 57, 20241220, P, 0, 13, 0.0475, 55.1, -0.5531
20241203101105, TNA, 58, 20241220, C, 11, 567, 0.0464, 55.1, 0.4037
20241203101105, TNA, 58, 20241220, P, 0, 6, 0.0467, 55.1, -0.5986
20241203101105, TNA, 59, 20241220, C, 0, 92, 0.0449, 55.1, 0.3604
20241203101105, TNA, 59, 20241220, P, 0, 27, 0.0452, 55.1, -0.6422
20241203101105, TNA, 60, 20241220, C, 406, 5798, 0.0429, 55.1, 0.3195
20241203101105, TNA, 60, 20241220, P, 0, 174, 0.0433, 55.1, -0.6834
20241203101105, TNA, 61, 20241220, C, 0, 19, 0.0405, 55.1, 0.2815
20241203101105, TNA, 61, 20241220, P, 0, 1, 0.0409, 55.1, -0.7218
20241203101105, TNA, 65, 20241220, C, 19, 7859, 0.0291, 55.1, 0.1612
20241203101105, TNA, 65, 20241220, P, 0, 26, 0.0296, 55.1, -0.8435
20241203101105, TNA, 70, 20241220, C, 8, 720, 0.0168, 55.1, 0.0786
20241203101105, TNA, 70, 20241220, P, 0, 2, 0.0175, 55.1, -0.928
20241203101105, TNA, 75, 20241220, C, 0, 539, 0.0097, 55.1, 0.0426
20241203101105, TNA, 75, 20241220, P, 0, 80, 0.0106, 55.1, -0.9655
20241203101105, TNA, 80, 20241220, C, 0, 336, 0.006, 55.1, 0.0262
20241203101105, TNA, 80, 20241220, P, 0, 0, 0.0067, 55.1, -0.9831
20241203101105, TNA, 20, 20241227, C, 0, 0, 0.0005, 55.1, 0.9957
20241203101105, TNA, 20, 20241227, P, 0, 0, 0.0006, 55.1, -0.0054
20241203101105, TNA, 25, 20241227, C, 0, 1, 0.0011, 55.1, 0.992
20241203101105, TNA, 25, 20241227, P, 0, 9, 0.0013, 55.1, -0.0098
20241203101105, TNA, 30, 20241227, C, 0, 0, 0.0022, 55.1, 0.9858
20241203101105, TNA, 30, 20241227, P, 0, 94, 0.0025, 55.1, -0.0169
20241203101105, TNA, 35, 20241227, C, 0, 32, 0.0043, 55.1, 0.9746
20241203101105, TNA, 35, 20241227, P, 0, 249, 0.0047, 55.1, -0.0293
20241203101105, TNA, 40, 20241227, C, 0, 26, 0.0091, 55.1, 0.9495
20241203101105, TNA, 40, 20241227, P, 2, 120, 0.0096, 55.1, -0.0564
20241203101105, TNA, 41, 20241227, C, 0, 37, 0.0106, 55.1, 0.9409
20241203101105, TNA, 41, 20241227, P, 0, 85, 0.0111, 55.1, -0.0655
20241203101105, TNA, 42, 20241227, C, 0, 59, 0.0123, 55.1, 0.9304
20241203101105, TNA, 42, 20241227, P, 0, 11, 0.0129, 55.1, -0.0765
20241203101105, TNA, 43, 20241227, C, 0, 4, 0.0144, 55.1, 0.9178
20241203101105, TNA, 43, 20241227, P, 1, 21, 0.0149, 55.1, -0.0897
20241203101105, TNA, 44, 20241227, C, 0, 1, 0.0166, 55.1, 0.9026
20241203101105, TNA, 44, 20241227, P, 0, 361, 0.0171, 55.1, -0.1053
20241203101105, TNA, 45, 20241227, C, 0, 19, 0.0192, 55.1, 0.8848
20241203101105, TNA, 45, 20241227, P, 1, 107, 0.0196, 55.1, -0.1237
20241203101105, TNA, 46, 20241227, C, 0, 27, 0.022, 55.1, 0.8638
20241203101105, TNA, 46, 20241227, P, 20, 94, 0.0224, 55.1, -0.145
20241203101105, TNA, 47, 20241227, C, 0, 162, 0.0249, 55.1, 0.8397
20241203101105, TNA, 47, 20241227, P, 0, 558, 0.0252, 55.1, -0.1694
20241203101105, TNA, 47.5, 20241227, C, 0, 66, 0.0264, 55.1, 0.8264
20241203101105, TNA, 47.5, 20241227, P, 1, 35, 0.0267, 55.1, -0.1828
20241203101105, TNA, 48, 20241227, C, 0, 10, 0.028, 55.1, 0.8123
20241203101105, TNA, 48, 20241227, P, 0, 134, 0.0282, 55.1, -0.197
20241203101105, TNA, 48.5, 20241227, C, 0, 4, 0.0295, 55.1, 0.7974
20241203101105, TNA, 48.5, 20241227, P, 5, 536, 0.0297, 55.1, -0.212
20241203101105, TNA, 49, 20241227, C, 0, 18, 0.031, 55.1, 0.7816
20241203101105, TNA, 49, 20241227, P, 1, 28, 0.0312, 55.1, -0.2278
20241203101105, TNA, 49.5, 20241227, C, 0, 3, 0.0326, 55.1, 0.765
20241203101105, TNA, 49.5, 20241227, P, 0, 5, 0.0326, 55.1, -0.2444
20241203101105, TNA, 50, 20241227, C, 1, 595, 0.034, 55.1, 0.7477
20241203101105, TNA, 50, 20241227, P, 0, 66, 0.034, 55.1, -0.2617
20241203101105, TNA, 50.5, 20241227, C, 0, 34, 0.0355, 55.1, 0.7296
20241203101105, TNA, 50.5, 20241227, P, 0, 62, 0.0354, 55.1, -0.2797
20241203101105, TNA, 51, 20241227, C, 0, 37, 0.0368, 55.1, 0.7108
20241203101105, TNA, 51, 20241227, P, 0, 118, 0.0367, 55.1, -0.2984
20241203101105, TNA, 51.5, 20241227, C, 0, 91, 0.0381, 55.1, 0.6914
20241203101105, TNA, 51.5, 20241227, P, 0, 11, 0.0379, 55.1, -0.3178
20241203101105, TNA, 52, 20241227, C, 0, 54, 0.0393, 55.1, 0.6714
20241203101105, TNA, 52, 20241227, P, 1, 50, 0.0391, 55.1, -0.3376
20241203101105, TNA, 52.5, 20241227, C, 0, 60, 0.0404, 55.1, 0.6508
20241203101105, TNA, 52.5, 20241227, P, 0, 12, 0.0401, 55.1, -0.358
20241203101105, TNA, 53, 20241227, C, 0, 363, 0.0414, 55.1, 0.6298
20241203101105, TNA, 53, 20241227, P, 0, 29, 0.0411, 55.1, -0.3788
20241203101105, TNA, 53.5, 20241227, C, 0, 96, 0.0422, 55.1, 0.6085
20241203101105, TNA, 53.5, 20241227, P, 0, 8, 0.0419, 55.1, -0.3999
20241203101105, TNA, 54, 20241227, C, 0, 59, 0.0429, 55.1, 0.5869
20241203101105, TNA, 54, 20241227, P, 1, 23, 0.0426, 55.1, -0.4214
20241203101105, TNA, 54.5, 20241227, C, 0, 33, 0.0435, 55.1, 0.5649
20241203101105, TNA, 54.5, 20241227, P, 0, 1, 0.0431, 55.1, -0.443
20241203101105, TNA, 55, 20241227, C, 2, 356, 0.0439, 55.1, 0.543
20241203101105, TNA, 55, 20241227, P, 0, 5, 0.0435, 55.1, -0.4647
20241203101105, TNA, 55.5, 20241227, C, 27, 52, 0.0442, 55.1, 0.5211
20241203101105, TNA, 55.5, 20241227, P, 0, 15, 0.0438, 55.1, -0.4864
20241203101105, TNA, 56, 20241227, C, 3, 348, 0.0443, 55.1, 0.4991
20241203101105, TNA, 56, 20241227, P, 1, 4, 0.0439, 55.1, -0.508
20241203101105, TNA, 56.5, 20241227, C, 0, 5, 0.0443, 55.1, 0.4773
20241203101105, TNA, 56.5, 20241227, P, 0, 1, 0.0438, 55.1, -0.5296
20241203101105, TNA, 57, 20241227, C, 0, 116, 0.0441, 55.1, 0.4558
20241203101105, TNA, 57, 20241227, P, 0, 0, 0.0437, 55.1, -0.5508
20241203101105, TNA, 57.5, 20241227, C, 0, 74, 0.0438, 55.1, 0.4346
20241203101105, TNA, 57.5, 20241227, P, 0, 0, 0.0434, 55.1, -0.5718
20241203101105, TNA, 58, 20241227, C, 0, 304, 0.0434, 55.1, 0.4136
20241203101105, TNA, 58, 20241227, P, 0, 24, 0.0429, 55.1, -0.5924
20241203101105, TNA, 58.5, 20241227, C, 0, 64, 0.0428, 55.1, 0.3933
20241203101105, TNA, 58.5, 20241227, P, 0, 2, 0.0424, 55.1, -0.6125
20241203101105, TNA, 59, 20241227, C, 0, 36, 0.0422, 55.1, 0.3734
20241203101105, TNA, 59, 20241227, P, 1, 4, 0.0417, 55.1, -0.6322
20241203101105, TNA, 60, 20241227, C, 0, 1009, 0.0405, 55.1, 0.3352
20241203101105, TNA, 60, 20241227, P, 0, 1, 0.0401, 55.1, -0.6698
20241203101105, TNA, 61, 20241227, C, 0, 17, 0.0386, 55.1, 0.2995
20241203101105, TNA, 61, 20241227, P, 0, 0, 0.0381, 55.1, -0.705
20241203101105, TNA, 65, 20241227, C, 1, 515, 0.0291, 55.1, 0.1836
20241203101105, TNA, 65, 20241227, P, 0, 2, 0.0288, 55.1, -0.8194
20241203101105, TNA, 70, 20241227, C, 1, 122, 0.018, 55.1, 0.095
20241203101105, TNA, 70, 20241227, P, 0, 0, 0.0178, 55.1, -0.9069
20241203101105, TNA, 75, 20241227, C, 0, 38, 0.0106, 55.1, 0.0504
20241203101105, TNA, 75, 20241227, P, 0, 0, 0.0104, 55.1, -0.9508
20241203101105, TNA, 80, 20241227, C, 0, 1, 0.0064, 55.1, 0.029
20241203101105, TNA, 80, 20241227, P, 0, 0, 0.0063, 55.1, -0.9718
20241203101105, TNA, 20, 20250103, C, 0, 0, 0.0007, 55.1, 0.9939
20241203101105, TNA, 20, 20250103, P, 0, 0, 0.0009, 55.1, -0.008
20241203101105, TNA, 25, 20250103, C, 0, 0, 0.0014, 55.1, 0.9891
20241203101105, TNA, 25, 20250103, P, 0, 0, 0.0016, 55.1, -0.0137
20241203101105, TNA, 30, 20250103, C, 0, 0, 0.0027, 55.1, 0.9812
20241203101105, TNA, 30, 20250103, P, 0, 16, 0.003, 55.1, -0.0225
20241203101105, TNA, 35, 20250103, C, 0, 1, 0.0051, 55.1, 0.9673
20241203101105, TNA, 35, 20250103, P, 0, 9, 0.0054, 55.1, -0.0377
20241203101105, TNA, 40, 20250103, C, 0, 5, 0.0102, 55.1, 0.9364
20241203101105, TNA, 40, 20250103, P, 0, 12, 0.0104, 55.1, -0.07
20241203101105, TNA, 41, 20250103, C, 0, 0, 0.0117, 55.1, 0.9263
20241203101105, TNA, 41, 20250103, P, 0, 2, 0.0119, 55.1, -0.0803
20241203101105, TNA, 42, 20250103, C, 0, 6, 0.0134, 55.1, 0.9143
20241203101105, TNA, 42, 20250103, P, 0, 21, 0.0135, 55.1, -0.0925
20241203101105, TNA, 42.5, 20250103, C, 0, 0, 0.0143, 55.1, 0.9075
20241203101105, TNA, 42.5, 20250103, P, 0, 2, 0.0144, 55.1, -0.0993
20241203101105, TNA, 43, 20250103, C, 0, 0, 0.0153, 55.1, 0.9002
20241203101105, TNA, 43, 20250103, P, 0, 1, 0.0154, 55.1, -0.1067
20241203101105, TNA, 43.5, 20250103, C, 0, 0, 0.0163, 55.1, 0.8923
20241203101105, TNA, 43.5, 20250103, P, 0, 0, 0.0164, 55.1, -0.1146
20241203101105, TNA, 44, 20250103, C, 0, 0, 0.0174, 55.1, 0.8838
20241203101105, TNA, 44, 20250103, P, 0, 0, 0.0174, 55.1, -0.1231
20241203101105, TNA, 44.5, 20250103, C, 0, 0, 0.0185, 55.1, 0.8746
20241203101105, TNA, 44.5, 20250103, P, 0, 0, 0.0185, 55.1, -0.1323
20241203101105, TNA, 45, 20250103, C, 1, 1, 0.0197, 55.1, 0.8648
20241203101105, TNA, 45, 20250103, P, 0, 2, 0.0196, 55.1, -0.142
20241203101105, TNA, 45.5, 20250103, C, 0, 0, 0.0209, 55.1, 0.8544
20241203101105, TNA, 45.5, 20250103, P, 0, 0, 0.0208, 55.1, -0.1524
20241203101105, TNA, 46, 20250103, C, 0, 1, 0.0221, 55.1, 0.8433
20241203101105, TNA, 46, 20250103, P, 1, 6, 0.022, 55.1, -0.1635
20241203101105, TNA, 46.5, 20250103, C, 0, 0, 0.0233, 55.1, 0.8315
20241203101105, TNA, 46.5, 20250103, P, 0, 3, 0.0232, 55.1, -0.1752
20241203101105, TNA, 47, 20250103, C, 0, 1, 0.0246, 55.1, 0.819
20241203101105, TNA, 47, 20250103, P, 0, 5, 0.0244, 55.1, -0.1875
20241203101105, TNA, 47.5, 20250103, C, 0, 0, 0.0258, 55.1, 0.8058
20241203101105, TNA, 47.5, 20250103, P, 0, 7, 0.0256, 55.1, -0.2006
20241203101105, TNA, 48, 20250103, C, 0, 0, 0.0271, 55.1, 0.792
20241203101105, TNA, 48, 20250103, P, 0, 18, 0.0268, 55.1, -0.2143
20241203101105, TNA, 48.5, 20250103, C, 0, 0, 0.0283, 55.1, 0.7775
20241203101105, TNA, 48.5, 20250103, P, 0, 0, 0.0281, 55.1, -0.2286
20241203101105, TNA, 49, 20250103, C, 0, 0, 0.0295, 55.1, 0.7623
20241203101105, TNA, 49, 20250103, P, 0, 28, 0.0293, 55.1, -0.2436
20241203101105, TNA, 49.5, 20250103, C, 0, 0, 0.0307, 55.1, 0.7466
20241203101105, TNA, 49.5, 20250103, P, 0, 24, 0.0305, 55.1, -0.2592
20241203101105, TNA, 50, 20250103, C, 1, 4, 0.0319, 55.1, 0.7302
20241203101105, TNA, 50, 20250103, P, 0, 62, 0.0316, 55.1, -0.2754
20241203101105, TNA, 50.5, 20250103, C, 0, 0, 0.033, 55.1, 0.7133
20241203101105, TNA, 50.5, 20250103, P, 0, 16, 0.0327, 55.1, -0.2922
20241203101105, TNA, 51, 20250103, C, 0, 4, 0.034, 55.1, 0.6958
20241203101105, TNA, 51, 20250103, P, 0, 20, 0.0338, 55.1, -0.3095
20241203101105, TNA, 51.5, 20250103, C, 0, 0, 0.035, 55.1, 0.6778
20241203101105, TNA, 51.5, 20250103, P, 0, 51, 0.0348, 55.1, -0.3273
20241203101105, TNA, 52, 20250103, C, 0, 39, 0.036, 55.1, 0.6594
20241203101105, TNA, 52, 20250103, P, 0, 2, 0.0357, 55.1, -0.3455
20241203101105, TNA, 52.5, 20250103, C, 0, 1, 0.0368, 55.1, 0.6406
20241203101105, TNA, 52.5, 20250103, P, 0, 1, 0.0365, 55.1, -0.3641
20241203101105, TNA, 53, 20250103, C, 0, 20, 0.0375, 55.1, 0.6216
20241203101105, TNA, 53, 20250103, P, 0, 26, 0.0373, 55.1, -0.383
20241203101105, TNA, 53.5, 20250103, C, 0, 18, 0.0382, 55.1, 0.6022
20241203101105, TNA, 53.5, 20250103, P, 0, 29, 0.038, 55.1, -0.4022
20241203101105, TNA, 54, 20250103, C, 0, 28, 0.0387, 55.1, 0.5826
20241203101105, TNA, 54, 20250103, P, 0, 17, 0.0385, 55.1, -0.4217
20241203101105, TNA, 54.5, 20250103, C, 0, 0, 0.0392, 55.1, 0.5629
20241203101105, TNA, 54.5, 20250103, P, 0, 0, 0.039, 55.1, -0.4413
20241203101105, TNA, 55, 20250103, C, 25, 202, 0.0395, 55.1, 0.5432
20241203101105, TNA, 55, 20250103, P, 0, 16, 0.0394, 55.1, -0.4609
20241203101105, TNA, 55.5, 20250103, C, 0, 26, 0.0397, 55.1, 0.5234
20241203101105, TNA, 55.5, 20250103, P, 1, 0, 0.0396, 55.1, -0.4806
20241203101105, TNA, 56, 20250103, C, 1, 77, 0.0399, 55.1, 0.5036
20241203101105, TNA, 56, 20250103, P, 0, 1, 0.0398, 55.1, -0.5002
20241203101105, TNA, 56.5, 20250103, C, 0, 61, 0.0399, 55.1, 0.484
20241203101105, TNA, 56.5, 20250103, P, 0, 0, 0.0398, 55.1, -0.5198
20241203101105, TNA, 57, 20250103, C, 0, 87, 0.0398, 55.1, 0.4646
20241203101105, TNA, 57, 20250103, P, 0, 2, 0.0397, 55.1, -0.5391
20241203101105, TNA, 58, 20250103, C, 0, 17, 0.0393, 55.1, 0.4266
20241203101105, TNA, 58, 20250103, P, 0, 1, 0.0393, 55.1, -0.5771
20241203101105, TNA, 59, 20250103, C, 0, 5, 0.0384, 55.1, 0.3899
20241203101105, TNA, 59, 20250103, P, 0, 0, 0.0385, 55.1, -0.6137
20241203101105, TNA, 60, 20250103, C, 0, 154, 0.0373, 55.1, 0.355
20241203101105, TNA, 60, 20250103, P, 0, 5, 0.0373, 55.1, -0.6486
20241203101105, TNA, 61, 20250103, C, 0, 0, 0.0358, 55.1, 0.322
20241203101105, TNA, 61, 20250103, P, 0, 0, 0.0359, 55.1, -0.6816
20241203101105, TNA, 65, 20250103, C, 2, 298, 0.0286, 55.1, 0.2121
20241203101105, TNA, 65, 20250103, P, 0, 0, 0.0286, 55.1, -0.7916
20241203101105, TNA, 70, 20250103, C, 0, 10, 0.0194, 55.1, 0.1226
20241203101105, TNA, 70, 20250103, P, 1, 0, 0.0194, 55.1, -0.881
20241203101105, TNA, 75, 20250103, C, 0, 58, 0.0127, 55.1, 0.0729
20241203101105, TNA, 75, 20250103, P, 0, 0, 0.0125, 55.1, -0.9302
20241203101105, TNA, 80, 20250103, C, 0, 212, 0.0084, 55.1, 0.0464
20241203101105, TNA, 80, 20250103, P, 0, 1, 0.0082, 55.1, -0.9561
20241203101105, TNA, 20, 20250110, C, 0, 6, 0.0008, 55.1, 0.9924
20241203101105, TNA, 20, 20250110, P, 0, 2, 0.001, 55.1, -0.01
20241203101105, TNA, 25, 20250110, C, 0, 0, 0.0016, 55.1, 0.9867
20241203101105, TNA, 25, 20250110, P, 0, 0, 0.0018, 55.1, -0.0166
20241203101105, TNA, 30, 20250110, C, 0, 1, 0.003, 55.1, 0.9775
20241203101105, TNA, 30, 20250110, P, 0, 0, 0.0032, 55.1, -0.0267
20241203101105, TNA, 35, 20250110, C, 0, 0, 0.0057, 55.1, 0.9609
20241203101105, TNA, 35, 20250110, P, 0, 0, 0.0058, 55.1, -0.0441
20241203101105, TNA, 40, 20250110, C, 0, 0, 0.0109, 55.1, 0.9247
20241203101105, TNA, 40, 20250110, P, 0, 11, 0.0109, 55.1, -0.0808
20241203101105, TNA, 43, 20250110, C, 0, 0, 0.0158, 55.1, 0.8845
20241203101105, TNA, 43, 20250110, P, 0, 0, 0.0156, 55.1, -0.1205
20241203101105, TNA, 44, 20250110, C, 0, 0, 0.0177, 55.1, 0.867
20241203101105, TNA, 44, 20250110, P, 0, 0, 0.0174, 55.1, -0.1377
20241203101105, TNA, 45, 20250110, C, 0, 0, 0.0197, 55.1, 0.8473
20241203101105, TNA, 45, 20250110, P, 0, 4, 0.0194, 55.1, -0.157
20241203101105, TNA, 46, 20250110, C, 0, 1, 0.0217, 55.1, 0.8254
20241203101105, TNA, 46, 20250110, P, 0, 3, 0.0214, 55.1, -0.1786
20241203101105, TNA, 47, 20250110, C, 0, 0, 0.0238, 55.1, 0.8011
20241203101105, TNA, 47, 20250110, P, 0, 0, 0.0235, 55.1, -0.2024
20241203101105, TNA, 48, 20250110, C, 0, 0, 0.0258, 55.1, 0.7748
20241203101105, TNA, 48, 20250110, P, 0, 0, 0.0255, 55.1, -0.2285
20241203101105, TNA, 49, 20250110, C, 0, 0, 0.0278, 55.1, 0.7462
20241203101105, TNA, 49, 20250110, P, 0, 0, 0.0275, 55.1, -0.2566
20241203101105, TNA, 49.5, 20250110, C, 0, 0, 0.0287, 55.1, 0.7313
20241203101105, TNA, 49.5, 20250110, P, 0, 0, 0.0285, 55.1, -0.2714
20241203101105, TNA, 50, 20250110, C, 0, 0, 0.0296, 55.1, 0.7159
20241203101105, TNA, 50, 20250110, P, 0, 3, 0.0294, 55.1, -0.2866
20241203101105, TNA, 50.5, 20250110, C, 0, 0, 0.0305, 55.1, 0.7
20241203101105, TNA, 50.5, 20250110, P, 0, 0, 0.0303, 55.1, -0.3023
20241203101105, TNA, 51, 20250110, C, 0, 0, 0.0313, 55.1, 0.6838
20241203101105, TNA, 51, 20250110, P, 0, 2, 0.0312, 55.1, -0.3184
20241203101105, TNA, 51.5, 20250110, C, 0, 0, 0.0321, 55.1, 0.6673
20241203101105, TNA, 51.5, 20250110, P, 0, 0, 0.032, 55.1, -0.3349
20241203101105, TNA, 52, 20250110, C, 0, 0, 0.0328, 55.1, 0.6504
20241203101105, TNA, 52, 20250110, P, 0, 0, 0.0327, 55.1, -0.3517
20241203101105, TNA, 52.5, 20250110, C, 0, 0, 0.0334, 55.1, 0.6332
20241203101105, TNA, 52.5, 20250110, P, 0, 0, 0.0334, 55.1, -0.3688
20241203101105, TNA, 53, 20250110, C, 0, 2, 0.034, 55.1, 0.6158
20241203101105, TNA, 53, 20250110, P, 0, 0, 0.034, 55.1, -0.3861
20241203101105, TNA, 53.5, 20250110, C, 0, 0, 0.0345, 55.1, 0.5983
20241203101105, TNA, 53.5, 20250110, P, 0, 0, 0.0345, 55.1, -0.4036
20241203101105, TNA, 54, 20250110, C, 0, 0, 0.035, 55.1, 0.5805
20241203101105, TNA, 54, 20250110, P, 0, 0, 0.035, 55.1, -0.4213
20241203101105, TNA, 54.5, 20250110, C, 0, 0, 0.0353, 55.1, 0.5627
20241203101105, TNA, 54.5, 20250110, P, 0, 21, 0.0354, 55.1, -0.4391
20241203101105, TNA, 55, 20250110, C, 0, 11, 0.0356, 55.1, 0.5449
20241203101105, TNA, 55, 20250110, P, 0, 1, 0.0357, 55.1, -0.457
20241203101105, TNA, 55.5, 20250110, C, 0, 0, 0.0358, 55.1, 0.5271
20241203101105, TNA, 55.5, 20250110, P, 0, 2, 0.0359, 55.1, -0.4748
20241203101105, TNA, 56, 20250110, C, 0, 14, 0.0359, 55.1, 0.5093
20241203101105, TNA, 56, 20250110, P, 0, 5, 0.0361, 55.1, -0.4926
20241203101105, TNA, 56.5, 20250110, C, 0, 0, 0.036, 55.1, 0.4917
20241203101105, TNA, 56.5, 20250110, P, 0, 0, 0.0362, 55.1, -0.5104
20241203101105, TNA, 57, 20250110, C, 0, 2, 0.036, 55.1, 0.4742
20241203101105, TNA, 57, 20250110, P, 0, 0, 0.0362, 55.1, -0.528
20241203101105, TNA, 57.5, 20250110, C, 0, 0, 0.0359, 55.1, 0.4568
20241203101105, TNA, 57.5, 20250110, P, 0, 0, 0.0361, 55.1, -0.5454
20241203101105, TNA, 58, 20250110, C, 0, 0, 0.0357, 55.1, 0.4397
20241203101105, TNA, 58, 20250110, P, 0, 0, 0.0359, 55.1, -0.5626
20241203101105, TNA, 58.5, 20250110, C, 0, 0, 0.0354, 55.1, 0.4229
20241203101105, TNA, 58.5, 20250110, P, 0, 0, 0.0357, 55.1, -0.5795
20241203101105, TNA, 59, 20250110, C, 0, 1, 0.0351, 55.1, 0.4063
20241203101105, TNA, 59, 20250110, P, 0, 0, 0.0354, 55.1, -0.5962
20241203101105, TNA, 59.5, 20250110, C, 0, 0, 0.0347, 55.1, 0.3901
20241203101105, TNA, 59.5, 20250110, P, 0, 0, 0.035, 55.1, -0.6125
20241203101105, TNA, 60, 20250110, C, 0, 1, 0.0343, 55.1, 0.3742
20241203101105, TNA, 60, 20250110, P, 0, 0, 0.0346, 55.1, -0.6285
20241203101105, TNA, 60.5, 20250110, C, 0, 1, 0.0338, 55.1, 0.3588
20241203101105, TNA, 60.5, 20250110, P, 0, 0, 0.0341, 55.1, -0.6441
20241203101105, TNA, 61, 20250110, C, 0, 0, 0.0333, 55.1, 0.3437
20241203101105, TNA, 61, 20250110, P, 0, 0, 0.0336, 55.1, -0.6593
20241203101105, TNA, 65, 20250110, C, 0, 0, 0.0278, 55.1, 0.239
20241203101105, TNA, 65, 20250110, P, 0, 0, 0.028, 55.1, -0.7649
20241203101105, TNA, 70, 20250110, C, 0, 0, 0.0202, 55.1, 0.1481
20241203101105, TNA, 70, 20250110, P, 0, 0, 0.0203, 55.1, -0.8563
20241203101105, TNA, 75, 20250110, C, 0, 0, 0.0141, 55.1, 0.0936
20241203101105, TNA, 75, 20250110, P, 0, 0, 0.014, 55.1, -0.9108
20241203101105, TNA, 80, 20250110, C, 2, 6, 0.0099, 55.1, 0.0624
20241203101105, TNA, 80, 20250110, P, 0, 0, 0.0097, 55.1, -0.9416
20241203101105, TNA, 15, 20250117, C, 0, 263, 0.0005, 55.1, 0.9958
20241203101105, TNA, 15, 20250117, P, 0, 1033, 0.0006, 55.1, -0.0066
20241203101105, TNA, 16, 20250117, C, 0, 37, 0.0005, 55.1, 0.9951
20241203101105, TNA, 16, 20250117, P, 0, 259, 0.0006, 55.1, -0.0074
20241203101105, TNA, 17, 20250117, C, 0, 8, 0.0006, 55.1, 0.9943
20241203101105, TNA, 17, 20250117, P, 0, 136, 0.0007, 55.1, -0.0083
20241203101105, TNA, 18, 20250117, C, 0, 24, 0.0007, 55.1, 0.9935
20241203101105, TNA, 18, 20250117, P, 0, 212, 0.0008, 55.1, -0.0093
20241203101105, TNA, 19, 20250117, C, 0, 14, 0.0008, 55.1, 0.9925
20241203101105, TNA, 19, 20250117, P, 0, 689, 0.001, 55.1, -0.0103
20241203101105, TNA, 20, 20250117, C, 0, 920, 0.001, 55.1, 0.9915
20241203101105, TNA, 20, 20250117, P, 0, 797, 0.0011, 55.1, -0.0115
20241203101105, TNA, 21, 20250117, C, 0, 15, 0.0011, 55.1, 0.9904
20241203101105, TNA, 21, 20250117, P, 0, 509, 0.0012, 55.1, -0.0127
20241203101105, TNA, 22, 20250117, C, 0, 113, 0.0012, 55.1, 0.9892
20241203101105, TNA, 22, 20250117, P, 0, 1440, 0.0014, 55.1, -0.014
20241203101105, TNA, 23, 20250117, C, 0, 34, 0.0014, 55.1, 0.9878
20241203101105, TNA, 23, 20250117, P, 0, 715, 0.0016, 55.1, -0.0155
20241203101105, TNA, 24, 20250117, C, 0, 50, 0.0016, 55.1, 0.9864
20241203101105, TNA, 24, 20250117, P, 0, 78, 0.0018, 55.1, -0.017
20241203101105, TNA, 25, 20250117, C, 0, 768, 0.0018, 55.1, 0.9848
20241203101105, TNA, 25, 20250117, P, 0, 1074, 0.002, 55.1, -0.0187
20241203101105, TNA, 26, 20250117, C, 0, 39, 0.002, 55.1, 0.9831
20241203101105, TNA, 26, 20250117, P, 0, 253, 0.0022, 55.1, -0.0206
20241203101105, TNA, 27, 20250117, C, 2, 76, 0.0023, 55.1, 0.9812
20241203101105, TNA, 27, 20250117, P, 0, 243, 0.0025, 55.1, -0.0226
20241203101105, TNA, 28, 20250117, C, 0, 143, 0.0026, 55.1, 0.9792
20241203101105, TNA, 28, 20250117, P, 0, 607, 0.0028, 55.1, -0.0248
20241203101105, TNA, 29, 20250117, C, 0, 83, 0.003, 55.1, 0.9768
20241203101105, TNA, 29, 20250117, P, 0, 215, 0.0031, 55.1, -0.0272
20241203101105, TNA, 30, 20250117, C, 0, 2004, 0.0033, 55.1, 0.9742
20241203101105, TNA, 30, 20250117, P, 0, 1282, 0.0035, 55.1, -0.03
20241203101105, TNA, 31, 20250117, C, 0, 282, 0.0038, 55.1, 0.9713
20241203101105, TNA, 31, 20250117, P, 0, 216, 0.0039, 55.1, -0.033
20241203101105, TNA, 32, 20250117, C, 0, 573, 0.0043, 55.1, 0.968
20241203101105, TNA, 32, 20250117, P, 0, 329, 0.0044, 55.1, -0.0364
20241203101105, TNA, 33, 20250117, C, 0, 463, 0.0048, 55.1, 0.9641
20241203101105, TNA, 33, 20250117, P, 0, 207, 0.0049, 55.1, -0.0403
20241203101105, TNA, 34, 20250117, C, 0, 570, 0.0054, 55.1, 0.9596
20241203101105, TNA, 34, 20250117, P, 0, 221, 0.0055, 55.1, -0.0449
20241203101105, TNA, 35, 20250117, C, 0, 4571, 0.0062, 55.1, 0.9544
20241203101105, TNA, 35, 20250117, P, 0, 860, 0.0062, 55.1, -0.0501
20241203101105, TNA, 36, 20250117, C, 0, 1109, 0.007, 55.1, 0.9483
20241203101105, TNA, 36, 20250117, P, 0, 830, 0.007, 55.1, -0.0562
20241203101105, TNA, 37, 20250117, C, 0, 868, 0.008, 55.1, 0.9412
20241203101105, TNA, 37, 20250117, P, 0, 203, 0.0079, 55.1, -0.0633
20241203101105, TNA, 38, 20250117, C, 0, 2315, 0.009, 55.1, 0.9328
20241203101105, TNA, 38, 20250117, P, 0, 302, 0.0089, 55.1, -0.0716
20241203101105, TNA, 39, 20250117, C, 0, 1375, 0.0102, 55.1, 0.923
20241203101105, TNA, 39, 20250117, P, 0, 313, 0.01, 55.1, -0.0811
20241203101105, TNA, 40, 20250117, C, 0, 14805, 0.0114, 55.1, 0.9118
20241203101105, TNA, 40, 20250117, P, 0, 1829, 0.0112, 55.1, -0.0921
20241203101105, TNA, 41, 20250117, C, 0, 2275, 0.0128, 55.1, 0.899
20241203101105, TNA, 41, 20250117, P, 0, 763, 0.0126, 55.1, -0.1046
20241203101105, TNA, 42, 20250117, C, 0, 2509, 0.0143, 55.1, 0.8844
20241203101105, TNA, 42, 20250117, P, 0, 371, 0.014, 55.1, -0.1188
20241203101105, TNA, 43, 20250117, C, 0, 1286, 0.0159, 55.1, 0.8681
20241203101105, TNA, 43, 20250117, P, 1, 178, 0.0156, 55.1, -0.1347
20241203101105, TNA, 44, 20250117, C, 0, 2724, 0.0175, 55.1, 0.8499
20241203101105, TNA, 44, 20250117, P, 0, 358, 0.0172, 55.1, -0.1525
20241203101105, TNA, 45, 20250117, C, 0, 6189, 0.0192, 55.1, 0.8299
20241203101105, TNA, 45, 20250117, P, 11, 1053, 0.0189, 55.1, -0.1721
20241203101105, TNA, 46, 20250117, C, 0, 1561, 0.0209, 55.1, 0.808
20241203101105, TNA, 46, 20250117, P, 1, 259, 0.0207, 55.1, -0.1936
20241203101105, TNA, 47, 20250117, C, 0, 1867, 0.0226, 55.1, 0.7844
20241203101105, TNA, 47, 20250117, P, 1, 156, 0.0224, 55.1, -0.2168
20241203101105, TNA, 48, 20250117, C, 1, 2179, 0.0243, 55.1, 0.7591
20241203101105, TNA, 48, 20250117, P, 31, 284, 0.0241, 55.1, -0.2418
20241203101105, TNA, 49, 20250117, C, 0, 716, 0.0258, 55.1, 0.7322
20241203101105, TNA, 49, 20250117, P, 0, 86, 0.0257, 55.1, -0.2685
20241203101105, TNA, 50, 20250117, C, 3, 7282, 0.0273, 55.1, 0.7039
20241203101105, TNA, 50, 20250117, P, 19, 748, 0.0272, 55.1, -0.2966
20241203101105, TNA, 51, 20250117, C, 0, 1741, 0.0287, 55.1, 0.6743
20241203101105, TNA, 51, 20250117, P, 1, 167, 0.0286, 55.1, -0.3261
20241203101105, TNA, 52, 20250117, C, 1, 2817, 0.0299, 55.1, 0.6437
20241203101105, TNA, 52, 20250117, P, 1, 187, 0.0299, 55.1, -0.3567
20241203101105, TNA, 53, 20250117, C, 0, 1269, 0.0309, 55.1, 0.6122
20241203101105, TNA, 53, 20250117, P, 1, 164, 0.031, 55.1, -0.3882
20241203101105, TNA, 54, 20250117, C, 3, 1335, 0.0317, 55.1, 0.5802
20241203101105, TNA, 54, 20250117, P, 0, 255, 0.0318, 55.1, -0.4203
20241203101105, TNA, 55, 20250117, C, 12, 5133, 0.0323, 55.1, 0.5479
20241203101105, TNA, 55, 20250117, P, 1, 251, 0.0324, 55.1, -0.4528
20241203101105, TNA, 56, 20250117, C, 14, 1374, 0.0326, 55.1, 0.5156
20241203101105, TNA, 56, 20250117, P, 0, 107, 0.0328, 55.1, -0.4853
20241203101105, TNA, 57, 20250117, C, 7, 393, 0.0327, 55.1, 0.4835
20241203101105, TNA, 57, 20250117, P, 0, 56, 0.033, 55.1, -0.5176
20241203101105, TNA, 58, 20250117, C, 0, 452, 0.0326, 55.1, 0.452
20241203101105, TNA, 58, 20250117, P, 0, 61, 0.0329, 55.1, -0.5494
20241203101105, TNA, 59, 20250117, C, 1, 630, 0.0323, 55.1, 0.4212
20241203101105, TNA, 59, 20250117, P, 0, 86, 0.0326, 55.1, -0.5805
20241203101105, TNA, 60, 20250117, C, 198, 6035, 0.0318, 55.1, 0.3914
20241203101105, TNA, 60, 20250117, P, 0, 625, 0.0321, 55.1, -0.6106
20241203101105, TNA, 65, 20250117, C, 27, 2834, 0.0269, 55.1, 0.2612
20241203101105, TNA, 65, 20250117, P, 0, 179, 0.0273, 55.1, -0.7424
20241203101105, TNA, 70, 20250117, C, 1, 3337, 0.0205, 55.1, 0.1672
20241203101105, TNA, 70, 20250117, P, 0, 284, 0.0208, 55.1, -0.8376
20241203101105, TNA, 75, 20250117, C, 15, 20866, 0.0148, 55.1, 0.1069
20241203101105, TNA, 75, 20250117, P, 0, 43, 0.0148, 55.1, -0.8984
20241203101105, TNA, 80, 20250117, C, 0, 367, 0.0105, 55.1, 0.0711
20241203101105, TNA, 80, 20250117, P, 0, 25, 0.0104, 55.1, -0.934
20241203101105, TNA, 20, 20250417, C, 0, 20, 0.002, 55.1, 0.9752
20241203101105, TNA, 20, 20250417, P, 0, 88, 0.0017, 55.1, -0.0253
20241203101105, TNA, 25, 20250417, C, 0, 4, 0.0031, 55.1, 0.9591
20241203101105, TNA, 25, 20250417, P, 0, 152, 0.0029, 55.1, -0.0388
20241203101105, TNA, 27, 20250417, C, 0, 2, 0.0037, 55.1, 0.9504
20241203101105, TNA, 27, 20250417, P, 0, 73, 0.0035, 55.1, -0.0468
20241203101105, TNA, 28, 20250417, C, 0, 4, 0.0041, 55.1, 0.9452
20241203101105, TNA, 28, 20250417, P, 0, 38, 0.0039, 55.1, -0.0515
20241203101105, TNA, 29, 20250417, C, 0, 8, 0.0044, 55.1, 0.9396
20241203101105, TNA, 29, 20250417, P, 0, 11, 0.0043, 55.1, -0.0568
20241203101105, TNA, 30, 20250417, C, 0, 11, 0.0048, 55.1, 0.9334
20241203101105, TNA, 30, 20250417, P, 0, 233, 0.0047, 55.1, -0.0627
20241203101105, TNA, 31, 20250417, C, 0, 0, 0.0053, 55.1, 0.9266
20241203101105, TNA, 31, 20250417, P, 0, 31, 0.0052, 55.1, -0.0694
20241203101105, TNA, 32, 20250417, C, 0, 3, 0.0057, 55.1, 0.9192
20241203101105, TNA, 32, 20250417, P, 0, 148, 0.0057, 55.1, -0.0766
20241203101105, TNA, 33, 20250417, C, 0, 245, 0.0062, 55.1, 0.9112
20241203101105, TNA, 33, 20250417, P, 0, 171, 0.0062, 55.1, -0.0845
20241203101105, TNA, 34, 20250417, C, 0, 107, 0.0068, 55.1, 0.9025
20241203101105, TNA, 34, 20250417, P, 0, 50, 0.0068, 55.1, -0.0931
20241203101105, TNA, 35, 20250417, C, 0, 234, 0.0074, 55.1, 0.8931
20241203101105, TNA, 35, 20250417, P, 0, 202, 0.0074, 55.1, -0.1025
20241203101105, TNA, 36, 20250417, C, 0, 614, 0.008, 55.1, 0.883
20241203101105, TNA, 36, 20250417, P, 0, 310, 0.008, 55.1, -0.1126
20241203101105, TNA, 37, 20250417, C, 0, 11, 0.0086, 55.1, 0.8722
20241203101105, TNA, 37, 20250417, P, 0, 82, 0.0086, 55.1, -0.1234
20241203101105, TNA, 38, 20250417, C, 0, 101, 0.0092, 55.1, 0.8608
20241203101105, TNA, 38, 20250417, P, 0, 473, 0.0093, 55.1, -0.1352
20241203101105, TNA, 39, 20250417, C, 0, 23, 0.0099, 55.1, 0.8486
20241203101105, TNA, 39, 20250417, P, 0, 91, 0.01, 55.1, -0.1472
20241203101105, TNA, 40, 20250417, C, 0, 677, 0.0105, 55.1, 0.8358
20241203101105, TNA, 40, 20250417, P, 11, 239, 0.0106, 55.1, -0.1601
20241203101105, TNA, 41, 20250417, C, 0, 150, 0.0112, 55.1, 0.8223
20241203101105, TNA, 41, 20250417, P, 0, 254, 0.0113, 55.1, -0.1737
20241203101105, TNA, 42, 20250417, C, 0, 206, 0.0119, 55.1, 0.8082
20241203101105, TNA, 42, 20250417, P, 0, 556, 0.012, 55.1, -0.188
20241203101105, TNA, 43, 20250417, C, 0, 163, 0.0125, 55.1, 0.7935
20241203101105, TNA, 43, 20250417, P, 0, 58, 0.0127, 55.1, -0.2028
20241203101105, TNA, 44, 20250417, C, 0, 639, 0.0132, 55.1, 0.7782
20241203101105, TNA, 44, 20250417, P, 1, 70, 0.0133, 55.1, -0.2183
20241203101105, TNA, 45, 20250417, C, 0, 509, 0.0138, 55.1, 0.7624
20241203101105, TNA, 45, 20250417, P, 0, 602, 0.014, 55.1, -0.2346
20241203101105, TNA, 46, 20250417, C, 0, 174, 0.0144, 55.1, 0.746
20241203101105, TNA, 46, 20250417, P, 0, 203, 0.0146, 55.1, -0.2509
20241203101105, TNA, 47, 20250417, C, 0, 562, 0.015, 55.1, 0.7292
20241203101105, TNA, 47, 20250417, P, 0, 67, 0.0152, 55.1, -0.268
20241203101105, TNA, 48, 20250417, C, 0, 113, 0.0156, 55.1, 0.7119
20241203101105, TNA, 48, 20250417, P, 0, 110, 0.0158, 55.1, -0.2854
20241203101105, TNA, 49, 20250417, C, 0, 276, 0.0161, 55.1, 0.6943
20241203101105, TNA, 49, 20250417, P, 0, 41, 0.0164, 55.1, -0.3033
20241203101105, TNA, 50, 20250417, C, 1, 2800, 0.0166, 55.1, 0.6764
20241203101105, TNA, 50, 20250417, P, 0, 147, 0.0169, 55.1, -0.3215
20241203101105, TNA, 51, 20250417, C, 0, 109, 0.0171, 55.1, 0.6582
20241203101105, TNA, 51, 20250417, P, 0, 54, 0.0174, 55.1, -0.34
20241203101105, TNA, 52, 20250417, C, 0, 100, 0.0175, 55.1, 0.6398
20241203101105, TNA, 52, 20250417, P, 0, 166, 0.0178, 55.1, -0.3587
20241203101105, TNA, 53, 20250417, C, 0, 165, 0.0179, 55.1, 0.6213
20241203101105, TNA, 53, 20250417, P, 0, 156, 0.0182, 55.1, -0.3776
20241203101105, TNA, 54, 20250417, C, 1, 93, 0.0182, 55.1, 0.6028
20241203101105, TNA, 54, 20250417, P, 1, 42, 0.0186, 55.1, -0.3965
20241203101105, TNA, 55, 20250417, C, 3, 1900, 0.0185, 55.1, 0.5842
20241203101105, TNA, 55, 20250417, P, 0, 240, 0.0188, 55.1, -0.4155
20241203101105, TNA, 56, 20250417, C, 13, 140, 0.0187, 55.1, 0.5656
20241203101105, TNA, 56, 20250417, P, 0, 151, 0.0191, 55.1, -0.4345
20241203101105, TNA, 57, 20250417, C, 0, 224, 0.0189, 55.1, 0.5472
20241203101105, TNA, 57, 20250417, P, 0, 15, 0.0193, 55.1, -0.4533
20241203101105, TNA, 58, 20250417, C, 0, 1013, 0.019, 55.1, 0.5289
20241203101105, TNA, 58, 20250417, P, 0, 124, 0.0195, 55.1, -0.4721
20241203101105, TNA, 59, 20250417, C, 0, 88, 0.0191, 55.1, 0.5108
20241203101105, TNA, 59, 20250417, P, 0, 2, 0.0196, 55.1, -0.4906
20241203101105, TNA, 60, 20250417, C, 2, 2274, 0.0191, 55.1, 0.493
20241203101105, TNA, 60, 20250417, P, 0, 59, 0.0197, 55.1, -0.509
20241203101105, TNA, 65, 20250417, C, 0, 1505, 0.0188, 55.1, 0.4084
20241203101105, TNA, 65, 20250417, P, 1, 25, 0.0195, 55.1, -0.5964
20241203101105, TNA, 70, 20250417, C, 3, 1548, 0.0176, 55.1, 0.3335
20241203101105, TNA, 70, 20250417, P, 0, 72, 0.0185, 55.1, -0.6748
20241203101105, TNA, 75, 20250417, C, 175, 1205, 0.016, 55.1, 0.27
20241203101105, TNA, 75, 20250417, P, 0, 0, 0.0171, 55.1, -0.7421
20241203101105, TNA, 80, 20250417, C, 170, 597, 0.0142, 55.1, 0.2192
20241203101105, TNA, 80, 20250417, P, 0, 0, 0.0154, 55.1, -0.7966
20241203101105, TNA, 30, 20250718, C, 0, 5, 0.0049, 55.1, 0.9098
20241203101105, TNA, 30, 20250718, P, 0, 14, 0.005, 55.1, -0.0855
20241203101105, TNA, 35, 20250718, C, 0, 5, 0.007, 55.1, 0.8667
20241203101105, TNA, 35, 20250718, P, 0, 30, 0.0071, 55.1, -0.1285
20241203101105, TNA, 40, 20250718, C, 0, 111, 0.0092, 55.1, 0.8121
20241203101105, TNA, 40, 20250718, P, 5, 29, 0.0093, 55.1, -0.1833
20241203101105, TNA, 42, 20250718, C, 0, 3, 0.0101, 55.1, 0.7875
20241203101105, TNA, 42, 20250718, P, 0, 9, 0.0102, 55.1, -0.2081
20241203101105, TNA, 43, 20250718, C, 0, 4, 0.0105, 55.1, 0.7747
20241203101105, TNA, 43, 20250718, P, 0, 3, 0.0106, 55.1, -0.221
20241203101105, TNA, 44, 20250718, C, 0, 0, 0.011, 55.1, 0.7616
20241203101105, TNA, 44, 20250718, P, 0, 0, 0.0111, 55.1, -0.2342
20241203101105, TNA, 45, 20250718, C, 0, 6, 0.0113, 55.1, 0.7482
20241203101105, TNA, 45, 20250718, P, 0, 17, 0.0115, 55.1, -0.2479
20241203101105, TNA, 46, 20250718, C, 0, 23, 0.0117, 55.1, 0.7345
20241203101105, TNA, 46, 20250718, P, 0, 15, 0.0119, 55.1, -0.2617
20241203101105, TNA, 47, 20250718, C, 0, 2, 0.0121, 55.1, 0.7207
20241203101105, TNA, 47, 20250718, P, 0, 0, 0.0122, 55.1, -0.2755
20241203101105, TNA, 48, 20250718, C, 0, 40, 0.0124, 55.1, 0.7067
20241203101105, TNA, 48, 20250718, P, 0, 36, 0.0126, 55.1, -0.2897
20241203101105, TNA, 49, 20250718, C, 0, 6, 0.0128, 55.1, 0.6925
20241203101105, TNA, 49, 20250718, P, 0, 6, 0.013, 55.1, -0.304
20241203101105, TNA, 50, 20250718, C, 0, 75, 0.0131, 55.1, 0.6782
20241203101105, TNA, 50, 20250718, P, 0, 16, 0.0133, 55.1, -0.3188
20241203101105, TNA, 51, 20250718, C, 0, 4, 0.0134, 55.1, 0.6638
20241203101105, TNA, 51, 20250718, P, 0, 2, 0.0136, 55.1, -0.3335
20241203101105, TNA, 52, 20250718, C, 0, 49, 0.0136, 55.1, 0.6494
20241203101105, TNA, 52, 20250718, P, 0, 11, 0.0139, 55.1, -0.3479
20241203101105, TNA, 53, 20250718, C, 0, 32, 0.0139, 55.1, 0.6349
20241203101105, TNA, 53, 20250718, P, 0, 21, 0.0142, 55.1, -0.3626
20241203101105, TNA, 54, 20250718, C, 0, 22, 0.0141, 55.1, 0.6204
20241203101105, TNA, 54, 20250718, P, 0, 2, 0.0144, 55.1, -0.3774
20241203101105, TNA, 55, 20250718, C, 0, 59, 0.0143, 55.1, 0.6059
20241203101105, TNA, 55, 20250718, P, 0, 11, 0.0146, 55.1, -0.3922
20241203101105, TNA, 56, 20250718, C, 0, 4, 0.0145, 55.1, 0.5915
20241203101105, TNA, 56, 20250718, P, 0, 0, 0.0148, 55.1, -0.407
20241203101105, TNA, 57, 20250718, C, 0, 30, 0.0146, 55.1, 0.5772
20241203101105, TNA, 57, 20250718, P, 0, 1, 0.015, 55.1, -0.4218
20241203101105, TNA, 58, 20250718, C, 0, 3, 0.0148, 55.1, 0.5629
20241203101105, TNA, 58, 20250718, P, 0, 0, 0.0152, 55.1, -0.4364
20241203101105, TNA, 59, 20250718, C, 0, 7, 0.0149, 55.1, 0.5488
20241203101105, TNA, 59, 20250718, P, 0, 0, 0.0153, 55.1, -0.451
20241203101105, TNA, 60, 20250718, C, 0, 126, 0.015, 55.1, 0.5348
20241203101105, TNA, 60, 20250718, P, 0, 7, 0.0155, 55.1, -0.4655
20241203101105, TNA, 61, 20250718, C, 0, 3, 0.015, 55.1, 0.521
20241203101105, TNA, 61, 20250718, P, 0, 0, 0.0156, 55.1, -0.4799
20241203101105, TNA, 62, 20250718, C, 0, 1, 0.0151, 55.1, 0.5073
20241203101105, TNA, 62, 20250718, P, 0, 0, 0.0156, 55.1, -0.4941
20241203101105, TNA, 63, 20250718, C, 0, 2, 0.0151, 55.1, 0.4938
20241203101105, TNA, 63, 20250718, P, 0, 0, 0.0157, 55.1, -0.5081
20241203101105, TNA, 64, 20250718, C, 0, 0, 0.0151, 55.1, 0.4805
20241203101105, TNA, 64, 20250718, P, 0, 0, 0.0158, 55.1, -0.522
20241203101105, TNA, 65, 20250718, C, 0, 4, 0.0151, 55.1, 0.4674
20241203101105, TNA, 65, 20250718, P, 0, 0, 0.0158, 55.1, -0.5358
20241203101105, TNA, 66, 20250718, C, 0, 2, 0.0151, 55.1, 0.4546
20241203101105, TNA, 66, 20250718, P, 0, 0, 0.0158, 55.1, -0.5493
20241203101105, TNA, 70, 20250718, C, 0, 77, 0.0148, 55.1, 0.4056
20241203101105, TNA, 70, 20250718, P, 0, 0, 0.0157, 55.1, -0.6012
20241203101105, TNA, 75, 20250718, C, 0, 906, 0.0142, 55.1, 0.3507
20241203101105, TNA, 75, 20250718, P, 0, 0, 0.0153, 55.1, -0.6603
20241203101105, TNA, 15, 20260116, C, 0, 397, 0.0016, 55.1, 0.9688
20241203101105, TNA, 15, 20260116, P, 0, 1517, 0.0013, 55.1, -0.0293
20241203101105, TNA, 20, 20260116, C, 0, 349, 0.0023, 55.1, 0.9469
20241203101105, TNA, 20, 20260116, P, 0, 344, 0.0022, 55.1, -0.0477
20241203101105, TNA, 22, 20260116, C, 0, 243, 0.0027, 55.1, 0.9366
20241203101105, TNA, 22, 20260116, P, 0, 535, 0.0026, 55.1, -0.0572
20241203101105, TNA, 23, 20260116, C, 0, 96, 0.0029, 55.1, 0.931
20241203101105, TNA, 23, 20260116, P, 0, 50, 0.0029, 55.1, -0.0625
20241203101105, TNA, 24, 20260116, C, 0, 4, 0.0031, 55.1, 0.9252
20241203101105, TNA, 24, 20260116, P, 0, 13, 0.0031, 55.1, -0.0679
20241203101105, TNA, 25, 20260116, C, 0, 161, 0.0034, 55.1, 0.919
20241203101105, TNA, 25, 20260116, P, 0, 662, 0.0033, 55.1, -0.0738
20241203101105, TNA, 26, 20260116, C, 0, 19, 0.0036, 55.1, 0.9125
20241203101105, TNA, 26, 20260116, P, 0, 11, 0.0036, 55.1, -0.08
20241203101105, TNA, 27, 20260116, C, 0, 97, 0.0039, 55.1, 0.9058
20241203101105, TNA, 27, 20260116, P, 0, 127, 0.0039, 55.1, -0.0866
20241203101105, TNA, 28, 20260116, C, 0, 148, 0.0041, 55.1, 0.8987
20241203101105, TNA, 28, 20260116, P, 0, 67, 0.0041, 55.1, -0.0935
20241203101105, TNA, 29, 20260116, C, 0, 700, 0.0044, 55.1, 0.8914
20241203101105, TNA, 29, 20260116, P, 0, 66, 0.0044, 55.1, -0.1007
20241203101105, TNA, 30, 20260116, C, 0, 1561, 0.0047, 55.1, 0.8837
20241203101105, TNA, 30, 20260116, P, 0, 537, 0.0047, 55.1, -0.1081
20241203101105, TNA, 31, 20260116, C, 0, 166, 0.005, 55.1, 0.8758
20241203101105, TNA, 31, 20260116, P, 0, 14, 0.005, 55.1, -0.1161
20241203101105, TNA, 32, 20260116, C, 0, 1055, 0.0052, 55.1, 0.8676
20241203101105, TNA, 32, 20260116, P, 0, 25, 0.0052, 55.1, -0.1241
20241203101105, TNA, 33, 20260116, C, 0, 848, 0.0055, 55.1, 0.8592
20241203101105, TNA, 33, 20260116, P, 0, 112, 0.0056, 55.1, -0.1326
20241203101105, TNA, 34, 20260116, C, 0, 365, 0.0058, 55.1, 0.8505
20241203101105, TNA, 34, 20260116, P, 0, 25, 0.0058, 55.1, -0.1411
20241203101105, TNA, 35, 20260116, C, 0, 1046, 0.0061, 55.1, 0.8416
20241203101105, TNA, 35, 20260116, P, 1, 466, 0.0061, 55.1, -0.1501
20241203101105, TNA, 36, 20260116, C, 0, 1183, 0.0063, 55.1, 0.8325
20241203101105, TNA, 36, 20260116, P, 0, 83, 0.0064, 55.1, -0.1591
20241203101105, TNA, 37, 20260116, C, 0, 1105, 0.0066, 55.1, 0.8232
20241203101105, TNA, 37, 20260116, P, 0, 153, 0.0067, 55.1, -0.1686
20241203101105, TNA, 38, 20260116, C, 0, 2080, 0.0069, 55.1, 0.8137
20241203101105, TNA, 38, 20260116, P, 0, 112, 0.007, 55.1, -0.178
20241203101105, TNA, 39, 20260116, C, 0, 982, 0.0072, 55.1, 0.804
20241203101105, TNA, 39, 20260116, P, 0, 52, 0.0072, 55.1, -0.1877
20241203101105, TNA, 40, 20260116, C, 0, 4695, 0.0074, 55.1, 0.7942
20241203101105, TNA, 40, 20260116, P, 1, 822, 0.0075, 55.1, -0.1978
20241203101105, TNA, 41, 20260116, C, 0, 1770, 0.0077, 55.1, 0.7842
20241203101105, TNA, 41, 20260116, P, 0, 15, 0.0078, 55.1, -0.208
20241203101105, TNA, 42, 20260116, C, 0, 1181, 0.0079, 55.1, 0.7741
20241203101105, TNA, 42, 20260116, P, 0, 118, 0.008, 55.1, -0.218
20241203101105, TNA, 43, 20260116, C, 0, 1269, 0.0082, 55.1, 0.7639
20241203101105, TNA, 43, 20260116, P, 0, 42, 0.0083, 55.1, -0.2284
20241203101105, TNA, 44, 20260116, C, 0, 1199, 0.0084, 55.1, 0.7536
20241203101105, TNA, 44, 20260116, P, 0, 91, 0.0086, 55.1, -0.2389
20241203101105, TNA, 45, 20260116, C, 0, 2166, 0.0086, 55.1, 0.7431
20241203101105, TNA, 45, 20260116, P, 0, 191, 0.0088, 55.1, -0.2495
20241203101105, TNA, 46, 20260116, C, 0, 1630, 0.0088, 55.1, 0.7326
20241203101105, TNA, 46, 20260116, P, 0, 45, 0.0091, 55.1, -0.2605
20241203101105, TNA, 47, 20260116, C, 0, 1731, 0.0091, 55.1, 0.7221
20241203101105, TNA, 47, 20260116, P, 0, 77, 0.0093, 55.1, -0.2713
20241203101105, TNA, 48, 20260116, C, 0, 2178, 0.0093, 55.1, 0.7115
20241203101105, TNA, 48, 20260116, P, 0, 22, 0.0095, 55.1, -0.2818
20241203101105, TNA, 49, 20260116, C, 0, 1770, 0.0095, 55.1, 0.7009
20241203101105, TNA, 49, 20260116, P, 0, 15, 0.0097, 55.1, -0.2928
20241203101105, TNA, 50, 20260116, C, 0, 5544, 0.0096, 55.1, 0.6902
20241203101105, TNA, 50, 20260116, P, 0, 215, 0.0099, 55.1, -0.304
20241203101105, TNA, 51, 20260116, C, 0, 1544, 0.0098, 55.1, 0.6795
20241203101105, TNA, 51, 20260116, P, 0, 38, 0.0101, 55.1, -0.3147
20241203101105, TNA, 52, 20260116, C, 0, 1322, 0.01, 55.1, 0.6689
20241203101105, TNA, 52, 20260116, P, 0, 39, 0.0103, 55.1, -0.3257
20241203101105, TNA, 53, 20260116, C, 0, 1264, 0.0102, 55.1, 0.6582
20241203101105, TNA, 53, 20260116, P, 0, 9, 0.0105, 55.1, -0.3367
20241203101105, TNA, 54, 20260116, C, 0, 1316, 0.0103, 55.1, 0.6476
20241203101105, TNA, 54, 20260116, P, 0, 18, 0.0107, 55.1, -0.348
20241203101105, TNA, 55, 20260116, C, 0, 1832, 0.0104, 55.1, 0.637
20241203101105, TNA, 55, 20260116, P, 0, 25, 0.0108, 55.1, -0.3588
20241203101105, TNA, 56, 20260116, C, 0, 493, 0.0106, 55.1, 0.6264
20241203101105, TNA, 56, 20260116, P, 0, 5, 0.011, 55.1, -0.3698
20241203101105, TNA, 57, 20260116, C, 6, 264, 0.0107, 55.1, 0.6159
20241203101105, TNA, 57, 20260116, P, 0, 4, 0.0111, 55.1, -0.3808
20241203101105, TNA, 58, 20260116, C, 0, 198, 0.0108, 55.1, 0.6055
20241203101105, TNA, 58, 20260116, P, 0, 27, 0.0113, 55.1, -0.3917
20241203101105, TNA, 59, 20260116, C, 0, 95, 0.0109, 55.1, 0.5951
20241203101105, TNA, 59, 20260116, P, 0, 28, 0.0114, 55.1, -0.4029
20241203101105, TNA, 60, 20260116, C, 5, 3186, 0.011, 55.1, 0.5848
20241203101105, TNA, 60, 20260116, P, 0, 120, 0.0115, 55.1, -0.4135
20241203101105, TNA, 65, 20260116, C, 0, 825, 0.0113, 55.1, 0.5345
20241203101105, TNA, 65, 20260116, P, 0, 132, 0.012, 55.1, -0.4671
20241203101105, TNA, 70, 20260116, C, 0, 4677, 0.0114, 55.1, 0.4868
20241203101105, TNA, 70, 20260116, P, 0, 39, 0.0124, 55.1, -0.5181
20241203101105, TNA, 75, 20260116, C, 0, 252, 0.0114, 55.1, 0.4428
20241203101105, TNA, 75, 20260116, P, 0, 0, 0.0125, 55.1, -0.5665
20241203101105, TNA, 80, 20260116, C, 0, 4173, 0.0112, 55.1, 0.4031
20241203101105, TNA, 80, 20260116, P, 0, 20, 0.0126, 55.1, -0.6115
20241203101105, TNA, 25, 20270115, C, 0, 49, 0.003, 55.1, 0.9
20241203101105, TNA, 25, 20270115, P, 0, 31, 0.003, 55.1, -0.0894
20241203101105, TNA, 29, 20270115, C, 0, 10, 0.0037, 55.1, 0.8738
20241203101105, TNA, 29, 20270115, P, 0, 10, 0.0037, 55.1, -0.1148
20241203101105, TNA, 30, 20270115, C, 0, 41, 0.0038, 55.1, 0.8671
20241203101105, TNA, 30, 20270115, P, 0, 21, 0.0039, 55.1, -0.1215
20241203101105, TNA, 31, 20270115, C, 0, 0, 0.004, 55.1, 0.8602
20241203101105, TNA, 31, 20270115, P, 0, 0, 0.004, 55.1, -0.1281
20241203101105, TNA, 32, 20270115, C, 0, 0, 0.0042, 55.1, 0.8532
20241203101105, TNA, 32, 20270115, P, 0, 0, 0.0042, 55.1, -0.1351
20241203101105, TNA, 33, 20270115, C, 0, 1, 0.0043, 55.1, 0.8462
20241203101105, TNA, 33, 20270115, P, 0, 61, 0.0044, 55.1, -0.1421
20241203101105, TNA, 34, 20270115, C, 0, 4, 0.0045, 55.1, 0.8392
20241203101105, TNA, 34, 20270115, P, 0, 7, 0.0046, 55.1, -0.1492
20241203101105, TNA, 35, 20270115, C, 0, 18, 0.0046, 55.1, 0.832
20241203101105, TNA, 35, 20270115, P, 0, 26, 0.0047, 55.1, -0.1564
20241203101105, TNA, 36, 20270115, C, 0, 4, 0.0048, 55.1, 0.8248
20241203101105, TNA, 36, 20270115, P, 0, 1, 0.0049, 55.1, -0.1637
20241203101105, TNA, 37, 20270115, C, 0, 2, 0.005, 55.1, 0.8176
20241203101105, TNA, 37, 20270115, P, 0, 92, 0.0051, 55.1, -0.1711
20241203101105, TNA, 38, 20270115, C, 0, 0, 0.0051, 55.1, 0.8103
20241203101105, TNA, 38, 20270115, P, 0, 61, 0.0052, 55.1, -0.1785
20241203101105, TNA, 39, 20270115, C, 0, 203, 0.0052, 55.1, 0.803
20241203101105, TNA, 39, 20270115, P, 0, 7, 0.0054, 55.1, -0.1861
20241203101105, TNA, 40, 20270115, C, 0, 275, 0.0054, 55.1, 0.7956
20241203101105, TNA, 40, 20270115, P, 0, 677, 0.0056, 55.1, -0.1936
20241203101105, TNA, 41, 20270115, C, 0, 3, 0.0055, 55.1, 0.7882
20241203101105, TNA, 41, 20270115, P, 0, 0, 0.0057, 55.1, -0.2013
20241203101105, TNA, 42, 20270115, C, 0, 9, 0.0057, 55.1, 0.7808
20241203101105, TNA, 42, 20270115, P, 0, 22, 0.0059, 55.1, -0.209
20241203101105, TNA, 43, 20270115, C, 0, 43, 0.0058, 55.1, 0.7734
20241203101105, TNA, 43, 20270115, P, 0, 1, 0.006, 55.1, -0.2167
20241203101105, TNA, 44, 20270115, C, 0, 309, 0.0059, 55.1, 0.7659
20241203101105, TNA, 44, 20270115, P, 0, 11, 0.0062, 55.1, -0.2247
20241203101105, TNA, 45, 20270115, C, 0, 315, 0.0061, 55.1, 0.7585
20241203101105, TNA, 45, 20270115, P, 0, 33, 0.0063, 55.1, -0.2323
20241203101105, TNA, 46, 20270115, C, 0, 21, 0.0062, 55.1, 0.751
20241203101105, TNA, 46, 20270115, P, 0, 16, 0.0065, 55.1, -0.2402
20241203101105, TNA, 47, 20270115, C, 0, 5, 0.0063, 55.1, 0.7436
20241203101105, TNA, 47, 20270115, P, 0, 1, 0.0066, 55.1, -0.2483
20241203101105, TNA, 48, 20270115, C, 0, 221, 0.0064, 55.1, 0.7361
20241203101105, TNA, 48, 20270115, P, 0, 6, 0.0068, 55.1, -0.2562
20241203101105, TNA, 49, 20270115, C, 0, 14, 0.0065, 55.1, 0.7287
20241203101105, TNA, 49, 20270115, P, 0, 0, 0.0069, 55.1, -0.2641
20241203101105, TNA, 50, 20270115, C, 0, 121, 0.0067, 55.1, 0.7212
20241203101105, TNA, 50, 20270115, P, 0, 11, 0.007, 55.1, -0.272
20241203101105, TNA, 51, 20270115, C, 0, 0, 0.0068, 55.1, 0.7138
20241203101105, TNA, 51, 20270115, P, 0, 0, 0.0072, 55.1, -0.28
20241203101105, TNA, 52, 20270115, C, 0, 6, 0.0069, 55.1, 0.7064
20241203101105, TNA, 52, 20270115, P, 0, 0, 0.0073, 55.1, -0.2879
20241203101105, TNA, 53, 20270115, C, 0, 27, 0.007, 55.1, 0.699
20241203101105, TNA, 53, 20270115, P, 0, 2, 0.0074, 55.1, -0.2959
20241203101105, TNA, 54, 20270115, C, 0, 0, 0.0071, 55.1, 0.6915
20241203101105, TNA, 54, 20270115, P, 0, 0, 0.0076, 55.1, -0.3036
20241203101105, TNA, 55, 20270115, C, 0, 53, 0.0072, 55.1, 0.6842
20241203101105, TNA, 55, 20270115, P, 0, 18, 0.0077, 55.1, -0.3118
20241203101105, TNA, 56, 20270115, C, 0, 30, 0.0073, 55.1, 0.6768
20241203101105, TNA, 56, 20270115, P, 0, 0, 0.0078, 55.1, -0.3198
20241203101105, TNA, 57, 20270115, C, 0, 1, 0.0074, 55.1, 0.6696
20241203101105, TNA, 57, 20270115, P, 0, 0, 0.0079, 55.1, -0.3277
20241203101105, TNA, 58, 20270115, C, 0, 0, 0.0074, 55.1, 0.6623
20241203101105, TNA, 58, 20270115, P, 0, 0, 0.008, 55.1, -0.3357
20241203101105, TNA, 59, 20270115, C, 0, 2, 0.0075, 55.1, 0.655
20241203101105, TNA, 59, 20270115, P, 0, 0, 0.0081, 55.1, -0.3433
20241203101105, TNA, 60, 20270115, C, 0, 716, 0.0076, 55.1, 0.6479
20241203101105, TNA, 60, 20270115, P, 0, 30, 0.0083, 55.1, -0.3515
20241203101105, TNA, 65, 20270115, C, 0, 358, 0.0079, 55.1, 0.6126
20241203101105, TNA, 65, 20270115, P, 0, 17, 0.0088, 55.1, -0.3906
20241203101105, TNA, 70, 20270115, C, 0, 189, 0.0082, 55.1, 0.5788
20241203101105, TNA, 70, 20270115, P, 0, 2, 0.0092, 55.1, -0.4292
20241203101105, TNA, 75, 20270115, C, 0, 39, 0.0084, 55.1, 0.5461
20241203101105, TNA, 75, 20270115, P, 0, 1, 0.0096, 55.1, -0.4673
20241203101105, TNA, 80, 20270115, C, 0, 36, 0.0085, 55.1, 0.5153
20241203101105, TNA, 80, 20270115, P, 0, 0, 0.01, 55.1, -0.5039
