20250917093048, GOOGL, 195, 20250919, P, 530, 10377, 0.0004, 251.16, 0, 1.0505, 0, 0.03, 20250916 15:59:59
20250917093048, GOOGL, 187.5, 20250919, P, 935, 2005, 0.0003, 251.16, 0, 1.1399, 0, 0.02, 20250916 15:59:59
20250917093048, GOOGL, 182.5, 20250919, C, 1, 51, 0.0002, 251.16, 0, 0, 0, 68.1, 20250916 15:59:59
20250917093048, GOOGL, 187.5, 20250919, C, 0, 49, 0.0003, 251.16, 0, 0, 0, 62.83, 20250916 15:59:59
20250917093048, GOOGL, 192.5, 20250919, P, 1111, 2619, 0.0004, 251.16, 0, 1.099, 0, 0.03, 20250916 15:59:59
20250917093048, GOOGL, 190, 20250919, P, 980, 18085, 0.0003, 251.16, 0, 1.0924, 0, 0.02, 20250916 15:59:59
20250917093048, GOOGL, 197.5, 20250919, P, 416, 2579, 0.0005, 251.16, 0, 1.0023, 0, 0.04, 20250916 15:59:59
20250917093048, GOOGL, 180, 20250919, P, 29, 18296, 0.0002, 251.16, 0, 1.2857, 0, 0.02, 20250916 15:59:59
20250917093048, GOOGL, 185, 20250919, C, 103, 7909, 0.0002, 251.16, 0, 1.3264, 0, 66.82, 20250916 15:59:59
20250917093048, GOOGL, 180, 20250919, C, 55, 12490, 0.0002, 251.16, 0, 0, 0, 71.65, 20250916 15:59:59
20250917093048, GOOGL, 195, 20250919, C, 81, 12039, 0.0004, 251.16, 0, 1.5782, 0, 56.57, 20250916 15:59:59
20250917093048, GOOGL, 197.5, 20250919, C, 1, 223, 0.0005, 251.16, 0, 0, 0, 53.61, 20250916 15:59:59
20250917093048, GOOGL, 185, 20250919, P, 494, 25805, 0.0002, 251.16, 0, 1.188, 0, 0.01, 20250916 15:59:59
20250917093048, GOOGL, 190, 20250919, C, 147, 11112, 0.0003, 251.16, 0, 1.5235, 0, 61.6, 20250916 15:59:59
20250917093048, GOOGL, 192.5, 20250919, C, 2, 96, 0.0004, 251.16, 0, 0, 0, 59.38, 20250916 15:59:59
20250917093048, GOOGL, 182.5, 20250919, P, 268, 1375, 0.0002, 251.16, 0, 1.2366, 0, 0.01, 20250916 15:59:59
20250917093048, GOOGL, 202.5, 20250919, P, 93, 2831, 0.0007, 251.16, 0, 0.9411, 0, 0.04, 20250916 15:59:59
20250917093048, GOOGL, 200, 20250919, P, 471, 23279, 0.0006, 251.16, 0, 0.9546, 0, 0.03, 20250916 15:59:59
20250917093048, GOOGL, 200, 20250919, C, 560, 30412, 0.0006, 251.16, 0, 1.314, 0, 51.58, 20250916 15:59:59
20250917093048, GOOGL, 205, 20250919, C, 267, 13457, 0.0008, 251.16, 0, 0, 0, 46.55, 20250916 15:59:59
20250917093048, GOOGL, 202.5, 20250919, C, 37, 999, 0.0007, 251.16, 0, 1.1675, 0, 49.72, 20250916 15:59:59
20250917093048, GOOGL, 215, 20250919, P, 613, 9018, 0.0016, 251.16, 0, 0.7592, 0, 0.07, 20250916 15:59:59
20250917093048, GOOGL, 215, 20250919, C, 2281, 16597, 0.0016, 251.16, 0, 0.9896, 0, 36.38, 20250916 15:59:59
20250917093048, GOOGL, 205, 20250919, P, 195, 11249, 0.0008, 251.16, 0, 0.8928, 0, 0.05, 20250916 15:59:59
20250917093048, GOOGL, 207.5, 20250919, C, 94, 2253, 0.001, 251.16, 0, 1.0718, 0, 44.05, 20250916 15:59:59
20250917093048, GOOGL, 207.5, 20250919, P, 383, 3950, 0.001, 251.16, 0, 0.8698, 0, 0.05, 20250916 15:59:59
20250917093048, GOOGL, 210, 20250919, P, 359, 9068, 0.0011, 251.16, 0, 0.8211, 0, 0.05, 20250916 15:59:59
20250917093048, GOOGL, 210, 20250919, C, 943, 33091, 0.0011, 251.16, 0, 0.839, 0, 41.31, 20250916 15:59:59
20250917093048, GOOGL, 212.5, 20250919, C, 59, 1905, 0.0014, 251.16, 0, 0, 0, 38.8, 20250916 15:59:59
20250917093048, GOOGL, 212.5, 20250919, P, 120, 5933, 0.0014, 251.16, 0, 0.7921, 0, 0.06, 20250916 15:59:59
20250917093048, GOOGL, 222.5, 20250919, C, 48, 1177, 0.003, 251.16, 0, 0, 0, 29.15, 20250916 15:59:59
20250917093048, GOOGL, 222.5, 20250919, P, 408, 3160, 0.003, 251.16, 0, 0.6449, 0, 0.09, 20250916 15:59:59
20250917093048, GOOGL, 220, 20250919, C, 683, 35093, 0.0024, 251.16, 0, 0.6988, 0, 31.4, 20250916 15:59:59
20250917093048, GOOGL, 220, 20250919, P, 2063, 13792, 0.0024, 251.16, 0, 0.6852, 0, 0.09, 20250916 15:59:59
20250917093048, GOOGL, 217.5, 20250919, C, 72, 1875, 0.002, 251.16, 0, 0, 0, 34.53, 20250916 15:59:59
20250917093048, GOOGL, 217.5, 20250919, P, 102, 3524, 0.002, 251.16, 0, 0.7096, 0, 0.08, 20250916 15:59:59
20250917093048, GOOGL, 225, 20250919, C, 387, 13798, 0.0037, 251.16, 0, 0.6958, 0, 26.55, 20250916 15:59:59
20250917093048, GOOGL, 225, 20250919, P, 1206, 9078, 0.0037, 251.16, 0, 0.6028, 0, 0.11, 20250916 15:59:59
20250917093048, GOOGL, 227.5, 20250919, P, 1124, 4060, 0.0046, 251.16, 0, 0.5667, 0, 0.13, 20250916 15:59:59
20250917093048, GOOGL, 227.5, 20250919, C, 128, 1808, 0.0046, 251.16, 0, 0.4348, 0, 24.19, 20250916 15:59:59
20250917093048, GOOGL, 230, 20250919, C, 850, 27701, 0.0059, 251.16, 0, 0, 0, 21.45, 20250916 15:59:59
20250917093048, GOOGL, 242.5, 20250919, P, 2938, 4321, 0.0268, 251.16, 0, 0.3922, 0, 0.75, 20250916 15:59:59
20250917093048, GOOGL, 252.5, 20250919, C, 21277, 13785, 0.048, 251.16, 0, 0.3602, 0, 2.72, 20250916 15:59:59
20250917093048, GOOGL, 230, 20250919, P, 482, 12281, 0.006, 251.16, 0, 0.5301, 0, 0.16, 20250916 15:59:59
20250917093048, GOOGL, 255, 20250919, P, 382, 482, 0.0443, 251.16, 0, 0.3591, 0, 5.45, 20250916 15:59:59
20250917093048, GOOGL, 242.5, 20250919, C, 1111, 4138, 0.0267, 251.16, 0, 0.331, 0, 9.5, 20250916 15:59:59
20250917093048, GOOGL, 247.5, 20250919, C, 2005, 6223, 0.0427, 251.16, 0, 0.3651, 0, 5.69, 20250916 15:59:59
20250917093048, GOOGL, 240, 20250919, P, 3769, 10006, 0.0197, 251.16, 0, 0.412, 0, 0.5, 20250916 15:59:59
20250917093048, GOOGL, 257.5, 20250919, P, 139, 139, 0.037, 251.16, 0, 0.3643, 0, 7.2, 20250916 15:59:59
20250917093048, GOOGL, 235, 20250919, C, 990, 10950, 0.0104, 251.16, 0, 0, 0, 16.5, 20250916 15:59:59
20250917093048, GOOGL, 260, 20250919, P, 114, 61, 0.029, 251.16, 0, 0.2615, 0, 9.3, 20250916 15:59:59
20250917093048, GOOGL, 245, 20250919, C, 3784, 12380, 0.0349, 251.16, 0, 0.372, 0, 7.43, 20250916 15:59:59
20250917093048, GOOGL, 232.5, 20250919, C, 25, 759, 0.0078, 251.16, 0, 0.5309, 0, 18.95, 20250916 15:59:59
20250917093048, GOOGL, 237.5, 20250919, P, 3123, 5071, 0.0143, 251.16, 0, 0.4367, 0, 0.33, 20250916 15:59:59
20250917093048, GOOGL, 265, 20250919, C, 2224, 3123, 0.0156, 251.16, 0, 0.402, 0, 0.31, 20250916 15:59:59
20250917093048, GOOGL, 267.5, 20250919, C, 652, 1959, 0.0111, 251.16, 0, 0.4143, 0, 0.2, 20250916 15:59:59
20250917093048, GOOGL, 260, 20250919, C, 9007, 6719, 0.0287, 251.16, 0, 0.3778, 0, 0.73, 20250916 15:59:59
20250917093048, GOOGL, 255, 20250919, C, 21122, 11486, 0.0438, 251.16, 0, 0.3634, 0, 1.81, 20250916 15:59:59
20250917093048, GOOGL, 247.5, 20250919, P, 4816, 4161, 0.043, 251.16, 0, 0.3643, 0, 1.76, 20250916 15:59:59
20250917093048, GOOGL, 232.5, 20250919, P, 651, 2094, 0.0078, 251.16, 0, 0.497, 0, 0.2, 20250916 15:59:59
20250917093048, GOOGL, 270, 20250919, C, 1199, 4097, 0.0079, 251.16, 0, 0.4324, 0, 0.13, 20250916 15:59:59
20250917093048, GOOGL, 245, 20250919, P, 5360, 4580, 0.0351, 251.16, 0, 0.3757, 0, 1.14, 20250916 15:59:59
20250917093048, GOOGL, 250, 20250919, P, 11930, 6638, 0.0482, 251.16, 0, 0.3578, 0, 2.66, 20250916 15:59:59
20250917093048, GOOGL, 240, 20250919, C, 2284, 9818, 0.0196, 251.16, 0, 0.2916, 0, 11.75, 20250916 15:59:59
20250917093048, GOOGL, 252.5, 20250919, P, 2007, 1459, 0.0486, 251.16, 0, 0.3559, 0, 3.85, 20250916 15:59:59
20250917093048, GOOGL, 262.5, 20250919, C, 2171, 2253, 0.0215, 251.16, 0, 0.3884, 0, 0.49, 20250916 15:59:59
20250917093048, GOOGL, 235, 20250919, P, 3226, 13734, 0.0105, 251.16, 0, 0.4661, 0, 0.24, 20250916 15:59:59
20250917093048, GOOGL, 237.5, 20250919, C, 238, 3937, 0.0143, 251.16, 0, 0, 0, 14.42, 20250916 15:59:59
20250917093048, GOOGL, 250, 20250919, C, 17232, 20470, 0.0477, 251.16, 0, 0.3602, 0, 3.95, 20250916 15:59:59
20250917093048, GOOGL, 257.5, 20250919, C, 4669, 10591, 0.0367, 251.16, 0, 0.369, 0, 1.15, 20250916 15:59:59
20250917093048, GOOGL, 267.5, 20250919, P, 17, 20, 0.0114, 251.16, 0, 0, 0, 15.85, 20250916 15:59:59
20250917093048, GOOGL, 265, 20250919, P, 39, 27, 0.0158, 251.16, 0, 0.3869, 0, 13.25, 20250916 15:59:59
20250917093048, GOOGL, 262.5, 20250919, P, 61, 48, 0.0216, 251.16, 0, 0.3152, 0, 11.65, 20250916 15:59:59
20250917093048, GOOGL, 270, 20250919, P, 50, 49, 0.0081, 251.16, 0, 0, 0, 18.6, 20250916 15:59:59
20250917093048, GOOGL, 275, 20250919, C, 401, 1675, 0.0041, 251.16, 0, 0.4657, 0, 0.06, 20250916 15:59:59
20250917093048, GOOGL, 277.5, 20250919, C, 137, 721, 0.003, 251.16, 0, 0.4807, 0, 0.05, 20250916 15:59:59
20250917093048, GOOGL, 272.5, 20250919, C, 339, 974, 0.0056, 251.16, 0, 0.4468, 0, 0.11, 20250916 15:59:59
20250917093048, GOOGL, 275, 20250919, P, 0, 0, 0.0038, 251.16, 0, 0, 0, 0, 20250916 15:59:59
20250917093048, GOOGL, 272.5, 20250919, P, 1, 5, 0.0056, 251.16, 0, 0, 0, 20.6, 20250916 15:59:59
20250917093048, GOOGL, 277.5, 20250919, P, 2, 0, 0.0026, 251.16, 0, 0, 0, 25.7, 20250916 15:59:59
20250917093048, GOOGL, 280, 20250919, C, 2417, 2755, 0.0023, 251.16, 0, 0.502, 0, 0.04, 20250916 15:59:59
20250917093048, GOOGL, 280, 20250919, P, 0, 0, 0.0017, 251.16, 0, 0, 0, 30.35, 20250916 15:59:59
20250917093048, GOOGL, 282.5, 20250919, C, 137, 407, 0.0017, 251.16, 0, 0.517, 0, 0.03, 20250916 15:59:59
20250917093048, GOOGL, 282.5, 20250919, P, 0, 0, 0.0012, 251.16, 0, 0.5864, 0, 0, 20250916 15:59:59
20250917093048, GOOGL, 285, 20250919, C, 420, 1506, 0.0014, 251.16, 0, 0.5511, 0, 0.03, 20250916 15:59:59
20250917093048, GOOGL, 290, 20250919, C, 841, 2067, 0.0009, 251.16, 0, 0.5855, 0, 0.02, 20250916 15:59:59
20250917093048, GOOGL, 290, 20250919, P, 0, 0, 0.0004, 251.16, 0, 0.6962, 0, 52, 20250916 15:59:59
20250917093048, GOOGL, 285, 20250919, P, 0, 0, 0.0008, 251.16, 0, 0, 0, 0, 20250916 15:59:59
20250917093048, GOOGL, 305, 20250919, C, 2, 168, 0.0003, 251.16, 0, 0.6958, 0, 0.02, 20250916 15:59:59
20250917093048, GOOGL, 300, 20250919, C, 196, 8657, 0.0004, 251.16, 0, 0.6415, 0, 0.01, 20250916 15:59:59
20250917093048, GOOGL, 300, 20250919, P, 0, 0, 0.0001, 251.16, 0, 0, 0, 61.4, 20250916 15:59:59
20250917093048, GOOGL, 315, 20250919, C, 6, 7, 0.0002, 251.16, 0, 0.8005, 0, 0.01, 20250916 15:59:59
20250917093048, GOOGL, 205, 20250926, C, 26, 590, 0.0015, 251.16, 0, 0.6046, 0, 46.78, 20250916 15:59:59
20250917093048, GOOGL, 310, 20250919, C, 5, 161, 0.0002, 251.16, 0, 0.7487, 0, 0.01, 20250916 15:59:59
20250917093048, GOOGL, 212.5, 20250926, P, 120, 574, 0.0025, 251.16, 0, 0.5165, 0, 0.18, 20250916 15:59:59
20250917093048, GOOGL, 320, 20250919, P, 0, 0, 0, 251.16, 0, 0, 0, 0, 20250916 15:59:59
20250917093048, GOOGL, 315, 20250919, P, 0, 0, 0, 251.16, 0, 0, 0, 77.2, 20250916 15:59:59
20250917093048, GOOGL, 295, 20250919, C, 385, 1395, 0.0006, 251.16, 0, 0.6475, 0, 0.01, 20250916 15:59:59
20250917093048, GOOGL, 310, 20250919, P, 0, 0, 0, 251.16, 0, 0, 0, 0, 20250916 15:59:59
20250917093048, GOOGL, 305, 20250919, P, 0, 0, 0.0001, 251.16, 0, 0, 0, 0, 20250916 15:59:59
20250917093048, GOOGL, 320, 20250919, C, 21, 1659, 0.0001, 251.16, 0, 0.8512, 0, 0.01, 20250916 15:59:59
20250917093048, GOOGL, 295, 20250919, P, 0, 0, 0.0002, 251.16, 0, 0, 0, 0, 20250916 15:59:59
20250917093048, GOOGL, 190, 20250926, C, 24, 221, 0.0006, 251.16, 0, 0.7565, 0, 61.49, 20250916 15:59:59
20250917093048, GOOGL, 212.5, 20250926, C, 5, 26, 0.0025, 251.16, 0, 0.5183, 0, 39.7, 20250916 15:59:59
20250917093048, GOOGL, 205, 20250926, P, 193, 2378, 0.0015, 251.16, 0, 0.5744, 0, 0.13, 20250916 15:59:59
20250917093048, GOOGL, 180, 20250926, C, 0, 81, 0.0003, 251.16, 0, 0, 0, 68.43, 20250916 15:59:59
20250917093048, GOOGL, 217.5, 20250926, C, 7, 72, 0.0035, 251.16, 0, 0.4537, 0, 34.86, 20250916 15:59:59
20250917093048, GOOGL, 180, 20250926, P, 57, 1166, 0.0003, 251.16, 0, 0.743, 0, 0.02, 20250916 15:59:59
20250917093048, GOOGL, 185, 20250926, C, 85, 118, 0.0004, 251.16, 0, 0.775, 0, 66.8, 20250916 15:59:59
20250917093048, GOOGL, 195, 20250926, P, 200, 1436, 0.0008, 251.16, 0, 0.6494, 0, 0.07, 20250916 15:59:59
20250917093048, GOOGL, 215, 20250926, P, 100, 1688, 0.003, 251.16, 0, 0.4962, 0, 0.21, 20250916 15:59:59
20250917093048, GOOGL, 210, 20250926, P, 658, 4547, 0.0021, 251.16, 0, 0.5086, 0, 0.16, 20250916 15:59:59
20250917093048, GOOGL, 195, 20250926, C, 12, 179, 0.0008, 251.16, 0, 0.8597, 0, 57.35, 20250916 15:59:59
20250917093048, GOOGL, 190, 20250926, P, 80, 2325, 0.0006, 251.16, 0, 0.6885, 0, 0.07, 20250916 15:59:59
20250917093048, GOOGL, 215, 20250926, C, 24, 920, 0.003, 251.16, 0, 0.532, 0, 37.41, 20250916 15:59:59
20250917093048, GOOGL, 210, 20250926, C, 28, 1529, 0.0021, 251.16, 0, 0.5254, 0, 41.95, 20250916 15:59:59
20250917093048, GOOGL, 185, 20250926, P, 29, 4014, 0.0004, 251.16, 0, 0.7111, 0, 0.03, 20250916 15:59:59
20250917093048, GOOGL, 200, 20250926, P, 494, 1842, 0.0011, 251.16, 0, 0.6107, 0, 0.09, 20250916 15:59:59
20250917093048, GOOGL, 200, 20250926, C, 13, 464, 0.0011, 251.16, 0, 0.599, 0, 51.85, 20250916 15:59:59
20250917093048, GOOGL, 217.5, 20250926, P, 114, 493, 0.0035, 251.16, 0, 0.4779, 0, 0.24, 20250916 15:59:59
20250917093048, GOOGL, 222.5, 20250926, C, 8, 45, 0.005, 251.16, 0, 0.4624, 0, 30.19, 20250916 15:59:59
20250917093048, GOOGL, 220, 20250926, P, 474, 3342, 0.0042, 251.16, 0, 0.4604, 0, 0.28, 20250916 15:59:59
20250917093048, GOOGL, 222.5, 20250926, P, 137, 1932, 0.0051, 251.16, 0, 0.4404, 0, 0.33, 20250916 15:59:59
20250917093048, GOOGL, 225, 20250926, P, 2606, 6812, 0.0061, 251.16, 0, 0.4227, 0, 0.4, 20250916 15:59:59
20250917093048, GOOGL, 227.5, 20250926, C, 16, 147, 0.0074, 251.16, 0, 0.4122, 0, 25.27, 20250916 15:59:59
20250917093048, GOOGL, 225, 20250926, C, 97, 1673, 0.0061, 251.16, 0, 0.4482, 0, 26.95, 20250916 15:59:59
20250917093048, GOOGL, 235, 20250926, C, 343, 1412, 0.0135, 251.16, 0, 0.3453, 0, 17.65, 20250916 15:59:59
20250917093048, GOOGL, 242.5, 20250926, P, 1272, 1694, 0.023, 251.16, 0, 0.3265, 0, 2.05, 20250916 15:59:59
20250917093048, GOOGL, 250, 20250926, P, 2416, 1986, 0.0302, 251.16, 0, 0.3205, 0, 4.52, 20250916 15:59:59
20250917093048, GOOGL, 232.5, 20250926, P, 93, 454, 0.0111, 251.16, 0, 0.3739, 0, 0.72, 20250916 15:59:59
20250917093048, GOOGL, 252.5, 20250926, P, 570, 461, 0.0306, 251.16, 0, 0.3103, 0, 5.75, 20250916 15:59:59
20250917093048, GOOGL, 240, 20250926, C, 639, 3047, 0.0195, 251.16, 0, 0.3396, 0, 13.19, 20250916 15:59:59
20250917093048, GOOGL, 237.5, 20250926, C, 34, 404, 0.0164, 251.16, 0, 0.3361, 0, 15.5, 20250916 15:59:59
20250917093048, GOOGL, 250, 20250926, C, 3122, 4719, 0.0299, 251.16, 0, 0.3182, 0, 6.01, 20250916 15:59:59
20250917093048, GOOGL, 245, 20250926, P, 1006, 1532, 0.0262, 251.16, 0, 0.3225, 0, 2.69, 20250916 15:59:59
20250917093048, GOOGL, 227.5, 20250926, P, 195, 984, 0.0075, 251.16, 0, 0.405, 0, 0.46, 20250916 15:59:59
20250917093048, GOOGL, 235, 20250926, P, 876, 2118, 0.0136, 251.16, 0, 0.36, 0, 0.9, 20250916 15:59:59
20250917093048, GOOGL, 247.5, 20250926, C, 667, 657, 0.0284, 251.16, 0, 0.3275, 0, 7.65, 20250916 15:59:59
20250917093048, GOOGL, 242.5, 20250926, C, 242, 743, 0.0228, 251.16, 0, 0.33, 0, 11.45, 20250916 15:59:59
20250917093048, GOOGL, 252.5, 20250926, C, 2076, 2398, 0.0303, 251.16, 0, 0.3161, 0, 4.75, 20250916 15:59:59
20250917093048, GOOGL, 247.5, 20250926, P, 416, 1182, 0.0287, 251.16, 0, 0.3176, 0, 3.48, 20250916 15:59:59
20250917093048, GOOGL, 232.5, 20250926, C, 145, 303, 0.0111, 251.16, 0, 0.3742, 0, 20, 20250916 15:59:59
20250917093048, GOOGL, 245, 20250926, C, 577, 1158, 0.0259, 251.16, 0, 0.3344, 0, 9.33, 20250916 15:59:59
20250917093048, GOOGL, 255, 20250926, P, 187, 178, 0.0297, 251.16, 0, 0.3161, 0, 7.2, 20250916 15:59:59
20250917093048, GOOGL, 240, 20250926, P, 1696, 6106, 0.0197, 251.16, 0, 0.3372, 0, 1.55, 20250916 15:59:59
20250917093048, GOOGL, 230, 20250926, C, 111, 5837, 0.0091, 251.16, 0, 0.3931, 0, 22.05, 20250916 15:59:59
20250917093048, GOOGL, 237.5, 20250926, P, 306, 1200, 0.0165, 251.16, 0, 0.3477, 0, 1.19, 20250916 15:59:59
20250917093048, GOOGL, 255, 20250926, C, 2744, 3227, 0.0294, 251.16, 0, 0.318, 0, 3.72, 20250916 15:59:59
20250917093048, GOOGL, 285, 20250926, C, 2103, 977, 0.0041, 251.16, 0, 0.393, 0, 0.21, 20250916 15:59:59
20250917093048, GOOGL, 280, 20250926, C, 155, 1096, 0.0061, 251.16, 0, 0.3753, 0, 0.3, 20250916 15:59:59
20250917093048, GOOGL, 275, 20250926, P, 0, 1, 0.0097, 251.16, 0, 0.3335, 0, 25.3, 20250916 15:59:59
20250917093048, GOOGL, 257.5, 20250926, P, 69, 110, 0.0278, 251.16, 0, 0.307, 0, 8.85, 20250916 15:59:59
20250917093048, GOOGL, 262.5, 20250926, C, 3269, 3247, 0.0219, 251.16, 0, 0.3262, 0, 1.68, 20250916 15:59:59
20250917093048, GOOGL, 270, 20250926, P, 22, 20, 0.0139, 251.16, 0, 0.3264, 0, 18.35, 20250916 15:59:59
20250917093048, GOOGL, 275, 20250926, C, 349, 376, 0.0091, 251.16, 0, 0.3593, 0, 0.47, 20250916 15:59:59
20250917093048, GOOGL, 260, 20250926, C, 1524, 2421, 0.0249, 251.16, 0, 0.3218, 0, 2.2, 20250916 15:59:59
20250917093048, GOOGL, 260, 20250926, P, 63, 113, 0.0253, 251.16, 0, 0.3189, 0, 10.65, 20250916 15:59:59
20250917093048, GOOGL, 265, 20250926, C, 1354, 2291, 0.0189, 251.16, 0, 0.3315, 0, 1.29, 20250916 15:59:59
20250917093048, GOOGL, 280, 20250926, P, 0, 65, 0.0069, 251.16, 0, 0.3423, 0, 28.66, 20250916 15:59:59
20250917093048, GOOGL, 270, 20250926, C, 751, 2763, 0.0134, 251.16, 0, 0.3446, 0, 0.77, 20250916 15:59:59
20250917093048, GOOGL, 265, 20250926, P, 7, 17, 0.0193, 251.16, 0, 0.3194, 0, 13.95, 20250916 15:59:59
20250917093048, GOOGL, 257.5, 20250926, C, 767, 1641, 0.0275, 251.16, 0, 0.3296, 0, 2.9, 20250916 15:59:59
20250917093048, GOOGL, 262.5, 20250926, P, 27, 44, 0.0223, 251.16, 0, 0.3042, 0, 13.45, 20250916 15:59:59
20250917093048, GOOGL, 285, 20250926, P, 0, 0, 0.0046, 251.16, 0, 0.3877, 0, 0, 20250916 15:59:59
20250917093048, GOOGL, 290, 20250926, P, 2, 3, 0.0024, 251.16, 0, 0, 0, 40.28, 20250916 15:59:59
20250917093048, GOOGL, 305, 20250926, P, 0, 0, 0.0001, 251.16, 0, 0, 0, 0, 20250916 15:59:59
20250917093048, GOOGL, 305, 20250926, C, 30, 119, 0.001, 251.16, 0, 0.4639, 0, 0.04, 20250916 15:59:59
20250917093048, GOOGL, 300, 20250926, C, 167, 553, 0.0014, 251.16, 0, 0.4452, 0, 0.05, 20250916 15:59:59
20250917093048, GOOGL, 295, 20250926, P, 0, 0, 0.001, 251.16, 0, 0, 0, 57.2, 20250916 15:59:59
20250917093048, GOOGL, 295, 20250926, C, 23, 516, 0.002, 251.16, 0, 0.4281, 0, 0.11, 20250916 15:59:59
20250917093048, GOOGL, 310, 20250926, C, 888, 1088, 0.0007, 251.16, 0, 0.4829, 0, 0.03, 20250916 15:59:59
20250917093048, GOOGL, 290, 20250926, C, 34, 92, 0.0028, 251.16, 0, 0.4113, 0, 0.14, 20250916 15:59:59
20250917093048, GOOGL, 310, 20250926, P, 0, 0, 0, 251.16, 0, 0, 0, 0, 20250916 15:59:59
20250917093048, GOOGL, 300, 20250926, P, 0, 0, 0.0003, 251.16, 0, 0, 0, 48.27, 20250916 15:59:59
20250917093048, GOOGL, 315, 20250926, C, 101, 100, 0.0005, 251.16, 0, 0.5058, 0, 0.03, 20250916 15:59:59
20250917093048, GOOGL, 210, 20251003, C, 76, 448, 0.0028, 251.16, 0, 0.3634, 0, 41.95, 20250916 15:59:59
20250917093048, GOOGL, 190, 20251003, C, 21, 117, 0.0009, 251.16, 0, 0, 0, 61.69, 20250916 15:59:59
20250917093048, GOOGL, 190, 20251003, P, 2, 342, 0.0009, 251.16, 0, 0.5804, 0, 0.14, 20250916 15:59:59
20250917093048, GOOGL, 210, 20251003, P, 47, 631, 0.0028, 251.16, 0, 0.4618, 0, 0.31, 20250916 15:59:59
20250917093048, GOOGL, 227.5, 20251003, C, 7, 5, 0.0084, 251.16, 0, 0.3127, 0, 24.96, 20250916 15:59:59
20250917093048, GOOGL, 232.5, 20251003, C, 14, 57, 0.0116, 251.16, 0, 0.3652, 0, 20.7, 20250916 15:59:59
20250917093048, GOOGL, 250, 20251003, C, 737, 4538, 0.0234, 251.16, 0, 0.3118, 0, 7.65, 20250916 15:59:59
20250917093048, GOOGL, 255, 20251003, P, 45, 71, 0.0238, 251.16, 0, 0.3024, 0, 8.45, 20250916 15:59:59
20250917093048, GOOGL, 240, 20251003, C, 475, 1720, 0.0175, 251.16, 0, 0.3485, 0, 14.6, 20250916 15:59:59
20250917093048, GOOGL, 245, 20251003, P, 161, 275, 0.0215, 251.16, 0, 0.315, 0, 3.9, 20250916 15:59:59
20250917093048, GOOGL, 235, 20251003, C, 84, 1755, 0.0135, 251.16, 0, 0.3294, 0, 18.65, 20250916 15:59:59
20250917093048, GOOGL, 245, 20251003, C, 277, 1138, 0.0212, 251.16, 0, 0.3182, 0, 10.77, 20250916 15:59:59
20250917093048, GOOGL, 242.5, 20251003, C, 86, 93, 0.0195, 251.16, 0, 0.343, 0, 12.85, 20250916 15:59:59
20250917093048, GOOGL, 250, 20251003, P, 353, 401, 0.0237, 251.16, 0, 0.3003, 0, 5.9, 20250916 15:59:59
20250917093048, GOOGL, 252.5, 20251003, P, 112, 84, 0.0241, 251.16, 0, 0.3031, 0, 6.95, 20250916 15:59:59
20250917093048, GOOGL, 242.5, 20251003, P, 258, 298, 0.0197, 251.16, 0, 0.314, 0, 3.1, 20250916 15:59:59
20250917093048, GOOGL, 252.5, 20251003, C, 795, 530, 0.0237, 251.16, 0, 0.3091, 0, 6.59, 20250916 15:59:59
20250917093048, GOOGL, 237.5, 20251003, P, 37, 308, 0.0156, 251.16, 0, 0.3305, 0, 1.98, 20250916 15:59:59
20250917093048, GOOGL, 232.5, 20251003, P, 26, 83, 0.0117, 251.16, 0, 0.3451, 0, 1.33, 20250916 15:59:59
20250917093048, GOOGL, 240, 20251003, P, 424, 990, 0.0177, 251.16, 0, 0.3183, 0, 2.51, 20250916 15:59:59
20250917093048, GOOGL, 255, 20251003, C, 951, 3495, 0.0234, 251.16, 0, 0.2914, 0, 5.25, 20250916 15:59:59
20250917093048, GOOGL, 257.5, 20251003, C, 199, 95, 0.0226, 251.16, 0, 0.3067, 0, 4.3, 20250916 15:59:59
20250917093048, GOOGL, 235, 20251003, P, 335, 1453, 0.0136, 251.16, 0, 0.3443, 0, 1.6, 20250916 15:59:59
20250917093048, GOOGL, 247.5, 20251003, C, 62, 139, 0.0226, 251.16, 0, 0.3123, 0, 9.59, 20250916 15:59:59
20250917093048, GOOGL, 257.5, 20251003, P, 71, 73, 0.023, 251.16, 0, 0.3005, 0, 10.45, 20250916 15:59:59
20250917093048, GOOGL, 247.5, 20251003, P, 137, 245, 0.0228, 251.16, 0, 0.3116, 0, 4.55, 20250916 15:59:59
20250917093048, GOOGL, 237.5, 20251003, C, 4, 127, 0.0155, 251.16, 0, 0.328, 0, 16.91, 20250916 15:59:59
20250917093048, GOOGL, 262.5, 20251003, P, 5, 15, 0.0202, 251.16, 0, 0.2821, 0, 13.05, 20250916 15:59:59
20250917093048, GOOGL, 262.5, 20251003, C, 168, 1119, 0.0197, 251.16, 0, 0.317, 0, 3.02, 20250916 15:59:59
20250917093048, GOOGL, 265, 20251003, P, 5, 16, 0.0184, 251.16, 0, 0.2991, 0, 16.25, 20250916 15:59:59
20250917093048, GOOGL, 265, 20251003, C, 315, 1036, 0.018, 251.16, 0, 0.3172, 0, 2.37, 20250916 15:59:59
20250917093048, GOOGL, 260, 20251003, C, 641, 1061, 0.0213, 251.16, 0, 0.3114, 0, 3.65, 20250916 15:59:59
20250917093048, GOOGL, 260, 20251003, P, 15, 37, 0.0218, 251.16, 0, 0.299, 0, 11.4, 20250916 15:59:59
20250917093048, GOOGL, 270, 20251003, C, 522, 905, 0.0143, 251.16, 0, 0.3195, 0, 1.56, 20250916 15:59:59
20250917093048, GOOGL, 275, 20251003, P, 1, 3, 0.0116, 251.16, 0, 0.333, 0, 23.38, 20250916 15:59:59
20250917093048, GOOGL, 295, 20251003, C, 7, 1271, 0.0035, 251.16, 0, 0.3884, 0, 0.32, 20250916 15:59:59
20250917093048, GOOGL, 280, 20251003, P, 1, 3, 0.0089, 251.16, 0, 0.3826, 0, 28.15, 20250916 15:59:59
20250917093048, GOOGL, 305, 20251003, C, 19, 148, 0.002, 251.16, 0, 0.419, 0, 0.16, 20250916 15:59:59
20250917093048, GOOGL, 285, 20251003, P, 0, 0, 0.007, 251.16, 0, 0, 0, 0, 20250916 15:59:59
20250917093048, GOOGL, 295, 20251003, P, 0, 1, 0.0039, 251.16, 0, 0.4611, 0, 53.2, 20250916 15:59:59
20250917093048, GOOGL, 300, 20251003, C, 234, 203, 0.0026, 251.16, 0, 0.4026, 0, 0.22, 20250916 15:59:59
20250917093048, GOOGL, 290, 20251003, P, 0, 0, 0.0053, 251.16, 0, 0, 0, 0, 20250916 15:59:59
20250917093048, GOOGL, 280, 20251003, C, 54, 487, 0.0082, 251.16, 0, 0.3466, 0, 0.7, 20250916 15:59:59
20250917093048, GOOGL, 300, 20251003, P, 4, 0, 0.0021, 251.16, 0, 0.3873, 0, 49, 20250916 15:59:59
20250917093048, GOOGL, 310, 20251003, C, 2, 5, 0.0016, 251.16, 0, 0.4328, 0, 0.13, 20250916 15:59:59
20250917093048, GOOGL, 285, 20251003, C, 30, 54, 0.0061, 251.16, 0, 0.3602, 0, 0.49, 20250916 15:59:59
20250917093048, GOOGL, 290, 20251003, C, 11, 29, 0.0046, 251.16, 0, 0.3685, 0, 0.37, 20250916 15:59:59
20250917093048, GOOGL, 320, 20251003, C, 1, 205, 0.001, 251.16, 0, 0.4593, 0, 0.11, 20250916 15:59:59
20250917093048, GOOGL, 315, 20251003, P, 0, 0, 0, 251.16, 0, 0, 0, 0, 20250916 15:59:59
20250917093048, GOOGL, 305, 20251003, P, 0, 0, 0.001, 251.16, 0, 0, 0, 0, 20250916 15:59:59
20250917093048, GOOGL, 320, 20251003, P, 0, 0, 0, 251.16, 0, 0, 0, 0, 20250916 15:59:59
20250917093048, GOOGL, 180, 20251010, C, 5, 11, 0.0007, 251.16, 0, 0, 0, 72.01, 20250916 15:59:59
20250917093048, GOOGL, 310, 20251003, P, 0, 0, 0.0003, 251.16, 0, 0, 0, 58.25, 20250916 15:59:59
20250917093048, GOOGL, 315, 20251003, C, 11, 129, 0.0012, 251.16, 0, 0.4466, 0, 0.11, 20250916 15:59:59
20250917093048, GOOGL, 185, 20251010, P, 1, 79, 0.0009, 251.16, 0, 0.5576, 0, 0.15, 20250916 15:59:59
20250917093048, GOOGL, 180, 20251010, P, 4, 940, 0.0007, 251.16, 0, 0.582, 0, 0.14, 20250916 15:59:59
20250917093048, GOOGL, 190, 20251010, C, 2, 66, 0.0012, 251.16, 0, 0, 0, 61.51, 20250916 15:59:59
20250917093048, GOOGL, 185, 20251010, C, 1, 21, 0.0009, 251.16, 0, 0.4828, 0, 66.84, 20250916 15:59:59
20250917093048, GOOGL, 225, 20251010, P, 41, 1237, 0.0077, 251.16, 0, 0.3592, 0, 1.14, 20250916 15:59:59
20250917093048, GOOGL, 245, 20251010, C, 114, 521, 0.0184, 251.16, 0, 0.3319, 0, 12.13, 20250916 15:59:59
20250917093048, GOOGL, 200, 20251010, P, 100, 509, 0.002, 251.16, 0, 0.4798, 0, 0.36, 20250916 15:59:59
20250917093048, GOOGL, 215, 20251010, C, 5, 69, 0.0044, 251.16, 0, 0.3977, 0, 38, 20250916 15:59:59
20250917093048, GOOGL, 235, 20251010, C, 79, 709, 0.0129, 251.16, 0, 0.3174, 0, 19.92, 20250916 15:59:59
20250917093048, GOOGL, 225, 20251010, C, 3, 239, 0.0077, 251.16, 0, 0.3206, 0, 28.57, 20250916 15:59:59
20250917093048, GOOGL, 235, 20251010, P, 503, 2381, 0.013, 251.16, 0, 0.3273, 0, 2.35, 20250916 15:59:59
20250917093048, GOOGL, 230, 20251010, C, 18, 353, 0.0101, 251.16, 0, 0.3412, 0, 24.26, 20250916 15:59:59
20250917093048, GOOGL, 210, 20251010, P, 40, 736, 0.0033, 251.16, 0, 0.4263, 0, 0.5, 20250916 15:59:59
20250917093048, GOOGL, 210, 20251010, C, 4, 260, 0.0033, 251.16, 0, 0.4182, 0, 42.85, 20250916 15:59:59
20250917093048, GOOGL, 230, 20251010, P, 115, 879, 0.0102, 251.16, 0, 0.3418, 0, 1.63, 20250916 15:59:59
20250917093048, GOOGL, 200, 20251010, C, 0, 59, 0.002, 251.16, 0, 0.428, 0, 50.85, 20250916 15:59:59
20250917093048, GOOGL, 220, 20251010, C, 13, 197, 0.0058, 251.16, 0, 0.3617, 0, 33.35, 20250916 15:59:59
20250917093048, GOOGL, 215, 20251010, P, 26, 204, 0.0044, 251.16, 0, 0.4013, 0, 0.62, 20250916 15:59:59
20250917093048, GOOGL, 205, 20251010, C, 0, 198, 0.0026, 251.16, 0, 0.4346, 0, 48.05, 20250916 15:59:59
20250917093048, GOOGL, 195, 20251010, P, 23, 842, 0.0015, 251.16, 0, 0.5053, 0, 0.25, 20250916 15:59:59
20250917093048, GOOGL, 240, 20251010, C, 82, 1588, 0.0159, 251.16, 0, 0.3387, 0, 16.1, 20250916 15:59:59
20250917093048, GOOGL, 220, 20251010, P, 68, 589, 0.0058, 251.16, 0, 0.379, 0, 0.84, 20250916 15:59:59
20250917093048, GOOGL, 190, 20251010, P, 2, 280, 0.0012, 251.16, 0, 0.5314, 0, 0.23, 20250916 15:59:59
20250917093048, GOOGL, 205, 20251010, P, 14, 160, 0.0026, 251.16, 0, 0.4526, 0, 0.42, 20250916 15:59:59
20250917093048, GOOGL, 240, 20251010, P, 255, 2082, 0.0161, 251.16, 0, 0.3172, 0, 3.45, 20250916 15:59:59
20250917093048, GOOGL, 195, 20251010, C, 0, 10, 0.0015, 251.16, 0, 0.4852, 0, 55.45, 20250916 15:59:59
20250917093048, GOOGL, 250, 20251010, P, 98, 662, 0.0203, 251.16, 0, 0.3067, 0, 6.91, 20250916 15:59:59
20250917093048, GOOGL, 260, 20251010, P, 0, 5, 0.0194, 251.16, 0, 0.3045, 0, 12.95, 20250916 15:59:59
20250917093048, GOOGL, 255, 20251010, P, 54, 82, 0.0206, 251.16, 0, 0.3046, 0, 9.4, 20250916 15:59:59
20250917093048, GOOGL, 250, 20251010, C, 325, 696, 0.02, 251.16, 0, 0.3073, 0, 9.1, 20250916 15:59:59
20250917093048, GOOGL, 245, 20251010, P, 40, 159, 0.0187, 251.16, 0, 0.3107, 0, 4.95, 20250916 15:59:59
20250917093048, GOOGL, 255, 20251010, C, 501, 1052, 0.0202, 251.16, 0, 0.3049, 0, 6.45, 20250916 15:59:59
20250917093048, GOOGL, 260, 20251010, C, 355, 563, 0.019, 251.16, 0, 0.305, 0, 4.75, 20250916 15:59:59
20250917093048, GOOGL, 265, 20251010, P, 11, 11, 0.0173, 251.16, 0, 0.3067, 0, 16.24, 20250916 15:59:59
20250917093048, GOOGL, 270, 20251010, C, 300, 340, 0.0141, 251.16, 0, 0.3161, 0, 2.3, 20250916 15:59:59
20250917093048, GOOGL, 265, 20251010, C, 561, 653, 0.0168, 251.16, 0, 0.309, 0, 3.35, 20250916 15:59:59
20250917093048, GOOGL, 270, 20251010, P, 0, 1, 0.0147, 251.16, 0, 0.2813, 0, 20.7, 20250916 15:59:59
20250917093048, GOOGL, 200, 20251017, C, 330, 21818, 0.0023, 251.16, 0, 0.431, 0, 52.93, 20250916 15:59:59
20250917093048, GOOGL, 195, 20251017, P, 457, 6592, 0.0018, 251.16, 0, 0.4763, 0, 0.39, 20250916 15:59:59
20250917093048, GOOGL, 190, 20251017, C, 59, 4272, 0.0014, 251.16, 0, 0.4815, 0, 62.32, 20250916 15:59:59
20250917093048, GOOGL, 195, 20251017, C, 17, 4863, 0.0018, 251.16, 0, 0.4858, 0, 57.68, 20250916 15:59:59
20250917093048, GOOGL, 280, 20251010, C, 36, 364, 0.0092, 251.16, 0, 0.331, 0, 1.24, 20250916 15:59:59
20250917093048, GOOGL, 310, 20251010, P, 0, 0, 0.0011, 251.16, 0, 0.4836, 0, 0, 20250916 15:59:59
20250917093048, GOOGL, 180, 20251017, C, 21, 3267, 0.0009, 251.16, 0, 0.5019, 0, 72, 20250916 15:59:59
20250917093048, GOOGL, 305, 20251010, C, 6, 13, 0.0028, 251.16, 0, 0.3877, 0, 0.3, 20250916 15:59:59
20250917093048, GOOGL, 280, 20251010, P, 0, 1, 0.0099, 251.16, 0, 0.3105, 0, 30.05, 20250916 15:59:59
20250917093048, GOOGL, 305, 20251010, P, 0, 0, 0.0025, 251.16, 0, 0, 0, 0, 20250916 15:59:59
20250917093048, GOOGL, 290, 20251010, C, 8, 277, 0.0057, 251.16, 0, 0.3529, 0, 0.65, 20250916 15:59:59
20250917093048, GOOGL, 185, 20251017, C, 308, 6349, 0.0012, 251.16, 0, 0.4915, 0, 67.75, 20250916 15:59:59
20250917093048, GOOGL, 320, 20251010, P, 3, 0, 0, 251.16, 0, 0.5167, 0, 68.5, 20250916 15:59:59
20250917093048, GOOGL, 185, 20251017, P, 75, 5663, 0.0012, 251.16, 0, 0.5257, 0, 0.26, 20250916 15:59:59
20250917093048, GOOGL, 205, 20251017, C, 102, 6850, 0.0029, 251.16, 0, 0.4068, 0, 47.65, 20250916 15:59:59
20250917093048, GOOGL, 275, 20251010, P, 8, 8, 0.0122, 251.16, 0, 0.3421, 0, 24.64, 20250916 15:59:59
20250917093048, GOOGL, 275, 20251010, C, 153, 248, 0.0115, 251.16, 0, 0.3149, 0, 1.65, 20250916 15:59:59
20250917093048, GOOGL, 180, 20251017, P, 328, 5701, 0.0009, 251.16, 0, 0.5504, 0, 0.21, 20250916 15:59:59
20250917093048, GOOGL, 295, 20251010, C, 2, 32, 0.0045, 251.16, 0, 0.364, 0, 0.64, 20250916 15:59:59
20250917093048, GOOGL, 300, 20251010, P, 0, 0, 0.0039, 251.16, 0, 0, 0, 0, 20250916 15:59:59
20250917093048, GOOGL, 320, 20251010, C, 25, 106, 0.0015, 251.16, 0, 0.4265, 0, 0.19, 20250916 15:59:59
20250917093048, GOOGL, 295, 20251010, P, 0, 0, 0.0056, 251.16, 0, 0, 0, 0, 20250916 15:59:59
20250917093048, GOOGL, 315, 20251010, P, 0, 0, 0.0002, 251.16, 0, 0.4722, 0, 78.17, 20250916 15:59:59
20250917093048, GOOGL, 300, 20251010, C, 134, 249, 0.0035, 251.16, 0, 0.3758, 0, 0.38, 20250916 15:59:59
20250917093048, GOOGL, 285, 20251010, P, 0, 0, 0.008, 251.16, 0, 0.3243, 0, 0, 20250916 15:59:59
20250917093048, GOOGL, 315, 20251010, C, 35, 45, 0.0018, 251.16, 0, 0.4111, 0, 0.2, 20250916 15:59:59
20250917093048, GOOGL, 285, 20251010, C, 53, 116, 0.0072, 251.16, 0, 0.3416, 0, 0.85, 20250916 15:59:59
20250917093048, GOOGL, 310, 20251010, C, 0, 1, 0.0022, 251.16, 0, 0.3994, 0, 0.23, 20250916 15:59:59
20250917093048, GOOGL, 290, 20251010, P, 0, 1, 0.0063, 251.16, 0, 0.4036, 0, 41.5, 20250916 15:59:59
20250917093048, GOOGL, 200, 20251017, P, 258, 8056, 0.0023, 251.16, 0, 0.4517, 0, 0.47, 20250916 15:59:59
20250917093048, GOOGL, 190, 20251017, P, 419, 6826, 0.0015, 251.16, 0, 0.5013, 0, 0.31, 20250916 15:59:59
20250917093048, GOOGL, 210, 20251017, P, 341, 6695, 0.0038, 251.16, 0, 0.4071, 0, 0.71, 20250916 15:59:59
20250917093048, GOOGL, 205, 20251017, P, 152, 8738, 0.0029, 251.16, 0, 0.4294, 0, 0.57, 20250916 15:59:59
20250917093048, GOOGL, 210, 20251017, C, 176, 6225, 0.0037, 251.16, 0, 0.4156, 0, 42.7, 20250916 15:59:59
20250917093048, GOOGL, 250, 20251017, P, 1464, 1796, 0.018, 251.16, 0, 0.3023, 0, 7.9, 20250916 15:59:59
20250917093048, GOOGL, 215, 20251017, P, 165, 7429, 0.0048, 251.16, 0, 0.3861, 0, 0.91, 20250916 15:59:59
20250917093048, GOOGL, 240, 20251017, C, 940, 12523, 0.0145, 251.16, 0, 0.3166, 0, 16.5, 20250916 15:59:59
20250917093048, GOOGL, 230, 20251017, P, 2945, 6757, 0.01, 251.16, 0, 0.3369, 0, 2.22, 20250916 15:59:59
20250917093048, GOOGL, 250, 20251017, C, 2636, 19679, 0.0176, 251.16, 0, 0.3054, 0, 10.05, 20250916 15:59:59
20250917093048, GOOGL, 240, 20251017, P, 797, 4289, 0.0147, 251.16, 0, 0.3163, 0, 4.22, 20250916 15:59:59
20250917093048, GOOGL, 220, 20251017, C, 124, 8670, 0.0062, 251.16, 0, 0.3608, 0, 33.7, 20250916 15:59:59
20250917093048, GOOGL, 215, 20251017, C, 76, 12989, 0.0048, 251.16, 0, 0.3786, 0, 38.4, 20250916 15:59:59
20250917093048, GOOGL, 220, 20251017, P, 520, 5098, 0.0062, 251.16, 0, 0.3675, 0, 1.21, 20250916 15:59:59
20250917093048, GOOGL, 235, 20251017, C, 350, 5949, 0.0122, 251.16, 0, 0.3287, 0, 20.53, 20250916 15:59:59
20250917093048, GOOGL, 230, 20251017, C, 238, 8052, 0.0099, 251.16, 0, 0.3358, 0, 24.37, 20250916 15:59:59
20250917093048, GOOGL, 225, 20251017, P, 1321, 4477, 0.008, 251.16, 0, 0.3504, 0, 1.63, 20250916 15:59:59
20250917093048, GOOGL, 235, 20251017, P, 2929, 5643, 0.0124, 251.16, 0, 0.3245, 0, 3.07, 20250916 15:59:59
20250917093048, GOOGL, 225, 20251017, C, 305, 4736, 0.0079, 251.16, 0, 0.3452, 0, 29.06, 20250916 15:59:59
20250917093048, GOOGL, 245, 20251017, P, 1808, 2354, 0.0167, 251.16, 0, 0.3063, 0, 5.84, 20250916 15:59:59
20250917093048, GOOGL, 245, 20251017, C, 453, 7936, 0.0164, 251.16, 0, 0.3275, 0, 12.95, 20250916 15:59:59
20250917093048, GOOGL, 260, 20251017, C, 2572, 12430, 0.0171, 251.16, 0, 0.3053, 0, 5.67, 20250916 15:59:59
20250917093048, GOOGL, 255, 20251017, P, 164, 360, 0.0183, 251.16, 0, 0.2854, 0, 10.44, 20250916 15:59:59
20250917093048, GOOGL, 260, 20251017, P, 281, 300, 0.0176, 251.16, 0, 0.3024, 0, 13.35, 20250916 15:59:59
20250917093048, GOOGL, 255, 20251017, C, 1977, 7112, 0.0178, 251.16, 0, 0.3037, 0, 7.6, 20250916 15:59:59
20250917093048, GOOGL, 265, 20251017, C, 3362, 13081, 0.0156, 251.16, 0, 0.3053, 0, 4.15, 20250916 15:59:59
20250917093048, GOOGL, 315, 20251017, C, 380, 666, 0.0023, 251.16, 0, 0.3898, 0, 0.33, 20250916 15:59:59
20250917093048, GOOGL, 305, 20251017, P, 0, 0, 0.0038, 251.16, 0, 0.3796, 0, 68.5, 20250916 15:59:59
20250917093048, GOOGL, 290, 20251017, P, 0, 0, 0.0072, 251.16, 0, 0.3355, 0, 97.25, 20250916 15:59:59
20250917093048, GOOGL, 270, 20251017, C, 2156, 3795, 0.0137, 251.16, 0, 0.3097, 0, 3.05, 20250916 15:59:59
20250917093048, GOOGL, 310, 20251017, P, 0, 0, 0.0024, 251.16, 0, 0.4051, 0, 0, 20250916 15:59:59
20250917093048, GOOGL, 300, 20251017, P, 2, 2, 0.0054, 251.16, 0, 0.3605, 0, 48, 20250916 15:59:59
20250917093048, GOOGL, 285, 20251017, C, 300, 1302, 0.0079, 251.16, 0, 0.3309, 0, 1.27, 20250916 15:59:59
20250917093048, GOOGL, 310, 20251017, C, 1, 226, 0.0028, 251.16, 0, 0.3797, 0, 0.48, 20250916 15:59:59
20250917093048, GOOGL, 270, 20251017, P, 20, 152, 0.0143, 251.16, 0, 0.3044, 0, 20.92, 20250916 15:59:59
20250917093048, GOOGL, 275, 20251017, C, 1243, 2779, 0.0116, 251.16, 0, 0.3137, 0, 2.27, 20250916 15:59:59
20250917093048, GOOGL, 265, 20251017, P, 21, 122, 0.0162, 251.16, 0, 0.3036, 0, 16.94, 20250916 15:59:59
20250917093048, GOOGL, 295, 20251017, P, 0, 0, 0.0062, 251.16, 0, 0.3515, 0, 88.25, 20250916 15:59:59
20250917093048, GOOGL, 305, 20251017, C, 15, 273, 0.0034, 251.16, 0, 0.3695, 0, 0.55, 20250916 15:59:59
20250917093048, GOOGL, 290, 20251017, C, 212, 851, 0.0064, 251.16, 0, 0.3399, 0, 1.04, 20250916 15:59:59
20250917093048, GOOGL, 280, 20251017, C, 740, 4187, 0.0096, 251.16, 0, 0.3232, 0, 1.66, 20250916 15:59:59
20250917093048, GOOGL, 295, 20251017, C, 70, 648, 0.0052, 251.16, 0, 0.3492, 0, 0.8, 20250916 15:59:59
20250917093048, GOOGL, 275, 20251017, P, 15, 14, 0.0123, 251.16, 0, 0.3092, 0, 25.15, 20250916 15:59:59
20250917093048, GOOGL, 300, 20251017, C, 409, 761, 0.0042, 251.16, 0, 0.3594, 0, 0.6, 20250916 15:59:59
20250917093048, GOOGL, 280, 20251017, P, 5, 23, 0.0104, 251.16, 0, 0.3125, 0, 31, 20250916 15:59:59
20250917093048, GOOGL, 315, 20251017, P, 0, 0, 0.0011, 251.16, 0, 0.4299, 0, 81.15, 20250916 15:59:59
20250917093048, GOOGL, 320, 20251017, P, 0, 0, 0.0002, 251.16, 0, 0, 0, 117.25, 20250916 15:59:59
20250917093048, GOOGL, 285, 20251017, P, 0, 0, 0.0087, 251.16, 0, 0.3127, 0, 0, 20250916 15:59:59
20250917093048, GOOGL, 325, 20251017, C, 34, 42, 0.0016, 251.16, 0, 0.4088, 0, 0.24, 20250916 15:59:59
20250917093048, GOOGL, 320, 20251017, C, 329, 765, 0.0019, 251.16, 0, 0.3997, 0, 0.25, 20250916 15:59:59
20250917093048, GOOGL, 325, 20251017, P, 0, 0, 0, 251.16, 0, 0.4456, 0, 83.5, 20250916 15:59:59
20250917195743, GOOGL, 242.5, 20250926, P, 2353, 1087, 0.0269, 249.53, 0, 0.3146, 0, 2.08, 20250917 15:59:59
20250917195743, GOOGL, 265, 20250926, P, 11, 15, 0.0171, 249.53, 0, 0.2987, 0, 17.37, 20250917 15:59:59
20250917195743, GOOGL, 232.5, 20251003, P, 52, 71, 0.013, 249.53, 0, 0.3307, 0, 1.13, 20250917 15:59:59
20250917195743, GOOGL, 275, 20251010, C, 379, 157, 0.0104, 249.53, 0, 0.3147, 0, 1.17, 20250917 15:59:59
