20250922115540, INTC, 14, 20250926, C, 0, 20, 0, 29.0744, 1, 3.9137, 0, 15.52, 20250922 11:40:10
20250922115540, INTC, 14, 20250926, P, 0, 33, 0, 29.0744, 0, 2.5023, 0, 0.04, 20250922 11:40:10
20250922115540, INTC, 15, 20250926, C, 0, 11, 0, 29.0744, 1, 3.5825, 0, 16, 20250922 11:40:10
20250922115540, INTC, 15, 20250926, P, 0, 30, 0, 29.0744, 0, 2.2806, 0, 0.02, 20250922 11:40:10
20250922115540, INTC, 15.5, 20250926, C, 0, 2, 0, 29.0744, 1, 3.425, 0, 14.63, 20250922 11:40:10
20250922115540, INTC, 15.5, 20250926, P, 0, 1, 0, 29.0744, 0, 2.175, 0, 0.1, 20250922 11:40:10
20250922115540, INTC, 16, 20250926, C, 0, 54, 0, 29.0744, 1, 4.0647, 0, 8.75, 20250922 11:40:10
20250922115540, INTC, 16, 20250926, P, 0, 3, 0, 29.0744, 0, 2.0728, 0, 0.01, 20250922 11:40:10
20250922115540, INTC, 16.5, 20250926, C, 0, 18, 0, 29.0744, 1, 3.1243, 0, 15.4, 20250922 11:40:10
20250922115540, INTC, 16.5, 20250926, P, 0, 101, 0, 29.0744, 0, 1.9734, 0, 0.04, 20250922 11:40:10
20250922115540, INTC, 17, 20250926, C, 0, 28, 0, 29.0744, 1, 2.9805, 0, 12.22, 20250922 11:40:10
20250922115540, INTC, 17, 20250926, P, 0, 187, 0, 29.0744, 0, 1.877, 0, 0.04, 20250922 11:40:10
20250922115540, INTC, 17.5, 20250926, C, 0, 55, 0, 29.0744, 1, 3.2777, 0, 14.67, 20250922 11:40:10
20250922115540, INTC, 17.5, 20250926, P, 0, 127, 0, 29.0744, 0, 1.7831, 0, 0.03, 20250922 11:40:10
20250922115540, INTC, 18, 20250926, C, 0, 43, 0, 29.0744, 1, 2.7042, 0, 11.16, 20250922 11:40:10
20250922115540, INTC, 18, 20250926, P, 0, 4215, 0, 29.0744, 0, 1.6917, 0, 0.01, 20250922 11:40:10
20250922115540, INTC, 18.5, 20250926, C, 0, 3, 0.0001, 29.0744, 1, 2.5713, 0, 4, 20250922 11:40:10
20250922115540, INTC, 18.5, 20250926, P, 0, 1550, 0.0001, 29.0744, -0.0001, 1.6026, 0, 0.01, 20250922 11:40:10
20250922115540, INTC, 19, 20250926, C, 0, 362, 0.0001, 29.0744, 1, 1.5782, 0, 10.56, 20250922 11:40:10
20250922115540, INTC, 19, 20250926, P, 0, 766, 0.0001, 29.0744, -0.0001, 1.5157, -0.0001, 0.01, 20250922 11:40:10
20250922115540, INTC, 19.5, 20250926, C, 0, 27, 0.0002, 29.0744, 0.9999, 2.6917, 0, 10.2, 20250922 11:40:10
20250922115540, INTC, 19.5, 20250926, P, 0, 486, 0.0002, 29.0744, -0.0002, 1.4307, -0.0001, 0.02, 20250922 11:40:10
20250922115540, INTC, 20, 20250926, C, 22, 738, 0.0004, 29.0744, 0.9998, 1.3875, 0, 9.1, 20250922 11:40:10
20250922115540, INTC, 20, 20250926, P, 21, 14691, 0.0004, 29.0744, -0.0003, 1.3477, -0.0002, 0.02, 20250922 11:40:10
20250922115540, INTC, 20.5, 20250926, C, 0, 130, 0.0006, 29.0744, 0.9995, 1.2957, 0, 9.35, 20250922 11:40:10
20250922115540, INTC, 20.5, 20250926, P, 0, 1144, 0.0006, 29.0744, -0.0006, 1.2665, -0.0004, 0.01, 20250922 11:40:10
20250922115540, INTC, 21, 20250926, C, 14, 229, 0.0011, 29.0744, 0.9991, 1.2061, 0, 8.25, 20250922 11:40:10
20250922115540, INTC, 21, 20250926, P, 10, 2014, 0.0011, 29.0744, -0.001, 1.1869, -0.0007, 0.01, 20250922 11:40:10
20250922115540, INTC, 21.5, 20250926, C, 21, 2180, 0.0018, 29.0744, 0.9984, 1.1187, -0.0003, 7.68, 20250922 11:40:10
20250922115540, INTC, 21.5, 20250926, P, 10, 1473, 0.0018, 29.0744, -0.0017, 1.1089, -0.0012, 0.01, 20250922 11:40:10
20250922115540, INTC, 22, 20250926, C, 11, 985, 0.0029, 29.0744, 0.9972, 1.0333, -0.0011, 7.25, 20250922 11:40:10
20250922115540, INTC, 22, 20250926, P, 13, 3452, 0.0029, 29.0744, -0.0029, 1.0323, -0.002, 0.01, 20250922 11:40:10
20250922115540, INTC, 22.5, 20250926, C, 8, 647, 0.0046, 29.0744, 0.9955, 0.9499, -0.0023, 6.75, 20250922 11:40:10
20250922115540, INTC, 22.5, 20250926, P, 3, 2740, 0.0046, 29.0744, -0.0046, 0.9571, -0.0031, 0.01, 20250922 11:40:10
20250922115540, INTC, 23, 20250926, C, 25, 1762, 0.007, 29.0744, 0.9928, 0.8683, -0.004, 6.28, 20250922 11:40:10
20250922115540, INTC, 23, 20250926, P, 17, 5827, 0.007, 29.0744, -0.0073, 0.883, -0.0048, 0.01, 20250922 11:40:10
20250922115540, INTC, 23.5, 20250926, C, 9, 1741, 0.0105, 29.0744, 0.989, 0.7884, -0.0064, 5.63, 20250922 11:40:10
20250922115540, INTC, 23.5, 20250926, P, 102, 16718, 0.0105, 29.0744, -0.0111, 0.8102, -0.0071, 0.01, 20250922 11:40:10
20250922115540, INTC, 24, 20250926, C, 101, 4247, 0.0153, 29.0744, 0.9835, 0.7103, -0.0095, 5.3, 20250922 11:40:10
20250922115540, INTC, 24, 20250926, P, 126, 5852, 0.0153, 29.0744, -0.0166, 0.7383, -0.0102, 0.01, 20250922 11:40:10
20250922115540, INTC, 24.5, 20250926, C, 81, 3630, 0.0219, 29.0744, 0.976, 0.6338, -0.0135, 4.62, 20250922 11:40:10
20250922115540, INTC, 24.5, 20250926, P, 533, 7052, 0.0219, 29.0744, -0.0242, 0.6674, -0.0141, 0.01, 20250922 11:40:10
20250922115540, INTC, 25, 20250926, C, 196, 24638, 0.0307, 29.0744, 0.9656, 0.5588, -0.0184, 4.13, 20250922 11:40:10
20250922115540, INTC, 25, 20250926, P, 1222, 7063, 0.0307, 29.0744, -0.0345, 0.6935, -0.0189, 0.01, 20250922 11:40:10
20250922115540, INTC, 25.5, 20250926, C, 195, 5146, 0.0424, 29.0744, 0.9517, 0.6805, -0.0242, 3.67, 20250922 11:40:10
20250922115540, INTC, 25.5, 20250926, P, 787, 2808, 0.0424, 29.0744, -0.0484, 0.6693, -0.0247, 0.03, 20250922 11:40:10
20250922115540, INTC, 26, 20250926, C, 298, 25033, 0.0578, 29.0744, 0.9332, 0.678, -0.0309, 3.22, 20250922 11:40:10
20250922115540, INTC, 26, 20250926, P, 1315, 3879, 0.058, 29.0744, -0.0671, 0.6245, -0.0313, 0.03, 20250922 11:40:10
20250922115540, INTC, 26.5, 20250926, C, 183, 2280, 0.0784, 29.0744, 0.9081, 0.6209, -0.0383, 2.8, 20250922 11:40:10
20250922115540, INTC, 26.5, 20250926, P, 365, 3703, 0.0787, 29.0744, -0.0922, 0.5929, -0.0387, 0.06, 20250922 11:40:10
20250922115540, INTC, 27, 20250926, C, 725, 6947, 0.106, 29.0744, 0.8726, 0.5961, -0.0471, 2.2, 20250922 11:40:10
20250922115540, INTC, 27, 20250926, P, 2174, 6224, 0.1063, 29.0744, -0.1279, 0.5766, -0.0475, 0.09, 20250922 11:40:10
20250922115540, INTC, 27.5, 20250926, C, 437, 1571, 0.141, 29.0744, 0.8191, 0.5829, -0.0583, 1.8, 20250922 11:40:10
20250922115540, INTC, 27.5, 20250926, P, 2079, 7735, 0.1416, 29.0744, -0.1816, 0.5686, -0.0588, 0.17, 20250922 11:40:10
20250922115540, INTC, 28, 20250926, C, 1870, 3905, 0.1779, 29.0744, 0.7408, 0.5806, -0.0723, 1.42, 20250922 11:40:10
20250922115540, INTC, 28, 20250926, P, 4662, 7658, 0.1788, 29.0744, -0.2602, 0.5742, -0.0728, 0.28, 20250922 11:40:10
20250922115540, INTC, 28.5, 20250926, C, 1066, 833, 0.2041, 29.0744, 0.6414, 0.5851, -0.0857, 1.08, 20250922 11:40:10
20250922115540, INTC, 28.5, 20250926, P, 4125, 8386, 0.2053, 29.0744, -0.3602, 0.588, -0.0863, 0.46, 20250922 11:40:10
20250922115540, INTC, 29, 20250926, C, 7918, 7557, 0.2118, 29.0744, 0.5343, 0.6067, -0.0943, 0.82, 20250922 11:40:10
20250922115540, INTC, 29, 20250926, P, 10916, 9567, 0.2131, 29.0744, -0.4679, 0.6049, -0.0949, 0.7, 20250922 11:40:10
20250922115540, INTC, 29.5, 20250926, C, 9215, 2295, 0.2018, 29.0744, 0.4329, 0.6293, -0.0966, 0.6, 20250922 11:40:10
20250922115540, INTC, 29.5, 20250926, P, 6536, 4240, 0.203, 29.0744, -0.5698, 0.6187, -0.0972, 1, 20250922 11:40:10
20250922115540, INTC, 30, 20250926, C, 27081, 25734, 0.1793, 29.0744, 0.3472, 0.6552, -0.0947, 0.46, 20250922 11:40:10
20250922115540, INTC, 30, 20250926, P, 6088, 8539, 0.1804, 29.0744, -0.6559, 0.6475, -0.0952, 1.33, 20250922 11:40:10
20250922115540, INTC, 30.5, 20250926, C, 6291, 6036, 0.1526, 29.0744, 0.2817, 0.6841, -0.0916, 0.35, 20250922 11:40:10
20250922115540, INTC, 30.5, 20250926, P, 181, 714, 0.1535, 29.0744, -0.7215, 0.6842, -0.092, 1.65, 20250922 11:40:10
20250922115540, INTC, 31, 20250926, C, 9585, 12738, 0.1285, 29.0744, 0.2326, 0.726, -0.0876, 0.27, 20250922 11:40:10
20250922115540, INTC, 31, 20250926, P, 942, 6268, 0.1291, 29.0744, -0.7707, 0.7196, -0.0879, 2.16, 20250922 11:40:10
20250922115540, INTC, 31.5, 20250926, C, 1343, 1243, 0.1084, 29.0744, 0.1936, 0.7581, -0.0823, 0.21, 20250922 11:40:10
20250922115540, INTC, 31.5, 20250926, P, 14, 103, 0.1089, 29.0744, -0.8097, 0.7495, -0.0824, 2.47, 20250922 11:40:10
20250922115540, INTC, 32, 20250926, C, 10801, 13976, 0.0918, 29.0744, 0.1618, 0.8114, -0.076, 0.18, 20250922 11:40:10
20250922115540, INTC, 32, 20250926, P, 347, 3982, 0.0922, 29.0744, -0.8415, 0.7861, -0.076, 3.07, 20250922 11:40:10
20250922115540, INTC, 32.5, 20250926, C, 600, 1509, 0.0779, 29.0744, 0.1352, 0.8531, -0.0691, 0.16, 20250922 11:40:10
20250922115540, INTC, 32.5, 20250926, P, 10, 37, 0.0782, 29.0744, -0.868, 0.8312, -0.069, 3.4, 20250922 11:40:10
20250922115540, INTC, 33, 20250926, C, 3992, 12668, 0.0661, 29.0744, 0.1128, 0.9002, -0.0619, 0.14, 20250922 11:40:10
20250922115540, INTC, 33, 20250926, P, 252, 2153, 0.0664, 29.0744, -0.8904, 0.9111, -0.0617, 3.85, 20250922 11:40:10
20250922115540, INTC, 33.5, 20250926, C, 321, 223, 0.056, 29.0744, 0.0939, 0.9384, -0.0548, 0.11, 20250922 11:40:10
20250922115540, INTC, 33.5, 20250926, P, 8, 11, 0.0563, 29.0744, -0.9093, 0.8848, -0.0545, 4.35, 20250922 11:40:10
20250922115540, INTC, 34, 20250926, C, 1721, 3793, 0.0474, 29.0744, 0.0779, 0.9894, -0.0478, 0.1, 20250922 11:40:10
20250922115540, INTC, 34, 20250926, P, 27, 264, 0.0476, 29.0744, -0.9253, 0.9545, -0.0474, 4.8, 20250922 11:40:10
20250922115540, INTC, 34.5, 20250926, C, 235, 80, 0.0399, 29.0744, 0.0643, 1.0352, -0.0413, 0.09, 20250922 11:40:10
20250922115540, INTC, 34.5, 20250926, P, 47, 1, 0.0402, 29.0744, -0.9389, 1.0221, -0.0408, 5.35, 20250922 11:40:10
20250922115540, INTC, 35, 20250926, C, 11082, 37201, 0.0336, 29.0744, 0.0529, 1.0758, -0.0353, 0.08, 20250922 11:40:10
20250922115540, INTC, 35, 20250926, P, 11, 242, 0.0338, 29.0744, -0.9504, 1.0877, -0.0347, 5.55, 20250922 11:40:10
20250922115540, INTC, 35.5, 20250926, C, 128, 83, 0.0281, 29.0744, 0.0433, 1.1109, -0.0298, 0.08, 20250922 11:40:10
20250922115540, INTC, 35.5, 20250926, P, 10, 1, 0.0284, 29.0744, -0.96, 1.1515, -0.0291, 5.9, 20250922 11:40:10
20250922115540, INTC, 36, 20250926, C, 1601, 4827, 0.0234, 29.0744, 0.0352, 1.1401, -0.025, 0.06, 20250922 11:40:10
20250922115540, INTC, 36, 20250926, P, 55, 123, 0.0237, 29.0744, -0.9681, 1.0287, -0.0242, 6.05, 20250922 11:40:10
20250922115540, INTC, 36.5, 20250926, C, 65, 118, 0.0194, 29.0744, 0.0286, 1.181, -0.0207, 0.07, 20250922 11:40:10
20250922115540, INTC, 36.5, 20250926, P, 56, 0, 0.0197, 29.0744, -0.9749, 1.0829, -0.02, 7.25, 20250922 11:40:10
20250922115540, INTC, 37, 20250926, C, 875, 3148, 0.016, 29.0744, 0.023, 1.2185, -0.0171, 0.05, 20250922 11:40:10
20250922115540, INTC, 37, 20250926, P, 3, 132, 0.0163, 29.0744, -0.9804, 1.1359, -0.0163, 7.1, 20250922 11:40:10
20250922115540, INTC, 37.5, 20250926, C, 39, 23, 0.0131, 29.0744, 0.0185, 1.2307, -0.0139, 0.05, 20250922 11:40:10
20250922115540, INTC, 37.5, 20250926, P, 11, 59, 0.0132, 29.0744, -0.985, 1.1879, -0.0133, 7.45, 20250922 11:40:10
20250922115540, INTC, 38, 20250926, C, 1793, 9565, 0.0107, 29.0744, 0.0148, 1.2829, -0.0113, 0.04, 20250922 11:40:10
20250922115540, INTC, 38, 20250926, P, 28, 222, 0.0107, 29.0744, -0.9887, 1.2388, -0.0108, 8.5, 20250922 11:40:10
20250922115540, INTC, 39, 20250926, C, 110, 1032, 0.007, 29.0744, 0.0093, 1.3011, -0.0072, 0.04, 20250922 11:40:10
20250922115540, INTC, 39, 20250926, P, 10, 15, 0.0066, 29.0744, -0.994, 1.3377, -0.0074, 8.95, 20250922 11:40:10
20250922115540, INTC, 40, 20250926, C, 609, 2092, 0.0045, 29.0744, 0.0057, 1.359, -0.0045, 0.02, 20250922 11:40:10
20250922115540, INTC, 40, 20250926, P, 0, 23, 0.0036, 29.0744, -0.9972, 1.4331, -0.0055, 10.35, 20250922 11:40:10
20250922115540, INTC, 41, 20250926, C, 17, 4, 0.0028, 29.0744, 0.0034, 1.5172, -0.0027, 0.03, 20250922 11:40:10
20250922115540, INTC, 41, 20250926, P, 0, 0, 0.0018, 29.0744, -0.9988, 0, -0.0047, 0, 20250922 11:40:10
20250922115540, INTC, 42, 20250926, C, 99, 221, 0.0018, 29.0744, 0.002, 1.436, -0.0016, 0.01, 20250922 11:40:10
20250922115540, INTC, 42, 20250926, P, 0, 0, 0.0008, 29.0744, -0.9996, 0, -0.0043, 0, 20250922 11:40:10
20250922115540, INTC, 43, 20250926, C, 6, 145, 0.0011, 29.0744, 0.0012, 1.8776, -0.0009, 0.01, 20250922 11:40:10
20250922115540, INTC, 43, 20250926, P, 0, 0, 0.0003, 29.0744, -0.9999, 0, -0.0042, 0, 20250922 11:40:10
20250922115540, INTC, 44, 20250926, C, 14, 3, 0.0006, 29.0744, 0.0007, 1.5188, -0.0005, 0.01, 20250922 11:40:10
20250922115540, INTC, 44, 20250926, P, 0, 0, 0.0001, 29.0744, -1, 0, -0.0042, 0, 20250922 11:40:10
20250922115540, INTC, 45, 20250926, C, 204, 927, 0.0004, 29.0744, 0.0004, 1.4805, -0.0003, 0.01, 20250922 11:40:10
20250922115540, INTC, 45, 20250926, P, 0, 0, 0, 29.0744, -1, 0, -0.0042, 0, 20250922 11:40:10
20250922115540, INTC, 46, 20250926, C, 55, 294, 0.0002, 29.0744, 0.0002, 1.5461, -0.0002, 0.01, 20250922 11:40:10
20250922115540, INTC, 46, 20250926, P, 0, 0, 0, 29.0744, -1, 0, -0.0042, 0, 20250922 11:40:10
20250922115540, INTC, 47, 20250926, C, 108, 0, 0.0001, 29.0744, 0.0001, 1.6099, -0.0001, 0.01, 20250922 11:40:10
20250922115540, INTC, 47, 20250926, P, 0, 0, 0, 29.0744, -1, 0, -0.0042, 0, 20250922 11:40:10
20250922115540, INTC, 48, 20250926, C, 11, 173, 0.0001, 29.0744, 0.0001, 1.6721, 0, 0.01, 20250922 11:40:10
20250922115540, INTC, 48, 20250926, P, 0, 0, 0, 29.0744, -1, 0, -0.0042, 0, 20250922 11:40:10
20250922115540, INTC, 14, 20251003, C, 0, 8, 0, 29.0744, 1, 2.4302, 0, 16.7, 20250922 11:40:10
20250922115540, INTC, 14, 20251003, P, 0, 10, 0, 29.0744, 0, 2.7514, 0, 0.08, 20250922 11:40:10
20250922115540, INTC, 15, 20251003, C, 0, 10, 0, 29.0744, 1, 1.8181, 0, 9.2, 20250922 11:40:10
20250922115540, INTC, 15, 20251003, P, 0, 1, 0, 29.0744, 0, 2.9581, 0, 0.08, 20250922 11:40:10
20250922115540, INTC, 15.5, 20251003, C, 150, 150, 0, 29.0744, 1, 0, 0, 14, 20250922 11:40:10
20250922115540, INTC, 15.5, 20251003, P, 0, 0, 0, 29.0744, 0, 2.4195, 0, 0, 20250922 11:40:10
20250922115540, INTC, 16, 20251003, C, 0, 0, 0, 29.0744, 1, 2.0287, 0, 0, 20250922 11:40:10
20250922115540, INTC, 16, 20251003, P, 0, 0, 0, 29.0744, 0, 2.3158, 0, 0, 20250922 11:40:10
20250922115540, INTC, 16.5, 20251003, C, 0, 0, 0, 29.0744, 1, 2.4786, 0, 0, 20250922 11:40:10
20250922115540, INTC, 16.5, 20251003, P, 0, 1, 0, 29.0744, 0, 2.5151, 0, 0.04, 20250922 11:40:10
20250922115540, INTC, 17, 20251003, C, 0, 5, 0, 29.0744, 1, 2.332, 0, 8.85, 20250922 11:40:10
20250922115540, INTC, 17, 20251003, P, 0, 1, 0, 29.0744, 0, 2.5079, 0, 0.13, 20250922 11:40:10
20250922115540, INTC, 17.5, 20251003, C, 0, 3, 0, 29.0744, 1, 1.8747, 0, 7.55, 20250922 11:40:10
20250922115540, INTC, 17.5, 20251003, P, 0, 0, 0, 29.0744, 0, 2.213, 0, 0, 20250922 11:40:10
20250922115540, INTC, 18, 20251003, C, 0, 0, 0.0001, 29.0744, 1, 1.7319, 0, 0, 20250922 11:40:10
20250922115540, INTC, 18, 20251003, P, 0, 19, 0.0001, 29.0744, -0.0001, 2.2808, 0, 0.02, 20250922 11:40:10
20250922115540, INTC, 18.5, 20251003, C, 0, 1, 0.0001, 29.0744, 1, 1.6469, 0, 12.6, 20250922 11:40:10
20250922115540, INTC, 18.5, 20251003, P, 0, 23, 0.0001, 29.0744, -0.0001, 1.9506, 0, 0.06, 20250922 11:40:10
20250922115540, INTC, 19, 20251003, C, 0, 111, 0.0002, 29.0744, 1, 1.0302, 0, 11.56, 20250922 11:40:10
20250922115540, INTC, 19, 20251003, P, 0, 65, 0.0002, 29.0744, -0.0002, 1.375, -0.0001, 0.01, 20250922 11:40:10
20250922115540, INTC, 19.5, 20251003, C, 0, 1, 0.0004, 29.0744, 0.9999, 1.1303, 0, 10.14, 20250922 11:40:10
20250922115540, INTC, 19.5, 20251003, P, 0, 66, 0.0004, 29.0744, -0.0004, 1.0688, -0.0001, 0.03, 20250922 11:40:10
20250922115540, INTC, 20, 20251003, C, 0, 90, 0.0006, 29.0744, 0.9996, 0, 0, 9.52, 20250922 11:40:10
20250922115540, INTC, 20, 20251003, P, 0, 395, 0.0006, 29.0744, -0.0006, 0.9411, -0.0002, 0.02, 20250922 11:40:10
20250922115540, INTC, 20.5, 20251003, C, 3, 125, 0.0011, 29.0744, 0.9992, 0.8407, 0, 9.25, 20250922 11:40:10
20250922115540, INTC, 20.5, 20251003, P, 0, 84, 0.0011, 29.0744, -0.0011, 0.7775, -0.0004, 0.1, 20250922 11:40:10
20250922115540, INTC, 21, 20251003, C, 0, 195, 0.0018, 29.0744, 0.9984, 0.7806, 0, 8.59, 20250922 11:40:10
20250922115540, INTC, 21, 20251003, P, 8, 985, 0.0018, 29.0744, -0.0019, 0.7288, -0.0007, 0.01, 20250922 11:40:10
20250922115540, INTC, 21.5, 20251003, C, 0, 139, 0.0028, 29.0744, 0.9972, 0.7219, -0.0003, 8.3, 20250922 11:40:10
20250922115540, INTC, 21.5, 20251003, P, 3, 1713, 0.0028, 29.0744, -0.0031, 0.681, -0.0011, 0.01, 20250922 11:40:10
20250922115540, INTC, 22, 20251003, C, 0, 191, 0.0044, 29.0744, 0.9953, 0.8129, -0.0009, 7.68, 20250922 11:40:10
20250922115540, INTC, 22, 20251003, P, 1985, 1813, 0.0044, 29.0744, -0.005, 0.6341, -0.0018, 0.01, 20250922 11:40:10
20250922115540, INTC, 22.5, 20251003, C, 2, 176, 0.0067, 29.0744, 0.9925, 0.7535, -0.0018, 6.85, 20250922 11:40:10
20250922115540, INTC, 22.5, 20251003, P, 31, 1490, 0.0067, 29.0744, -0.0078, 0.7655, -0.0026, 0.06, 20250922 11:40:10
20250922115540, INTC, 23, 20251003, C, 2, 309, 0.0099, 29.0744, 0.9884, 0.6952, -0.0031, 6.92, 20250922 11:40:10
20250922115540, INTC, 23, 20251003, P, 39, 1879, 0.0099, 29.0744, -0.0118, 0.6496, -0.0038, 0.03, 20250922 11:40:10
20250922115540, INTC, 23.5, 20251003, C, 1, 459, 0.0142, 29.0744, 0.9828, 0.6379, -0.0046, 5.8, 20250922 11:40:10
20250922115540, INTC, 23.5, 20251003, P, 32, 1347, 0.0142, 29.0744, -0.0175, 0.6189, -0.0053, 0.03, 20250922 11:40:10
20250922115540, INTC, 24, 20251003, C, 73, 1682, 0.0199, 29.0744, 0.975, 0.5816, -0.0065, 5.25, 20250922 11:40:10
20250922115540, INTC, 24, 20251003, P, 33, 1995, 0.02, 29.0744, -0.0253, 0.5837, -0.0071, 0.04, 20250922 11:40:10
20250922115540, INTC, 24.5, 20251003, C, 28, 1591, 0.0274, 29.0744, 0.9645, 0.5263, -0.0088, 4.9, 20250922 11:40:10
20250922115540, INTC, 24.5, 20251003, P, 9, 1219, 0.0275, 29.0744, -0.0359, 0.5586, -0.0094, 0.03, 20250922 11:40:10
20250922115540, INTC, 25, 20251003, C, 38, 6567, 0.037, 29.0744, 0.9503, 0.5321, -0.0116, 4.2, 20250922 11:40:10
20250922115540, INTC, 25, 20251003, P, 243, 3596, 0.0372, 29.0744, -0.0501, 0.5364, -0.0121, 0.05, 20250922 11:40:10
20250922115540, INTC, 25.5, 20251003, C, 29, 1966, 0.0494, 29.0744, 0.9311, 0.5167, -0.0149, 3.83, 20250922 11:40:10
20250922115540, INTC, 25.5, 20251003, P, 48, 6866, 0.0496, 29.0744, -0.0694, 0.5134, -0.0154, 0.07, 20250922 11:40:10
20250922115540, INTC, 26, 20251003, C, 390, 10268, 0.0649, 29.0744, 0.9048, 0.5191, -0.0188, 3.5, 20250922 11:40:10
20250922115540, INTC, 26, 20251003, P, 971, 2869, 0.0652, 29.0744, -0.0958, 0.4998, -0.0193, 0.12, 20250922 11:40:10
20250922115540, INTC, 26.5, 20251003, C, 119, 12240, 0.0835, 29.0744, 0.8686, 0.4974, -0.0236, 2.92, 20250922 11:40:10
20250922115540, INTC, 26.5, 20251003, P, 55, 5404, 0.084, 29.0744, -0.1322, 0.4871, -0.0241, 0.16, 20250922 11:40:10
20250922115540, INTC, 27, 20251003, C, 157, 2836, 0.1039, 29.0744, 0.8203, 0.491, -0.0292, 2.38, 20250922 11:40:10
20250922115540, INTC, 27, 20251003, P, 781, 3222, 0.1045, 29.0744, -0.1809, 0.4905, -0.0296, 0.24, 20250922 11:40:10
20250922115540, INTC, 27.5, 20251003, C, 116, 436, 0.1232, 29.0744, 0.7596, 0.4929, -0.0351, 2.18, 20250922 11:40:10
20250922115540, INTC, 27.5, 20251003, P, 565, 1286, 0.124, 29.0744, -0.242, 0.4926, -0.0355, 0.37, 20250922 11:40:10
20250922115540, INTC, 28, 20251003, C, 280, 1532, 0.1383, 29.0744, 0.6892, 0.503, -0.0407, 1.67, 20250922 11:40:10
20250922115540, INTC, 28, 20251003, P, 800, 2420, 0.1392, 29.0744, -0.3127, 0.4972, -0.0411, 0.53, 20250922 11:40:10
20250922115540, INTC, 28.5, 20251003, C, 27, 1158, 0.1471, 29.0744, 0.6137, 0.5127, -0.0451, 1.43, 20250922 11:40:10
20250922115540, INTC, 28.5, 20251003, P, 1289, 758, 0.1481, 29.0744, -0.3888, 0.5046, -0.0455, 0.73, 20250922 11:40:10
20250922115540, INTC, 29, 20251003, C, 3644, 1111, 0.1488, 29.0744, 0.5378, 0.5249, -0.0481, 1.13, 20250922 11:40:10
20250922115540, INTC, 29, 20251003, P, 1855, 1468, 0.1499, 29.0744, -0.465, 0.5169, -0.0485, 1, 20250922 11:40:10
20250922115540, INTC, 29.5, 20251003, C, 738, 495, 0.1445, 29.0744, 0.466, 0.538, -0.0497, 0.93, 20250922 11:40:10
20250922115540, INTC, 29.5, 20251003, P, 1536, 1179, 0.1455, 29.0744, -0.5373, 0.5296, -0.05, 1.3, 20250922 11:40:10
20250922115540, INTC, 30, 20251003, C, 5127, 21812, 0.1359, 29.0744, 0.4011, 0.554, -0.0499, 0.76, 20250922 11:40:10
20250922115540, INTC, 30, 20251003, P, 635, 3953, 0.1368, 29.0744, -0.6026, 0.55, -0.0501, 1.62, 20250922 11:40:10
20250922115540, INTC, 30.5, 20251003, C, 835, 3271, 0.1248, 29.0744, 0.3443, 0.5756, -0.0491, 0.62, 20250922 11:40:10
20250922115540, INTC, 30.5, 20251003, P, 127, 358, 0.1258, 29.0744, -0.6596, 0.571, -0.0492, 2, 20250922 11:40:10
20250922115540, INTC, 31, 20251003, C, 1569, 2546, 0.1129, 29.0744, 0.2957, 0.601, -0.0475, 0.54, 20250922 11:40:10
20250922115540, INTC, 31, 20251003, P, 211, 5876, 0.1138, 29.0744, -0.7085, 0.5898, -0.0477, 2.4, 20250922 11:40:10
20250922115540, INTC, 31.5, 20251003, C, 240, 75, 0.1011, 29.0744, 0.2545, 0.6183, -0.0455, 0.45, 20250922 11:40:10
20250922115540, INTC, 31.5, 20251003, P, 37, 61, 0.102, 29.0744, -0.7498, 0.6118, -0.0457, 2.7, 20250922 11:40:10
20250922115540, INTC, 32, 20251003, C, 1072, 2076, 0.09, 29.0744, 0.2199, 0.6445, -0.0433, 0.39, 20250922 11:40:10
20250922115540, INTC, 32, 20251003, P, 38, 1343, 0.0909, 29.0744, -0.7847, 0.6301, -0.0434, 3.25, 20250922 11:40:10
20250922115540, INTC, 32.5, 20251003, C, 175, 204, 0.0799, 29.0744, 0.1908, 0.6699, -0.041, 0.34, 20250922 11:40:10
20250922115540, INTC, 32.5, 20251003, P, 1, 11, 0.0809, 29.0744, -0.8139, 0.6535, -0.041, 3.45, 20250922 11:40:10
20250922115540, INTC, 33, 20251003, C, 379, 2538, 0.0709, 29.0744, 0.1663, 0.6921, -0.0386, 0.29, 20250922 11:40:10
20250922115540, INTC, 33, 20251003, P, 1, 338, 0.0718, 29.0744, -0.8385, 0.6693, -0.0387, 4, 20250922 11:40:10
20250922115540, INTC, 33.5, 20251003, C, 51, 111, 0.0629, 29.0744, 0.1457, 0.7117, -0.0363, 0.25, 20250922 11:40:10
20250922115540, INTC, 33.5, 20251003, P, 125, 125, 0.0639, 29.0744, -0.8592, 0.7215, -0.0364, 3.8, 20250922 11:40:10
20250922115540, INTC, 34, 20251003, C, 256, 1835, 0.0559, 29.0744, 0.1283, 0.7436, -0.0341, 0.22, 20250922 11:40:10
20250922115540, INTC, 34, 20251003, P, 49, 303, 0.0569, 29.0744, -0.8768, 0.7249, -0.0342, 5.05, 20250922 11:40:10
20250922115540, INTC, 34.5, 20251003, C, 4, 30, 0.0498, 29.0744, 0.1135, 0.7568, -0.0321, 0.21, 20250922 11:40:10
20250922115540, INTC, 34.5, 20251003, P, 0, 1, 0.0508, 29.0744, -0.8917, 0.7721, -0.0321, 5, 20250922 11:40:10
20250922115540, INTC, 35, 20251003, C, 1031, 6711, 0.0445, 29.0744, 0.101, 0.7804, -0.0301, 0.19, 20250922 11:40:10
20250922115540, INTC, 35, 20251003, P, 47, 54, 0.0455, 29.0744, -0.9043, 0.7611, -0.0302, 6, 20250922 11:40:10
20250922115540, INTC, 35.5, 20251003, C, 33, 46, 0.0399, 29.0744, 0.0903, 0.8061, -0.0284, 0.21, 20250922 11:40:10
20250922115540, INTC, 35.5, 20251003, P, 0, 0, 0.0408, 29.0744, -0.9151, 0.7707, -0.0284, 0, 20250922 11:40:10
20250922115540, INTC, 36, 20251003, C, 213, 2465, 0.0359, 29.0744, 0.0813, 0.8222, -0.0268, 0.15, 20250922 11:40:10
20250922115540, INTC, 36, 20251003, P, 4, 87, 0.0368, 29.0744, -0.9242, 0.8454, -0.0268, 6.9, 20250922 11:40:10
20250922115540, INTC, 36.5, 20251003, C, 0, 31, 0.0324, 29.0744, 0.0736, 0.7513, -0.0254, 0.18, 20250922 11:40:10
20250922115540, INTC, 36.5, 20251003, P, 0, 0, 0.0333, 29.0744, -0.932, 0.8113, -0.0254, 0, 20250922 11:40:10
20250922115540, INTC, 37, 20251003, C, 1126, 369, 0.0294, 29.0744, 0.067, 0.8644, -0.0241, 0.12, 20250922 11:40:10
20250922115540, INTC, 37, 20251003, P, 0, 0, 0.0302, 29.0744, -0.9387, 0.8488, -0.024, 0, 20250922 11:40:10
20250922115540, INTC, 37.5, 20251003, C, 4, 335, 0.0267, 29.0744, 0.0613, 0.7891, -0.023, 0.12, 20250922 11:40:10
20250922115540, INTC, 37.5, 20251003, P, 0, 0, 0.0276, 29.0744, -0.9444, 0.836, -0.0229, 0, 20250922 11:40:10
20250922115540, INTC, 38, 20251003, C, 282, 698, 0.0244, 29.0744, 0.0565, 0.8852, -0.022, 0.1, 20250922 11:40:10
20250922115540, INTC, 38, 20251003, P, 0, 2, 0.0253, 29.0744, -0.9492, 0.9213, -0.0218, 8.22, 20250922 11:40:10
20250922115540, INTC, 39, 20251003, C, 10, 502, 0.0207, 29.0744, 0.0486, 0.8453, -0.0203, 0.13, 20250922 11:40:10
20250922115540, INTC, 39, 20251003, P, 31, 6, 0.0215, 29.0744, -0.9572, 0.8678, -0.0201, 9.15, 20250922 11:40:10
20250922115540, INTC, 40, 20251003, C, 262, 391, 0.0177, 29.0744, 0.0426, 0.9606, -0.019, 0.06, 20250922 11:40:10
20250922115540, INTC, 40, 20251003, P, 31, 0, 0.0186, 29.0744, -0.9633, 0.9291, -0.0187, 10.77, 20250922 11:40:10
20250922115540, INTC, 41, 20251003, C, 1, 0, 0.0154, 29.0744, 0.0378, 0.9269, -0.0179, 0.08, 20250922 11:40:10
20250922115540, INTC, 41, 20251003, P, 166, 0, 0.0162, 29.0744, -0.968, 0.9882, -0.0174, 11.5, 20250922 11:40:10
20250922115540, INTC, 42, 20251003, C, 0, 0, 0.0136, 29.0744, 0.0339, 0.9599, -0.0169, 0, 20250922 11:40:10
20250922115540, INTC, 42, 20251003, P, 143, 0, 0.0143, 29.0744, -0.9719, 1.0453, -0.0164, 12.7, 20250922 11:40:10
20250922115540, INTC, 43, 20251003, C, 0, 231, 0.012, 29.0744, 0.0307, 1.0113, -0.0161, 0.03, 20250922 11:40:10
20250922115540, INTC, 43, 20251003, P, 300, 360, 0.0127, 29.0744, -0.9752, 1.1006, -0.0155, 13.5, 20250922 11:40:10
20250922115540, INTC, 44, 20251003, C, 0, 0, 0.0107, 29.0744, 0.028, 1.0611, -0.0154, 0, 20250922 11:40:10
20250922115540, INTC, 44, 20251003, P, 0, 0, 0.0115, 29.0744, -0.9779, 1.4434, -0.0146, 0, 20250922 11:40:10
20250922115540, INTC, 45, 20251003, C, 0, 50, 0.0097, 29.0744, 0.0258, 1.1094, -0.0147, 0.01, 20250922 11:40:10
20250922115540, INTC, 45, 20251003, P, 0, 0, 0.0104, 29.0744, -0.9801, 0, -0.0139, 0, 20250922 11:40:10
20250922115540, INTC, 46, 20251003, C, 0, 12, 0.0088, 29.0744, 0.0238, 1.1293, -0.0142, 0.07, 20250922 11:40:10
20250922115540, INTC, 46, 20251003, P, 0, 0, 0.0094, 29.0744, -0.9821, 0, -0.0132, 0, 20250922 11:40:10
20250922115540, INTC, 47, 20251003, C, 11, 0, 0.008, 29.0744, 0.022, 1.0557, -0.0136, 0.02, 20250922 11:40:10
20250922115540, INTC, 47, 20251003, P, 0, 0, 0.0086, 29.0744, -0.9838, 0, -0.0125, 0, 20250922 11:40:10
20250922115540, INTC, 48, 20251003, C, 87, 296, 0.0073, 29.0744, 0.0205, 1.0959, -0.0131, 0.02, 20250922 11:40:10
20250922115540, INTC, 48, 20251003, P, 0, 0, 0.0078, 29.0744, -0.9853, 0, -0.0118, 0, 20250922 11:40:10
20250922115540, INTC, 14, 20251010, C, 0, 6, 0.0008, 29.0744, 0.9985, 1.9318, 0, 16.69, 20250922 11:40:10
20250922115540, INTC, 14, 20251010, P, 0, 0, 0.0008, 29.0744, -0.0019, 1.2955, -0.0011, 0, 20250922 11:40:10
20250922115540, INTC, 15, 20251010, C, 0, 10, 0.0011, 29.0744, 0.9978, 1.7058, 0, 9.55, 20250922 11:40:10
20250922115540, INTC, 15, 20251010, P, 0, 0, 0.0011, 29.0744, -0.0026, 2.1696, -0.0014, 0, 20250922 11:40:10
20250922115540, INTC, 16, 20251010, C, 0, 0, 0.0016, 29.0744, 0.9968, 1.7088, 0, 0, 20250922 11:40:10
20250922115540, INTC, 16, 20251010, P, 0, 0, 0.0016, 29.0744, -0.0036, 2.1935, -0.0018, 0, 20250922 11:40:10
20250922115540, INTC, 17, 20251010, C, 0, 42, 0.0022, 29.0744, 0.9955, 1.7444, -0.0005, 12.57, 20250922 11:40:10
20250922115540, INTC, 17, 20251010, P, 0, 0, 0.0022, 29.0744, -0.0049, 1.9311, -0.0022, 0, 20250922 11:40:10
20250922115540, INTC, 18, 20251010, C, 0, 0, 0.0032, 29.0744, 0.9937, 1.4882, -0.0012, 0, 20250922 11:40:10
20250922115540, INTC, 18, 20251010, P, 0, 20, 0.0032, 29.0744, -0.0067, 0.9879, -0.0028, 0.05, 20250922 11:40:10
20250922115540, INTC, 18.5, 20251010, C, 0, 2, 0.0038, 29.0744, 0.9926, 1.5134, -0.0016, 8.2, 20250922 11:40:10
20250922115540, INTC, 18.5, 20251010, P, 0, 5, 0.0038, 29.0744, -0.0078, 1.8402, -0.0031, 0.03, 20250922 11:40:10
20250922115540, INTC, 19, 20251010, C, 0, 1, 0.0045, 29.0744, 0.9912, 1.5764, -0.002, 11, 20250922 11:40:10
20250922115540, INTC, 19, 20251010, P, 0, 6, 0.0045, 29.0744, -0.0092, 0.8883, -0.0034, 0.01, 20250922 11:40:10
20250922115540, INTC, 19.5, 20251010, C, 0, 0, 0.0053, 29.0744, 0.9897, 1.1325, -0.0024, 0, 20250922 11:40:10
20250922115540, INTC, 19.5, 20251010, P, 0, 2, 0.0053, 29.0744, -0.0107, 0.8826, -0.0038, 0.08, 20250922 11:40:10
20250922115540, INTC, 20, 20251010, C, 0, 37, 0.0064, 29.0744, 0.9878, 0.851, -0.0029, 12.1, 20250922 11:40:10
20250922115540, INTC, 20, 20251010, P, 2160, 206, 0.0064, 29.0744, -0.0125, 0.8336, -0.0042, 0.01, 20250922 11:40:10
20250922115540, INTC, 20.5, 20251010, C, 0, 51, 0.0076, 29.0744, 0.9857, 1.0828, -0.0034, 11.1, 20250922 11:40:10
20250922115540, INTC, 20.5, 20251010, P, 0, 120, 0.0076, 29.0744, -0.0147, 0.7674, -0.0047, 0.01, 20250922 11:40:10
20250922115540, INTC, 21, 20251010, C, 0, 29, 0.0091, 29.0744, 0.9832, 0.638, -0.004, 10.15, 20250922 11:40:10
20250922115540, INTC, 21, 20251010, P, 32, 207, 0.0091, 29.0744, -0.0173, 0.7386, -0.0052, 0.03, 20250922 11:40:10
20250922115540, INTC, 21.5, 20251010, C, 0, 38, 0.0109, 29.0744, 0.9801, 0.5891, -0.0046, 8.7, 20250922 11:40:10
20250922115540, INTC, 21.5, 20251010, P, 0, 303, 0.0109, 29.0744, -0.0203, 0.7215, -0.0057, 0.05, 20250922 11:40:10
20250922115540, INTC, 22, 20251010, C, 0, 46, 0.0131, 29.0744, 0.9765, 0, -0.0053, 7.89, 20250922 11:40:10
20250922115540, INTC, 22, 20251010, P, 0, 782, 0.0131, 29.0744, -0.0239, 0.6314, -0.0063, 0.05, 20250922 11:40:10
20250922115540, INTC, 22.5, 20251010, C, 1, 36, 0.0158, 29.0744, 0.9722, 1.0121, -0.006, 6.88, 20250922 11:40:10
20250922115540, INTC, 22.5, 20251010, P, 9, 590, 0.0158, 29.0744, -0.0283, 0.6403, -0.007, 0.06, 20250922 11:40:10
20250922115540, INTC, 23, 20251010, C, 38, 743, 0.0191, 29.0744, 0.9667, 0.6099, -0.0068, 6.35, 20250922 11:40:10
20250922115540, INTC, 23, 20251010, P, 23, 935, 0.0192, 29.0744, -0.0338, 0.6956, -0.0077, 0.05, 20250922 11:40:10
20250922115540, INTC, 23.5, 20251010, C, 1, 103, 0.0233, 29.0744, 0.9599, 0, -0.0078, 5.85, 20250922 11:40:10
20250922115540, INTC, 23.5, 20251010, P, 36, 327, 0.0234, 29.0744, -0.0407, 0.5768, -0.0086, 0.05, 20250922 11:40:10
20250922115540, INTC, 24, 20251010, C, 46, 801, 0.0287, 29.0744, 0.9508, 0.5538, -0.0089, 5.75, 20250922 11:40:10
20250922115540, INTC, 24, 20251010, P, 28, 549, 0.0289, 29.0744, -0.0498, 0.5381, -0.0097, 0.09, 20250922 11:40:10
20250922115540, INTC, 24.5, 20251010, C, 12, 779, 0.0357, 29.0744, 0.9386, 0.5367, -0.0104, 5.45, 20250922 11:40:10
20250922115540, INTC, 24.5, 20251010, P, 14, 1327, 0.0359, 29.0744, -0.0621, 0.519, -0.0111, 0.09, 20250922 11:40:10
20250922115540, INTC, 25, 20251010, C, 18, 34019, 0.0446, 29.0744, 0.9216, 0.513, -0.0124, 4.55, 20250922 11:40:10
20250922115540, INTC, 25, 20251010, P, 36, 686, 0.0448, 29.0744, -0.0791, 0.5045, -0.013, 0.12, 20250922 11:40:10
20250922115540, INTC, 25.5, 20251010, C, 1, 3152, 0.0556, 29.0744, 0.8984, 0.484, -0.0148, 3.84, 20250922 11:40:10
20250922115540, INTC, 25.5, 20251010, P, 127, 358, 0.0559, 29.0744, -0.1025, 0.491, -0.0154, 0.16, 20250922 11:40:10
20250922115540, INTC, 26, 20251010, C, 4, 9080, 0.0683, 29.0744, 0.8674, 0.4879, -0.0179, 3.7, 20250922 11:40:10
20250922115540, INTC, 26, 20251010, P, 43, 354, 0.0688, 29.0744, -0.1337, 0.4799, -0.0184, 0.22, 20250922 11:40:10
20250922115540, INTC, 26.5, 20251010, C, 15, 354, 0.082, 29.0744, 0.8279, 0.4685, -0.0213, 3, 20250922 11:40:10
20250922115540, INTC, 26.5, 20251010, P, 30, 190, 0.0826, 29.0744, -0.1735, 0.4714, -0.0218, 0.3, 20250922 11:40:10
20250922115540, INTC, 27, 20251010, C, 51, 777, 0.0953, 29.0744, 0.78, 0.4912, -0.0249, 2.94, 20250922 11:40:10
20250922115540, INTC, 27, 20251010, P, 57, 597, 0.096, 29.0744, -0.2217, 0.4706, -0.0254, 0.38, 20250922 11:40:10
20250922115540, INTC, 27.5, 20251010, C, 131, 1517, 0.1068, 29.0744, 0.7251, 0.4822, -0.0284, 2.32, 20250922 11:40:10
20250922115540, INTC, 27.5, 20251010, P, 170, 297, 0.1076, 29.0744, -0.2769, 0.4755, -0.0289, 0.55, 20250922 11:40:10
20250922115540, INTC, 28, 20251010, C, 337, 744, 0.1153, 29.0744, 0.6655, 0.4833, -0.0315, 1.9, 20250922 11:40:10
20250922115540, INTC, 28, 20251010, P, 182, 1259, 0.1162, 29.0744, -0.337, 0.4794, -0.0319, 0.73, 20250922 11:40:10
20250922115540, INTC, 28.5, 20251010, C, 17, 106, 0.1201, 29.0744, 0.6036, 0.4899, -0.034, 1.67, 20250922 11:40:10
20250922115540, INTC, 28.5, 20251010, P, 50, 720, 0.1212, 29.0744, -0.3994, 0.4882, -0.0344, 0.91, 20250922 11:40:10
20250922115540, INTC, 29, 20251010, C, 376, 546, 0.1213, 29.0744, 0.542, 0.5012, -0.0357, 1.4, 20250922 11:40:10
20250922115540, INTC, 29, 20251010, P, 114, 704, 0.1224, 29.0744, -0.4614, 0.4994, -0.0361, 1.22, 20250922 11:40:10
20250922115540, INTC, 29.5, 20251010, C, 344, 298, 0.1192, 29.0744, 0.483, 0.5138, -0.0367, 1.19, 20250922 11:40:10
20250922115540, INTC, 29.5, 20251010, P, 486, 496, 0.1203, 29.0744, -0.5208, 0.5098, -0.037, 1.52, 20250922 11:40:10
20250922115540, INTC, 30, 20251010, C, 1203, 1899, 0.1145, 29.0744, 0.4283, 0.5289, -0.0371, 1, 20250922 11:40:10
20250922115540, INTC, 30, 20251010, P, 1209, 1507, 0.1156, 29.0744, -0.576, 0.5246, -0.0373, 1.85, 20250922 11:40:10
20250922115540, INTC, 30.5, 20251010, C, 195, 150, 0.108, 29.0744, 0.3787, 0.5421, -0.0368, 0.88, 20250922 11:40:10
20250922115540, INTC, 30.5, 20251010, P, 1, 49, 0.1092, 29.0744, -0.6261, 0.5373, -0.0371, 2.11, 20250922 11:40:10
20250922115540, INTC, 31, 20251010, C, 742, 695, 0.1005, 29.0744, 0.3346, 0.5545, -0.0362, 0.75, 20250922 11:40:10
20250922115540, INTC, 31, 20251010, P, 165, 1027, 0.1017, 29.0744, -0.6706, 0.5491, -0.0364, 2.58, 20250922 11:40:10
20250922115540, INTC, 31.5, 20251010, C, 97, 131, 0.0927, 29.0744, 0.2959, 0.5762, -0.0353, 0.67, 20250922 11:40:10
20250922115540, INTC, 31.5, 20251010, P, 0, 366, 0.0939, 29.0744, -0.7096, 0.5519, -0.0354, 2.75, 20250922 11:40:10
20250922115540, INTC, 32, 20251010, C, 338, 842, 0.0849, 29.0744, 0.2622, 0.5866, -0.0342, 0.58, 20250922 11:40:10
20250922115540, INTC, 32, 20251010, P, 39, 305, 0.0861, 29.0744, -0.7435, 0.5796, -0.0343, 3.27, 20250922 11:40:10
20250922115540, INTC, 32.5, 20251010, C, 32, 35, 0.0774, 29.0744, 0.2331, 0.605, -0.033, 0.52, 20250922 11:40:10
20250922115540, INTC, 32.5, 20251010, P, 30, 0, 0.0786, 29.0744, -0.7729, 0.6046, -0.033, 3.75, 20250922 11:40:10
20250922115540, INTC, 33, 20251010, C, 671, 1424, 0.0705, 29.0744, 0.2078, 0.6232, -0.0317, 0.45, 20250922 11:40:10
20250922115540, INTC, 33, 20251010, P, 1, 328, 0.0717, 29.0744, -0.7984, 0.6251, -0.0316, 4.05, 20250922 11:40:10
20250922115540, INTC, 33.5, 20251010, C, 121, 5, 0.0641, 29.0744, 0.186, 0.6423, -0.0304, 0.39, 20250922 11:40:10
20250922115540, INTC, 33.5, 20251010, P, 0, 1, 0.0653, 29.0744, -0.8205, 0.6408, -0.0303, 4.01, 20250922 11:40:10
20250922115540, INTC, 34, 20251010, C, 221, 592, 0.0583, 29.0744, 0.167, 0.6572, -0.029, 0.35, 20250922 11:40:10
20250922115540, INTC, 34, 20251010, P, 2, 243, 0.0595, 29.0744, -0.8397, 0.6518, -0.0289, 4.5, 20250922 11:40:10
20250922115540, INTC, 34.5, 20251010, C, 0, 51, 0.0531, 29.0744, 0.1504, 0.6744, -0.0277, 0.43, 20250922 11:40:10
20250922115540, INTC, 34.5, 20251010, P, 0, 6, 0.0542, 29.0744, -0.8564, 0.6571, -0.0276, 5, 20250922 11:40:10
20250922115540, INTC, 35, 20251010, C, 314, 4381, 0.0484, 29.0744, 0.136, 0.6951, -0.0265, 0.28, 20250922 11:40:10
20250922115540, INTC, 35, 20251010, P, 0, 15, 0.0496, 29.0744, -0.8711, 0.6948, -0.0263, 5.39, 20250922 11:40:10
20250922115540, INTC, 35.5, 20251010, C, 7, 6, 0.0441, 29.0744, 0.1233, 0.7055, -0.0253, 0.28, 20250922 11:40:10
20250922115540, INTC, 35.5, 20251010, P, 30, 0, 0.0454, 29.0744, -0.884, 0.6917, -0.0251, 6.5, 20250922 11:40:10
20250922115540, INTC, 36, 20251010, C, 80, 1641, 0.0403, 29.0744, 0.1122, 0.7242, -0.0241, 0.23, 20250922 11:40:10
20250922115540, INTC, 36, 20251010, P, 0, 94, 0.0415, 29.0744, -0.8952, 0.704, -0.0239, 6.6, 20250922 11:40:10
20250922115540, INTC, 36.5, 20251010, C, 0, 2, 0.0369, 29.0744, 0.1023, 0.6404, -0.023, 0.28, 20250922 11:40:10
20250922115540, INTC, 36.5, 20251010, P, 0, 0, 0.0381, 29.0744, -0.9051, 0.7129, -0.0227, 0, 20250922 11:40:10
20250922115540, INTC, 37, 20251010, C, 3, 3, 0.0339, 29.0744, 0.0937, 0.7591, -0.022, 0.21, 20250922 11:40:10
20250922115540, INTC, 37, 20251010, P, 0, 0, 0.0351, 29.0744, -0.9141, 0, -0.0217, 0, 20250922 11:40:10
20250922115540, INTC, 37.5, 20251010, C, 20, 18, 0.0311, 29.0744, 0.086, 0.7707, -0.021, 0.18, 20250922 11:40:10
20250922115540, INTC, 37.5, 20251010, P, 0, 0, 0.0324, 29.0744, -0.9219, 0.7474, -0.0207, 0, 20250922 11:40:10
20250922115540, INTC, 38, 20251010, C, 2, 1, 0.0287, 29.0744, 0.0791, 0.785, -0.0201, 0.22, 20250922 11:40:10
20250922115540, INTC, 38, 20251010, P, 0, 0, 0.0299, 29.0744, -0.9288, 0.8559, -0.0197, 0, 20250922 11:40:10
20250922115540, INTC, 39, 20251010, C, 0, 0, 0.0245, 29.0744, 0.0676, 0.7208, -0.0184, 0, 20250922 11:40:10
20250922115540, INTC, 39, 20251010, P, 0, 0, 0.0256, 29.0744, -0.9407, 0.8639, -0.0179, 0, 20250922 11:40:10
20250922115540, INTC, 40, 20251010, C, 31, 108, 0.021, 29.0744, 0.0582, 0.8472, -0.0169, 0.13, 20250922 11:40:10
20250922115540, INTC, 40, 20251010, P, 0, 0, 0.0222, 29.0744, -0.9502, 0, -0.0164, 0, 20250922 11:40:10
20250922115540, INTC, 41, 20251010, C, 1, 1, 0.0182, 29.0744, 0.0507, 0.7986, -0.0156, 0.15, 20250922 11:40:10
20250922115540, INTC, 41, 20251010, P, 0, 1, 0.0194, 29.0744, -0.9579, 0, -0.015, 11.15, 20250922 11:40:10
20250922115540, INTC, 42, 20251010, C, 0, 0, 0.0159, 29.0744, 0.0444, 0.8095, -0.0144, 0, 20250922 11:40:10
20250922115540, INTC, 42, 20251010, P, 16, 10, 0.0171, 29.0744, -0.9644, 0.8547, -0.0136, 12.65, 20250922 11:40:10
20250922115540, INTC, 43, 20251010, C, 0, 0, 0.014, 29.0744, 0.0392, 0.852, -0.0134, 0, 20250922 11:40:10
20250922115540, INTC, 43, 20251010, P, 0, 0, 0.0151, 29.0744, -0.9698, 1.1628, -0.0124, 0, 20250922 11:40:10
20250922115540, INTC, 44, 20251010, C, 0, 30, 0.0123, 29.0744, 0.0349, 0.8794, -0.0124, 0.32, 20250922 11:40:10
20250922115540, INTC, 44, 20251010, P, 0, 0, 0.0134, 29.0744, -0.9742, 0, -0.0114, 0, 20250922 11:40:10
20250922115540, INTC, 45, 20251010, C, 4, 85, 0.011, 29.0744, 0.0312, 0.959, -0.0116, 0.04, 20250922 11:40:10
20250922115540, INTC, 45, 20251010, P, 0, 0, 0.0121, 29.0744, -0.9782, 0, -0.0105, 0, 20250922 11:40:10
20250922115540, INTC, 46, 20251010, C, 1, 3, 0.0098, 29.0744, 0.028, 1.243, -0.0108, 0.03, 20250922 11:40:10
20250922115540, INTC, 46, 20251010, P, 0, 0, 0.0109, 29.0744, -0.9815, 0, -0.0095, 0, 20250922 11:40:10
20250922115540, INTC, 47, 20251010, C, 0, 1, 0.0088, 29.0744, 0.0254, 1.6239, -0.0102, 0.01, 20250922 11:40:10
20250922115540, INTC, 47, 20251010, P, 0, 0, 0.0098, 29.0744, -0.9842, 0, -0.0086, 0, 20250922 11:40:10
20250922115540, INTC, 48, 20251010, C, 3, 40, 0.0079, 29.0744, 0.023, 0.9957, -0.0096, 0.05, 20250922 11:40:10
20250922115540, INTC, 48, 20251010, P, 0, 0, 0.0088, 29.0744, -0.9866, 1.2242, -0.0078, 0, 20250922 11:40:10
20250922115540, INTC, 10, 20251017, C, 0, 128, 0.0003, 29.0744, 0.9994, 0, 0, 20.4, 20250922 11:40:10
20250922115540, INTC, 10, 20251017, P, 0, 631, 0.0003, 29.0744, -0.0009, 1.4665, -0.0006, 0.02, 20250922 11:40:10
20250922115540, INTC, 11, 20251017, C, 0, 5, 0.0004, 29.0744, 0.999, 1.6229, 0, 18.45, 20250922 11:40:10
20250922115540, INTC, 11, 20251017, P, 0, 1444, 0.0004, 29.0744, -0.0013, 1.4396, -0.0008, 0.02, 20250922 11:40:10
20250922115540, INTC, 12, 20251017, C, 12, 241, 0.0006, 29.0744, 0.9985, 1.4628, 0, 17.85, 20250922 11:40:10
20250922115540, INTC, 12, 20251017, P, 0, 766, 0.0006, 29.0744, -0.0018, 1.4676, -0.001, 0.01, 20250922 11:40:10
20250922115540, INTC, 13, 20251017, C, 0, 181, 0.0009, 29.0744, 0.9978, 1.3151, 0, 12.35, 20250922 11:40:10
20250922115540, INTC, 13, 20251017, P, 0, 884, 0.0009, 29.0744, -0.0025, 1.3443, -0.0013, 0.01, 20250922 11:40:10
20250922115540, INTC, 14, 20251017, C, 0, 261, 0.0012, 29.0744, 0.9969, 1.1776, 0, 16.3, 20250922 11:40:10
20250922115540, INTC, 14, 20251017, P, 0, 1073, 0.0012, 29.0744, -0.0035, 1.3935, -0.0016, 0.01, 20250922 11:40:10
20250922115540, INTC, 15, 20251017, C, 0, 426, 0.0017, 29.0744, 0.9957, 1.0482, 0, 14.58, 20250922 11:40:10
20250922115540, INTC, 15, 20251017, P, 0, 9168, 0.0017, 29.0744, -0.0047, 0.9347, -0.002, 0.01, 20250922 11:40:10
20250922115540, INTC, 16, 20251017, C, 0, 473, 0.0024, 29.0744, 0.9941, 0.9251, -0.0004, 14.15, 20250922 11:40:10
20250922115540, INTC, 16, 20251017, P, 6, 4282, 0.0024, 29.0744, -0.0063, 0.8499, -0.0024, 0.01, 20250922 11:40:10
20250922115540, INTC, 17, 20251017, C, 0, 351, 0.0033, 29.0744, 0.992, 0.8056, -0.0011, 12.95, 20250922 11:40:10
20250922115540, INTC, 17, 20251017, P, 3, 5764, 0.0033, 29.0744, -0.0084, 0.8706, -0.003, 0.02, 20250922 11:40:10
20250922115540, INTC, 18, 20251017, C, 10, 1480, 0.0046, 29.0744, 0.9891, 0.8601, -0.0019, 11.4, 20250922 11:40:10
20250922115540, INTC, 18, 20251017, P, 9, 22181, 0.0046, 29.0744, -0.0113, 0.8408, -0.0036, 0.02, 20250922 11:40:10
20250922115540, INTC, 19, 20251017, C, 12, 1359, 0.0063, 29.0744, 0.9853, 0.8425, -0.0028, 10.6, 20250922 11:40:10
20250922115540, INTC, 19, 20251017, P, 17, 18600, 0.0063, 29.0744, -0.0151, 0.794, -0.0043, 0.04, 20250922 11:40:10
20250922115540, INTC, 20, 20251017, C, 5, 7211, 0.0086, 29.0744, 0.9803, 0.7458, -0.0038, 9.3, 20250922 11:40:10
20250922115540, INTC, 20, 20251017, P, 215, 31679, 0.0087, 29.0744, -0.0201, 0.7385, -0.0052, 0.05, 20250922 11:40:10
20250922115540, INTC, 21, 20251017, C, 34, 8056, 0.0119, 29.0744, 0.9735, 0.6538, -0.0049, 8.7, 20250922 11:40:10
20250922115540, INTC, 21, 20251017, P, 22, 14652, 0.012, 29.0744, -0.027, 0.6778, -0.0062, 0.05, 20250922 11:40:10
20250922115540, INTC, 22, 20251017, C, 65, 9583, 0.0166, 29.0744, 0.9641, 0.6159, -0.0062, 7.45, 20250922 11:40:10
20250922115540, INTC, 22, 20251017, P, 643, 18080, 0.0167, 29.0744, -0.0364, 0.6385, -0.0073, 0.07, 20250922 11:40:10
20250922115540, INTC, 23, 20251017, C, 77, 11915, 0.0233, 29.0744, 0.9508, 0.5652, -0.0077, 6.5, 20250922 11:40:10
20250922115540, INTC, 23, 20251017, P, 196, 20295, 0.0234, 29.0744, -0.0498, 0.5743, -0.0087, 0.09, 20250922 11:40:10
20250922115540, INTC, 24, 20251017, C, 335, 13067, 0.0333, 29.0744, 0.9302, 0.5315, -0.0098, 5.39, 20250922 11:40:10
20250922115540, INTC, 24, 20251017, P, 66, 16954, 0.0334, 29.0744, -0.0705, 0.5218, -0.0106, 0.12, 20250922 11:40:10
20250922115540, INTC, 24.5, 20251017, C, 0, 0, 0.04, 29.0744, 0.9152, 0.6168, -0.0111, 0, 20250922 11:40:10
20250922115540, INTC, 24.5, 20251017, P, 707, 0, 0.0402, 29.0744, -0.0856, 0.5051, -0.0119, 0.15, 20250922 11:40:10
20250922115540, INTC, 25, 20251017, C, 285, 24504, 0.0481, 29.0744, 0.8956, 0.481, -0.0127, 4.35, 20250922 11:40:10
20250922115540, INTC, 25, 20251017, P, 1809, 11060, 0.0484, 29.0744, -0.1053, 0.4906, -0.0134, 0.2, 20250922 11:40:10
20250922115540, INTC, 25.5, 20251017, C, 3, 0, 0.0574, 29.0744, 0.8703, 0.4832, -0.0147, 4.15, 20250922 11:40:10
20250922115540, INTC, 25.5, 20251017, P, 17, 0, 0.0578, 29.0744, -0.1308, 0.4766, -0.0154, 0.25, 20250922 11:40:10
20250922115540, INTC, 26, 20251017, C, 165, 17013, 0.0676, 29.0744, 0.8385, 0.4749, -0.017, 3.5, 20250922 11:40:10
20250922115540, INTC, 26, 20251017, P, 342, 7666, 0.0681, 29.0744, -0.1628, 0.4698, -0.0176, 0.31, 20250922 11:40:10
20250922115540, INTC, 26.5, 20251017, C, 20, 0, 0.078, 29.0744, 0.8001, 0.4705, -0.0194, 3.2, 20250922 11:40:10
20250922115540, INTC, 26.5, 20251017, P, 508, 0, 0.0786, 29.0744, -0.2016, 0.4689, -0.02, 0.43, 20250922 11:40:10
20250922115540, INTC, 27, 20251017, C, 889, 29650, 0.0876, 29.0744, 0.7554, 0.4904, -0.0219, 2.74, 20250922 11:40:10
20250922115540, INTC, 27, 20251017, P, 731, 4911, 0.0883, 29.0744, -0.2466, 0.4666, -0.0224, 0.54, 20250922 11:40:10
20250922115540, INTC, 27.5, 20251017, C, 128, 0, 0.0956, 29.0744, 0.7058, 0.4481, -0.0243, 2.51, 20250922 11:40:10
20250922115540, INTC, 27.5, 20251017, P, 913, 0, 0.0965, 29.0744, -0.2966, 0.4703, -0.0248, 0.71, 20250922 11:40:10
20250922115540, INTC, 28, 20251017, C, 344, 21628, 0.1014, 29.0744, 0.653, 0.4768, -0.0264, 2.09, 20250922 11:40:10
20250922115540, INTC, 28, 20251017, P, 2012, 7686, 0.1024, 29.0744, -0.3498, 0.4763, -0.0268, 0.9, 20250922 11:40:10
20250922115540, INTC, 28.5, 20251017, C, 88, 0, 0.1047, 29.0744, 0.599, 0.4829, -0.0282, 1.94, 20250922 11:40:10
20250922115540, INTC, 28.5, 20251017, P, 372, 0, 0.1057, 29.0744, -0.4044, 0.4824, -0.0285, 1.15, 20250922 11:40:10
20250922115540, INTC, 29, 20251017, C, 508, 10003, 0.1054, 29.0744, 0.5456, 0.4927, -0.0295, 1.6, 20250922 11:40:10
20250922115540, INTC, 29, 20251017, P, 1523, 4338, 0.1065, 29.0744, -0.4582, 0.4906, -0.0298, 1.41, 20250922 11:40:10
20250922115540, INTC, 29.5, 20251017, C, 353, 0, 0.1038, 29.0744, 0.4943, 0.5035, -0.0303, 1.4, 20250922 11:40:10
20250922115540, INTC, 29.5, 20251017, P, 1112, 0, 0.105, 29.0744, -0.5099, 0.4996, -0.0306, 1.63, 20250922 11:40:10
20250922115540, INTC, 30, 20251017, C, 8850, 43824, 0.1005, 29.0744, 0.4464, 0.5126, -0.0307, 1.21, 20250922 11:40:10
20250922115540, INTC, 30, 20251017, P, 1104, 5796, 0.1018, 29.0744, -0.5584, 0.5119, -0.031, 2.04, 20250922 11:40:10
20250922115540, INTC, 30.5, 20251017, C, 286, 0, 0.0961, 29.0744, 0.4023, 0.5275, -0.0308, 1.12, 20250922 11:40:10
20250922115540, INTC, 30.5, 20251017, P, 58, 0, 0.0974, 29.0744, -0.6029, 0.5215, -0.031, 2.31, 20250922 11:40:10
20250922115540, INTC, 31, 20251017, C, 2759, 17322, 0.0908, 29.0744, 0.3623, 0.541, -0.0306, 0.95, 20250922 11:40:10
20250922115540, INTC, 31, 20251017, P, 114, 2309, 0.0921, 29.0744, -0.6433, 0.5362, -0.0307, 2.7, 20250922 11:40:10
20250922115540, INTC, 31.5, 20251017, C, 377, 0, 0.0852, 29.0744, 0.3263, 0.5537, -0.0301, 0.83, 20250922 11:40:10
20250922115540, INTC, 31.5, 20251017, P, 15, 0, 0.0866, 29.0744, -0.6797, 0.5484, -0.0302, 2.81, 20250922 11:40:10
20250922115540, INTC, 32, 20251017, C, 1402, 8216, 0.0795, 29.0744, 0.2941, 0.5664, -0.0294, 0.76, 20250922 11:40:10
20250922115540, INTC, 32, 20251017, P, 154, 2801, 0.0808, 29.0744, -0.7123, 0.5585, -0.0295, 3.4, 20250922 11:40:10
20250922115540, INTC, 32.5, 20251017, C, 62, 0, 0.0739, 29.0744, 0.2654, 0.58, -0.0286, 0.7, 20250922 11:40:10
20250922115540, INTC, 32.5, 20251017, P, 0, 0, 0.0752, 29.0744, -0.7414, 0.5733, -0.0286, 0, 20250922 11:40:10
20250922115540, INTC, 33, 20251017, C, 1849, 9300, 0.0684, 29.0744, 0.2398, 0.5953, -0.0277, 0.59, 20250922 11:40:10
20250922115540, INTC, 33, 20251017, P, 84, 920, 0.0698, 29.0744, -0.7672, 0.5835, -0.0277, 4.26, 20250922 11:40:10
20250922115540, INTC, 33.5, 20251017, C, 44, 0, 0.0633, 29.0744, 0.2172, 0.6089, -0.0268, 0.54, 20250922 11:40:10
20250922115540, INTC, 33.5, 20251017, P, 0, 0, 0.0646, 29.0744, -0.7902, 0.6005, -0.0267, 0, 20250922 11:40:10
20250922115540, INTC, 34, 20251017, C, 513, 4917, 0.0584, 29.0744, 0.1971, 0.6211, -0.0258, 0.47, 20250922 11:40:10
20250922115540, INTC, 34, 20251017, P, 2, 466, 0.0598, 29.0744, -0.8106, 0.614, -0.0256, 5.2, 20250922 11:40:10
20250922115540, INTC, 34.5, 20251017, C, 112, 0, 0.054, 29.0744, 0.1793, 0.6347, -0.0248, 0.46, 20250922 11:40:10
20250922115540, INTC, 34.5, 20251017, P, 0, 0, 0.0553, 29.0744, -0.8286, 0.624, -0.0246, 0, 20250922 11:40:10
20250922115540, INTC, 35, 20251017, C, 36718, 74918, 0.0498, 29.0744, 0.1635, 0.6479, -0.0239, 0.39, 20250922 11:40:10
20250922115540, INTC, 35, 20251017, P, 42, 637, 0.0511, 29.0744, -0.8447, 0.63, -0.0236, 6.15, 20250922 11:40:10
20250922115540, INTC, 35.5, 20251017, C, 30, 0, 0.046, 29.0744, 0.1495, 0.6553, -0.0229, 0.36, 20250922 11:40:10
20250922115540, INTC, 35.5, 20251017, P, 0, 0, 0.0474, 29.0744, -0.8589, 0.6622, -0.0226, 0, 20250922 11:40:10
20250922115540, INTC, 36, 20251017, C, 588, 11346, 0.0425, 29.0744, 0.137, 0.6745, -0.022, 0.34, 20250922 11:40:10
20250922115540, INTC, 36, 20251017, P, 17, 35, 0.0439, 29.0744, -0.8716, 0.6625, -0.0216, 7.1, 20250922 11:40:10
20250922115540, INTC, 37, 20251017, C, 228, 3222, 0.0364, 29.0744, 0.1157, 0.6978, -0.0202, 0.28, 20250922 11:40:10
20250922115540, INTC, 37, 20251017, P, 0, 14, 0.0378, 29.0744, -0.8934, 0.6855, -0.0198, 7.63, 20250922 11:40:10
20250922115540, INTC, 38, 20251017, C, 547, 16282, 0.0313, 29.0744, 0.0982, 0.7269, -0.0185, 0.24, 20250922 11:40:10
20250922115540, INTC, 38, 20251017, P, 0, 311, 0.0327, 29.0744, -0.9114, 0.6984, -0.018, 8.6, 20250922 11:40:10
20250922115540, INTC, 39, 20251017, C, 47, 11, 0.0269, 29.0744, 0.0835, 0.741, -0.0168, 0.2, 20250922 11:40:10
20250922115540, INTC, 39, 20251017, P, 0, 12, 0.0284, 29.0744, -0.9265, 0.7238, -0.0162, 9.1, 20250922 11:40:10
20250922115540, INTC, 40, 20251017, C, 1865, 4195, 0.0232, 29.0744, 0.0712, 0.7654, -0.0153, 0.15, 20250922 11:40:10
20250922115540, INTC, 40, 20251017, P, 0, 7, 0.0247, 29.0744, -0.9393, 0.7431, -0.0146, 9.9, 20250922 11:40:10
20250922115540, INTC, 41, 20251017, C, 40, 835, 0.0201, 29.0744, 0.061, 0.7842, -0.0138, 0.15, 20250922 11:40:10
20250922115540, INTC, 41, 20251017, P, 0, 0, 0.0216, 29.0744, -0.95, 0, -0.0132, 0, 20250922 11:40:10
20250922115540, INTC, 42, 20251017, C, 24, 10, 0.0174, 29.0744, 0.0525, 0.797, -0.0125, 0.13, 20250922 11:40:10
20250922115540, INTC, 42, 20251017, P, 0, 0, 0.0188, 29.0744, -0.9589, 0.7944, -0.0117, 0, 20250922 11:40:10
20250922115540, INTC, 43, 20251017, C, 6, 3, 0.0152, 29.0744, 0.0455, 0.8556, -0.0114, 0.1, 20250922 11:40:10
20250922115540, INTC, 43, 20251017, P, 0, 0, 0.0169, 29.0744, -0.9664, 0, -0.0104, 0, 20250922 11:40:10
20250922115540, INTC, 44, 20251017, C, 8, 0, 0.0134, 29.0744, 0.0399, 0.8322, -0.0104, 0.11, 20250922 11:40:10
20250922115540, INTC, 44, 20251017, P, 0, 0, 0.0151, 29.0744, -0.9724, 0, -0.0094, 0, 20250922 11:40:10
20250922115540, INTC, 45, 20251017, C, 23, 170, 0.0118, 29.0744, 0.0352, 0.8988, -0.0096, 0.07, 20250922 11:40:10
20250922115540, INTC, 45, 20251017, P, 0, 3, 0.0134, 29.0744, -0.9773, 0, -0.0082, 13.55, 20250922 11:40:10
20250922115540, INTC, 46, 20251017, C, 68, 5, 0.0105, 29.0744, 0.0313, 0.8771, -0.0089, 0.08, 20250922 11:40:10
20250922115540, INTC, 46, 20251017, P, 0, 0, 0.012, 29.0744, -0.9816, 0, -0.0076, 0, 20250922 11:40:10
20250922115540, INTC, 47, 20251017, C, 0, 0, 0.0094, 29.0744, 0.028, 1.4701, -0.0082, 0, 20250922 11:40:10
20250922115540, INTC, 47, 20251017, P, 0, 0, 0.0106, 29.0744, -0.9853, 0, -0.007, 0, 20250922 11:40:10
20250922115540, INTC, 48, 20251017, C, 936, 1176, 0.0084, 29.0744, 0.0251, 0.8875, -0.0076, 0.01, 20250922 11:40:10
20250922115540, INTC, 48, 20251017, P, 55, 186, 0.0093, 29.0744, -0.9882, 0.9662, -0.0061, 18.25, 20250922 11:40:10
