20250917093048, META, 550, 20250919, C, 123, 1203, 0, 779, 0, 1.5731, 0, 229.35, 20250916 15:59:59
20250917093048, META, 550, 20250919, P, 3, 6017, 0, 779, 0, 1.2689, 0, 0.03, 20250916 15:59:59
20250917093048, META, 555, 20250919, C, 2, 334, 0, 779, 0, 1.4883, 0, 212.81, 20250916 15:59:59
20250917093048, META, 555, 20250919, P, 28, 499, 0, 779, 0, 1.2382, 0, 0.02, 20250916 15:59:59
20250917093048, META, 560, 20250919, P, 5, 1324, 0, 779, 0, 1.2077, 0, 0.03, 20250916 15:59:59
20250917093048, META, 560, 20250919, C, 2, 451, 0, 779, 0, 1.5324, 0, 208.1, 20250916 15:59:59
20250917093048, META, 590, 20250919, C, 10, 1410, 0.0001, 779, 0, 1.3598, 0, 185.71, 20250916 15:59:59
20250917093048, META, 595, 20250919, P, 15, 746, 0.0001, 779, 0, 1.0754, 0, 0.06, 20250916 15:59:59
20250917093048, META, 620, 20250919, P, 115, 2664, 0.0002, 779, 0, 0.9539, 0, 0.06, 20250916 15:59:59
20250917093048, META, 585, 20250919, C, 1, 212, 0.0001, 779, 0, 0, 0, 183.9, 20250916 15:59:59
20250917093048, META, 660, 20250919, P, 72, 1868, 0.0004, 779, 0, 0.7713, 0, 0.12, 20250916 15:59:59
20250917093048, META, 670, 20250919, P, 259, 1396, 0.0005, 779, 0, 0.7207, 0, 0.13, 20250916 15:59:59
20250917093048, META, 665, 20250919, C, 0, 227, 0.0004, 779, 0, 0.8566, 0, 101, 20250916 15:59:59
20250917093048, META, 657.5, 20250919, P, 15, 1038, 0.0004, 779, 0, 0.7801, 0, 0.12, 20250916 15:59:59
20250917093048, META, 667.5, 20250919, C, 0, 2, 0.0005, 779, 0, 0.9204, 0, 86.14, 20250916 15:59:59
20250917093048, META, 640, 20250919, C, 36, 1434, 0.0002, 779, 0, 0, 0, 131.65, 20250916 15:59:59
20250917093048, META, 670, 20250919, C, 416, 1455, 0.0005, 779, 0, 0.7694, 0, 111.8, 20250916 15:59:59
20250917093048, META, 662.5, 20250919, P, 67, 93, 0.0004, 779, 0, 0.7557, 0, 0.16, 20250916 15:59:59
20250917093048, META, 655, 20250919, C, 3, 621, 0.0004, 779, 0, 0, 0, 120, 20250916 15:59:59
20250917093048, META, 645, 20250919, C, 0, 502, 0.0003, 779, 0, 1.1325, 0, 121.27, 20250916 15:59:59
20250917093048, META, 650, 20250919, P, 129, 3522, 0.0003, 779, 0, 0.8193, 0, 0.11, 20250916 15:59:59
20250917093048, META, 655, 20250919, P, 78, 1272, 0.0004, 779, 0, 0.7956, 0, 0.09, 20250916 15:59:59
20250917093048, META, 650, 20250919, C, 23, 1709, 0.0003, 779, 0, 0, 0, 129.54, 20250916 15:59:59
20250917093048, META, 652.5, 20250919, C, 0, 0, 0.0003, 779, 0, 0.9914, 0, 0, 20250916 15:59:59
20250917093048, META, 635, 20250919, P, 27, 1030, 0.0002, 779, 0, 0.8853, 0, 0.06, 20250916 15:59:59
20250917093048, META, 660, 20250919, C, 1, 896, 0.0004, 779, 0, 0.7899, 0, 107.6, 20250916 15:59:59
20250917093048, META, 640, 20250919, P, 109, 1604, 0.0002, 779, 0, 0.8643, 0, 0.08, 20250916 15:59:59
20250917093048, META, 630, 20250919, C, 4, 623, 0.0002, 779, 0, 1.0618, 0, 140.09, 20250916 15:59:59
20250917093048, META, 667.5, 20250919, P, 32, 80, 0.0005, 779, 0, 0.7364, 0, 0.13, 20250916 15:59:59
20250917093048, META, 662.5, 20250919, C, 0, 0, 0.0004, 779, 0, 0.9473, 0, 0, 20250916 15:59:59
20250917093048, META, 635, 20250919, C, 51, 848, 0.0002, 779, 0, 0, 0, 139.3, 20250916 15:59:59
20250917093048, META, 657.5, 20250919, C, 1, 1, 0.0004, 779, 0, 0.9852, 0, 115.57, 20250916 15:59:59
20250917093048, META, 665, 20250919, P, 111, 1711, 0.0004, 779, 0, 0.7463, 0, 0.14, 20250916 15:59:59
20250917093048, META, 625, 20250919, C, 1, 427, 0.0002, 779, 0, 0, 0, 142.46, 20250916 15:59:59
20250917093048, META, 625, 20250919, P, 1168, 1345, 0.0002, 779, 0, 0.9234, 0, 0.05, 20250916 15:59:59
20250917093048, META, 630, 20250919, P, 5, 1135, 0.0002, 779, 0, 0.9051, 0, 0.07, 20250916 15:59:59
20250917093048, META, 647.5, 20250919, P, 5, 46, 0.0003, 779, 0, 0.8268, 0, 0.1, 20250916 15:59:59
20250917093048, META, 647.5, 20250919, C, 0, 1, 0.0003, 779, 0, 1.091, 0, 109.11, 20250916 15:59:59
20250917093048, META, 652.5, 20250919, P, 1, 40, 0.0003, 779, 0, 0.8038, 0, 0.07, 20250916 15:59:59
20250917093048, META, 645, 20250919, P, 13, 1145, 0.0003, 779, 0, 0.8423, 0, 0.11, 20250916 15:59:59
20250917093048, META, 687.5, 20250919, P, 8, 279, 0.0008, 779, 0, 0.6397, 0, 0.21, 20250916 15:59:59
20250917093048, META, 672.5, 20250919, P, 11, 48, 0.0006, 779, 0, 0.7104, 0, 0.16, 20250916 15:59:59
20250917093048, META, 685, 20250919, P, 34, 1671, 0.0008, 779, 0, 0.6538, 0, 0.2, 20250916 15:59:59
20250917093048, META, 692.5, 20250919, P, 60, 122, 0.001, 779, 0, 0.62, 0, 0.23, 20250916 15:59:59
20250917093048, META, 682.5, 20250919, P, 5, 117, 0.0007, 779, 0, 0.6636, 0, 0.15, 20250916 15:59:59
20250917093048, META, 690, 20250919, C, 4, 721, 0.0009, 779, 0, 0.4292, 0, 91.2, 20250916 15:59:59
20250917093048, META, 680, 20250919, P, 107, 1868, 0.0007, 779, 0, 0.6751, 0, 0.16, 20250916 15:59:59
20250917093048, META, 692.5, 20250919, C, 0, 12, 0.001, 779, 0, 0.7575, 0, 58.04, 20250916 15:59:59
20250917093048, META, 695, 20250919, C, 13, 565, 0.001, 779, 0, 0.616, 0, 82.5, 20250916 15:59:59
20250917093048, META, 682.5, 20250919, C, 0, 0, 0.0007, 779, 0, 0.8116, 0, 77.6, 20250916 15:59:59
20250917093048, META, 685, 20250919, C, 0, 323, 0.0008, 779, 0, 0.7571, 0, 80.81, 20250916 15:59:59
20250917093048, META, 675, 20250919, C, 2, 470, 0.0006, 779, 0, 0.7619, 0, 94.6, 20250916 15:59:59
20250917093048, META, 690, 20250919, P, 221, 2112, 0.0009, 779, 0, 0.6292, 0, 0.25, 20250916 15:59:59
20250917093048, META, 680, 20250919, C, 7, 532, 0.0007, 779, 0, 0.735, 0, 95.05, 20250916 15:59:59
20250917093048, META, 677.5, 20250919, P, 30, 147, 0.0006, 779, 0, 0.6863, 0, 0.15, 20250916 15:59:59
20250917093048, META, 677.5, 20250919, C, 0, 0, 0.0006, 779, 0, 0.8544, 0, 0, 20250916 15:59:59
20250917093048, META, 675, 20250919, P, 151, 2164, 0.0006, 779, 0, 0.6972, 0, 0.16, 20250916 15:59:59
20250917093048, META, 672.5, 20250919, C, 0, 5, 0.0005, 779, 0, 0.9024, 0, 77.86, 20250916 15:59:59
20250917093048, META, 695, 20250919, P, 658, 2111, 0.001, 779, 0, 0.6086, 0, 0.29, 20250916 15:59:59
20250917093048, META, 687.5, 20250919, C, 0, 16, 0.0008, 779, 0, 0.7738, 0, 79.1, 20250916 15:59:59
20250917093048, META, 697.5, 20250919, C, 0, 20, 0.0011, 779, 0, 0.7068, 0, 59.92, 20250916 15:59:59
20250917093048, META, 700, 20250919, P, 1902, 6426, 0.0012, 779, 0, 0.5877, 0, 0.32, 20250916 15:59:59
20250917093048, META, 697.5, 20250919, P, 117, 232, 0.0011, 779, 0, 0.5984, 0, 0.21, 20250916 15:59:59
20250917093048, META, 700, 20250919, C, 144, 4034, 0.0012, 779, 0, 0.596, 0, 81.35, 20250916 15:59:59
20250917093048, META, 702.5, 20250919, C, 0, 5, 0.0013, 779, 0, 0.6806, 0, 64.9, 20250916 15:59:59
20250917093048, META, 730, 20250919, P, 2309, 2950, 0.0036, 779, 0, 0.4729, 0, 0.9, 20250916 15:59:59
20250917093048, META, 730, 20250919, C, 242, 2135, 0.0036, 779, 0, 0.4684, 0, 50.28, 20250916 15:59:59
20250917093048, META, 732.5, 20250919, C, 62, 115, 0.004, 779, 0, 0.4861, 0, 38.41, 20250916 15:59:59
20250917093048, META, 735, 20250919, P, 1272, 2208, 0.0044, 779, 0, 0.4578, 0, 1.13, 20250916 15:59:59
20250917093048, META, 735, 20250919, C, 550, 1151, 0.0044, 779, 0, 0.4403, 0, 45.25, 20250916 15:59:59
20250917093048, META, 737.5, 20250919, P, 788, 742, 0.0049, 779, 0, 0.4509, 0, 1.25, 20250916 15:59:59
20250917093048, META, 737.5, 20250919, C, 477, 533, 0.0049, 779, 0, 0.4304, 0, 43.98, 20250916 15:59:59
20250917093048, META, 732.5, 20250919, P, 480, 969, 0.004, 779, 0, 0.4656, 0, 1.01, 20250916 15:59:59
20250917093048, META, 750, 20250919, C, 2856, 6031, 0.0079, 779, 0, 0.4142, 0, 32.1, 20250916 15:59:59
20250917093048, META, 742.5, 20250919, P, 679, 512, 0.006, 779, 0, 0.4383, 0, 1.43, 20250916 15:59:59
20250917093048, META, 740, 20250919, P, 2001, 2774, 0.0054, 779, 0, 0.4445, 0, 1.43, 20250916 15:59:59
20250917093048, META, 745, 20250919, C, 124, 987, 0.0066, 779, 0, 0.4317, 0, 38.54, 20250916 15:59:59
20250917093048, META, 745, 20250919, P, 2274, 3346, 0.0066, 779, 0, 0.4324, 0, 1.87, 20250916 15:59:59
20250917093048, META, 742.5, 20250919, C, 35, 131, 0.006, 779, 0, 0.4376, 0, 36.37, 20250916 15:59:59
20250917093048, META, 755, 20250919, C, 1081, 1711, 0.0094, 779, 0, 0.4062, 0, 28, 20250916 15:59:59
20250917093048, META, 740, 20250919, C, 241, 2585, 0.0054, 779, 0, 0.4284, 0, 40.65, 20250916 15:59:59
20250917093048, META, 747.5, 20250919, P, 601, 982, 0.0073, 779, 0, 0.4271, 0, 2.15, 20250916 15:59:59
20250917093048, META, 747.5, 20250919, C, 96, 260, 0.0072, 779, 0, 0.4205, 0, 33.85, 20250916 15:59:59
20250917093048, META, 750, 20250919, P, 2380, 4037, 0.008, 779, 0, 0.4218, 0, 2.43, 20250916 15:59:59
20250917093048, META, 752.5, 20250919, C, 610, 653, 0.0086, 779, 0, 0.4059, 0, 30.22, 20250916 15:59:59
20250917093048, META, 752.5, 20250919, P, 693, 690, 0.0087, 779, 0, 0.4172, 0, 2.81, 20250916 15:59:59
20250917093048, META, 757.5, 20250919, C, 548, 647, 0.0101, 779, 0, 0.4071, 0, 26, 20250916 15:59:59
20250917093048, META, 757.5, 20250919, P, 890, 699, 0.0102, 779, 0, 0.4096, 0, 3.6, 20250916 15:59:59
20250917093048, META, 755, 20250919, P, 1541, 2664, 0.0094, 779, 0, 0.414, 0, 3.2, 20250916 15:59:59
20250917093048, META, 765, 20250919, C, 5819, 3580, 0.0122, 779, 0, 0.3973, 0, 19.75, 20250916 15:59:59
20250917093048, META, 800, 20250919, P, 68, 750, 0.0112, 779, 0, 0.3982, 0, 24.72, 20250916 15:59:59
20250917093048, META, 772.5, 20250919, P, 1939, 560, 0.014, 779, 0, 0.3908, 0, 7.9, 20250916 15:59:59
20250917093048, META, 777.5, 20250919, C, 3726, 1504, 0.0144, 779, 0, 0.3863, 0, 11.9, 20250916 15:59:59
20250917093048, META, 782.5, 20250919, C, 5581, 3145, 0.0144, 779, 0, 0.3863, 0, 9.45, 20250916 15:59:59
20250917093048, META, 770, 20250919, C, 12725, 5975, 0.0134, 779, 0, 0.3922, 0, 16.25, 20250916 15:59:59
20250917093048, META, 777.5, 20250919, P, 276, 293, 0.0145, 779, 0, 0.3872, 0, 10.05, 20250916 15:59:59
20250917093048, META, 767.5, 20250919, P, 2703, 761, 0.0129, 779, 0, 0.3956, 0, 6.15, 20250916 15:59:59
20250917093048, META, 780, 20250919, C, 27212, 10113, 0.0145, 779, 0, 0.3866, 0, 10.6, 20250916 15:59:59
20250917093048, META, 765, 20250919, P, 3096, 1703, 0.0123, 779, 0, 0.3982, 0, 5.4, 20250916 15:59:59
20250917093048, META, 780, 20250919, P, 1078, 1012, 0.0146, 779, 0, 0.3873, 0, 11.32, 20250916 15:59:59
20250917093048, META, 782.5, 20250919, P, 154, 118, 0.0146, 779, 0, 0.3867, 0, 12.41, 20250916 15:59:59
20250917093048, META, 787.5, 20250919, P, 74, 69, 0.0141, 779, 0, 0.3876, 0, 15.52, 20250916 15:59:59
20250917093048, META, 775, 20250919, C, 9842, 3479, 0.0142, 779, 0, 0.3881, 0, 13.35, 20250916 15:59:59
20250917093048, META, 775, 20250919, P, 869, 528, 0.0143, 779, 0, 0.3893, 0, 8.97, 20250916 15:59:59
20250917093048, META, 785, 20250919, C, 6640, 2959, 0.0143, 779, 0, 0.3864, 0, 8.45, 20250916 15:59:59
20250917093048, META, 800, 20250919, C, 43806, 19830, 0.0111, 779, 0, 0.3978, 0, 3.96, 20250916 15:59:59
20250917093048, META, 790, 20250919, P, 212, 537, 0.0137, 779, 0, 0.3884, 0, 17.25, 20250916 15:59:59
20250917093048, META, 797.5, 20250919, P, 33, 26, 0.0119, 779, 0, 0.3949, 0, 22.85, 20250916 15:59:59
20250917093048, META, 792.5, 20250919, C, 2116, 1761, 0.013, 779, 0, 0.3899, 0, 5.8, 20250916 15:59:59
20250917093048, META, 810, 20250919, C, 4588, 3277, 0.0082, 779, 0, 0.4136, 0, 2.38, 20250916 15:59:59
20250917093048, META, 802.5, 20250919, P, 1, 26, 0.0104, 779, 0, 0.4009, 0, 25.3, 20250916 15:59:59
20250917093048, META, 797.5, 20250919, C, 3184, 1555, 0.0118, 779, 0, 0.3949, 0, 4.5, 20250916 15:59:59
20250917093048, META, 805, 20250919, C, 2396, 3291, 0.0096, 779, 0, 0.4056, 0, 3.1, 20250916 15:59:59
20250917093048, META, 795, 20250919, P, 104, 150, 0.0125, 779, 0, 0.3923, 0, 20.79, 20250916 15:59:59
20250917093048, META, 805, 20250919, P, 28, 117, 0.0097, 779, 0, 0.4265, 0, 39.12, 20250916 15:59:59
20250917093048, META, 795, 20250919, C, 2981, 3484, 0.0124, 779, 0, 0.3928, 0, 5.08, 20250916 15:59:59
20250917093048, META, 787.5, 20250919, C, 1347, 1128, 0.014, 779, 0, 0.3869, 0, 7.4, 20250916 15:59:59
20250917093048, META, 772.5, 20250919, C, 4694, 1204, 0.0138, 779, 0, 0.3894, 0, 14.8, 20250916 15:59:59
20250917093048, META, 767.5, 20250919, C, 3354, 1280, 0.0128, 779, 0, 0.3948, 0, 17.9, 20250916 15:59:59
20250917093048, META, 770, 20250919, P, 5067, 2489, 0.0135, 779, 0, 0.3929, 0, 7.04, 20250916 15:59:59
20250917093048, META, 790, 20250919, C, 6808, 6473, 0.0135, 779, 0, 0.389, 0, 6.64, 20250916 15:59:59
20250917093048, META, 785, 20250919, P, 93, 572, 0.0144, 779, 0, 0.3865, 0, 13.65, 20250916 15:59:59
20250917093048, META, 810, 20250919, P, 2, 84, 0.0083, 779, 0, 0.4029, 0, 39.78, 20250916 15:59:59
20250917093048, META, 812.5, 20250919, C, 857, 784, 0.0076, 779, 0, 0.419, 0, 2.11, 20250916 15:59:59
20250917093048, META, 802.5, 20250919, C, 1151, 1199, 0.0103, 779, 0, 0.4023, 0, 3.5, 20250916 15:59:59
20250917093048, META, 812.5, 20250919, P, 0, 0, 0.0076, 779, 0, 0.3848, 0, 60.49, 20250916 15:59:59
20250917093048, META, 792.5, 20250919, P, 34, 101, 0.0132, 779, 0, 0.3898, 0, 17.5, 20250916 15:59:59
20250917093048, META, 807.5, 20250919, C, 1656, 761, 0.0089, 779, 0, 0.4094, 0, 2.74, 20250916 15:59:59
20250917093048, META, 807.5, 20250919, P, 0, 13, 0.009, 779, 0, 0.4228, 0, 56, 20250916 15:59:59
20250917093048, META, 815, 20250919, C, 3222, 3556, 0.007, 779, 0, 0.4234, 0, 1.87, 20250916 15:59:59
20250917093048, META, 820, 20250919, C, 7094, 13186, 0.0059, 779, 0, 0.4342, 0, 1.47, 20250916 15:59:59
20250917093048, META, 815, 20250919, P, 0, 0, 0.007, 779, 0, 0.3988, 0, 59.5, 20250916 15:59:59
20250917093048, META, 820, 20250919, P, 20, 17, 0.0059, 779, 0, 0.4733, 0, 45.7, 20250916 15:59:59
20250917093048, META, 825, 20250919, C, 2452, 2224, 0.0049, 779, 0, 0.4451, 0, 1.19, 20250916 15:59:59
20250917093048, META, 830, 20250919, P, 3, 3, 0.0041, 779, 0, 0.4387, 0, 54.95, 20250916 15:59:59
20250917093048, META, 835, 20250919, C, 2129, 1252, 0.0034, 779, 0, 0.4664, 0, 0.77, 20250916 15:59:59
20250917093048, META, 840, 20250919, C, 10680, 12455, 0.0028, 779, 0, 0.4768, 0, 0.61, 20250916 15:59:59
20250917093048, META, 860, 20250919, C, 1494, 1144, 0.0013, 779, 0, 0.512, 0, 0.23, 20250916 15:59:59
20250917093048, META, 855, 20250919, P, 0, 0, 0.0016, 779, 0, 0.6471, 0, 98.5, 20250916 15:59:59
20250917093048, META, 855, 20250919, C, 561, 1677, 0.0016, 779, 0, 0.5043, 0, 0.3, 20250916 15:59:59
20250917093048, META, 825, 20250919, P, 11, 2, 0.0049, 779, 0, 0.4317, 0, 50.1, 20250916 15:59:59
20250917093048, META, 835, 20250919, P, 0, 0, 0.0034, 779, 0, 0.4674, 0, 81, 20250916 15:59:59
20250917093048, META, 850, 20250919, C, 3682, 9812, 0.0019, 779, 0, 0.4959, 0, 0.4, 20250916 15:59:59
20250917093048, META, 845, 20250919, P, 0, 0, 0.0024, 779, 0, 0.5178, 0, 98.5, 20250916 15:59:59
20250917093048, META, 845, 20250919, C, 934, 1436, 0.0023, 779, 0, 0.4861, 0, 0.49, 20250916 15:59:59
20250917093048, META, 840, 20250919, P, 0, 0, 0.0029, 779, 0, 0.4874, 0, 87.01, 20250916 15:59:59
20250917093048, META, 850, 20250919, P, 0, 0, 0.0019, 779, 0, 0.5238, 0, 113.28, 20250916 15:59:59
20250917093048, META, 830, 20250919, C, 2490, 2972, 0.0041, 779, 0, 0.4553, 0, 0.95, 20250916 15:59:59
20250917093048, META, 860, 20250919, P, 0, 0, 0.0012, 779, 0, 0.6586, 0, 115.74, 20250916 15:59:59
20250917093048, META, 865, 20250919, P, 0, 0, 0.001, 779, 0, 0.5958, 0, 114.09, 20250916 15:59:59
20250917093048, META, 865, 20250919, C, 935, 1440, 0.001, 779, 0, 0.5199, 0, 0.18, 20250916 15:59:59
20250917093048, META, 875, 20250919, C, 690, 1393, 0.0007, 779, 0, 0.5324, 0, 0.11, 20250916 15:59:59
20250917093048, META, 870, 20250919, P, 0, 0, 0.0007, 779, 0, 0.7225, 0, 90.08, 20250916 15:59:59
20250917093048, META, 870, 20250919, C, 1930, 6904, 0.0008, 779, 0, 0.5273, 0, 0.15, 20250916 15:59:59
20250917093048, META, 885, 20250919, P, 0, 0, 0.0003, 779, 0, 0.7804, 0, 115.45, 20250916 15:59:59
20250917093048, META, 890, 20250919, P, 0, 0, 0.0002, 779, 0, 0.8173, 0, 203.7, 20250916 15:59:59
20250917093048, META, 885, 20250919, C, 1090, 1465, 0.0004, 779, 0, 0.553, 0, 0.07, 20250916 15:59:59
20250917093048, META, 895, 20250919, C, 607, 911, 0.0003, 779, 0, 0.551, 0, 0.04, 20250916 15:59:59
20250917093048, META, 910, 20250919, P, 0, 0, 0, 779, 0, 0.7648, 0, 207.55, 20250916 15:59:59
20250917093048, META, 890, 20250919, C, 458, 1095, 0.0004, 779, 0, 0.5557, 0, 0.05, 20250916 15:59:59
20250917093048, META, 875, 20250919, P, 0, 0, 0.0005, 779, 0, 0.7282, 0, 105.98, 20250916 15:59:59
20250917093048, META, 905, 20250919, P, 0, 0, 0, 779, 0, 0.7763, 0, 0, 20250916 15:59:59
20250917093048, META, 910, 20250919, C, 334, 985, 0.0002, 779, 0, 0.5656, 0, 0.01, 20250916 15:59:59
20250917093048, META, 895, 20250919, P, 0, 0, 0.0001, 779, 0, 0.8868, 0, 0, 20250916 15:59:59
20250917093048, META, 900, 20250919, C, 2459, 10986, 0.0002, 779, 0, 0.5532, 0, 0.03, 20250916 15:59:59
20250917093048, META, 880, 20250919, C, 353, 1894, 0.0006, 779, 0, 0.5457, 0, 0.09, 20250916 15:59:59
20250917093048, META, 880, 20250919, P, 0, 0, 0.0004, 779, 0, 0.7736, 0, 95.9, 20250916 15:59:59
20250917093048, META, 905, 20250919, C, 254, 1826, 0.0002, 779, 0, 0.5473, 0, 0.02, 20250916 15:59:59
20250917093048, META, 900, 20250919, P, 0, 0, 0.0001, 779, 0, 0.7181, 0, 130.8, 20250916 15:59:59
20250917093048, META, 915, 20250919, P, 0, 0, 0, 779, 0, 0.7879, 0, 0, 20250916 15:59:59
20250917093048, META, 920, 20250919, P, 0, 0, 0, 779, 0, 0.8585, 0, 0, 20250916 15:59:59
20250917093048, META, 920, 20250919, C, 2, 825, 0.0001, 779, 0, 0.6019, 0, 0.02, 20250916 15:59:59
20250917093048, META, 915, 20250919, C, 586, 845, 0.0001, 779, 0, 0.5838, 0, 0.01, 20250916 15:59:59
20250917093048, META, 925, 20250919, C, 0, 110, 0.0001, 779, 0, 0.6198, 0, 0.01, 20250916 15:59:59
20250917093048, META, 925, 20250919, P, 0, 0, 0, 779, 0, 1.0198, 0, 0, 20250916 15:59:59
20250917093048, META, 930, 20250919, C, 0, 119, 0.0001, 779, 0, 0.6171, 0, 0.01, 20250916 15:59:59
20250917093048, META, 935, 20250919, C, 0, 43, 0.0001, 779, 0, 0.6342, 0, 0.01, 20250916 15:59:59
20250917093048, META, 930, 20250919, P, 0, 0, 0, 779, 0, 1.0698, 0, 158.5, 20250916 15:59:59
20250917093048, META, 935, 20250919, P, 0, 0, 0, 779, 0, 1.0814, 0, 0, 20250916 15:59:59
20250917093048, META, 580, 20250926, C, 0, 17, 0.0001, 779, 0, 0.7777, 0, 181.74, 20250916 15:59:59
20250917093048, META, 945, 20250919, C, 0, 442, 0.0001, 779, 0, 0.6681, 0, 0.01, 20250916 15:59:59
20250917093048, META, 955, 20250919, P, 0, 0, 0, 779, 0, 1.1877, 0, 170.55, 20250916 15:59:59
20250917093048, META, 965, 20250919, P, 0, 0, 0, 779, 0, 1.2155, 0, 0, 20250916 15:59:59
20250917093048, META, 990, 20250919, C, 0, 277, 0, 779, 0, 0.8146, 0, 0.03, 20250916 15:59:59
20250917093048, META, 950, 20250919, P, 0, 0, 0, 779, 0, 1.0177, 0, 279.24, 20250916 15:59:59
20250917093048, META, 560, 20250926, C, 0, 16, 0.0001, 779, 0, 0.8697, 0, 197.65, 20250916 15:59:59
20250917093048, META, 575, 20250926, P, 6, 24, 0.0001, 779, 0, 0.6592, 0, 0.03, 20250916 15:59:59
20250917093048, META, 995, 20250919, C, 0, 46, 0, 779, 0, 0.8303, 0, 0.03, 20250916 15:59:59
20250917093048, META, 1000, 20250919, C, 0, 5958, 0, 779, 0, 0.8052, 0, 0.01, 20250916 15:59:59
20250917093048, META, 570, 20250926, C, 0, 6, 0.0001, 779, 0, 0.8458, 0, 201.3, 20250916 15:59:59
20250917093048, META, 570, 20250926, P, 6, 56, 0.0001, 779, 0, 0.6705, 0, 0.02, 20250916 15:59:59
20250917093048, META, 555, 20250926, C, 0, 3, 0, 779, 0, 0.7736, 0, 235.06, 20250916 15:59:59
20250917093048, META, 980, 20250919, C, 0, 460, 0, 779, 0, 0.7828, 0, 0.02, 20250916 15:59:59
20250917093048, META, 550, 20250926, C, 0, 5, 0, 779, 0, 0, 0, 204.65, 20250916 15:59:59
20250917093048, META, 950, 20250919, C, 17, 3824, 0, 779, 0, 0.6508, 0, 0.01, 20250916 15:59:59
20250917093048, META, 555, 20250926, P, 0, 7, 0, 779, 0, 0.7002, 0, 0.03, 20250916 15:59:59
20250917093048, META, 550, 20250926, P, 0, 64, 0, 779, 0, 0.7174, 0, 0.02, 20250916 15:59:59
20250917093048, META, 985, 20250919, C, 0, 9, 0, 779, 0, 0.7988, 0, 0.02, 20250916 15:59:59
20250917093048, META, 560, 20250926, P, 0, 11, 0.0001, 779, 0, 0.6912, 0, 0.05, 20250916 15:59:59
20250917093048, META, 975, 20250919, C, 0, 149, 0, 779, 0, 0.7668, 0, 0.01, 20250916 15:59:59
20250917093048, META, 985, 20250919, P, 0, 0, 0, 779, 0, 1.3222, 0, 0, 20250916 15:59:59
20250917093048, META, 940, 20250919, P, 0, 0, 0, 779, 0, 1.0812, 0, 208.75, 20250916 15:59:59
20250917093048, META, 1000, 20250919, P, 0, 0, 0, 779, 0, 1.3479, 0, 300.46, 20250916 15:59:59
20250917093048, META, 970, 20250919, C, 0, 225, 0, 779, 0, 0.7506, 0, 0.02, 20250916 15:59:59
20250917093048, META, 975, 20250919, P, 0, 0, 0, 779, 0, 1.2802, 0, 0, 20250916 15:59:59
20250917093048, META, 980, 20250919, P, 0, 0, 0, 779, 0, 1.2929, 0, 0, 20250916 15:59:59
20250917093048, META, 940, 20250919, C, 0, 262, 0.0001, 779, 0, 0.6512, 0, 0.01, 20250916 15:59:59
20250917093048, META, 960, 20250919, P, 0, 0, 0, 779, 0, 1.18, 0, 254.95, 20250916 15:59:59
20250917093048, META, 965, 20250919, C, 0, 70, 0, 779, 0, 0.7344, 0, 0.01, 20250916 15:59:59
20250917093048, META, 970, 20250919, P, 0, 0, 0, 779, 0, 1.2396, 0, 0, 20250916 15:59:59
20250917093048, META, 945, 20250919, P, 0, 0, 0, 779, 0, 1.0836, 0, 0, 20250916 15:59:59
20250917093048, META, 960, 20250919, C, 0, 834, 0, 779, 0, 0.6825, 0, 0.02, 20250916 15:59:59
20250917093048, META, 1010, 20250919, C, 0, 45, 0, 779, 0, 0.8768, 0, 0.02, 20250916 15:59:59
20250917093048, META, 1010, 20250919, P, 0, 0, 0, 779, 0, 1.4257, 0, 434.25, 20250916 15:59:59
20250917093048, META, 565, 20250926, C, 0, 1, 0.0001, 779, 0, 0.869, 0, 189.25, 20250916 15:59:59
20250917093048, META, 955, 20250919, C, 0, 259, 0, 779, 0, 0.7015, 0, 0.01, 20250916 15:59:59
20250917093048, META, 575, 20250926, C, 0, 3, 0.0001, 779, 0, 0.7834, 0, 184.8, 20250916 15:59:59
20250917093048, META, 995, 20250919, P, 0, 0, 0, 779, 0, 1.3573, 0, 0, 20250916 15:59:59
20250917093048, META, 565, 20250926, P, 6, 122, 0.0001, 779, 0, 0.6812, 0, 0.03, 20250916 15:59:59
20250917093048, META, 990, 20250919, P, 0, 0, 0, 779, 0, 1.3341, 0, 375.92, 20250916 15:59:59
20250917093048, META, 585, 20250926, C, 0, 50, 0.0001, 779, 0, 0, 0, 166.62, 20250916 15:59:59
20250917093048, META, 580, 20250926, P, 18, 17, 0.0001, 779, 0, 0.6473, 0, 0.06, 20250916 15:59:59
20250917093048, META, 590, 20250926, P, 12, 38, 0.0001, 779, 0, 0.6223, 0, 0.03, 20250916 15:59:59
20250917093048, META, 585, 20250926, P, 12, 34, 0.0001, 779, 0, 0.635, 0, 0.03, 20250916 15:59:59
20250917093048, META, 590, 20250926, C, 0, 0, 0.0001, 779, 0, 0.7406, 0, 0, 20250916 15:59:59
20250917093048, META, 660, 20250926, C, 0, 13, 0.0006, 779, 0, 0.5424, 0, 91.52, 20250916 15:59:59
20250917093048, META, 665, 20250926, C, 0, 11, 0.0007, 779, 0, 0.4886, 0, 107.05, 20250916 15:59:59
20250917093048, META, 665, 20250926, P, 9, 111, 0.0007, 779, 0, 0.4558, 0, 0.31, 20250916 15:59:59
20250917093048, META, 670, 20250926, C, 1, 21, 0.0008, 779, 0, 0.4813, 0, 99.6, 20250916 15:59:59
20250917093048, META, 670, 20250926, P, 22, 525, 0.0008, 779, 0, 0.4461, 0, 0.34, 20250916 15:59:59
20250917093048, META, 680, 20250926, C, 30, 90, 0.001, 779, 0, 0.4395, 0, 99.66, 20250916 15:59:59
20250917093048, META, 675, 20250926, P, 30, 403, 0.0009, 779, 0, 0.4368, 0, 0.4, 20250916 15:59:59
20250917093048, META, 675, 20250926, C, 0, 30, 0.0009, 779, 0, 0.4506, 0, 94.1, 20250916 15:59:59
20250917093048, META, 680, 20250926, P, 47, 369, 0.001, 779, 0, 0.4254, 0, 0.44, 20250916 15:59:59
20250917093048, META, 727.5, 20250926, P, 282, 203, 0.0042, 779, 0, 0.3512, 0, 2.31, 20250916 15:59:59
20250917093048, META, 690, 20250926, C, 0, 15, 0.0014, 779, 0, 0.3952, 0, 68.13, 20250916 15:59:59
20250917093048, META, 735, 20250926, C, 33, 477, 0.0051, 779, 0, 0.3354, 0, 47.69, 20250916 15:59:59
20250917093048, META, 735, 20250926, P, 731, 1015, 0.0052, 779, 0, 0.3432, 0, 3.34, 20250916 15:59:59
20250917093048, META, 685, 20250926, P, 47, 267, 0.0012, 779, 0, 0.4179, 0, 0.55, 20250916 15:59:59
20250917093048, META, 700, 20250926, P, 434, 957, 0.0019, 779, 0, 0.3908, 0, 0.94, 20250916 15:59:59
20250917093048, META, 705, 20250926, P, 116, 548, 0.0022, 779, 0, 0.3826, 0, 1.02, 20250916 15:59:59
20250917093048, META, 725, 20250926, C, 10, 196, 0.0039, 779, 0, 0.3462, 0, 56, 20250916 15:59:59
20250917093048, META, 695, 20250926, C, 0, 29, 0.0016, 779, 0, 0.4003, 0, 71.99, 20250916 15:59:59
20250917093048, META, 710, 20250926, P, 240, 803, 0.0026, 779, 0, 0.3748, 0, 1.21, 20250916 15:59:59
20250917093048, META, 690, 20250926, P, 127, 1276, 0.0014, 779, 0, 0.4085, 0, 0.59, 20250916 15:59:59
20250917093048, META, 732.5, 20250926, C, 1, 17, 0.0048, 779, 0, 0.3505, 0, 50.25, 20250916 15:59:59
20250917093048, META, 725, 20250926, P, 404, 652, 0.004, 779, 0, 0.3542, 0, 2.11, 20250916 15:59:59
20250917093048, META, 720, 20250926, C, 25, 98, 0.0034, 779, 0, 0.3635, 0, 60.75, 20250916 15:59:59
20250917093048, META, 727.5, 20250926, C, 0, 29, 0.0042, 779, 0, 0.3477, 0, 43, 20250916 15:59:59
20250917093048, META, 685, 20250926, C, 1, 14, 0.0012, 779, 0, 0.4217, 0, 84.83, 20250916 15:59:59
20250917093048, META, 715, 20250926, P, 185, 1567, 0.003, 779, 0, 0.368, 0, 1.54, 20250916 15:59:59
20250917093048, META, 730, 20250926, C, 19, 310, 0.0045, 779, 0, 0.3341, 0, 47.77, 20250916 15:59:59
20250917093048, META, 695, 20250926, P, 124, 315, 0.0016, 779, 0, 0.3995, 0, 0.8, 20250916 15:59:59
20250917093048, META, 730, 20250926, P, 1084, 1471, 0.0045, 779, 0, 0.3483, 0, 2.76, 20250916 15:59:59
20250917093048, META, 710, 20250926, C, 7, 106, 0.0025, 779, 0, 0.3728, 0, 71.1, 20250916 15:59:59
20250917093048, META, 732.5, 20250926, P, 46, 177, 0.0048, 779, 0, 0.3459, 0, 2.87, 20250916 15:59:59
20250917093048, META, 715, 20250926, C, 8, 56, 0.003, 779, 0, 0.3664, 0, 54.36, 20250916 15:59:59
20250917093048, META, 700, 20250926, C, 42, 115, 0.0019, 779, 0, 0.3622, 0, 78, 20250916 15:59:59
20250917093048, META, 720, 20250926, P, 697, 791, 0.0034, 779, 0, 0.361, 0, 1.85, 20250916 15:59:59
20250917093048, META, 705, 20250926, C, 0, 31, 0.0022, 779, 0, 0.3759, 0, 62.9, 20250916 15:59:59
20250917093048, META, 742.5, 20250926, C, 42, 81, 0.0061, 779, 0, 0.3387, 0, 36.65, 20250916 15:59:59
20250917093048, META, 737.5, 20250926, P, 77, 101, 0.0055, 779, 0, 0.3396, 0, 3.5, 20250916 15:59:59
20250917093048, META, 740, 20250926, C, 534, 331, 0.0058, 779, 0, 0.3374, 0, 41.95, 20250916 15:59:59
20250917093048, META, 737.5, 20250926, C, 32, 69, 0.0054, 779, 0, 0.3305, 0, 39.3, 20250916 15:59:59
20250917093048, META, 740, 20250926, P, 223, 798, 0.0058, 779, 0, 0.3381, 0, 4.05, 20250916 15:59:59
20250917093048, META, 742.5, 20250926, P, 27, 130, 0.0062, 779, 0, 0.3351, 0, 4.4, 20250916 15:59:59
20250917093048, META, 745, 20250926, P, 151, 346, 0.0065, 779, 0, 0.3332, 0, 4.88, 20250916 15:59:59
20250917093048, META, 745, 20250926, C, 70, 232, 0.0065, 779, 0, 0.3276, 0, 37.1, 20250916 15:59:59
20250917093048, META, 757.5, 20250926, C, 120, 293, 0.0081, 779, 0, 0.3231, 0, 29.65, 20250916 15:59:59
20250917093048, META, 767.5, 20250926, C, 1092, 225, 0.0092, 779, 0, 0.3184, 0, 23.39, 20250916 15:59:59
20250917093048, META, 765, 20250926, C, 733, 660, 0.0089, 779, 0, 0.3191, 0, 23.95, 20250916 15:59:59
20250917093048, META, 755, 20250926, P, 302, 775, 0.0079, 779, 0, 0.3256, 0, 6.9, 20250916 15:59:59
20250917093048, META, 760, 20250926, P, 453, 911, 0.0085, 779, 0, 0.3225, 0, 8.6, 20250916 15:59:59
20250917093048, META, 770, 20250926, C, 2643, 1093, 0.0094, 779, 0, 0.3176, 0, 21.5, 20250916 15:59:59
20250917093048, META, 760, 20250926, C, 921, 1838, 0.0084, 779, 0, 0.3216, 0, 28, 20250916 15:59:59
20250917093048, META, 765, 20250926, P, 614, 335, 0.009, 779, 0, 0.3197, 0, 10.2, 20250916 15:59:59
20250917093048, META, 770, 20250926, P, 1207, 720, 0.0094, 779, 0, 0.318, 0, 11.95, 20250916 15:59:59
20250917093048, META, 747.5, 20250926, P, 135, 142, 0.0069, 779, 0, 0.3302, 0, 5, 20250916 15:59:59
20250917093048, META, 750, 20250926, P, 438, 978, 0.0072, 779, 0, 0.329, 0, 5.85, 20250916 15:59:59
20250917093048, META, 747.5, 20250926, C, 40, 92, 0.0068, 779, 0, 0.3296, 0, 36.85, 20250916 15:59:59
20250917093048, META, 752.5, 20250926, C, 89, 266, 0.0075, 779, 0, 0.3267, 0, 33.2, 20250916 15:59:59
20250917093048, META, 752.5, 20250926, P, 59, 154, 0.0076, 779, 0, 0.3266, 0, 5.74, 20250916 15:59:59
20250917093048, META, 762.5, 20250926, P, 50, 256, 0.0088, 779, 0, 0.3209, 0, 8.95, 20250916 15:59:59
20250917093048, META, 757.5, 20250926, P, 129, 325, 0.0082, 779, 0, 0.3235, 0, 7.35, 20250916 15:59:59
20250917093048, META, 762.5, 20250926, C, 145, 337, 0.0087, 779, 0, 0.3206, 0, 26.55, 20250916 15:59:59
20250917093048, META, 755, 20250926, C, 212, 490, 0.0078, 779, 0, 0.3246, 0, 31.46, 20250916 15:59:59
20250917093048, META, 750, 20250926, C, 1060, 1234, 0.0072, 779, 0, 0.3278, 0, 35.15, 20250916 15:59:59
20250917093048, META, 767.5, 20250926, P, 227, 241, 0.0093, 779, 0, 0.319, 0, 10.85, 20250916 15:59:59
20250917093048, META, 890, 20250926, C, 114, 184, 0.0009, 779, 0, 0.3765, 0, 0.34, 20250916 15:59:59
20250917093048, META, 895, 20250926, P, 0, 0, 0.0008, 779, 0, 0, 0, 0, 20250916 15:59:59
20250917093048, META, 865, 20250926, P, 0, 0, 0.0019, 779, 0, 0, 0, 0, 20250916 15:59:59
20250917093048, META, 885, 20250926, C, 23, 82, 0.0011, 779, 0, 0.3725, 0, 0.32, 20250916 15:59:59
20250917093048, META, 875, 20250926, P, 2, 0, 0.0014, 779, 0, 0, 0, 96.02, 20250916 15:59:59
20250917093048, META, 870, 20250926, C, 412, 497, 0.0017, 779, 0, 0.3606, 0, 0.65, 20250916 15:59:59
20250917093048, META, 895, 20250926, C, 421, 283, 0.0008, 779, 0, 0.3805, 0, 0.28, 20250916 15:59:59
20250917093048, META, 855, 20250926, C, 157, 193, 0.0026, 779, 0, 0.3477, 0, 1.09, 20250916 15:59:59
20250917093048, META, 850, 20250926, C, 583, 790, 0.003, 779, 0, 0.3438, 0, 1.3, 20250916 15:59:59
20250917093048, META, 845, 20250926, C, 619, 673, 0.0034, 779, 0, 0.3396, 0, 1.54, 20250916 15:59:59
20250917093048, META, 845, 20250926, P, 12, 10, 0.0034, 779, 0, 0.3493, 0, 67.75, 20250916 15:59:59
20250917093048, META, 875, 20250926, C, 75, 239, 0.0015, 779, 0, 0.3658, 0, 0.4, 20250916 15:59:59
20250917093048, META, 860, 20250926, P, 0, 0, 0.0022, 779, 0, 0.3201, 0, 95.27, 20250916 15:59:59
20250917093048, META, 890, 20250926, P, 0, 0, 0.0009, 779, 0, 0, 0, 0, 20250916 15:59:59
20250917093048, META, 880, 20250926, C, 349, 264, 0.0013, 779, 0, 0.3689, 0, 0.45, 20250916 15:59:59
20250917093048, META, 880, 20250926, P, 0, 0, 0.0012, 779, 0, 0, 0, 0, 20250916 15:59:59
20250917093048, META, 870, 20250926, P, 0, 0, 0.0016, 779, 0, 0.3203, 0, 0, 20250916 15:59:59
20250917093048, META, 850, 20250926, P, 0, 0, 0.0029, 779, 0, 0.328, 0, 89.55, 20250916 15:59:59
20250917093048, META, 885, 20250926, P, 0, 0, 0.001, 779, 0, 0, 0, 0, 20250916 15:59:59
20250917093048, META, 855, 20250926, P, 0, 0, 0.0025, 779, 0, 0.3176, 0, 90.62, 20250916 15:59:59
20250917093048, META, 860, 20250926, C, 327, 517, 0.0023, 779, 0, 0.3525, 0, 0.93, 20250916 15:59:59
20250917093048, META, 865, 20250926, C, 215, 342, 0.002, 779, 0, 0.3561, 0, 0.77, 20250916 15:59:59
20250917093048, META, 900, 20250926, P, 0, 0, 0.0007, 779, 0, 0, 0, 0, 20250916 15:59:59
20250917093048, META, 900, 20250926, C, 1121, 942, 0.0007, 779, 0, 0.3872, 0, 0.23, 20250916 15:59:59
20250917093048, META, 930, 20250926, C, 198, 2092, 0.0003, 779, 0, 0.4088, 0, 0.05, 20250916 15:59:59
20250917093048, META, 645, 20251003, P, 4, 100, 0.0006, 779, 0, 0.4295, 0, 0.57, 20250916 15:59:59
20250917093048, META, 600, 20251003, C, 1, 25, 0.0002, 779, 0, 0.522, 0, 169.6, 20250916 15:59:59
20250917093048, META, 615, 20251003, P, 0, 39, 0.0003, 779, 0, 0.4776, 0, 0.35, 20250916 15:59:59
20250917093048, META, 625, 20251003, P, 5, 185, 0.0004, 779, 0, 0.4606, 0, 0.32, 20250916 15:59:59
20250917093048, META, 595, 20251003, P, 0, 131, 0.0002, 779, 0, 0.5102, 0, 0.21, 20250916 15:59:59
20250917093048, META, 605, 20251003, P, 0, 7, 0.0002, 779, 0, 0.4945, 0, 0.81, 20250916 15:59:59
20250917093048, META, 650, 20251003, C, 0, 7, 0.0007, 779, 0, 0.4279, 0, 106, 20250916 15:59:59
20250917093048, META, 650, 20251003, P, 5, 159, 0.0007, 779, 0, 0.4221, 0, 0.51, 20250916 15:59:59
20250917093048, META, 610, 20251003, P, 0, 35, 0.0003, 779, 0, 0.4857, 0, 0.23, 20250916 15:59:59
20250917093048, META, 605, 20251003, C, 0, 0, 0.0002, 779, 0, 0.5466, 0, 0, 20250916 15:59:59
20250917093048, META, 600, 20251003, P, 9, 160, 0.0002, 779, 0, 0.5027, 0, 0.17, 20250916 15:59:59
20250917093048, META, 630, 20251003, C, 0, 4, 0.0004, 779, 0, 0.4864, 0, 129.3, 20250916 15:59:59
20250917093048, META, 635, 20251003, C, 0, 0, 0.0005, 779, 0, 0.4433, 0, 0, 20250916 15:59:59
20250917093048, META, 615, 20251003, C, 0, 0, 0.0003, 779, 0, 0.469, 0, 0, 20250916 15:59:59
20250917093048, META, 645, 20251003, C, 0, 0, 0.0006, 779, 0, 0.4587, 0, 0, 20250916 15:59:59
20250917093048, META, 640, 20251003, P, 1, 163, 0.0005, 779, 0, 0.4374, 0, 0.46, 20250916 15:59:59
20250917093048, META, 655, 20251003, P, 0, 94, 0.0008, 779, 0, 0.4143, 0, 0.66, 20250916 15:59:59
20250917093048, META, 620, 20251003, C, 0, 1, 0.0004, 779, 0, 0.5176, 0, 133.22, 20250916 15:59:59
20250917093048, META, 630, 20251003, P, 2, 412, 0.0004, 779, 0, 0.4526, 0, 0.38, 20250916 15:59:59
20250917093048, META, 635, 20251003, P, 5, 52, 0.0005, 779, 0, 0.4452, 0, 0.43, 20250916 15:59:59
20250917093048, META, 640, 20251003, C, 0, 13, 0.0005, 779, 0, 0.4266, 0, 126.15, 20250916 15:59:59
20250917093048, META, 620, 20251003, P, 76, 879, 0.0004, 779, 0, 0.4688, 0, 0.27, 20250916 15:59:59
20250917093048, META, 625, 20251003, C, 0, 0, 0.0004, 779, 0, 0.4529, 0, 0, 20250916 15:59:59
20250917093048, META, 655, 20251003, C, 0, 6, 0.0008, 779, 0, 0.3887, 0, 86.5, 20250916 15:59:59
20250917093048, META, 610, 20251003, C, 0, 0, 0.0003, 779, 0, 0.52, 0, 0, 20250916 15:59:59
20250917093048, META, 725, 20251003, C, 12, 44, 0.0041, 779, 0, 0.3167, 0, 56.07, 20250916 15:59:59
20250917093048, META, 680, 20251003, P, 84, 883, 0.0014, 779, 0, 0.3779, 0, 1.13, 20250916 15:59:59
20250917093048, META, 700, 20251003, P, 127, 485, 0.0023, 779, 0, 0.3534, 0, 1.91, 20250916 15:59:59
20250917093048, META, 665, 20251003, C, 0, 6, 0.001, 779, 0, 0.4285, 0, 91.55, 20250916 15:59:59
20250917093048, META, 715, 20251003, C, 1, 24, 0.0033, 779, 0, 0.3275, 0, 69.47, 20250916 15:59:59
20250917093048, META, 690, 20251003, P, 14, 222, 0.0018, 779, 0, 0.3654, 0, 1.47, 20250916 15:59:59
20250917093048, META, 725, 20251003, P, 107, 358, 0.0041, 779, 0, 0.3291, 0, 3.8, 20250916 15:59:59
20250917093048, META, 685, 20251003, P, 35, 156, 0.0016, 779, 0, 0.3718, 0, 1.28, 20250916 15:59:59
20250917093048, META, 670, 20251003, C, 0, 8, 0.0011, 779, 0, 0.4145, 0, 92.5, 20250916 15:59:59
20250917093048, META, 705, 20251003, P, 30, 215, 0.0026, 779, 0, 0.3479, 0, 2.1, 20250916 15:59:59
20250917093048, META, 660, 20251003, C, 1, 4, 0.0009, 779, 0, 0.3887, 0, 114.47, 20250916 15:59:59
20250917093048, META, 730, 20251003, C, 20, 228, 0.0045, 779, 0, 0.3144, 0, 51.85, 20250916 15:59:59
20250917093048, META, 700, 20251003, C, 6, 19, 0.0023, 779, 0, 0.3596, 0, 81.35, 20250916 15:59:59
20250917093048, META, 710, 20251003, C, 0, 19, 0.0029, 779, 0, 0.3355, 0, 63.45, 20250916 15:59:59
20250917093048, META, 660, 20251003, P, 58, 295, 0.0009, 779, 0, 0.4072, 0, 0.69, 20250916 15:59:59
20250917093048, META, 720, 20251003, C, 3, 41, 0.0037, 779, 0, 0.3388, 0, 53.5, 20250916 15:59:59
20250917093048, META, 715, 20251003, P, 46, 337, 0.0033, 779, 0, 0.338, 0, 3.06, 20250916 15:59:59
20250917093048, META, 720, 20251003, P, 337, 429, 0.0037, 779, 0, 0.334, 0, 3.5, 20250916 15:59:59
20250917093048, META, 730, 20251003, P, 91, 370, 0.0045, 779, 0, 0.3253, 0, 4.88, 20250916 15:59:59
20250917093048, META, 710, 20251003, P, 52, 344, 0.003, 779, 0, 0.3428, 0, 2.35, 20250916 15:59:59
20250917093048, META, 690, 20251003, C, 0, 5, 0.0018, 779, 0, 0.3541, 0, 69.05, 20250916 15:59:59
20250917093048, META, 680, 20251003, C, 0, 15, 0.0014, 779, 0, 0.364, 0, 80.02, 20250916 15:59:59
20250917093048, META, 675, 20251003, P, 61, 247, 0.0013, 779, 0, 0.3852, 0, 0.9, 20250916 15:59:59
20250917093048, META, 695, 20251003, C, 0, 3, 0.002, 779, 0, 0.3501, 0, 61.9, 20250916 15:59:59
20250917093048, META, 670, 20251003, P, 98, 223, 0.0011, 779, 0, 0.3921, 0, 0.78, 20250916 15:59:59
20250917093048, META, 685, 20251003, C, 0, 28, 0.0016, 779, 0, 0.3938, 0, 71.25, 20250916 15:59:59
20250917093048, META, 665, 20251003, P, 13, 315, 0.001, 779, 0, 0.3996, 0, 0.85, 20250916 15:59:59
20250917093048, META, 695, 20251003, P, 43, 145, 0.0021, 779, 0, 0.3592, 0, 1.7, 20250916 15:59:59
20250917093048, META, 675, 20251003, C, 0, 17, 0.0012, 779, 0, 0.4036, 0, 80.86, 20250916 15:59:59
20250917093048, META, 705, 20251003, C, 3, 11, 0.0026, 779, 0, 0.3478, 0, 73.93, 20250916 15:59:59
20250917093048, META, 757.5, 20251003, C, 28, 14, 0.0068, 779, 0, 0.3091, 0, 34.1, 20250916 15:59:59
20250917093048, META, 747.5, 20251003, C, 9, 6, 0.006, 779, 0, 0.3136, 0, 31.95, 20250916 15:59:59
20250917093048, META, 750, 20251003, P, 116, 571, 0.0063, 779, 0, 0.3135, 0, 8.97, 20250916 15:59:59
20250917093048, META, 742.5, 20251003, P, 32, 34, 0.0056, 779, 0, 0.3166, 0, 7.52, 20250916 15:59:59
20250917093048, META, 775, 20251003, P, 116, 83, 0.0078, 779, 0, 0.3046, 0, 17.26, 20250916 15:59:59
20250917093048, META, 740, 20251003, P, 71, 236, 0.0054, 779, 0, 0.3185, 0, 6.54, 20250916 15:59:59
20250917093048, META, 772.5, 20251003, P, 121, 93, 0.0077, 779, 0, 0.305, 0, 15.66, 20250916 15:59:59
20250917093048, META, 760, 20251003, C, 852, 544, 0.007, 779, 0, 0.3082, 0, 32.09, 20250916 15:59:59
20250917093048, META, 767.5, 20251003, P, 200, 50, 0.0075, 779, 0, 0.3068, 0, 14.15, 20250916 15:59:59
20250917093048, META, 752.5, 20251003, C, 22, 23, 0.0064, 779, 0, 0.3112, 0, 35.1, 20250916 15:59:59
20250917093048, META, 732.5, 20251003, C, 6, 5, 0.0047, 779, 0, 0.3162, 0, 43.65, 20250916 15:59:59
20250917093048, META, 745, 20251003, C, 46, 410, 0.0058, 779, 0, 0.3149, 0, 43.02, 20250916 15:59:59
20250917093048, META, 762.5, 20251003, C, 53, 35, 0.0071, 779, 0, 0.3075, 0, 31.45, 20250916 15:59:59
20250917093048, META, 765, 20251003, P, 40, 96, 0.0074, 779, 0, 0.3071, 0, 14.1, 20250916 15:59:59
20250917093048, META, 770, 20251003, C, 961, 696, 0.0075, 779, 0, 0.3053, 0, 26.26, 20250916 15:59:59
20250917093048, META, 755, 20251003, C, 149, 1050, 0.0066, 779, 0, 0.31, 0, 35.77, 20250916 15:59:59
20250917093048, META, 775, 20251003, C, 464, 281, 0.0077, 779, 0, 0.3045, 0, 23.35, 20250916 15:59:59
20250917093048, META, 740, 20251003, C, 46, 115, 0.0054, 779, 0, 0.3174, 0, 47.05, 20250916 15:59:59
20250917093048, META, 742.5, 20251003, C, 10, 17, 0.0056, 779, 0, 0.316, 0, 36.45, 20250916 15:59:59
20250917093048, META, 757.5, 20251003, P, 19, 50, 0.0069, 779, 0, 0.3098, 0, 11.95, 20250916 15:59:59
20250917093048, META, 765, 20251003, C, 524, 493, 0.0073, 779, 0, 0.3068, 0, 28.91, 20250916 15:59:59
20250917093048, META, 752.5, 20251003, P, 19, 15, 0.0065, 779, 0, 0.3117, 0, 9.5, 20250916 15:59:59
20250917093048, META, 772.5, 20251003, C, 213, 79, 0.0076, 779, 0, 0.305, 0, 24.84, 20250916 15:59:59
20250917093048, META, 762.5, 20251003, P, 21, 94, 0.0072, 779, 0, 0.3078, 0, 16.65, 20250916 15:59:59
20250917093048, META, 735, 20251003, P, 74, 664, 0.005, 779, 0, 0.3216, 0, 5.7, 20250916 15:59:59
20250917093048, META, 737.5, 20251003, P, 1, 8, 0.0052, 779, 0, 0.3198, 0, 5.95, 20250916 15:59:59
20250917093048, META, 750, 20251003, C, 329, 527, 0.0062, 779, 0, 0.312, 0, 39.15, 20250916 15:59:59
20250917093048, META, 732.5, 20251003, P, 9, 28, 0.0048, 779, 0, 0.3237, 0, 5.55, 20250916 15:59:59
20250917093048, META, 760, 20251003, P, 77, 326, 0.0071, 779, 0, 0.3085, 0, 11.9, 20250916 15:59:59
20250917093048, META, 735, 20251003, C, 28, 105, 0.0049, 779, 0, 0.3154, 0, 50.65, 20250916 15:59:59
20250917093048, META, 770, 20251003, P, 328, 474, 0.0076, 779, 0, 0.3056, 0, 14.71, 20250916 15:59:59
20250917093048, META, 755, 20251003, P, 30, 240, 0.0067, 779, 0, 0.3104, 0, 10.1, 20250916 15:59:59
20250917093048, META, 747.5, 20251003, P, 32, 19, 0.0061, 779, 0, 0.314, 0, 8.6, 20250916 15:59:59
20250917093048, META, 745, 20251003, P, 84, 220, 0.0059, 779, 0, 0.3158, 0, 7.6, 20250916 15:59:59
20250917093048, META, 767.5, 20251003, C, 245, 75, 0.0074, 779, 0, 0.3058, 0, 25.36, 20250916 15:59:59
20250917093048, META, 737.5, 20251003, C, 17, 13, 0.0052, 779, 0, 0.3117, 0, 40.35, 20250916 15:59:59
20250917093048, META, 780, 20251003, C, 649, 543, 0.0078, 779, 0, 0.3036, 0, 20.59, 20250916 15:59:59
20250917093048, META, 785, 20251003, C, 132, 305, 0.0078, 779, 0, 0.3028, 0, 17.67, 20250916 15:59:59
20250917093048, META, 785, 20251003, P, 16, 36, 0.0079, 779, 0, 0.3029, 0, 22.88, 20250916 15:59:59
20250917093048, META, 790, 20251003, C, 277, 1308, 0.0077, 779, 0, 0.302, 0, 16.15, 20250916 15:59:59
20250917093048, META, 780, 20251003, P, 130, 97, 0.0079, 779, 0, 0.3037, 0, 20.1, 20250916 15:59:59
20250917093048, META, 815, 20251003, P, 0, 3, 0.0065, 779, 0, 0.3031, 0, 51.3, 20250916 15:59:59
20250917093048, META, 805, 20251003, C, 243, 213, 0.0071, 779, 0, 0.3019, 0, 10.6, 20250916 15:59:59
20250917093048, META, 810, 20251003, P, 2, 6, 0.0069, 779, 0, 0.3021, 0, 44, 20250916 15:59:59
20250917093048, META, 815, 20251003, C, 304, 312, 0.0064, 779, 0, 0.3036, 0, 7.9, 20250916 15:59:59
20250917093048, META, 840, 20251003, P, 1, 8, 0.0044, 779, 0, 0.3185, 0, 68.25, 20250916 15:59:59
20250917093048, META, 825, 20251003, C, 48, 206, 0.0056, 779, 0, 0.3044, 0, 5.87, 20250916 15:59:59
20250917093048, META, 835, 20251003, P, 0, 0, 0.0048, 779, 0, 0.2993, 0, 0, 20250916 15:59:59
20250917093048, META, 820, 20251003, C, 84, 307, 0.006, 779, 0, 0.3036, 0, 6.88, 20250916 15:59:59
20250917093048, META, 800, 20251003, P, 13, 61, 0.0075, 779, 0, 0.3018, 0, 30.13, 20250916 15:59:59
20250917093048, META, 830, 20251003, C, 186, 294, 0.0052, 779, 0, 0.3058, 0, 5.05, 20250916 15:59:59
20250917093048, META, 795, 20251003, P, 13, 16, 0.0077, 779, 0, 0.3022, 0, 27.8, 20250916 15:59:59
20250917093048, META, 835, 20251003, C, 149, 134, 0.0048, 779, 0, 0.3077, 0, 4.3, 20250916 15:59:59
20250917093048, META, 845, 20251003, P, 0, 0, 0.004, 779, 0, 0.2971, 0, 0, 20250916 15:59:59
20250917093048, META, 850, 20251003, P, 2, 3, 0.0036, 779, 0, 0.2978, 0, 82.1, 20250916 15:59:59
20250917093048, META, 885, 20251003, C, 15, 72, 0.0017, 779, 0, 0.3349, 0, 0.84, 20250916 15:59:59
20250917093048, META, 920, 20251003, P, 0, 0, 0.0009, 779, 0, 0, 0, 0, 20250916 15:59:59
20250917093048, META, 890, 20251003, P, 0, 0, 0.0015, 779, 0, 0.323, 0, 140.02, 20250916 15:59:59
20250917093048, META, 950, 20251003, C, 101, 125, 0.0004, 779, 0, 0.384, 0, 0.15, 20250916 15:59:59
20250917093048, META, 880, 20251003, P, 0, 0, 0.0018, 779, 0, 0.3099, 0, 0, 20250916 15:59:59
20250917093048, META, 960, 20251003, C, 3, 401, 0.0004, 779, 0, 0.3932, 0, 0.16, 20250916 15:59:59
20250917093048, META, 865, 20251003, P, 0, 0, 0.0026, 779, 0, 0.3105, 0, 0, 20250916 15:59:59
20250917093048, META, 910, 20251003, P, 0, 0, 0.0011, 779, 0, 0, 0, 0, 20250916 15:59:59
20250917093048, META, 870, 20251003, C, 349, 411, 0.0023, 779, 0, 0.325, 0, 1.5, 20250916 15:59:59
20250917093048, META, 930, 20251003, P, 0, 0, 0.0006, 779, 0, 0.3987, 0, 0, 20250916 15:59:59
20250917093048, META, 895, 20251003, P, 0, 0, 0.0014, 779, 0, 0.3478, 0, 0, 20250916 15:59:59
20250917093048, META, 940, 20251003, C, 0, 34, 0.0005, 779, 0, 0.3762, 0, 0.1, 20250916 15:59:59
20250917093048, META, 960, 20251003, P, 0, 0, 0, 779, 0, 0.4489, 0, 0, 20250916 15:59:59
20250917093048, META, 920, 20251003, C, 59, 225, 0.0008, 779, 0, 0.3603, 0, 0.32, 20250916 15:59:59
20250917093048, META, 875, 20251003, C, 10, 101, 0.0021, 779, 0, 0.3281, 0, 1.28, 20250916 15:59:59
20250917093048, META, 885, 20251003, P, 0, 0, 0.0016, 779, 0, 0.3194, 0, 136, 20250916 15:59:59
20250917093048, META, 870, 20251003, P, 0, 0, 0.0023, 779, 0, 0.2834, 0, 0, 20250916 15:59:59
20250917093048, META, 970, 20251003, C, 1, 8, 0.0003, 779, 0, 0.4029, 0, 0.1, 20250916 15:59:59
20250917093048, META, 930, 20251003, C, 12, 193, 0.0006, 779, 0, 0.3677, 0, 0.27, 20250916 15:59:59
20250917093048, META, 950, 20251003, P, 0, 0, 0.0002, 779, 0, 0, 0, 0, 20250916 15:59:59
20250917093048, META, 855, 20251003, C, 36, 88, 0.0032, 779, 0, 0.3164, 0, 2.37, 20250916 15:59:59
20250917093048, META, 860, 20251003, P, 0, 0, 0.0029, 779, 0, 0.3094, 0, 0, 20250916 15:59:59
20250917093048, META, 940, 20251003, P, 0, 0, 0.0003, 779, 0, 0, 0, 0, 20250916 15:59:59
20250917093048, META, 895, 20251003, C, 343, 313, 0.0013, 779, 0, 0.3416, 0, 0.74, 20250916 15:59:59
20250917093048, META, 1000, 20251003, C, 1, 118, 0.0002, 779, 0, 0.4268, 0, 0.05, 20250916 15:59:59
20250917093048, META, 550, 20251010, P, 0, 4, 0.0001, 779, 0, 0.5388, 0, 0.24, 20250916 15:59:59
20250917093048, META, 990, 20251003, C, 155, 1000, 0.0002, 779, 0, 0.4188, 0, 0.07, 20250916 15:59:59
20250917093048, META, 555, 20251010, C, 0, 0, 0.0001, 779, 0, 0.5866, 0, 0, 20250916 15:59:59
20250917093048, META, 1000, 20251003, P, 0, 0, 0, 779, 0, 0.5574, 0, 245.26, 20250916 15:59:59
20250917093048, META, 980, 20251003, P, 0, 0, 0, 779, 0, 0, 0, 0, 20250916 15:59:59
20250917093048, META, 550, 20251010, C, 0, 0, 0.0001, 779, 0, 0.6177, 0, 0, 20250916 15:59:59
20250917093048, META, 1010, 20251003, P, 0, 0, 0, 779, 0, 0.5146, 0, 0, 20250916 15:59:59
20250917093048, META, 910, 20251003, C, 88, 278, 0.001, 779, 0, 0.3527, 0, 0.42, 20250916 15:59:59
20250917093048, META, 865, 20251003, C, 42, 217, 0.0026, 779, 0, 0.3222, 0, 1.42, 20250916 15:59:59
20250917093048, META, 860, 20251003, C, 65, 648, 0.0029, 779, 0, 0.319, 0, 2.03, 20250916 15:59:59
20250917093048, META, 890, 20251003, C, 254, 358, 0.0015, 779, 0, 0.3387, 0, 0.84, 20250916 15:59:59
20250917093048, META, 900, 20251003, C, 68, 192, 0.0012, 779, 0, 0.3455, 0, 0.69, 20250916 15:59:59
20250917093048, META, 875, 20251003, P, 0, 0, 0.002, 779, 0, 0.2979, 0, 0, 20250916 15:59:59
20250917093048, META, 970, 20251003, P, 0, 0, 0, 779, 0, 0.494, 0, 0, 20250916 15:59:59
20250917093048, META, 855, 20251003, P, 0, 0, 0.0032, 779, 0, 0.3065, 0, 0, 20250916 15:59:59
20250917093048, META, 900, 20251003, P, 0, 0, 0.0013, 779, 0, 0, 0, 145.78, 20250916 15:59:59
20250917093048, META, 880, 20251003, C, 46, 261, 0.0019, 779, 0, 0.3314, 0, 1.05, 20250916 15:59:59
20250917093048, META, 990, 20251003, P, 0, 0, 0, 779, 0, 0, 0, 235.24, 20250916 15:59:59
20250917093048, META, 560, 20251010, C, 0, 0, 0.0001, 779, 0, 0.6042, 0, 0, 20250916 15:59:59
20250917093048, META, 1010, 20251003, C, 3, 3, 0.0001, 779, 0, 0.4366, 0, 0.08, 20250916 15:59:59
20250917093048, META, 565, 20251010, C, 0, 0, 0.0002, 779, 0, 0.5626, 0, 0, 20250916 15:59:59
20250917093048, META, 555, 20251010, P, 0, 1, 0.0001, 779, 0, 0.5298, 0, 0.34, 20250916 15:59:59
20250917093048, META, 980, 20251003, C, 1, 406, 0.0002, 779, 0, 0.409, 0, 0.11, 20250916 15:59:59
20250917093048, META, 560, 20251010, P, 0, 0, 0.0001, 779, 0, 0.5219, 0, 0, 20250916 15:59:59
20250917093048, META, 565, 20251010, P, 0, 2, 0.0002, 779, 0, 0.5143, 0, 0.32, 20250916 15:59:59
20250917093048, META, 585, 20251010, C, 0, 0, 0.0002, 779, 0, 0.5332, 0, 0, 20250916 15:59:59
20250917093048, META, 570, 20251010, C, 0, 0, 0.0002, 779, 0, 0.5711, 0, 0, 20250916 15:59:59
20250917093048, META, 615, 20251010, P, 0, 36, 0.0004, 779, 0, 0.438, 0, 0.64, 20250916 15:59:59
20250917093048, META, 580, 20251010, C, 0, 0, 0.0002, 779, 0, 0.5346, 0, 0, 20250916 15:59:59
20250917093048, META, 590, 20251010, P, 0, 10, 0.0003, 779, 0, 0.4741, 0, 0.4, 20250916 15:59:59
20250917093048, META, 575, 20251010, P, 0, 0, 0.0002, 779, 0, 0.4984, 0, 0, 20250916 15:59:59
20250917093048, META, 585, 20251010, P, 3, 7, 0.0002, 779, 0, 0.4826, 0, 0.27, 20250916 15:59:59
20250917093048, META, 605, 20251010, C, 0, 0, 0.0004, 779, 0, 0.4829, 0, 0, 20250916 15:59:59
20250917093048, META, 610, 20251010, P, 0, 4, 0.0004, 779, 0, 0.4446, 0, 0.53, 20250916 15:59:59
20250917093048, META, 595, 20251010, P, 20, 22, 0.0003, 779, 0, 0.4673, 0, 0.28, 20250916 15:59:59
20250917093048, META, 570, 20251010, P, 0, 4, 0.0002, 779, 0, 0.5056, 0, 0.55, 20250916 15:59:59
20250917093048, META, 605, 20251010, P, 0, 7, 0.0004, 779, 0, 0.4521, 0, 0.62, 20250916 15:59:59
20250917093048, META, 580, 20251010, P, 0, 6, 0.0002, 779, 0, 0.4907, 0, 0.39, 20250916 15:59:59
20250917093048, META, 600, 20251010, C, 0, 1, 0.0003, 779, 0, 0.5101, 0, 151, 20250916 15:59:59
20250917093048, META, 590, 20251010, C, 0, 0, 0.0003, 779, 0, 0.5361, 0, 0, 20250916 15:59:59
20250917093048, META, 600, 20251010, P, 0, 120, 0.0003, 779, 0, 0.4608, 0, 0.49, 20250916 15:59:59
20250917093048, META, 620, 20251010, C, 0, 3, 0.0005, 779, 0, 0.4655, 0, 136.95, 20250916 15:59:59
20250917093048, META, 595, 20251010, C, 0, 0, 0.0003, 779, 0, 0.5231, 0, 0, 20250916 15:59:59
20250917093048, META, 575, 20251010, C, 0, 1, 0.0002, 779, 0, 0.5547, 0, 181.62, 20250916 15:59:59
20250917093048, META, 610, 20251010, C, 0, 0, 0.0004, 779, 0, 0.4842, 0, 0, 20250916 15:59:59
20250917093048, META, 615, 20251010, C, 0, 4, 0.0004, 779, 0, 0.4688, 0, 145.6, 20250916 15:59:59
20250917093048, META, 620, 20251010, P, 0, 46, 0.0005, 779, 0, 0.4308, 0, 0.58, 20250916 15:59:59
20250917093048, META, 630, 20251010, C, 0, 1, 0.0006, 779, 0, 0.4416, 0, 122.42, 20250916 15:59:59
20250917093048, META, 625, 20251010, C, 0, 0, 0.0005, 779, 0, 0.4568, 0, 0, 20250916 15:59:59
20250917093048, META, 625, 20251010, P, 0, 52, 0.0005, 779, 0, 0.4238, 0, 0.62, 20250916 15:59:59
20250917093048, META, 660, 20251010, C, 0, 2, 0.0011, 779, 0, 0.3717, 0, 104.45, 20250916 15:59:59
20250917093048, META, 645, 20251010, C, 0, 0, 0.0008, 779, 0, 0.4204, 0, 0, 20250916 15:59:59
20250917093048, META, 635, 20251010, C, 0, 0, 0.0006, 779, 0, 0.4325, 0, 0, 20250916 15:59:59
20250917093048, META, 655, 20251010, C, 0, 1, 0.001, 779, 0, 0.3993, 0, 111.25, 20250916 15:59:59
20250917093048, META, 635, 20251010, P, 0, 39, 0.0006, 779, 0, 0.4093, 0, 0.74, 20250916 15:59:59
20250917093048, META, 650, 20251010, P, 46, 116, 0.0009, 779, 0, 0.3893, 0, 0.89, 20250916 15:59:59
20250917093048, META, 645, 20251010, P, 1, 35, 0.0008, 779, 0, 0.396, 0, 0.76, 20250916 15:59:59
20250917093048, META, 640, 20251010, C, 0, 3, 0.0007, 779, 0, 0.3933, 0, 116.9, 20250916 15:59:59
20250917093048, META, 650, 20251010, C, 0, 8, 0.0009, 779, 0, 0.4116, 0, 115.17, 20250916 15:59:59
20250917093048, META, 630, 20251010, P, 1, 64, 0.0006, 779, 0, 0.4165, 0, 0.59, 20250916 15:59:59
20250917093048, META, 640, 20251010, P, 3, 71, 0.0007, 779, 0, 0.4028, 0, 0.72, 20250916 15:59:59
20250917093048, META, 655, 20251010, P, 0, 45, 0.001, 779, 0, 0.3832, 0, 1.11, 20250916 15:59:59
20250917093048, META, 660, 20251010, P, 14, 72, 0.0011, 779, 0, 0.3765, 0, 1.2, 20250916 15:59:59
20250917093048, META, 670, 20251010, P, 31, 92, 0.0013, 779, 0, 0.3654, 0, 1.57, 20250916 15:59:59
20250917093048, META, 665, 20251010, C, 0, 0, 0.0012, 779, 0, 0.363, 0, 0, 20250916 15:59:59
20250917093048, META, 665, 20251010, P, 10, 68, 0.0012, 779, 0, 0.3711, 0, 1.43, 20250916 15:59:59
20250917093048, META, 675, 20251010, C, 0, 10, 0.0015, 779, 0, 0.3521, 0, 84.1, 20250916 15:59:59
20250917093048, META, 670, 20251010, C, 0, 1, 0.0013, 779, 0, 0.3594, 0, 73.7, 20250916 15:59:59
20250917093048, META, 700, 20251010, P, 89, 216, 0.0025, 779, 0, 0.3359, 0, 2.76, 20250916 15:59:59
20250917093048, META, 700, 20251010, C, 5, 233, 0.0025, 779, 0, 0.3257, 0, 76.15, 20250916 15:59:59
20250917093048, META, 705, 20251010, P, 27, 119, 0.0028, 779, 0, 0.3314, 0, 3.35, 20250916 15:59:59
20250917093048, META, 715, 20251010, P, 42, 123, 0.0034, 779, 0, 0.3239, 0, 4.18, 20250916 15:59:59
20250917093048, META, 725, 20251010, P, 97, 252, 0.004, 779, 0, 0.3179, 0, 5.53, 20250916 15:59:59
20250917093048, META, 725, 20251010, C, 2, 16, 0.004, 779, 0, 0.3142, 0, 56.75, 20250916 15:59:59
20250917093048, META, 695, 20251010, C, 0, 0, 0.0023, 779, 0, 0.343, 0, 0, 20250916 15:59:59
20250917093048, META, 685, 20251010, C, 0, 1, 0.0018, 779, 0, 0.3436, 0, 73, 20250916 15:59:59
20250917093048, META, 710, 20251010, C, 2, 6, 0.0031, 779, 0, 0.3197, 0, 70.95, 20250916 15:59:59
20250917093048, META, 695, 20251010, P, 29, 153, 0.0023, 779, 0, 0.34, 0, 2.6, 20250916 15:59:59
20250917093048, META, 720, 20251010, P, 63, 261, 0.0037, 779, 0, 0.3207, 0, 4.8, 20250916 15:59:59
20250917093048, META, 720, 20251010, C, 7, 11, 0.0037, 779, 0, 0.3302, 0, 67.2, 20250916 15:59:59
20250917093048, META, 690, 20251010, C, 3, 4, 0.002, 779, 0, 0.344, 0, 88, 20250916 15:59:59
20250917093048, META, 685, 20251010, P, 8, 43, 0.0018, 779, 0, 0.3496, 0, 1.99, 20250916 15:59:59
20250917093048, META, 710, 20251010, P, 149, 502, 0.0031, 779, 0, 0.3281, 0, 3.8, 20250916 15:59:59
20250917093048, META, 715, 20251010, C, 3, 40, 0.0034, 779, 0, 0.3211, 0, 69.67, 20250916 15:59:59
20250917093048, META, 680, 20251010, P, 63, 251, 0.0017, 779, 0, 0.3545, 0, 1.74, 20250916 15:59:59
20250917093048, META, 705, 20251010, C, 0, 1, 0.0028, 779, 0, 0.339, 0, 60.1, 20250916 15:59:59
20250917093048, META, 690, 20251010, P, 40, 206, 0.0021, 779, 0, 0.3446, 0, 2.32, 20250916 15:59:59
20250917093048, META, 800, 20251010, C, 522, 928, 0.0065, 779, 0, 0.2948, 0, 15.51, 20250916 15:59:59
20250917093048, META, 750, 20251010, C, 131, 267, 0.0056, 779, 0, 0.305, 0, 42.2, 20250916 15:59:59
20250917093048, META, 730, 20251010, C, 16, 123, 0.0043, 779, 0, 0.3204, 0, 51.4, 20250916 15:59:59
20250917093048, META, 760, 20251010, P, 22, 196, 0.0062, 779, 0, 0.3018, 0, 14.5, 20250916 15:59:59
20250917093048, META, 780, 20251010, P, 20, 23, 0.0068, 779, 0, 0.2971, 0, 23.2, 20250916 15:59:59
20250917093048, META, 770, 20251010, P, 323, 286, 0.0066, 779, 0, 0.299, 0, 18.65, 20250916 15:59:59
20250917093048, META, 795, 20251010, P, 0, 3, 0.0068, 779, 0, 0.2952, 0, 42.63, 20250916 15:59:59
20250917093048, META, 800, 20251010, P, 9, 30, 0.0067, 779, 0, 0.2952, 0, 34.8, 20250916 15:59:59
20250917093048, META, 755, 20251010, P, 60, 257, 0.006, 779, 0, 0.3033, 0, 12.62, 20250916 15:59:59
20250917093048, META, 750, 20251010, P, 322, 814, 0.0057, 779, 0, 0.305, 0, 10.75, 20250916 15:59:59
20250917093048, META, 775, 20251010, P, 42, 25, 0.0067, 779, 0, 0.298, 0, 20.35, 20250916 15:59:59
20250917093048, META, 770, 20251010, C, 614, 745, 0.0065, 779, 0, 0.299, 0, 30, 20250916 15:59:59
20250917093048, META, 785, 20251010, P, 24, 24, 0.0068, 779, 0, 0.2965, 0, 26.02, 20250916 15:59:59
20250917093048, META, 790, 20251010, P, 9, 10, 0.0068, 779, 0, 0.2957, 0, 27.95, 20250916 15:59:59
20250917093048, META, 785, 20251010, C, 96, 212, 0.0067, 779, 0, 0.2963, 0, 22.15, 20250916 15:59:59
20250917093048, META, 745, 20251010, P, 17, 235, 0.0054, 779, 0, 0.3072, 0, 10.75, 20250916 15:59:59
20250917093048, META, 765, 20251010, C, 147, 262, 0.0063, 779, 0, 0.2998, 0, 32.51, 20250916 15:59:59
20250917093048, META, 765, 20251010, P, 64, 133, 0.0064, 779, 0, 0.3003, 0, 17.1, 20250916 15:59:59
20250917093048, META, 745, 20251010, C, 6, 83, 0.0053, 779, 0, 0.307, 0, 45.57, 20250916 15:59:59
20250917093048, META, 730, 20251010, P, 135, 161, 0.0044, 779, 0, 0.3147, 0, 6.2, 20250916 15:59:59
20250917093048, META, 775, 20251010, C, 268, 248, 0.0066, 779, 0, 0.2981, 0, 27, 20250916 15:59:59
20250917093048, META, 795, 20251010, C, 75, 60, 0.0066, 779, 0, 0.295, 0, 17.54, 20250916 15:59:59
20250917093048, META, 735, 20251010, P, 25, 204, 0.0047, 779, 0, 0.312, 0, 7.2, 20250916 15:59:59
20250917093048, META, 760, 20251010, C, 450, 532, 0.0061, 779, 0, 0.3017, 0, 35.62, 20250916 15:59:59
20250917093048, META, 790, 20251010, C, 162, 379, 0.0067, 779, 0, 0.2953, 0, 19.72, 20250916 15:59:59
20250917093048, META, 740, 20251010, C, 58, 251, 0.005, 779, 0, 0.3087, 0, 45.92, 20250916 15:59:59
20250917093048, META, 780, 20251010, C, 217, 324, 0.0067, 779, 0, 0.2968, 0, 24.5, 20250916 15:59:59
20250917093048, META, 735, 20251010, C, 1, 90, 0.0046, 779, 0, 0.3112, 0, 46, 20250916 15:59:59
20250917093048, META, 740, 20251010, P, 179, 237, 0.005, 779, 0, 0.3095, 0, 8.8, 20250916 15:59:59
20250917093048, META, 805, 20251010, P, 4, 17, 0.0065, 779, 0, 0.2946, 0, 44.4, 20250916 15:59:59
20250917093048, META, 840, 20251010, P, 0, 0, 0.0046, 779, 0, 0.2928, 0, 0, 20250916 15:59:59
20250917093048, META, 820, 20251010, P, 1, 2, 0.0058, 779, 0, 0.2952, 0, 56.8, 20250916 15:59:59
20250917093048, META, 840, 20251010, C, 74, 95, 0.0044, 779, 0, 0.2972, 0, 5.4, 20250916 15:59:59
20250917093048, META, 855, 20251010, P, 0, 0, 0.0036, 779, 0, 0.2924, 0, 0, 20250916 15:59:59
20250917093048, META, 860, 20251010, C, 24, 71, 0.0032, 779, 0, 0.3026, 0, 3.16, 20250916 15:59:59
20250917093048, META, 855, 20251010, C, 23, 27, 0.0035, 779, 0, 0.3018, 0, 3.8, 20250916 15:59:59
20250917093048, META, 830, 20251010, P, 2, 2, 0.0052, 779, 0, 0.2958, 0, 56.54, 20250916 15:59:59
20250917093048, META, 850, 20251010, C, 184, 340, 0.0038, 779, 0, 0.2994, 0, 4.3, 20250916 15:59:59
20250917093048, META, 850, 20251010, P, 0, 0, 0.0039, 779, 0, 0.2911, 0, 0, 20250916 15:59:59
20250917093048, META, 830, 20251010, C, 20, 157, 0.005, 779, 0, 0.2958, 0, 7.35, 20250916 15:59:59
20250917093048, META, 860, 20251010, P, 0, 0, 0.0033, 779, 0, 0.2918, 0, 0, 20250916 15:59:59
20250917093048, META, 875, 20251010, C, 5, 18, 0.0025, 779, 0, 0.3089, 0, 2.05, 20250916 15:59:59
20250917093048, META, 865, 20251010, P, 0, 0, 0.003, 779, 0, 0.2883, 0, 0, 20250916 15:59:59
20250917093048, META, 870, 20251010, P, 0, 0, 0.0027, 779, 0, 0.2973, 0, 0, 20250916 15:59:59
20250917093048, META, 820, 20251010, C, 122, 123, 0.0056, 779, 0, 0.2947, 0, 9.53, 20250916 15:59:59
20250917093048, META, 835, 20251010, C, 115, 83, 0.0047, 779, 0, 0.2963, 0, 6.3, 20250916 15:59:59
20250917093048, META, 845, 20251010, C, 31, 31, 0.0041, 779, 0, 0.2984, 0, 5, 20250916 15:59:59
20250917093048, META, 870, 20251010, C, 99, 71, 0.0027, 779, 0, 0.3068, 0, 2.2, 20250916 15:59:59
20250917093048, META, 825, 20251010, P, 0, 0, 0.0055, 779, 0, 0.2953, 0, 0, 20250916 15:59:59
20250917093048, META, 815, 20251010, P, 0, 0, 0.0061, 779, 0, 0.2944, 0, 0, 20250916 15:59:59
20250917093048, META, 835, 20251010, P, 0, 0, 0.0049, 779, 0, 0.2871, 0, 0, 20250916 15:59:59
20250917093048, META, 825, 20251010, C, 45, 94, 0.0054, 779, 0, 0.2948, 0, 8.45, 20250916 15:59:59
20250917093048, META, 810, 20251010, C, 123, 360, 0.0061, 779, 0, 0.2942, 0, 12.2, 20250916 15:59:59
20250917093048, META, 845, 20251010, P, 0, 0, 0.0043, 779, 0, 0.2979, 0, 0, 20250916 15:59:59
20250917093048, META, 865, 20251010, C, 10, 85, 0.003, 779, 0, 0.3049, 0, 2.75, 20250916 15:59:59
20250917093048, META, 815, 20251010, C, 247, 207, 0.0059, 779, 0, 0.2944, 0, 10.25, 20250916 15:59:59
20250917093048, META, 810, 20251010, P, 0, 0, 0.0063, 779, 0, 0.2945, 0, 0, 20250916 15:59:59
20250917093048, META, 805, 20251010, C, 187, 138, 0.0063, 779, 0, 0.2945, 0, 13.77, 20250916 15:59:59
20250917093048, META, 875, 20251010, P, 0, 0, 0.0024, 779, 0, 0.2934, 0, 0, 20250916 15:59:59
20250917093048, META, 900, 20251010, C, 150, 243, 0.0015, 779, 0, 0.3206, 0, 1.19, 20250916 15:59:59
20250917093048, META, 890, 20251010, C, 6, 28, 0.0018, 779, 0, 0.3162, 0, 1.55, 20250916 15:59:59
20250917093048, META, 910, 20251010, C, 13, 21, 0.0012, 779, 0, 0.3269, 0, 0.72, 20250916 15:59:59
20250917093048, META, 885, 20251010, P, 0, 0, 0.002, 779, 0, 0.302, 0, 0, 20250916 15:59:59
20250917093048, META, 890, 20251010, P, 0, 0, 0.0018, 779, 0, 0.3008, 0, 0, 20250916 15:59:59
20250917093048, META, 895, 20251010, P, 0, 0, 0.0016, 779, 0, 0.3129, 0, 0, 20250916 15:59:59
20250917093048, META, 895, 20251010, C, 2, 4, 0.0017, 779, 0, 0.3186, 0, 0.89, 20250916 15:59:59
20250917093048, META, 880, 20251010, P, 0, 0, 0.0022, 779, 0, 0.3021, 0, 0, 20250916 15:59:59
20250917093048, META, 900, 20251010, P, 0, 0, 0.0014, 779, 0, 0.3132, 0, 0, 20250916 15:59:59
20250917093048, META, 880, 20251010, C, 17, 35, 0.0022, 779, 0, 0.3114, 0, 1.8, 20250916 15:59:59
20250917093048, META, 885, 20251010, C, 3, 13, 0.002, 779, 0, 0.3136, 0, 1.3, 20250916 15:59:59
20250917093048, META, 910, 20251010, P, 0, 0, 0.0014, 779, 0, 0.333, 0, 0, 20250916 15:59:59
20250917093048, META, 560, 20251017, C, 0, 184, 0.0002, 779, 0, 0.5203, 0, 199, 20250916 15:59:59
20250917093048, META, 550, 20251017, P, 46, 976, 0.0002, 779, 0, 0.5062, 0, 0.27, 20250916 15:59:59
20250917093048, META, 555, 20251017, P, 0, 345, 0.0002, 779, 0, 0.4988, 0, 0.45, 20250916 15:59:59
20250917093048, META, 565, 20251017, C, 0, 99, 0.0002, 779, 0, 0.4133, 0, 189.55, 20250916 15:59:59
20250917093048, META, 1010, 20251010, P, 0, 0, 0, 779, 0, 0, 0, 0, 20250916 15:59:59
20250917093048, META, 555, 20251017, C, 0, 275, 0.0002, 779, 0, 0.5462, 0, 198.85, 20250916 15:59:59
20250917093048, META, 560, 20251017, P, 0, 415, 0.0002, 779, 0, 0.4911, 0, 0.3, 20250916 15:59:59
20250917093048, META, 565, 20251017, P, 0, 362, 0.0002, 779, 0, 0.4837, 0, 0.33, 20250916 15:59:59
20250917093048, META, 570, 20251017, C, 0, 127, 0.0002, 779, 0, 0.5072, 0, 184.6, 20250916 15:59:59
20250917093048, META, 630, 20251017, P, 141, 710, 0.0007, 779, 0, 0.3933, 0, 0.88, 20250916 15:59:59
20250917093048, META, 590, 20251017, P, 3, 398, 0.0003, 779, 0, 0.4467, 0, 0.51, 20250916 15:59:59
20250917093048, META, 575, 20251017, P, 88, 488, 0.0003, 779, 0, 0.468, 0, 0.36, 20250916 15:59:59
20250917093048, META, 625, 20251017, C, 0, 239, 0.0006, 779, 0, 0.4277, 0, 130.25, 20250916 15:59:59
20250917093048, META, 615, 20251017, C, 0, 276, 0.0005, 779, 0, 0.4236, 0, 137.5, 20250916 15:59:59
20250917093048, META, 595, 20251017, C, 0, 212, 0.0004, 779, 0, 0.4805, 0, 159.95, 20250916 15:59:59
20250917093048, META, 615, 20251017, P, 7, 312, 0.0005, 779, 0, 0.413, 0, 0.7, 20250916 15:59:59
20250917093048, META, 625, 20251017, P, 235, 1446, 0.0006, 779, 0, 0.3996, 0, 0.83, 20250916 15:59:59
20250917093048, META, 610, 20251017, P, 71, 545, 0.0005, 779, 0, 0.4205, 0, 0.65, 20250916 15:59:59
20250917093048, META, 605, 20251017, P, 10, 702, 0.0004, 779, 0, 0.4263, 0, 0.58, 20250916 15:59:59
20250917093048, META, 590, 20251017, C, 8, 315, 0.0003, 779, 0, 0.426, 0, 190.05, 20250916 15:59:59
20250917093048, META, 575, 20251017, C, 0, 119, 0.0003, 779, 0, 0.5206, 0, 183.93, 20250916 15:59:59
20250917093048, META, 620, 20251017, C, 2, 185, 0.0006, 779, 0, 0.3988, 0, 148.65, 20250916 15:59:59
20250917093048, META, 580, 20251017, P, 31, 838, 0.0003, 779, 0, 0.4617, 0, 0.4, 20250916 15:59:59
20250917093048, META, 585, 20251017, P, 6, 219, 0.0003, 779, 0, 0.4539, 0, 0.46, 20250916 15:59:59
20250917093048, META, 595, 20251017, P, 14, 400, 0.0004, 779, 0, 0.44, 0, 0.51, 20250916 15:59:59
20250917093048, META, 610, 20251017, C, 0, 146, 0.0005, 779, 0, 0.4418, 0, 157.87, 20250916 15:59:59
20250917093048, META, 585, 20251017, C, 1, 169, 0.0003, 779, 0, 0.469, 0, 191.05, 20250916 15:59:59
20250917093048, META, 600, 20251017, P, 418, 1375, 0.0004, 779, 0, 0.4328, 0, 0.54, 20250916 15:59:59
20250917093048, META, 630, 20251017, C, 0, 379, 0.0007, 779, 0, 0.4166, 0, 123.1, 20250916 15:59:59
20250917093048, META, 600, 20251017, C, 5, 750, 0.0004, 779, 0, 0.4288, 0, 180.75, 20250916 15:59:59
20250917093048, META, 570, 20251017, P, 0, 571, 0.0002, 779, 0, 0.4754, 0, 0.4, 20250916 15:59:59
20250917093048, META, 620, 20251017, P, 28, 1643, 0.0006, 779, 0, 0.4061, 0, 0.73, 20250916 15:59:59
20250917093048, META, 605, 20251017, C, 0, 196, 0.0004, 779, 0, 0.4599, 0, 153.17, 20250916 15:59:59
20250917093048, META, 580, 20251017, C, 0, 251, 0.0003, 779, 0, 0.4774, 0, 174.75, 20250916 15:59:59
20250917093048, META, 635, 20251017, C, 0, 182, 0.0008, 779, 0, 0.3981, 0, 134.2, 20250916 15:59:59
20250917093048, META, 635, 20251017, P, 20, 799, 0.0008, 779, 0, 0.3877, 0, 0.97, 20250916 15:59:59
20250917093048, META, 640, 20251017, P, 253, 1434, 0.0008, 779, 0, 0.3812, 0, 1.12, 20250916 15:59:59
20250917093048, META, 640, 20251017, C, 2, 398, 0.0008, 779, 0, 0.3986, 0, 132.13, 20250916 15:59:59
20250917093048, META, 645, 20251017, P, 169, 738, 0.0009, 779, 0, 0.3761, 0, 1.22, 20250916 15:59:59
20250917093048, META, 645, 20251017, C, 0, 276, 0.0009, 779, 0, 0.3936, 0, 111.1, 20250916 15:59:59
20250917093048, META, 650, 20251017, C, 8, 2123, 0.001, 779, 0, 0.3554, 0, 131.31, 20250916 15:59:59
20250917093048, META, 660, 20251017, P, 67, 1580, 0.0012, 779, 0, 0.3596, 0, 1.57, 20250916 15:59:59
20250917093048, META, 665, 20251017, C, 2, 233, 0.0014, 779, 0, 0.3652, 0, 107.83, 20250916 15:59:59
20250917093048, META, 660, 20251017, C, 0, 445, 0.0012, 779, 0, 0.3674, 0, 98.16, 20250916 15:59:59
20250917093048, META, 655, 20251017, C, 0, 242, 0.0011, 779, 0, 0.3761, 0, 101.75, 20250916 15:59:59
20250917093048, META, 655, 20251017, P, 57, 704, 0.0011, 779, 0, 0.3648, 0, 1.47, 20250916 15:59:59
20250917093048, META, 650, 20251017, P, 162, 1765, 0.001, 779, 0, 0.37, 0, 1.26, 20250916 15:59:59
20250917093048, META, 690, 20251017, C, 17, 528, 0.0022, 779, 0, 0.3265, 0, 94, 20250916 15:59:59
20250917093048, META, 700, 20251017, C, 73, 1089, 0.0026, 779, 0, 0.3245, 0, 85.75, 20250916 15:59:59
20250917093048, META, 705, 20251017, P, 141, 975, 0.0029, 779, 0, 0.323, 0, 4.67, 20250916 15:59:59
20250917093048, META, 705, 20251017, C, 2, 410, 0.0028, 779, 0, 0.3156, 0, 78.5, 20250916 15:59:59
20250917093048, META, 710, 20251017, C, 21, 669, 0.0031, 779, 0, 0.3178, 0, 78, 20250916 15:59:59
20250917093048, META, 685, 20251017, P, 123, 893, 0.002, 779, 0, 0.3376, 0, 2.8, 20250916 15:59:59
20250917093048, META, 690, 20251017, P, 290, 1253, 0.0022, 779, 0, 0.3332, 0, 3.15, 20250916 15:59:59
20250917093048, META, 675, 20251017, P, 64, 1110, 0.0016, 779, 0, 0.3454, 0, 2.31, 20250916 15:59:59
20250917093048, META, 665, 20251017, P, 53, 1243, 0.0014, 779, 0, 0.3548, 0, 1.83, 20250916 15:59:59
20250917093048, META, 670, 20251017, C, 4, 204, 0.0015, 779, 0, 0.3393, 0, 109.68, 20250916 15:59:59
20250917093048, META, 675, 20251017, C, 403, 558, 0.0016, 779, 0, 0.343, 0, 109.15, 20250916 15:59:59
20250917093048, META, 685, 20251017, C, 4, 516, 0.002, 779, 0, 0.3399, 0, 92.61, 20250916 15:59:59
20250917093048, META, 710, 20251017, P, 324, 1418, 0.0031, 779, 0, 0.3199, 0, 5.35, 20250916 15:59:59
20250917093048, META, 680, 20251017, C, 8, 1040, 0.0018, 779, 0, 0.3313, 0, 102.55, 20250916 15:59:59
20250917093048, META, 695, 20251017, P, 170, 1202, 0.0024, 779, 0, 0.3301, 0, 3.65, 20250916 15:59:59
20250917093048, META, 700, 20251017, P, 1275, 4703, 0.0026, 779, 0, 0.3263, 0, 4.35, 20250916 15:59:59
20250917093048, META, 695, 20251017, C, 8, 1583, 0.0024, 779, 0, 0.3298, 0, 85.1, 20250916 15:59:59
20250917093048, META, 670, 20251017, P, 232, 1741, 0.0015, 779, 0, 0.3501, 0, 2.1, 20250916 15:59:59
20250917093048, META, 680, 20251017, P, 116, 1581, 0.0018, 779, 0, 0.3412, 0, 2.58, 20250916 15:59:59
20250917093048, META, 720, 20251017, C, 45, 1175, 0.0036, 779, 0, 0.3108, 0, 67.08, 20250916 15:59:59
20250917093048, META, 715, 20251017, C, 25, 529, 0.0033, 779, 0, 0.3152, 0, 71.85, 20250916 15:59:59
20250917093048, META, 715, 20251017, P, 277, 1124, 0.0034, 779, 0, 0.317, 0, 6.08, 20250916 15:59:59
20250917093048, META, 725, 20251017, C, 25, 878, 0.0038, 779, 0, 0.3069, 0, 65.7, 20250916 15:59:59
20250917093048, META, 720, 20251017, P, 259, 2101, 0.0036, 779, 0, 0.3143, 0, 6.62, 20250916 15:59:59
20250917093048, META, 725, 20251017, P, 366, 1266, 0.0039, 779, 0, 0.3116, 0, 7.75, 20250916 15:59:59
20250917093048, META, 765, 20251017, P, 208, 782, 0.0058, 779, 0, 0.2971, 0, 19.4, 20250916 15:59:59
20250917093048, META, 740, 20251017, C, 272, 1304, 0.0046, 779, 0, 0.3049, 0, 52.39, 20250916 15:59:59
20250917093048, META, 735, 20251017, C, 42, 498, 0.0044, 779, 0, 0.3012, 0, 57.4, 20250916 15:59:59
20250917093048, META, 755, 20251017, P, 215, 824, 0.0054, 779, 0, 0.2996, 0, 15.18, 20250916 15:59:59
20250917093048, META, 745, 20251017, P, 86, 859, 0.0049, 779, 0, 0.3033, 0, 12.37, 20250916 15:59:59
20250917093048, META, 730, 20251017, C, 32, 869, 0.0041, 779, 0, 0.3071, 0, 60, 20250916 15:59:59
20250917093048, META, 745, 20251017, C, 106, 733, 0.0049, 779, 0, 0.3027, 0, 48.4, 20250916 15:59:59
20250917093048, META, 755, 20251017, C, 220, 1089, 0.0053, 779, 0, 0.2996, 0, 42.05, 20250916 15:59:59
20250917093048, META, 750, 20251017, C, 575, 2212, 0.0051, 779, 0, 0.3008, 0, 45.75, 20250916 15:59:59
20250917093048, META, 730, 20251017, P, 123, 1246, 0.0042, 779, 0, 0.3094, 0, 8.83, 20250916 15:59:59
20250917093048, META, 740, 20251017, P, 223, 1651, 0.0047, 779, 0, 0.3048, 0, 11.15, 20250916 15:59:59
20250917093048, META, 760, 20251017, P, 109, 910, 0.0056, 779, 0, 0.2985, 0, 16.19, 20250916 15:59:59
20250917093048, META, 735, 20251017, P, 265, 1242, 0.0044, 779, 0, 0.3072, 0, 9.8, 20250916 15:59:59
20250917093048, META, 760, 20251017, C, 666, 2050, 0.0055, 779, 0, 0.2977, 0, 39.1, 20250916 15:59:59
20250917093048, META, 750, 20251017, P, 281, 2021, 0.0052, 779, 0, 0.3012, 0, 13.99, 20250916 15:59:59
20250917093048, META, 765, 20251017, C, 699, 961, 0.0056, 779, 0, 0.2967, 0, 35.7, 20250916 15:59:59
20250917093048, META, 770, 20251017, C, 1264, 3651, 0.0058, 779, 0, 0.2958, 0, 32.77, 20250916 15:59:59
20250917093048, META, 780, 20251017, C, 972, 2143, 0.0059, 779, 0, 0.2936, 0, 27.48, 20250916 15:59:59
20250917093048, META, 775, 20251017, P, 677, 1153, 0.006, 779, 0, 0.295, 0, 23.6, 20250916 15:59:59
20250917093048, META, 775, 20251017, C, 902, 3572, 0.0059, 779, 0, 0.2943, 0, 30.25, 20250916 15:59:59
20250917093048, META, 770, 20251017, P, 165, 437, 0.0059, 779, 0, 0.2959, 0, 20.72, 20250916 15:59:59
20250917093048, META, 790, 20251017, C, 736, 2023, 0.006, 779, 0, 0.2926, 0, 22.75, 20250916 15:59:59
20250917093048, META, 840, 20251017, C, 196, 2083, 0.0044, 779, 0, 0.2929, 0, 7.5, 20250916 15:59:59
20250917093048, META, 840, 20251017, P, 1, 65, 0.0046, 779, 0, 0.2938, 0, 66, 20250916 15:59:59
20250917093048, META, 815, 20251017, C, 268, 846, 0.0054, 779, 0, 0.291, 0, 13.55, 20250916 15:59:59
20250917093048, META, 800, 20251017, C, 2933, 7378, 0.0058, 779, 0, 0.291, 0, 18.65, 20250916 15:59:59
20250917093048, META, 815, 20251017, P, 0, 83, 0.0056, 779, 0, 0.291, 0, 66.55, 20250916 15:59:59
20250917093048, META, 785, 20251017, P, 29, 178, 0.0061, 779, 0, 0.2932, 0, 27.37, 20250916 15:59:59
20250917093048, META, 820, 20251017, C, 881, 2651, 0.0053, 779, 0, 0.2914, 0, 12.12, 20250916 15:59:59
20250917093048, META, 835, 20251017, C, 95, 1175, 0.0046, 779, 0, 0.2923, 0, 8.3, 20250916 15:59:59
20250917093048, META, 830, 20251017, P, 0, 87, 0.005, 779, 0, 0.293, 0, 66.45, 20250916 15:59:59
20250917093048, META, 835, 20251017, P, 0, 7, 0.0048, 779, 0, 0.2897, 0, 75, 20250916 15:59:59
20250917093048, META, 805, 20251017, P, 1, 31, 0.0059, 779, 0, 0.2913, 0, 40.64, 20250916 15:59:59
20250917093048, META, 785, 20251017, C, 593, 775, 0.006, 779, 0, 0.2933, 0, 25.05, 20250916 15:59:59
20250917093048, META, 790, 20251017, P, 43, 476, 0.0061, 779, 0, 0.2925, 0, 29.94, 20250916 15:59:59
20250917093048, META, 820, 20251017, P, 0, 177, 0.0055, 779, 0, 0.2918, 0, 61.6, 20250916 15:59:59
20250917093048, META, 800, 20251017, P, 54, 398, 0.006, 779, 0, 0.2918, 0, 36.9, 20250916 15:59:59
20250917093048, META, 825, 20251017, C, 650, 843, 0.005, 779, 0, 0.2913, 0, 10.85, 20250916 15:59:59
20250917093048, META, 810, 20251017, P, 3, 155, 0.0058, 779, 0, 0.2911, 0, 48.9, 20250916 15:59:59
20250917093048, META, 825, 20251017, P, 0, 41, 0.0053, 779, 0, 0.2938, 0, 62.5, 20250916 15:59:59
20250917093048, META, 780, 20251017, P, 86, 433, 0.0061, 779, 0, 0.2938, 0, 24.87, 20250916 15:59:59
20250917093048, META, 795, 20251017, P, 41, 164, 0.0061, 779, 0, 0.2922, 0, 34.32, 20250916 15:59:59
20250917093048, META, 830, 20251017, C, 336, 932, 0.0048, 779, 0, 0.2915, 0, 9.68, 20250916 15:59:59
20250917093048, META, 805, 20251017, C, 81, 610, 0.0057, 779, 0, 0.2915, 0, 16.7, 20250916 15:59:59
20250917093048, META, 810, 20251017, C, 2234, 2698, 0.0056, 779, 0, 0.2911, 0, 15.07, 20250916 15:59:59
20250917093048, META, 795, 20251017, C, 148, 737, 0.0059, 779, 0, 0.2918, 0, 20.8, 20250916 15:59:59
20250917093048, META, 920, 20251017, C, 9, 228, 0.0013, 779, 0, 0.3182, 0, 1.02, 20250916 15:59:59
20250917093048, META, 920, 20251017, P, 0, 0, 0.0014, 779, 0, 0.2932, 0, 143.26, 20250916 15:59:59
20250917093048, META, 925, 20251017, C, 87, 146, 0.0012, 779, 0, 0.3209, 0, 1.07, 20250916 15:59:59
20250917093048, META, 975, 20251017, C, 1, 70, 0.0005, 779, 0, 0.3455, 0, 0.28, 20250916 15:59:59
20250917093048, META, 955, 20251017, P, 0, 0, 0.0005, 779, 0, 0, 0, 0, 20250916 15:59:59
20250917093048, META, 945, 20251017, C, 0, 105, 0.0008, 779, 0, 0.33, 0, 0.51, 20250916 15:59:59
20250917093048, META, 940, 20251017, C, 14, 491, 0.0009, 779, 0, 0.3277, 0, 0.68, 20250916 15:59:59
20250917093048, META, 970, 20251017, C, 51, 256, 0.0006, 779, 0, 0.343, 0, 0.37, 20250916 15:59:59
20250917093048, META, 955, 20251017, C, 0, 71, 0.0007, 779, 0, 0.3346, 0, 0.42, 20250916 15:59:59
20250917093048, META, 970, 20251017, P, 0, 0, 0.0001, 779, 0, 0, 0, 218.15, 20250916 15:59:59
20250917093048, META, 945, 20251017, P, 0, 0, 0.0008, 779, 0, 0, 0, 193.15, 20250916 15:59:59
20250917093048, META, 950, 20251017, C, 209, 1209, 0.0008, 779, 0, 0.3324, 0, 0.69, 20250916 15:59:59
20250917093048, META, 930, 20251017, C, 0, 282, 0.0011, 779, 0, 0.323, 0, 0.62, 20250916 15:59:59
20250917093048, META, 985, 20251017, P, 0, 0, 0, 779, 0, 0, 0, 0, 20250916 15:59:59
20250917093048, META, 985, 20251017, C, 15, 79, 0.0004, 779, 0, 0.3508, 0, 0.29, 20250916 15:59:59
20250917093048, META, 960, 20251017, P, 0, 0, 0.0004, 779, 0, 0, 0, 208.15, 20250916 15:59:59
20250917093048, META, 960, 20251017, C, 3, 104, 0.0007, 779, 0, 0.3375, 0, 0.5, 20250916 15:59:59
20250917093048, META, 965, 20251017, P, 0, 0, 0.0002, 779, 0, 0, 0, 0, 20250916 15:59:59
20250917093048, META, 990, 20251017, P, 0, 0, 0, 779, 0, 0, 0, 366.86, 20250916 15:59:59
20250917093048, META, 935, 20251017, C, 13, 160, 0.001, 779, 0, 0.3252, 0, 0.72, 20250916 15:59:59
20250917093048, META, 950, 20251017, P, 0, 0, 0.0007, 779, 0, 0.3797, 0, 0, 20250916 15:59:59
20250917093048, META, 925, 20251017, P, 0, 0, 0.0013, 779, 0, 0.3334, 0, 163.4, 20250916 15:59:59
20250917093048, META, 965, 20251017, C, 1, 61, 0.0006, 779, 0, 0.3403, 0, 0.44, 20250916 15:59:59
20250917093048, META, 940, 20251017, P, 0, 0, 0.0009, 779, 0, 0.3504, 0, 197.9, 20250916 15:59:59
20250917093048, META, 980, 20251017, P, 0, 0, 0, 779, 0, 0, 0, 193.12, 20250916 15:59:59
20250917093048, META, 935, 20251017, P, 0, 0, 0.001, 779, 0, 0.3485, 0, 207.95, 20250916 15:59:59
20250917093048, META, 980, 20251017, C, 1, 166, 0.0005, 779, 0, 0.3479, 0, 0.35, 20250916 15:59:59
20250917093048, META, 930, 20251017, P, 0, 0, 0.0012, 779, 0, 0, 0, 141.57, 20250916 15:59:59
20250917093048, META, 990, 20251017, C, 1, 1176, 0.0004, 779, 0, 0.3544, 0, 0.29, 20250916 15:59:59
20250917093048, META, 975, 20251017, P, 0, 0, 0, 779, 0, 0, 0, 0, 20250916 15:59:59
20250917093048, META, 1000, 20251017, P, 0, 0, 0, 779, 0, 0, 0, 211.68, 20250916 15:59:59
20250917093048, META, 1000, 20251017, C, 14, 1658, 0.0004, 779, 0, 0.3591, 0, 0.24, 20250916 15:59:59
20250917093048, META, 995, 20251017, P, 0, 0, 0, 779, 0, 0, 0, 243.2, 20250916 15:59:59
20250917093048, META, 995, 20251017, C, 10, 78, 0.0004, 779, 0, 0.3566, 0, 0.26, 20250916 15:59:59
