20250917093048, MSFT, 380, 20250919, P, 0, 2817, 0, 509.04, 0, 0.9837, 0, 0.01, 20250916 15:59:59
20250917093048, MSFT, 400, 20250919, C, 4, 2382, 0.0001, 509.04, 0, 1.0848, 0, 112.5, 20250916 15:59:59
20250917093048, MSFT, 415, 20250919, C, 3, 49, 0.0001, 509.04, 0, 0, 0, 95.15, 20250916 15:59:59
20250917093048, MSFT, 385, 20250919, C, 0, 19, 0, 509.04, 0, 1.332, 0, 129, 20250916 15:59:59
20250917093048, MSFT, 420, 20250919, P, 43, 2665, 0.0002, 509.04, 0, 0.7287, 0, 0.01, 20250916 15:59:59
20250917093048, MSFT, 390, 20250919, P, 2, 3625, 0.0001, 509.04, 0, 0.9018, 0, 0.01, 20250916 15:59:59
20250917093048, MSFT, 405, 20250919, C, 3, 15, 0.0001, 509.04, 0, 1.0837, 0, 104.92, 20250916 15:59:59
20250917093048, MSFT, 390, 20250919, C, 2, 1414, 0.0001, 509.04, 0, 1.3967, 0, 122.35, 20250916 15:59:59
20250917093048, MSFT, 415, 20250919, P, 56, 372, 0.0001, 509.04, 0, 0.7702, 0, 0.01, 20250916 15:59:59
20250917093048, MSFT, 365, 20250919, P, 0, 1022, 0, 509.04, 0, 1.1101, 0, 0.01, 20250916 15:59:59
20250917093048, MSFT, 385, 20250919, P, 5, 100, 0, 509.04, 0, 0.9425, 0, 0.01, 20250916 15:59:59
20250917093048, MSFT, 395, 20250919, C, 0, 23, 0.0001, 509.04, 0, 1.3366, 0, 104.65, 20250916 15:59:59
20250917093048, MSFT, 425, 20250919, P, 8, 471, 0.0002, 509.04, 0, 0.6876, 0, 0.02, 20250916 15:59:59
20250917093048, MSFT, 365, 20250919, C, 0, 4, 0, 509.04, 0, 1.691, 0, 129.37, 20250916 15:59:59
20250917093048, MSFT, 375, 20250919, C, 0, 34, 0, 509.04, 0, 1.5653, 0, 137.86, 20250916 15:59:59
20250917093048, MSFT, 375, 20250919, P, 5, 183, 0, 509.04, 0, 1.0253, 0, 0.01, 20250916 15:59:59
20250917093048, MSFT, 410, 20250919, P, 11, 2515, 0.0001, 509.04, 0, 0.743, 0, 0.01, 20250916 15:59:59
20250917093048, MSFT, 380, 20250919, C, 1, 1039, 0, 509.04, 0, 0, 0, 130.68, 20250916 15:59:59
20250917093048, MSFT, 360, 20250919, P, 10, 5933, 0, 509.04, 0, 1.1532, 0, 0.01, 20250916 15:59:59
20250917093048, MSFT, 370, 20250919, C, 15, 684, 0, 509.04, 0, 1.3867, 0, 140, 20250916 15:59:59
20250917093048, MSFT, 425, 20250919, C, 2, 85, 0.0002, 509.04, 0, 0, 0, 86.42, 20250916 15:59:59
20250917093048, MSFT, 360, 20250919, C, 6, 464, 0, 509.04, 0, 1.4597, 0, 151.9, 20250916 15:59:59
20250917093048, MSFT, 405, 20250919, P, 3, 231, 0.0001, 509.04, 0, 0.7821, 0, 0.01, 20250916 15:59:59
20250917093048, MSFT, 410, 20250919, C, 25, 1685, 0.0001, 509.04, 0, 1.0292, 0, 100.83, 20250916 15:59:59
20250917093048, MSFT, 370, 20250919, P, 0, 5871, 0, 509.04, 0, 1.0675, 0, 0.01, 20250916 15:59:59
20250917093048, MSFT, 395, 20250919, P, 0, 580, 0.0001, 509.04, 0, 0.9089, 0, 0.03, 20250916 15:59:59
20250917093048, MSFT, 400, 20250919, P, 42, 5441, 0.0001, 509.04, 0, 0.8216, 0, 0.01, 20250916 15:59:59
20250917093048, MSFT, 420, 20250919, C, 88, 3153, 0.0002, 509.04, 0, 0.7199, 0, 89.45, 20250916 15:59:59
20250917093048, MSFT, 427.5, 20250919, C, 2, 1, 0.0002, 509.04, 0, 0, 0, 81.94, 20250916 15:59:59
20250917093048, MSFT, 427.5, 20250919, P, 14, 54, 0.0002, 509.04, 0, 0.6671, 0, 0.02, 20250916 15:59:59
20250917093048, MSFT, 447.5, 20250919, P, 0, 16, 0.0006, 509.04, 0, 0.5659, 0, 0.03, 20250916 15:59:59
20250917093048, MSFT, 452.5, 20250919, C, 0, 0, 0.0008, 509.04, 0, 0.653, 0, 0, 20250916 15:59:59
20250917093048, MSFT, 440, 20250919, P, 25, 4692, 0.0004, 509.04, 0, 0.6149, 0, 0.04, 20250916 15:59:59
20250917093048, MSFT, 462.5, 20250919, C, 0, 1, 0.0013, 509.04, 0, 0, 0, 49.99, 20250916 15:59:59
20250917093048, MSFT, 450, 20250919, P, 51, 7135, 0.0007, 509.04, 0, 0.5441, 0, 0.05, 20250916 15:59:59
20250917093048, MSFT, 437.5, 20250919, P, 45, 55, 0.0004, 509.04, 0, 0.6151, 0, 0.03, 20250916 15:59:59
20250917093048, MSFT, 435, 20250919, P, 77, 615, 0.0003, 509.04, 0, 0.6361, 0, 0.03, 20250916 15:59:59
20250917093048, MSFT, 440, 20250919, C, 31, 2157, 0.0004, 509.04, 0, 0.7316, 0, 70.13, 20250916 15:59:59
20250917093048, MSFT, 437.5, 20250919, C, 0, 0, 0.0004, 509.04, 0, 0.8259, 0, 0, 20250916 15:59:59
20250917093048, MSFT, 445, 20250919, P, 3, 1301, 0.0005, 509.04, 0, 0.572, 0, 0.04, 20250916 15:59:59
20250917093048, MSFT, 462.5, 20250919, P, 15, 689, 0.0013, 509.04, 0, 0.4637, 0, 0.06, 20250916 15:59:59
20250917093048, MSFT, 447.5, 20250919, C, 0, 0, 0.0006, 509.04, 0, 0, 0, 0, 20250916 15:59:59
20250917093048, MSFT, 455, 20250919, C, 3, 80, 0.0009, 509.04, 0, 0.5627, 0, 56.92, 20250916 15:59:59
20250917093048, MSFT, 455, 20250919, P, 11, 1603, 0.0009, 509.04, 0, 0.5124, 0, 0.06, 20250916 15:59:59
20250917093048, MSFT, 430, 20250919, P, 12, 5102, 0.0003, 509.04, 0, 0.6784, 0, 0.02, 20250916 15:59:59
20250917093048, MSFT, 460, 20250919, P, 69, 4588, 0.0011, 509.04, 0, 0.4778, 0, 0.05, 20250916 15:59:59
20250917093048, MSFT, 430, 20250919, C, 46, 3179, 0.0003, 509.04, 0, 0.7701, 0, 79, 20250916 15:59:59
20250917093048, MSFT, 457.5, 20250919, C, 0, 0, 0.001, 509.04, 0, 0.4243, 0, 0, 20250916 15:59:59
20250917093048, MSFT, 435, 20250919, C, 2, 62, 0.0003, 509.04, 0, 0.7835, 0, 75.57, 20250916 15:59:59
20250917093048, MSFT, 432.5, 20250919, C, 0, 0, 0.0003, 509.04, 0, 0.8263, 0, 0, 20250916 15:59:59
20250917093048, MSFT, 442.5, 20250919, C, 0, 0, 0.0005, 509.04, 0, 0.7352, 0, 0, 20250916 15:59:59
20250917093048, MSFT, 450, 20250919, C, 63, 5279, 0.0007, 509.04, 0, 0, 0, 60.05, 20250916 15:59:59
20250917093048, MSFT, 457.5, 20250919, P, 6, 240, 0.001, 509.04, 0, 0.5002, 0, 0.07, 20250916 15:59:59
20250917093048, MSFT, 432.5, 20250919, P, 0, 86, 0.0003, 509.04, 0, 0.6572, 0, 0.05, 20250916 15:59:59
20250917093048, MSFT, 445, 20250919, C, 2, 85, 0.0005, 509.04, 0, 0, 0, 68.75, 20250916 15:59:59
20250917093048, MSFT, 452.5, 20250919, P, 0, 495, 0.0008, 509.04, 0, 0.5345, 0, 0.03, 20250916 15:59:59
20250917093048, MSFT, 465, 20250919, P, 74, 2654, 0.0015, 509.04, 0, 0.4482, 0, 0.09, 20250916 15:59:59
20250917093048, MSFT, 465, 20250919, C, 6, 2037, 0.0015, 509.04, 0, 0, 0, 48.09, 20250916 15:59:59
20250917093048, MSFT, 442.5, 20250919, P, 2, 104, 0.0005, 509.04, 0, 0.5934, 0, 0.04, 20250916 15:59:59
20250917093048, MSFT, 460, 20250919, C, 21, 1564, 0.0011, 509.04, 0, 0.6622, 0, 52.02, 20250916 15:59:59
20250917093048, MSFT, 480, 20250919, P, 1354, 5365, 0.0044, 509.04, 0, 0.3523, 0, 0.19, 20250916 15:59:59
20250917093048, MSFT, 485, 20250919, C, 50, 1691, 0.0067, 509.04, 0, 0.3078, 0, 25.18, 20250916 15:59:59
20250917093048, MSFT, 470, 20250919, P, 343, 3065, 0.0021, 509.04, 0, 0.4138, 0, 0.11, 20250916 15:59:59
20250917093048, MSFT, 467.5, 20250919, C, 8, 6, 0.0018, 509.04, 0, 0.3779, 0, 43.33, 20250916 15:59:59
20250917093048, MSFT, 470, 20250919, C, 35, 3557, 0.0021, 509.04, 0, 0.4145, 0, 40.35, 20250916 15:59:59
20250917093048, MSFT, 477.5, 20250919, P, 212, 549, 0.0036, 509.04, 0, 0.3677, 0, 0.16, 20250916 15:59:59
20250917093048, MSFT, 485, 20250919, P, 685, 5030, 0.0067, 509.04, 0, 0.3262, 0, 0.29, 20250916 15:59:59
20250917093048, MSFT, 475, 20250919, C, 412, 2449, 0.003, 509.04, 0, 0.2503, 0, 38.35, 20250916 15:59:59
20250917093048, MSFT, 482.5, 20250919, C, 0, 112, 0.0054, 509.04, 0, 0.3976, 0, 30.75, 20250916 15:59:59
20250917093048, MSFT, 475, 20250919, P, 511, 4154, 0.003, 509.04, 0, 0.3826, 0, 0.13, 20250916 15:59:59
20250917093048, MSFT, 480, 20250919, C, 176, 2519, 0.0044, 509.04, 0, 0.3036, 0, 29.83, 20250916 15:59:59
20250917093048, MSFT, 467.5, 20250919, P, 17, 262, 0.0018, 509.04, 0, 0.4314, 0, 0.1, 20250916 15:59:59
20250917093048, MSFT, 472.5, 20250919, C, 0, 5, 0.0025, 509.04, 0, 0.3754, 0, 39.47, 20250916 15:59:59
20250917093048, MSFT, 477.5, 20250919, C, 0, 28, 0.0036, 509.04, 0, 0.3106, 0, 34, 20250916 15:59:59
20250917093048, MSFT, 472.5, 20250919, P, 384, 1018, 0.0025, 509.04, 0, 0.4003, 0, 0.12, 20250916 15:59:59
20250917093048, MSFT, 482.5, 20250919, P, 399, 411, 0.0054, 509.04, 0, 0.339, 0, 0.24, 20250916 15:59:59
20250917093048, MSFT, 490, 20250919, C, 481, 2746, 0.0104, 509.04, 0, 0.2992, 0, 19.95, 20250916 15:59:59
20250917093048, MSFT, 490, 20250919, P, 1097, 10843, 0.0105, 509.04, 0, 0.3039, 0, 0.5, 20250916 15:59:59
20250917093048, MSFT, 487.5, 20250919, P, 491, 1165, 0.0084, 509.04, 0, 0.3138, 0, 0.38, 20250916 15:59:59
20250917093048, MSFT, 487.5, 20250919, C, 48, 73, 0.0083, 509.04, 0, 0.3167, 0, 23.08, 20250916 15:59:59
20250917093048, MSFT, 492.5, 20250919, C, 4, 148, 0.013, 509.04, 0, 0.2917, 0, 17.7, 20250916 15:59:59
20250917093048, MSFT, 495, 20250919, C, 94, 1997, 0.0162, 509.04, 0, 0.2756, 0, 15.72, 20250916 15:59:59
20250917093048, MSFT, 507.5, 20250919, P, 2502, 1867, 0.0341, 509.04, 0, 0.2522, 0, 3.79, 20250916 15:59:59
20250917093048, MSFT, 505, 20250919, P, 2187, 4460, 0.0316, 509.04, 0, 0.2558, 0, 2.86, 20250916 15:59:59
20250917093048, MSFT, 510, 20250919, C, 6149, 11889, 0.0345, 509.04, 0, 0.2485, 0, 4.3, 20250916 15:59:59
20250917093048, MSFT, 500, 20250919, C, 685, 10149, 0.0238, 509.04, 0, 0.2651, 0, 11.19, 20250916 15:59:59
20250917093048, MSFT, 507.5, 20250919, C, 956, 2475, 0.0336, 509.04, 0, 0.2516, 0, 5.73, 20250916 15:59:59
20250917093048, MSFT, 510, 20250919, P, 4475, 8062, 0.0351, 509.04, 0, 0.2484, 0, 4.95, 20250916 15:59:59
20250917093048, MSFT, 492.5, 20250919, P, 1080, 1459, 0.0131, 509.04, 0, 0.2931, 0, 0.66, 20250916 15:59:59
20250917093048, MSFT, 502.5, 20250919, C, 269, 1185, 0.0277, 509.04, 0, 0.2592, 0, 9.45, 20250916 15:59:59
20250917093048, MSFT, 497.5, 20250919, C, 42, 419, 0.0198, 509.04, 0, 0.2729, 0, 13.56, 20250916 15:59:59
20250917093048, MSFT, 497.5, 20250919, P, 1450, 1425, 0.02, 509.04, 0, 0.2755, 0, 1.17, 20250916 15:59:59
20250917093048, MSFT, 502.5, 20250919, P, 1296, 1519, 0.0281, 509.04, 0, 0.2615, 0, 2.1, 20250916 15:59:59
20250917093048, MSFT, 500, 20250919, P, 4143, 11926, 0.0241, 509.04, 0, 0.268, 0, 1.58, 20250916 15:59:59
20250917093048, MSFT, 505, 20250919, C, 1074, 3928, 0.0311, 509.04, 0, 0.2543, 0, 7.22, 20250916 15:59:59
20250917093048, MSFT, 495, 20250919, P, 1943, 5478, 0.0163, 509.04, 0, 0.284, 0, 0.87, 20250916 15:59:59
20250917093048, MSFT, 512.5, 20250919, P, 1858, 1248, 0.0343, 509.04, 0, 0.2477, 0, 6.39, 20250916 15:59:59
20250917093048, MSFT, 515, 20250919, P, 1775, 1793, 0.0317, 509.04, 0, 0.2477, 0, 7.95, 20250916 15:59:59
20250917093048, MSFT, 515, 20250919, C, 15458, 11449, 0.0312, 509.04, 0, 0.2466, 0, 2.32, 20250916 15:59:59
20250917093048, MSFT, 512.5, 20250919, C, 6933, 4529, 0.0337, 509.04, 0, 0.2474, 0, 3.21, 20250916 15:59:59
20250917093048, MSFT, 517.5, 20250919, C, 5632, 3697, 0.0275, 509.04, 0, 0.2473, 0, 1.72, 20250916 15:59:59
20250917093048, MSFT, 527.5, 20250919, C, 4268, 3759, 0.0114, 509.04, 0, 0.2588, 0, 0.38, 20250916 15:59:59
20250917093048, MSFT, 560, 20250919, P, 0, 0, 0, 509.04, 0, 0, 0, 59.5, 20250916 15:59:59
20250917093048, MSFT, 562.5, 20250919, C, 408, 615, 0.0004, 509.04, 0, 0.3926, 0, 0.02, 20250916 15:59:59
20250917093048, MSFT, 530, 20250919, C, 19921, 32383, 0.0086, 509.04, 0, 0.2639, 0, 0.25, 20250916 15:59:59
20250917093048, MSFT, 540, 20250919, C, 1752, 14828, 0.0026, 509.04, 0, 0.2902, 0, 0.07, 20250916 15:59:59
20250917093048, MSFT, 532.5, 20250919, C, 1406, 1820, 0.0064, 509.04, 0, 0.2677, 0, 0.18, 20250916 15:59:59
20250917093048, MSFT, 557.5, 20250919, C, 2, 329, 0.0005, 509.04, 0, 0.3607, 0, 0.01, 20250916 15:59:59
20250917093048, MSFT, 517.5, 20250919, P, 187, 304, 0.0279, 509.04, 0, 0.2466, 0, 9.1, 20250916 15:59:59
20250917093048, MSFT, 542.5, 20250919, P, 0, 0, 0.001, 509.04, 0, 0.3442, 0, 31.73, 20250916 15:59:59
20250917093048, MSFT, 520, 20250919, P, 199, 2453, 0.0234, 509.04, 0, 0.2435, 0, 11.5, 20250916 15:59:59
20250917093048, MSFT, 545, 20250919, P, 1, 1, 0.0006, 509.04, 0, 0.4034, 0, 32.9, 20250916 15:59:59
20250917093048, MSFT, 535, 20250919, P, 31, 153, 0.0042, 509.04, 0, 0, 0, 24.38, 20250916 15:59:59
20250917093048, MSFT, 550, 20250919, C, 1498, 9658, 0.001, 509.04, 0, 0.3287, 0, 0.03, 20250916 15:59:59
20250917093048, MSFT, 555, 20250919, C, 475, 2931, 0.0006, 509.04, 0, 0.3445, 0, 0.01, 20250916 15:59:59
20250917093048, MSFT, 537.5, 20250919, C, 672, 1342, 0.0035, 509.04, 0, 0.2807, 0, 0.1, 20250916 15:59:59
20250917093048, MSFT, 552.5, 20250919, P, 0, 0, 0.0001, 509.04, 0, 0.4433, 0, 0, 20250916 15:59:59
20250917093048, MSFT, 552.5, 20250919, C, 1050, 1481, 0.0008, 509.04, 0, 0.3282, 0, 0.01, 20250916 15:59:59
20250917093048, MSFT, 532.5, 20250919, P, 102, 99, 0.0063, 509.04, 0, 0.3132, 0, 19.1, 20250916 15:59:59
20250917093048, MSFT, 542.5, 20250919, C, 200, 689, 0.002, 509.04, 0, 0.2956, 0, 0.04, 20250916 15:59:59
20250917093048, MSFT, 527.5, 20250919, P, 4, 7, 0.0118, 509.04, 0, 0, 0, 16.05, 20250916 15:59:59
20250917093048, MSFT, 525, 20250919, P, 27, 683, 0.0152, 509.04, 0, 0.2462, 0, 14.97, 20250916 15:59:59
20250917093048, MSFT, 520, 20250919, C, 18282, 18873, 0.0231, 509.04, 0, 0.2491, 0, 1.15, 20250916 15:59:59
20250917093048, MSFT, 567.5, 20250919, C, 135, 1594, 0.0003, 509.04, 0, 0.3852, 0, 0.01, 20250916 15:59:59
20250917093048, MSFT, 547.5, 20250919, C, 140, 492, 0.0012, 509.04, 0, 0.3111, 0, 0.03, 20250916 15:59:59
20250917093048, MSFT, 565, 20250919, C, 597, 3316, 0.0003, 509.04, 0, 0.3708, 0, 0.01, 20250916 15:59:59
20250917093048, MSFT, 565, 20250919, P, 0, 0, 0, 509.04, 0, 0.572, 0, 58.45, 20250916 15:59:59
20250917093048, MSFT, 530, 20250919, P, 61, 159, 0.0088, 509.04, 0, 0.2566, 0, 19.82, 20250916 15:59:59
20250917093048, MSFT, 550, 20250919, P, 0, 0, 0.0002, 509.04, 0, 0.4053, 0, 51.54, 20250916 15:59:59
20250917093048, MSFT, 540, 20250919, P, 1, 1, 0.0016, 509.04, 0, 0, 0, 26.75, 20250916 15:59:59
20250917093048, MSFT, 560, 20250919, C, 242, 5796, 0.0004, 509.04, 0, 0.3767, 0, 0.01, 20250916 15:59:59
20250917093048, MSFT, 525, 20250919, C, 8006, 17425, 0.0148, 509.04, 0, 0.2552, 0, 0.54, 20250916 15:59:59
20250917093048, MSFT, 537.5, 20250919, P, 0, 0, 0.0027, 509.04, 0, 0, 0, 40.35, 20250916 15:59:59
20250917093048, MSFT, 555, 20250919, P, 0, 0, 0.0001, 509.04, 0, 0.4637, 0, 47.76, 20250916 15:59:59
20250917093048, MSFT, 547.5, 20250919, P, 0, 0, 0.0004, 509.04, 0, 0, 0, 0, 20250916 15:59:59
20250917093048, MSFT, 545, 20250919, C, 478, 12759, 0.0016, 509.04, 0, 0.305, 0, 0.04, 20250916 15:59:59
20250917093048, MSFT, 562.5, 20250919, P, 0, 0, 0, 509.04, 0, 0, 0, 0, 20250916 15:59:59
20250917093048, MSFT, 522.5, 20250919, P, 70, 111, 0.0191, 509.04, 0, 0.2453, 0, 13.24, 20250916 15:59:59
20250917093048, MSFT, 522.5, 20250919, C, 2856, 5348, 0.0188, 509.04, 0, 0.2513, 0, 0.79, 20250916 15:59:59
20250917093048, MSFT, 557.5, 20250919, P, 0, 0, 0.0001, 509.04, 0, 0.4341, 0, 0, 20250916 15:59:59
20250917093048, MSFT, 535, 20250919, C, 2790, 6634, 0.0047, 509.04, 0, 0.2763, 0, 0.13, 20250916 15:59:59
20250917093048, MSFT, 567.5, 20250919, P, 1, 0, 0, 509.04, 0, 0.5624, 0, 57.2, 20250916 15:59:59
20250917093048, MSFT, 572.5, 20250919, C, 51, 1289, 0.0002, 509.04, 0, 0.4138, 0, 0.01, 20250916 15:59:59
20250917093048, MSFT, 570, 20250919, P, 0, 0, 0, 509.04, 0, 0.5589, 0, 63.5, 20250916 15:59:59
20250917093048, MSFT, 570, 20250919, C, 35, 4398, 0.0002, 509.04, 0, 0.3996, 0, 0.01, 20250916 15:59:59
20250917093048, MSFT, 580, 20250919, C, 349, 2982, 0.0001, 509.04, 0, 0.4558, 0, 0.01, 20250916 15:59:59
20250917093048, MSFT, 575, 20250919, P, 0, 0, 0, 509.04, 0, 0, 0, 70.25, 20250916 15:59:59
20250917093048, MSFT, 575, 20250919, C, 188, 3814, 0.0002, 509.04, 0, 0.4279, 0, 0.01, 20250916 15:59:59
20250917093048, MSFT, 580, 20250919, P, 0, 0, 0, 509.04, 0, 0, 0, 78.15, 20250916 15:59:59
20250917093048, MSFT, 572.5, 20250919, P, 0, 0, 0, 509.04, 0, 0.5411, 0, 0, 20250916 15:59:59
20250917093048, MSFT, 625, 20250919, C, 0, 1504, 0, 509.04, 0, 0.6919, 0, 0.01, 20250916 15:59:59
20250917093048, MSFT, 610, 20250919, P, 0, 0, 0, 509.04, 0, 0, 0, 0, 20250916 15:59:59
20250917093048, MSFT, 635, 20250919, C, 0, 479, 0, 509.04, 0, 0.7411, 0, 0.02, 20250916 15:59:59
20250917093048, MSFT, 620, 20250919, C, 0, 1828, 0, 509.04, 0, 0.6669, 0, 0.02, 20250916 15:59:59
20250917093048, MSFT, 630, 20250919, P, 0, 0, 0, 509.04, 0, 0, 0, 0, 20250916 15:59:59
20250917093048, MSFT, 610, 20250919, C, 105, 843, 0, 509.04, 0, 0.616, 0, 0.01, 20250916 15:59:59
20250917093048, MSFT, 630, 20250919, C, 0, 582, 0, 509.04, 0, 0.7166, 0, 0.01, 20250916 15:59:59
20250917093048, MSFT, 640, 20250919, P, 0, 0, 0, 509.04, 0, 1.26, 0, 208.25, 20250916 15:59:59
20250917093048, MSFT, 635, 20250919, P, 0, 0, 0, 509.04, 0, 1.2335, 0, 101, 20250916 15:59:59
20250917093048, MSFT, 585, 20250919, P, 0, 0, 0, 509.04, 0, 0, 0, 57.3, 20250916 15:59:59
20250917093048, MSFT, 625, 20250919, P, 0, 0, 0, 509.04, 0, 1.151, 0, 0, 20250916 15:59:59
20250917093048, MSFT, 605, 20250919, P, 0, 0, 0, 509.04, 0, 0, 0, 0, 20250916 15:59:59
20250917093048, MSFT, 655, 20250919, P, 0, 0, 0, 509.04, 0, 0, 0, 0, 20250916 15:59:59
20250917093048, MSFT, 640, 20250919, C, 0, 623, 0, 509.04, 0, 0.7653, 0, 0.01, 20250916 15:59:59
20250917093048, MSFT, 605, 20250919, C, 0, 983, 0, 509.04, 0, 0.5901, 0, 0.03, 20250916 15:59:59
20250917093048, MSFT, 615, 20250919, C, 0, 1205, 0, 509.04, 0, 0.6416, 0, 0.01, 20250916 15:59:59
20250917093048, MSFT, 645, 20250919, P, 0, 0, 0, 509.04, 0, 1.2953, 0, 0, 20250916 15:59:59
20250917093048, MSFT, 650, 20250919, C, 0, 1059, 0, 509.04, 0, 0.8129, 0, 0.02, 20250916 15:59:59
20250917093048, MSFT, 590, 20250919, C, 4, 2266, 0.0001, 509.04, 0, 0.5106, 0, 0.01, 20250916 15:59:59
20250917093048, MSFT, 600, 20250919, C, 6, 8838, 0.0001, 509.04, 0, 0.5639, 0, 0.01, 20250916 15:59:59
20250917093048, MSFT, 650, 20250919, P, 0, 0, 0, 509.04, 0, 1.35, 0, 145.15, 20250916 15:59:59
20250917093048, MSFT, 590, 20250919, P, 0, 0, 0, 509.04, 0, 0.7017, 0, 83.85, 20250916 15:59:59
20250917093048, MSFT, 600, 20250919, P, 0, 0, 0, 509.04, 0, 0.7996, 0, 98.35, 20250916 15:59:59
20250917093048, MSFT, 615, 20250919, P, 0, 0, 0, 509.04, 0, 0.869, 0, 110.2, 20250916 15:59:59
20250917093048, MSFT, 595, 20250919, P, 0, 0, 0, 509.04, 0, 0.8018, 0, 88.85, 20250916 15:59:59
20250917093048, MSFT, 645, 20250919, C, 0, 248, 0, 509.04, 0, 0.7892, 0, 0.02, 20250916 15:59:59
20250917093048, MSFT, 655, 20250919, C, 0, 397, 0, 509.04, 0, 0.8364, 0, 0.02, 20250916 15:59:59
20250917093048, MSFT, 620, 20250919, P, 0, 0, 0, 509.04, 0, 1.1222, 0, 118.15, 20250916 15:59:59
20250917093048, MSFT, 585, 20250919, C, 10, 11958, 0.0001, 509.04, 0, 0.4834, 0, 0.01, 20250916 15:59:59
20250917093048, MSFT, 595, 20250919, C, 0, 980, 0.0001, 509.04, 0, 0.5374, 0, 0.01, 20250916 15:59:59
20250917093048, MSFT, 660, 20250919, C, 0, 1085, 0, 509.04, 0, 0.8596, 0, 0.01, 20250916 15:59:59
20250917093048, MSFT, 660, 20250919, P, 0, 0, 0, 509.04, 0, 1.146, 0, 0, 20250916 15:59:59
20250917093048, MSFT, 360, 20250926, C, 0, 1, 0, 509.04, 0, 0.9563, 0, 134.76, 20250916 15:59:59
20250917093048, MSFT, 365, 20250926, C, 1, 2, 0, 509.04, 0, 0.9292, 0, 148.79, 20250916 15:59:59
20250917093048, MSFT, 365, 20250926, P, 0, 9, 0, 509.04, 0, 0.6435, 0, 0.02, 20250916 15:59:59
20250917093048, MSFT, 370, 20250926, C, 0, 4, 0.0001, 509.04, 0, 0.8835, 0, 143.09, 20250916 15:59:59
20250917093048, MSFT, 370, 20250926, P, 0, 90, 0.0001, 509.04, 0, 0.619, 0, 0.01, 20250916 15:59:59
20250917093048, MSFT, 385, 20250926, P, 0, 101, 0.0001, 509.04, 0, 0.5799, 0, 0.07, 20250916 15:59:59
20250917093048, MSFT, 410, 20250926, C, 0, 9, 0.0002, 509.04, 0, 0.6478, 0, 86.74, 20250916 15:59:59
20250917093048, MSFT, 400, 20250926, C, 12, 7, 0.0002, 509.04, 0, 0.5715, 0, 111.2, 20250916 15:59:59
20250917093048, MSFT, 385, 20250926, C, 0, 11, 0.0001, 509.04, 0, 0.65, 0, 116.65, 20250916 15:59:59
20250917093048, MSFT, 400, 20250926, P, 1, 405, 0.0002, 509.04, 0, 0.526, 0, 0.01, 20250916 15:59:59
20250917093048, MSFT, 405, 20250926, P, 1, 57, 0.0002, 509.04, 0, 0.5157, 0, 0.04, 20250916 15:59:59
20250917093048, MSFT, 405, 20250926, C, 0, 2, 0.0002, 509.04, 0, 0, 0, 105.14, 20250916 15:59:59
20250917093048, MSFT, 380, 20250926, P, 12, 12, 0.0001, 509.04, 0, 0.6048, 0, 0.02, 20250916 15:59:59
20250917093048, MSFT, 390, 20250926, P, 0, 656, 0.0001, 509.04, 0, 0.5552, 0, 0.03, 20250916 15:59:59
20250917093048, MSFT, 375, 20250926, P, 2, 20, 0.0001, 509.04, 0, 0.6147, 0, 0.02, 20250916 15:59:59
20250917093048, MSFT, 380, 20250926, C, 0, 3, 0.0001, 509.04, 0, 0, 0, 121, 20250916 15:59:59
20250917093048, MSFT, 395, 20250926, P, 0, 36, 0.0001, 509.04, 0, 0.5416, 0, 0.03, 20250916 15:59:59
20250917093048, MSFT, 395, 20250926, C, 0, 4, 0.0001, 509.04, 0, 0.7422, 0, 109.01, 20250916 15:59:59
20250917093048, MSFT, 375, 20250926, C, 0, 0, 0.0001, 509.04, 0, 0, 0, 0, 20250916 15:59:59
20250917093048, MSFT, 390, 20250926, C, 0, 20, 0.0001, 509.04, 0, 0.7766, 0, 121.37, 20250916 15:59:59
20250917093048, MSFT, 410, 20250926, P, 1, 253, 0.0002, 509.04, 0, 0.4965, 0, 0.05, 20250916 15:59:59
20250917093048, MSFT, 420, 20250926, C, 0, 1, 0.0004, 509.04, 0, 0.4384, 0, 88.4, 20250916 15:59:59
20250917093048, MSFT, 415, 20250926, C, 2, 14, 0.0003, 509.04, 0, 0.5268, 0, 97.4, 20250916 15:59:59
20250917093048, MSFT, 415, 20250926, P, 0, 54, 0.0003, 509.04, 0, 0.4766, 0, 0.04, 20250916 15:59:59
20250917093048, MSFT, 520, 20250926, P, 235, 990, 0.0197, 509.04, 0, 0.2121, 0, 13.45, 20250916 15:59:59
20250917093048, MSFT, 485, 20250926, P, 200, 2227, 0.0092, 509.04, 0, 0.2573, 0, 1.22, 20250916 15:59:59
20250917093048, MSFT, 460, 20250926, P, 79, 952, 0.0023, 509.04, 0, 0.3283, 0, 0.3, 20250916 15:59:59
20250917093048, MSFT, 490, 20250926, P, 530, 3069, 0.0119, 509.04, 0, 0.246, 0, 1.77, 20250916 15:59:59
20250917093048, MSFT, 502.5, 20250926, P, 751, 848, 0.0197, 509.04, 0, 0.2247, 0, 4.25, 20250916 15:59:59
20250917093048, MSFT, 502.5, 20250926, C, 141, 219, 0.0194, 509.04, 0, 0.225, 0, 11.7, 20250916 15:59:59
20250917093048, MSFT, 450, 20250926, C, 1, 83, 0.0014, 509.04, 0, 0.3151, 0, 63.57, 20250916 15:59:59
20250917093048, MSFT, 512.5, 20250926, P, 492, 693, 0.0222, 509.04, 0, 0.2144, 0, 8.65, 20250916 15:59:59
20250917093048, MSFT, 472.5, 20250926, C, 0, 19, 0.0045, 509.04, 0, 0.2777, 0, 41.77, 20250916 15:59:59
20250917093048, MSFT, 492.5, 20250926, C, 25, 46, 0.0132, 509.04, 0, 0.2309, 0, 20.15, 20250916 15:59:59
20250917093048, MSFT, 487.5, 20250926, C, 1, 41, 0.0103, 509.04, 0, 0.2372, 0, 26.55, 20250916 15:59:59
20250917093048, MSFT, 492.5, 20250926, P, 273, 254, 0.0134, 509.04, 0, 0.2408, 0, 2.04, 20250916 15:59:59
20250917093048, MSFT, 445, 20250926, C, 1, 34, 0.0011, 509.04, 0, 0.2108, 0, 69.21, 20250916 15:59:59
20250917093048, MSFT, 445, 20250926, P, 523, 294, 0.0011, 509.04, 0, 0.3746, 0, 0.15, 20250916 15:59:59
20250917093048, MSFT, 472.5, 20250926, P, 441, 476, 0.0046, 509.04, 0, 0.2912, 0, 0.58, 20250916 15:59:59
20250917093048, MSFT, 430, 20250926, P, 12, 559, 0.0006, 509.04, 0, 0.4267, 0, 0.08, 20250916 15:59:59
20250917093048, MSFT, 460, 20250926, C, 7, 84, 0.0023, 509.04, 0, 0.3028, 0, 54.85, 20250916 15:59:59
20250917093048, MSFT, 455, 20250926, C, 1, 67, 0.0018, 509.04, 0, 0.2691, 0, 57.47, 20250916 15:59:59
20250917093048, MSFT, 512.5, 20250926, C, 1447, 951, 0.0218, 509.04, 0, 0.2147, 0, 6.1, 20250916 15:59:59
20250917093048, MSFT, 500, 20250926, C, 224, 1177, 0.018, 509.04, 0, 0.2269, 0, 13.49, 20250916 15:59:59
20250917093048, MSFT, 497.5, 20250926, C, 62, 113, 0.0164, 509.04, 0, 0.2313, 0, 16.35, 20250916 15:59:59
20250917093048, MSFT, 455, 20250926, P, 122, 650, 0.0018, 509.04, 0, 0.3435, 0, 0.23, 20250916 15:59:59
20250917093048, MSFT, 475, 20250926, C, 1, 30, 0.0052, 509.04, 0, 0.2804, 0, 39.01, 20250916 15:59:59
20250917093048, MSFT, 517.5, 20250926, P, 99, 72, 0.0208, 509.04, 0, 0.2125, 0, 11.85, 20250916 15:59:59
20250917093048, MSFT, 495, 20250926, P, 1360, 1856, 0.015, 509.04, 0, 0.2363, 0, 2.59, 20250916 15:59:59
20250917093048, MSFT, 505, 20250926, P, 647, 1229, 0.0208, 509.04, 0, 0.2212, 0, 5.1, 20250916 15:59:59
20250917093048, MSFT, 482.5, 20250926, P, 90, 180, 0.008, 509.04, 0, 0.2638, 0, 1.04, 20250916 15:59:59
20250917093048, MSFT, 495, 20250926, C, 51, 349, 0.0148, 509.04, 0, 0.2361, 0, 17.3, 20250916 15:59:59
20250917093048, MSFT, 477.5, 20250926, P, 63, 156, 0.006, 509.04, 0, 0.277, 0, 0.54, 20250916 15:59:59
20250917093048, MSFT, 497.5, 20250926, P, 1204, 1833, 0.0167, 509.04, 0, 0.2322, 0, 3.05, 20250916 15:59:59
20250917093048, MSFT, 505, 20250926, C, 509, 1210, 0.0205, 509.04, 0, 0.221, 0, 10.1, 20250916 15:59:59
20250917093048, MSFT, 517.5, 20250926, C, 777, 1145, 0.0204, 509.04, 0, 0.2125, 0, 4.17, 20250916 15:59:59
20250917093048, MSFT, 525, 20250926, P, 175, 6731, 0.0166, 509.04, 0, 0.2125, 0, 17.35, 20250916 15:59:59
20250917093048, MSFT, 515, 20250926, C, 4300, 3412, 0.0213, 509.04, 0, 0.2138, 0, 4.95, 20250916 15:59:59
20250917093048, MSFT, 490, 20250926, C, 38, 714, 0.0117, 509.04, 0, 0.24, 0, 21.75, 20250916 15:59:59
20250917093048, MSFT, 530, 20250926, C, 4140, 4181, 0.0124, 509.04, 0, 0.2162, 0, 1.33, 20250916 15:59:59
20250917093048, MSFT, 500, 20250926, P, 525, 1509, 0.0182, 509.04, 0, 0.2275, 0, 3.67, 20250916 15:59:59
20250917093048, MSFT, 465, 20250926, P, 116, 536, 0.003, 509.04, 0, 0.3143, 0, 0.38, 20250916 15:59:59
20250917093048, MSFT, 520, 20250926, C, 2492, 4452, 0.0192, 509.04, 0, 0.2122, 0, 3.25, 20250916 15:59:59
20250917093048, MSFT, 440, 20250926, P, 31, 155, 0.0009, 509.04, 0, 0.3917, 0, 0.12, 20250916 15:59:59
20250917093048, MSFT, 510, 20250926, C, 2005, 1884, 0.0218, 509.04, 0, 0.2159, 0, 7.22, 20250916 15:59:59
20250917093048, MSFT, 475, 20250926, P, 173, 1290, 0.0053, 509.04, 0, 0.2838, 0, 0.66, 20250916 15:59:59
20250917093048, MSFT, 465, 20250926, C, 2, 42, 0.003, 509.04, 0, 0.2899, 0, 49.41, 20250916 15:59:59
20250917093048, MSFT, 470, 20250926, C, 3, 194, 0.004, 509.04, 0, 0.2872, 0, 41.63, 20250916 15:59:59
20250917093048, MSFT, 440, 20250926, C, 1, 20, 0.0009, 509.04, 0, 0.3739, 0, 70.7, 20250916 15:59:59
20250917093048, MSFT, 525, 20250926, C, 4810, 4611, 0.016, 509.04, 0, 0.2137, 0, 2.1, 20250916 15:59:59
20250917093048, MSFT, 510, 20250926, P, 662, 1276, 0.0222, 509.04, 0, 0.2162, 0, 7.08, 20250916 15:59:59
20250917093048, MSFT, 435, 20250926, C, 2, 23, 0.0007, 509.04, 0, 0.4362, 0, 76.02, 20250916 15:59:59
20250917093048, MSFT, 425, 20250926, P, 4, 90, 0.0004, 509.04, 0, 0.4426, 0, 0.07, 20250916 15:59:59
20250917093048, MSFT, 450, 20250926, P, 44, 461, 0.0014, 509.04, 0, 0.3614, 0, 0.19, 20250916 15:59:59
20250917093048, MSFT, 435, 20250926, P, 506, 425, 0.0007, 509.04, 0, 0.4088, 0, 0.09, 20250916 15:59:59
20250917093048, MSFT, 430, 20250926, C, 0, 50, 0.0006, 509.04, 0, 0.434, 0, 66.72, 20250916 15:59:59
20250917093048, MSFT, 425, 20250926, C, 0, 11, 0.0004, 509.04, 0, 0.4646, 0, 78.85, 20250916 15:59:59
20250917093048, MSFT, 477.5, 20250926, C, 6, 47, 0.006, 509.04, 0, 0.2563, 0, 33.35, 20250916 15:59:59
20250917093048, MSFT, 420, 20250926, P, 30, 61, 0.0004, 509.04, 0, 0.4604, 0, 0.05, 20250916 15:59:59
20250917093048, MSFT, 480, 20250926, P, 223, 2259, 0.007, 509.04, 0, 0.2704, 0, 0.91, 20250916 15:59:59
20250917093048, MSFT, 480, 20250926, C, 58, 167, 0.0069, 509.04, 0, 0.2695, 0, 31.15, 20250916 15:59:59
20250917093048, MSFT, 482.5, 20250926, C, 35, 109, 0.0079, 509.04, 0, 0.2623, 0, 29, 20250916 15:59:59
20250917093048, MSFT, 470, 20250926, P, 157, 1329, 0.004, 509.04, 0, 0.2981, 0, 0.48, 20250916 15:59:59
20250917093048, MSFT, 507.5, 20250926, C, 255, 219, 0.0214, 509.04, 0, 0.2177, 0, 8.72, 20250916 15:59:59
20250917093048, MSFT, 507.5, 20250926, P, 152, 194, 0.0217, 509.04, 0, 0.2186, 0, 6.1, 20250916 15:59:59
20250917093048, MSFT, 515, 20250926, P, 341, 639, 0.0217, 509.04, 0, 0.2136, 0, 10.23, 20250916 15:59:59
20250917093048, MSFT, 485, 20250926, C, 35, 155, 0.0091, 509.04, 0, 0.2609, 0, 29.6, 20250916 15:59:59
20250917093048, MSFT, 487.5, 20250926, P, 191, 394, 0.0104, 509.04, 0, 0.2517, 0, 1.39, 20250916 15:59:59
20250917093048, MSFT, 530, 20250926, P, 14, 189, 0.0132, 509.04, 0, 0.2136, 0, 21.03, 20250916 15:59:59
20250917093048, MSFT, 535, 20250926, P, 6, 13, 0.0101, 509.04, 0, 0.218, 0, 22.65, 20250916 15:59:59
20250917093048, MSFT, 580, 20250926, P, 0, 0, 0, 509.04, 0, 0, 0, 0, 20250916 15:59:59
20250917093048, MSFT, 570, 20250926, C, 179, 321, 0.001, 509.04, 0, 0.2798, 0, 0.07, 20250916 15:59:59
20250917093048, MSFT, 590, 20250926, P, 0, 0, 0, 509.04, 0, 0, 0, 0, 20250916 15:59:59
20250917093048, MSFT, 585, 20250926, C, 6, 578, 0.0004, 509.04, 0, 0.3093, 0, 0.04, 20250916 15:59:59
20250917093048, MSFT, 550, 20250926, P, 0, 0, 0.0025, 509.04, 0, 0, 0, 51.85, 20250916 15:59:59
20250917093048, MSFT, 545, 20250926, C, 416, 664, 0.0048, 509.04, 0, 0.2321, 0, 0.37, 20250916 15:59:59
20250917093048, MSFT, 560, 20250926, C, 60, 928, 0.0017, 509.04, 0, 0.2577, 0, 0.12, 20250916 15:59:59
20250917093048, MSFT, 585, 20250926, P, 0, 0, 0, 509.04, 0, 0, 0, 0, 20250916 15:59:59
20250917093048, MSFT, 565, 20250926, C, 36, 317, 0.0013, 509.04, 0, 0.2672, 0, 0.09, 20250916 15:59:59
20250917093048, MSFT, 600, 20250926, P, 0, 0, 0, 509.04, 0, 0.5409, 0, 87.5, 20250916 15:59:59
20250917093048, MSFT, 575, 20250926, C, 28, 203, 0.0007, 509.04, 0, 0.2866, 0, 0.04, 20250916 15:59:59
20250917093048, MSFT, 555, 20250926, C, 219, 987, 0.0024, 509.04, 0, 0.2484, 0, 0.16, 20250916 15:59:59
20250917093048, MSFT, 540, 20250926, C, 1785, 2581, 0.0067, 509.04, 0, 0.2262, 0, 0.54, 20250916 15:59:59
20250917093048, MSFT, 560, 20250926, P, 0, 0, 0.0002, 509.04, 0, 0, 0, 55.3, 20250916 15:59:59
20250917093048, MSFT, 535, 20250926, C, 3012, 7072, 0.0092, 509.04, 0, 0.2204, 0, 0.85, 20250916 15:59:59
20250917093048, MSFT, 595, 20250926, C, 0, 60, 0.0003, 509.04, 0, 0.33, 0, 0.03, 20250916 15:59:59
20250917093048, MSFT, 565, 20250926, P, 0, 0, 0, 509.04, 0, 0, 0, 66.3, 20250916 15:59:59
20250917093048, MSFT, 595, 20250926, P, 0, 0, 0, 509.04, 0, 0.4564, 0, 0, 20250916 15:59:59
20250917093048, MSFT, 570, 20250926, P, 0, 0, 0, 509.04, 0, 0.3341, 0, 63.7, 20250916 15:59:59
20250917093048, MSFT, 540, 20250926, P, 2, 7, 0.0077, 509.04, 0, 0.2288, 0, 27, 20250916 15:59:59
20250917093048, MSFT, 555, 20250926, P, 1, 0, 0.0009, 509.04, 0, 0.2804, 0, 45.1, 20250916 15:59:59
20250917093048, MSFT, 545, 20250926, P, 0, 17, 0.0052, 509.04, 0, 0.2479, 0, 31.9, 20250916 15:59:59
20250917093048, MSFT, 580, 20250926, C, 234, 393, 0.0006, 509.04, 0, 0.2967, 0, 0.04, 20250916 15:59:59
20250917093048, MSFT, 550, 20250926, C, 2489, 3257, 0.0034, 509.04, 0, 0.2389, 0, 0.23, 20250916 15:59:59
20250917093048, MSFT, 590, 20250926, C, 177, 566, 0.0004, 509.04, 0, 0.3138, 0, 0.02, 20250916 15:59:59
20250917093048, MSFT, 575, 20250926, P, 0, 0, 0, 509.04, 0, 0.3819, 0, 53.6, 20250916 15:59:59
20250917093048, MSFT, 600, 20250926, C, 89, 1874, 0.0002, 509.04, 0, 0.3372, 0, 0.02, 20250916 15:59:59
20250917093048, MSFT, 640, 20250926, C, 1, 3, 0.0001, 509.04, 0, 0.4187, 0, 0.01, 20250916 15:59:59
20250917093048, MSFT, 645, 20250926, C, 0, 100, 0, 509.04, 0, 0.4318, 0, 0.01, 20250916 15:59:59
20250917093048, MSFT, 640, 20250926, P, 0, 0, 0, 509.04, 0, 0.6085, 0, 0, 20250916 15:59:59
20250917093048, MSFT, 635, 20250926, P, 0, 0, 0, 509.04, 0, 0.5905, 0, 0, 20250916 15:59:59
20250917093048, MSFT, 650, 20250926, C, 1, 135, 0, 509.04, 0, 0.4448, 0, 0.01, 20250916 15:59:59
20250917093048, MSFT, 385, 20251003, C, 0, 7, 0.0002, 509.04, 0, 0.6046, 0, 116.87, 20250916 15:59:59
20250917093048, MSFT, 645, 20250926, P, 0, 0, 0, 509.04, 0, 0, 0, 0, 20250916 15:59:59
20250917093048, MSFT, 375, 20251003, P, 0, 30, 0.0001, 509.04, 0, 0.5103, 0, 0.03, 20250916 15:59:59
20250917093048, MSFT, 370, 20251003, C, 0, 0, 0.0001, 509.04, 0, 0, 0, 0, 20250916 15:59:59
20250917093048, MSFT, 380, 20251003, C, 0, 4, 0.0001, 509.04, 0, 0.6393, 0, 129.73, 20250916 15:59:59
20250917093048, MSFT, 360, 20251003, C, 0, 1, 0.0001, 509.04, 0, 0, 0, 139.68, 20250916 15:59:59
20250917093048, MSFT, 365, 20251003, C, 1, 3, 0.0001, 509.04, 0, 0.486, 0, 145.8, 20250916 15:59:59
20250917093048, MSFT, 365, 20251003, P, 0, 78, 0.0001, 509.04, 0, 0.5345, 0, 0.02, 20250916 15:59:59
20250917093048, MSFT, 650, 20250926, P, 0, 0, 0, 509.04, 0, 0.6437, 0, 0, 20250916 15:59:59
20250917093048, MSFT, 360, 20251003, P, 0, 1, 0.0001, 509.04, 0, 0.5548, 0, 0.01, 20250916 15:59:59
20250917093048, MSFT, 370, 20251003, P, 0, 12, 0.0001, 509.04, 0, 0.5305, 0, 0.1, 20250916 15:59:59
20250917093048, MSFT, 375, 20251003, C, 0, 0, 0.0001, 509.04, 0, 0, 0, 0, 20250916 15:59:59
20250917093048, MSFT, 385, 20251003, P, 0, 8, 0.0002, 509.04, 0, 0.4818, 0, 0.07, 20250916 15:59:59
20250917093048, MSFT, 380, 20251003, P, 0, 3, 0.0001, 509.04, 0, 0.5022, 0, 0.14, 20250916 15:59:59
20250917093048, MSFT, 390, 20251003, C, 0, 3, 0.0002, 509.04, 0, 0, 0, 121.76, 20250916 15:59:59
20250917093048, MSFT, 395, 20251003, C, 0, 1, 0.0002, 509.04, 0, 0, 0, 117.73, 20250916 15:59:59
20250917093048, MSFT, 395, 20251003, P, 0, 2, 0.0002, 509.04, 0, 0.4588, 0, 0.06, 20250916 15:59:59
20250917093048, MSFT, 390, 20251003, P, 0, 2, 0.0002, 509.04, 0, 0.4711, 0, 0.2, 20250916 15:59:59
20250917093048, MSFT, 400, 20251003, C, 0, 2, 0.0003, 509.04, 0, 0, 0, 112, 20250916 15:59:59
20250917093048, MSFT, 495, 20251003, P, 183, 549, 0.0132, 509.04, 0, 0.2258, 0, 3.95, 20250916 15:59:59
20250917093048, MSFT, 480, 20251003, P, 248, 1353, 0.0075, 509.04, 0, 0.2485, 0, 1.6, 20250916 15:59:59
20250917093048, MSFT, 475, 20251003, C, 1, 15, 0.0059, 509.04, 0, 0.2481, 0, 39.97, 20250916 15:59:59
20250917093048, MSFT, 490, 20251003, C, 16, 137, 0.011, 509.04, 0, 0.231, 0, 23.6, 20250916 15:59:59
20250917093048, MSFT, 487.5, 20251003, P, 20, 52, 0.0102, 509.04, 0, 0.2362, 0, 2.07, 20250916 15:59:59
20250917093048, MSFT, 470, 20251003, C, 2, 16, 0.0047, 509.04, 0, 0.2665, 0, 45.07, 20250916 15:59:59
20250917093048, MSFT, 455, 20251003, C, 0, 51, 0.0024, 509.04, 0, 0.332, 0, 55.27, 20250916 15:59:59
20250917093048, MSFT, 460, 20251003, C, 1, 48, 0.003, 509.04, 0, 0.2774, 0, 54.8, 20250916 15:59:59
20250917093048, MSFT, 440, 20251003, C, 0, 41, 0.0013, 509.04, 0, 0.3757, 0, 72.96, 20250916 15:59:59
20250917093048, MSFT, 470, 20251003, P, 115, 3136, 0.0048, 509.04, 0, 0.268, 0, 1, 20250916 15:59:59
20250917093048, MSFT, 490, 20251003, P, 157, 921, 0.0112, 509.04, 0, 0.2332, 0, 2.82, 20250916 15:59:59
20250917093048, MSFT, 465, 20251003, P, 24, 412, 0.0038, 509.04, 0, 0.2789, 0, 0.75, 20250916 15:59:59
20250917093048, MSFT, 440, 20251003, P, 7, 122, 0.0013, 509.04, 0, 0.3379, 0, 0.26, 20250916 15:59:59
20250917093048, MSFT, 455, 20251003, P, 8, 367, 0.0024, 509.04, 0, 0.3012, 0, 0.46, 20250916 15:59:59
20250917093048, MSFT, 475, 20251003, P, 285, 865, 0.006, 509.04, 0, 0.258, 0, 1.26, 20250916 15:59:59
20250917093048, MSFT, 480, 20251003, C, 49, 320, 0.0074, 509.04, 0, 0.2303, 0, 36.12, 20250916 15:59:59
20250917093048, MSFT, 410, 20251003, P, 2, 61, 0.0004, 509.04, 0, 0.4154, 0, 0.08, 20250916 15:59:59
20250917093048, MSFT, 415, 20251003, C, 0, 1, 0.0005, 509.04, 0, 0.4374, 0, 84.15, 20250916 15:59:59
20250917093048, MSFT, 400, 20251003, P, 0, 283, 0.0003, 509.04, 0, 0.4452, 0, 0.06, 20250916 15:59:59
20250917093048, MSFT, 425, 20251003, C, 3, 6, 0.0007, 509.04, 0, 0.3519, 0, 87.96, 20250916 15:59:59
20250917093048, MSFT, 415, 20251003, P, 0, 59, 0.0005, 509.04, 0, 0.4039, 0, 0.11, 20250916 15:59:59
20250917093048, MSFT, 430, 20251003, P, 6, 63, 0.0009, 509.04, 0, 0.3635, 0, 0.17, 20250916 15:59:59
20250917093048, MSFT, 425, 20251003, P, 7, 90, 0.0007, 509.04, 0, 0.3764, 0, 0.16, 20250916 15:59:59
20250917093048, MSFT, 405, 20251003, C, 0, 5, 0.0003, 509.04, 0, 0.3955, 0, 95.93, 20250916 15:59:59
20250917093048, MSFT, 405, 20251003, P, 3, 20, 0.0003, 509.04, 0, 0.4307, 0, 0.07, 20250916 15:59:59
20250917093048, MSFT, 430, 20251003, C, 5, 16, 0.0008, 509.04, 0, 0.293, 0, 85.15, 20250916 15:59:59
20250917093048, MSFT, 435, 20251003, P, 0, 141, 0.001, 509.04, 0, 0.3504, 0, 0.17, 20250916 15:59:59
20250917093048, MSFT, 420, 20251003, P, 2, 88, 0.0006, 509.04, 0, 0.3903, 0, 0.1, 20250916 15:59:59
20250917093048, MSFT, 410, 20251003, C, 0, 9, 0.0004, 509.04, 0, 0, 0, 102.11, 20250916 15:59:59
20250917093048, MSFT, 435, 20251003, C, 2, 3, 0.001, 509.04, 0, 0.2615, 0, 78.3, 20250916 15:59:59
20250917093048, MSFT, 420, 20251003, C, 0, 3, 0.0006, 509.04, 0, 0.4465, 0, 80.25, 20250916 15:59:59
20250917093048, MSFT, 500, 20251003, C, 179, 784, 0.0149, 509.04, 0, 0.2186, 0, 16.02, 20250916 15:59:59
20250917093048, MSFT, 545, 20251003, C, 134, 446, 0.0064, 509.04, 0, 0.2138, 0, 0.88, 20250916 15:59:59
20250917093048, MSFT, 520, 20251003, C, 1173, 1735, 0.0162, 509.04, 0, 0.2059, 0, 5.2, 20250916 15:59:59
20250917093048, MSFT, 515, 20251003, C, 961, 1672, 0.0171, 509.04, 0, 0.2079, 0, 7.25, 20250916 15:59:59
20250917093048, MSFT, 565, 20251003, C, 135, 388, 0.0022, 509.04, 0, 0.2351, 0, 0.24, 20250916 15:59:59
20250917093048, MSFT, 565, 20251003, P, 1, 0, 0.0001, 509.04, 0, 0, 0, 55.1, 20250916 15:59:59
20250917093048, MSFT, 560, 20251003, P, 0, 0, 0.0012, 509.04, 0, 0, 0, 49.15, 20250916 15:59:59
20250917093048, MSFT, 570, 20251003, P, 0, 0, 0, 509.04, 0, 0.2903, 0, 0, 20250916 15:59:59
20250917093048, MSFT, 560, 20251003, C, 416, 1144, 0.0029, 509.04, 0, 0.2296, 0, 0.35, 20250916 15:59:59
20250917093048, MSFT, 535, 20251003, C, 236, 5390, 0.0103, 509.04, 0, 0.2077, 0, 1.78, 20250916 15:59:59
20250917093048, MSFT, 545, 20251003, P, 0, 0, 0.0077, 509.04, 0, 0.2022, 0, 38.4, 20250916 15:59:59
20250917093048, MSFT, 575, 20251003, P, 0, 0, 0, 509.04, 0, 0.3387, 0, 0, 20250916 15:59:59
20250917093048, MSFT, 535, 20251003, P, 0, 14, 0.0112, 509.04, 0, 0.2062, 0, 22.35, 20250916 15:59:59
20250917093048, MSFT, 505, 20251003, C, 209, 982, 0.0164, 509.04, 0, 0.2142, 0, 12.21, 20250916 15:59:59
20250917093048, MSFT, 507.5, 20251003, C, 59, 92, 0.0169, 509.04, 0, 0.2124, 0, 11.22, 20250916 15:59:59
20250917093048, MSFT, 505, 20251003, P, 64, 445, 0.0167, 509.04, 0, 0.2149, 0, 6.5, 20250916 15:59:59
20250917093048, MSFT, 515, 20251003, P, 40, 155, 0.0176, 509.04, 0, 0.2082, 0, 11.45, 20250916 15:59:59
20250917093048, MSFT, 525, 20251003, P, 6, 56, 0.0152, 509.04, 0, 0.2052, 0, 18.04, 20250916 15:59:59
20250917093048, MSFT, 512.5, 20251003, C, 378, 135, 0.0173, 509.04, 0, 0.2088, 0, 8.3, 20250916 15:59:59
20250917093048, MSFT, 550, 20251003, P, 10, 20, 0.0058, 509.04, 0, 0, 0, 39.54, 20250916 15:59:59
20250917093048, MSFT, 502.5, 20251003, C, 56, 51, 0.0157, 509.04, 0, 0.216, 0, 14.18, 20250916 15:59:59
20250917093048, MSFT, 512.5, 20251003, P, 21, 101, 0.0177, 509.04, 0, 0.2092, 0, 9.8, 20250916 15:59:59
20250917093048, MSFT, 570, 20251003, C, 38, 91, 0.0017, 509.04, 0, 0.2408, 0, 0.19, 20250916 15:59:59
20250917093048, MSFT, 510, 20251003, P, 72, 449, 0.0176, 509.04, 0, 0.2104, 0, 9.25, 20250916 15:59:59
20250917093048, MSFT, 525, 20251003, C, 319, 1063, 0.0146, 509.04, 0, 0.206, 0, 3.68, 20250916 15:59:59
20250917093048, MSFT, 540, 20251003, P, 6, 8, 0.0091, 509.04, 0, 0.1956, 0, 27.6, 20250916 15:59:59
20250917093048, MSFT, 517.5, 20251003, P, 23, 41, 0.0173, 509.04, 0, 0.207, 0, 10.5, 20250916 15:59:59
20250917093048, MSFT, 555, 20251003, C, 148, 1048, 0.0038, 509.04, 0, 0.2237, 0, 0.41, 20250916 15:59:59
20250917093048, MSFT, 540, 20251003, C, 629, 10594, 0.0082, 509.04, 0, 0.2101, 0, 1.24, 20250916 15:59:59
20250917093048, MSFT, 530, 20251003, C, 1330, 1160, 0.0125, 509.04, 0, 0.2061, 0, 2.55, 20250916 15:59:59
20250917093048, MSFT, 520, 20251003, P, 16, 77, 0.0168, 509.04, 0, 0.2063, 0, 14.9, 20250916 15:59:59
20250917093048, MSFT, 517.5, 20251003, C, 273, 183, 0.0168, 509.04, 0, 0.2066, 0, 6, 20250916 15:59:59
20250917093048, MSFT, 510, 20251003, C, 361, 870, 0.0172, 509.04, 0, 0.2105, 0, 9.43, 20250916 15:59:59
20250917093048, MSFT, 530, 20251003, P, 9, 50, 0.0132, 509.04, 0, 0.2052, 0, 21.9, 20250916 15:59:59
20250917093048, MSFT, 497.5, 20251003, P, 56, 51, 0.0142, 509.04, 0, 0.2221, 0, 4.55, 20250916 15:59:59
20250917093048, MSFT, 507.5, 20251003, P, 65, 44, 0.0172, 509.04, 0, 0.2127, 0, 8.1, 20250916 15:59:59
20250917093048, MSFT, 500, 20251003, P, 139, 1933, 0.0152, 509.04, 0, 0.219, 0, 5.11, 20250916 15:59:59
20250917093048, MSFT, 502.5, 20251003, P, 64, 99, 0.016, 509.04, 0, 0.2174, 0, 6, 20250916 15:59:59
20250917093048, MSFT, 550, 20251003, C, 867, 701, 0.0049, 509.04, 0, 0.2183, 0, 0.6, 20250916 15:59:59
20250917093048, MSFT, 555, 20251003, P, 10, 0, 0.0031, 509.04, 0, 0, 0, 44.5, 20250916 15:59:59
20250917093048, MSFT, 585, 20251003, P, 0, 0, 0, 509.04, 0, 0.3562, 0, 0, 20250916 15:59:59
20250917093048, MSFT, 580, 20251003, P, 0, 0, 0, 509.04, 0, 0.3748, 0, 0, 20250916 15:59:59
20250917093048, MSFT, 580, 20251003, C, 0, 175, 0.001, 509.04, 0, 0.2518, 0, 0.12, 20250916 15:59:59
20250917093048, MSFT, 595, 20251003, P, 0, 0, 0, 509.04, 0, 0.3847, 0, 83, 20250916 15:59:59
20250917093048, MSFT, 585, 20251003, C, 22, 780, 0.0008, 509.04, 0, 0.2581, 0, 0.09, 20250916 15:59:59
20250917093048, MSFT, 590, 20251003, P, 0, 0, 0, 509.04, 0, 0, 0, 0, 20250916 15:59:59
20250917093048, MSFT, 575, 20251003, C, 1, 55, 0.0013, 509.04, 0, 0.2468, 0, 0.14, 20250916 15:59:59
20250917093048, MSFT, 590, 20251003, C, 3, 15, 0.0006, 509.04, 0, 0.2649, 0, 0.09, 20250916 15:59:59
20250917093048, MSFT, 595, 20251003, C, 1, 6, 0.0005, 509.04, 0, 0.273, 0, 0.06, 20250916 15:59:59
20250917093048, MSFT, 600, 20251003, C, 2, 338, 0.0004, 509.04, 0, 0.2784, 0, 0.04, 20250916 15:59:59
20250917093048, MSFT, 600, 20251003, P, 0, 0, 0, 509.04, 0, 0.4016, 0, 0, 20250916 15:59:59
20250917093048, MSFT, 610, 20251003, C, 0, 5, 0.0002, 509.04, 0, 0.2809, 0, 0.04, 20250916 15:59:59
20250917093048, MSFT, 620, 20251003, C, 0, 12, 0.0002, 509.04, 0, 0.3037, 0, 0.01, 20250916 15:59:59
20250917093048, MSFT, 620, 20251003, P, 0, 0, 0, 509.04, 0, 0.4741, 0, 119.45, 20250916 15:59:59
20250917093048, MSFT, 630, 20251003, P, 0, 0, 0, 509.04, 0, 0.5723, 0, 0, 20250916 15:59:59
20250917093048, MSFT, 650, 20251003, P, 0, 0, 0, 509.04, 0, 0, 0, 0, 20250916 15:59:59
20250917093048, MSFT, 640, 20251003, P, 0, 0, 0, 509.04, 0, 0, 0, 0, 20250916 15:59:59
20250917093048, MSFT, 400, 20251010, P, 0, 13, 0.0004, 509.04, 0, 0.3988, 0, 0.19, 20250916 15:59:59
20250917093048, MSFT, 400, 20251010, C, 0, 2, 0.0004, 509.04, 0, 0.3943, 0, 102.75, 20250916 15:59:59
20250917093048, MSFT, 625, 20251003, P, 0, 0, 0, 509.04, 0, 0, 0, 0, 20250916 15:59:59
20250917093048, MSFT, 635, 20251003, C, 0, 0, 0.0001, 509.04, 0, 0.3266, 0, 0, 20250916 15:59:59
20250917093048, MSFT, 385, 20251010, C, 0, 0, 0.0002, 509.04, 0, 0.492, 0, 0, 20250916 15:59:59
20250917093048, MSFT, 380, 20251010, P, 0, 0, 0.0002, 509.04, 0, 0.4468, 0, 0, 20250916 15:59:59
20250917093048, MSFT, 405, 20251010, C, 1, 1, 0.0005, 509.04, 0, 0.4688, 0, 108.29, 20250916 15:59:59
20250917093048, MSFT, 640, 20251003, C, 0, 0, 0.0001, 509.04, 0, 0.3373, 0, 0, 20250916 15:59:59
20250917093048, MSFT, 360, 20251010, C, 0, 0, 0.0001, 509.04, 0, 0, 0, 0, 20250916 15:59:59
20250917093048, MSFT, 395, 20251010, C, 0, 1, 0.0003, 509.04, 0, 0.409, 0, 117.85, 20250916 15:59:59
20250917093048, MSFT, 625, 20251003, C, 0, 2, 0.0001, 509.04, 0, 0.3049, 0, 0.01, 20250916 15:59:59
20250917093048, MSFT, 630, 20251003, C, 0, 0, 0.0001, 509.04, 0, 0.3158, 0, 0, 20250916 15:59:59
20250917093048, MSFT, 365, 20251010, P, 0, 104, 0.0001, 509.04, 0, 0.4815, 0, 0.05, 20250916 15:59:59
20250917093048, MSFT, 650, 20251003, C, 0, 32, 0.0001, 509.04, 0, 0.3583, 0, 0.03, 20250916 15:59:59
20250917093048, MSFT, 375, 20251010, C, 0, 0, 0.0002, 509.04, 0, 0, 0, 0, 20250916 15:59:59
20250917093048, MSFT, 420, 20251010, P, 0, 30, 0.0008, 509.04, 0, 0.3533, 0, 0.21, 20250916 15:59:59
20250917093048, MSFT, 390, 20251010, P, 0, 0, 0.0003, 509.04, 0, 0.422, 0, 0, 20250916 15:59:59
20250917093048, MSFT, 380, 20251010, C, 0, 1, 0.0002, 509.04, 0, 0.5295, 0, 119.99, 20250916 15:59:59
20250917093048, MSFT, 370, 20251010, C, 0, 0, 0.0002, 509.04, 0, 0.5965, 0, 0, 20250916 15:59:59
20250917093048, MSFT, 385, 20251010, P, 0, 0, 0.0002, 509.04, 0, 0.4347, 0, 0, 20250916 15:59:59
20250917093048, MSFT, 425, 20251010, C, 1, 1, 0.0009, 509.04, 0, 0.3972, 0, 90.1, 20250916 15:59:59
20250917093048, MSFT, 390, 20251010, C, 0, 0, 0.0003, 509.04, 0, 0.5028, 0, 0, 20250916 15:59:59
20250917093048, MSFT, 420, 20251010, C, 0, 0, 0.0008, 509.04, 0, 0.4284, 0, 0, 20250916 15:59:59
20250917093048, MSFT, 410, 20251010, C, 0, 1, 0.0006, 509.04, 0, 0.4452, 0, 93.79, 20250916 15:59:59
20250917093048, MSFT, 605, 20251003, P, 0, 0, 0, 509.04, 0, 0.4182, 0, 0, 20250916 15:59:59
20250917093048, MSFT, 365, 20251010, C, 0, 0, 0.0001, 509.04, 0, 0.6049, 0, 0, 20250916 15:59:59
20250917093048, MSFT, 610, 20251003, P, 0, 0, 0, 509.04, 0, 0, 0, 0, 20250916 15:59:59
20250917093048, MSFT, 645, 20251003, C, 0, 0, 0.0001, 509.04, 0, 0.3478, 0, 0, 20250916 15:59:59
20250917093048, MSFT, 415, 20251010, C, 0, 2, 0.0006, 509.04, 0, 0.3573, 0, 88.78, 20250916 15:59:59
20250917093048, MSFT, 645, 20251003, P, 0, 0, 0, 509.04, 0, 0, 0, 0, 20250916 15:59:59
20250917093048, MSFT, 605, 20251003, C, 9, 17, 0.0003, 509.04, 0, 0.282, 0, 0.03, 20250916 15:59:59
20250917093048, MSFT, 615, 20251003, C, 0, 0, 0.0002, 509.04, 0, 0.2923, 0, 0, 20250916 15:59:59
20250917093048, MSFT, 405, 20251010, P, 1, 403, 0.0005, 509.04, 0, 0.3877, 0, 0.13, 20250916 15:59:59
20250917093048, MSFT, 635, 20251003, P, 0, 0, 0, 509.04, 0, 0, 0, 0, 20250916 15:59:59
20250917093048, MSFT, 375, 20251010, P, 0, 0, 0.0002, 509.04, 0, 0.458, 0, 0, 20250916 15:59:59
20250917093048, MSFT, 370, 20251010, P, 0, 0, 0.0002, 509.04, 0, 0.4681, 0, 0, 20250916 15:59:59
20250917093048, MSFT, 425, 20251010, P, 0, 39, 0.0009, 509.04, 0, 0.3424, 0, 0.23, 20250916 15:59:59
20250917093048, MSFT, 410, 20251010, P, 2, 25, 0.0006, 509.04, 0, 0.3756, 0, 0.16, 20250916 15:59:59
20250917093048, MSFT, 360, 20251010, P, 2, 2, 0.0001, 509.04, 0, 0.4945, 0, 0.05, 20250916 15:59:59
20250917093048, MSFT, 395, 20251010, P, 0, 10, 0.0003, 509.04, 0, 0.4105, 0, 0.24, 20250916 15:59:59
20250917093048, MSFT, 415, 20251010, P, 0, 26, 0.0006, 509.04, 0, 0.3648, 0, 0.19, 20250916 15:59:59
20250917093048, MSFT, 615, 20251003, P, 0, 0, 0, 509.04, 0, 0.4431, 0, 0, 20250916 15:59:59
20250917093048, MSFT, 440, 20251010, P, 7, 206, 0.0016, 509.04, 0, 0.3101, 0, 0.39, 20250916 15:59:59
20250917093048, MSFT, 490, 20251010, P, 93, 476, 0.0104, 509.04, 0, 0.226, 0, 4.05, 20250916 15:59:59
20250917093048, MSFT, 490, 20251010, C, 4, 45, 0.0102, 509.04, 0, 0.2258, 0, 25.35, 20250916 15:59:59
20250917093048, MSFT, 465, 20251010, P, 59, 248, 0.0042, 509.04, 0, 0.2622, 0, 1.21, 20250916 15:59:59
20250917093048, MSFT, 460, 20251010, P, 132, 392, 0.0035, 509.04, 0, 0.2709, 0, 0.97, 20250916 15:59:59
20250917093048, MSFT, 470, 20251010, C, 4, 10, 0.0051, 509.04, 0, 0.2267, 0, 43, 20250916 15:59:59
20250917093048, MSFT, 450, 20251010, P, 3, 138, 0.0023, 509.04, 0, 0.2894, 0, 0.63, 20250916 15:59:59
20250917093048, MSFT, 485, 20251010, P, 59, 398, 0.0089, 509.04, 0, 0.2319, 0, 3.05, 20250916 15:59:59
20250917093048, MSFT, 460, 20251010, C, 0, 27, 0.0034, 509.04, 0, 0.2945, 0, 42.65, 20250916 15:59:59
20250917093048, MSFT, 475, 20251010, P, 36, 478, 0.0063, 509.04, 0, 0.2463, 0, 1.93, 20250916 15:59:59
20250917093048, MSFT, 480, 20251010, C, 5, 42, 0.0074, 509.04, 0, 0.2393, 0, 35.4, 20250916 15:59:59
20250917093048, MSFT, 430, 20251010, C, 0, 0, 0.0011, 509.04, 0, 0.3794, 0, 0, 20250916 15:59:59
20250917093048, MSFT, 500, 20251010, C, 57, 699, 0.013, 509.04, 0, 0.2155, 0, 17.45, 20250916 15:59:59
20250917093048, MSFT, 445, 20251010, C, 18, 1, 0.0019, 509.04, 0, 0.2911, 0, 67.45, 20250916 15:59:59
20250917093048, MSFT, 435, 20251010, P, 20, 109, 0.0013, 509.04, 0, 0.3201, 0, 0.34, 20250916 15:59:59
20250917093048, MSFT, 495, 20251010, C, 39, 251, 0.0117, 509.04, 0, 0.2199, 0, 21.25, 20250916 15:59:59
20250917093048, MSFT, 435, 20251010, C, 0, 1, 0.0013, 509.04, 0, 0.2931, 0, 77.81, 20250916 15:59:59
20250917093048, MSFT, 470, 20251010, P, 139, 679, 0.0052, 509.04, 0, 0.2538, 0, 1.52, 20250916 15:59:59
20250917093048, MSFT, 450, 20251010, C, 1, 3, 0.0023, 509.04, 0, 0.2977, 0, 62.9, 20250916 15:59:59
20250917093048, MSFT, 505, 20251010, C, 309, 325, 0.014, 509.04, 0, 0.2108, 0, 14.45, 20250916 15:59:59
20250917093048, MSFT, 475, 20251010, C, 0, 29, 0.0062, 509.04, 0, 0.2612, 0, 39.65, 20250916 15:59:59
20250917093048, MSFT, 485, 20251010, C, 1, 24, 0.0088, 509.04, 0, 0.2326, 0, 30.2, 20250916 15:59:59
20250917093048, MSFT, 455, 20251010, P, 169, 262, 0.0028, 509.04, 0, 0.2802, 0, 0.79, 20250916 15:59:59
20250917093048, MSFT, 480, 20251010, P, 45, 603, 0.0075, 509.04, 0, 0.2388, 0, 2.45, 20250916 15:59:59
20250917093048, MSFT, 430, 20251010, P, 0, 27, 0.0011, 509.04, 0, 0.3312, 0, 0.26, 20250916 15:59:59
20250917093048, MSFT, 440, 20251010, C, 0, 8, 0.0016, 509.04, 0, 0.3494, 0, 61.12, 20250916 15:59:59
20250917093048, MSFT, 455, 20251010, C, 0, 5, 0.0028, 509.04, 0, 0.2827, 0, 58, 20250916 15:59:59
20250917093048, MSFT, 465, 20251010, C, 0, 3, 0.0042, 509.04, 0, 0.2881, 0, 51, 20250916 15:59:59
20250917093048, MSFT, 445, 20251010, P, 15, 392, 0.0019, 509.04, 0, 0.2996, 0, 0.51, 20250916 15:59:59
20250917093048, MSFT, 505, 20251010, P, 86, 310, 0.0144, 509.04, 0, 0.2108, 0, 8, 20250916 15:59:59
20250917093048, MSFT, 495, 20251010, P, 76, 380, 0.0119, 509.04, 0, 0.2205, 0, 5.19, 20250916 15:59:59
20250917093048, MSFT, 500, 20251010, P, 129, 6626, 0.0133, 509.04, 0, 0.2153, 0, 6.54, 20250916 15:59:59
20250917093048, MSFT, 510, 20251010, C, 390, 430, 0.0146, 509.04, 0, 0.2076, 0, 11.25, 20250916 15:59:59
20250917093048, MSFT, 510, 20251010, P, 65, 170, 0.0151, 509.04, 0, 0.2074, 0, 10.48, 20250916 15:59:59
20250917093048, MSFT, 570, 20251010, C, 5, 29, 0.0024, 509.04, 0, 0.2272, 0, 0.38, 20250916 15:59:59
20250917093048, MSFT, 555, 20251010, P, 0, 0, 0.0058, 509.04, 0, 0, 0, 0, 20250916 15:59:59
20250917093048, MSFT, 545, 20251010, P, 0, 0, 0.0083, 509.04, 0, 0.1965, 0, 44.86, 20250916 15:59:59
20250917093048, MSFT, 555, 20251010, C, 33, 146, 0.0048, 509.04, 0, 0.2134, 0, 0.9, 20250916 15:59:59
20250917093048, MSFT, 565, 20251010, P, 0, 0, 0.0013, 509.04, 0, 0, 0, 0, 20250916 15:59:59
20250917093048, MSFT, 530, 20251010, C, 267, 1107, 0.012, 509.04, 0, 0.2015, 0, 3.9, 20250916 15:59:59
20250917093048, MSFT, 520, 20251010, C, 290, 1321, 0.0143, 509.04, 0, 0.2037, 0, 6.95, 20250916 15:59:59
20250917093048, MSFT, 570, 20251010, P, 0, 0, 0, 509.04, 0, 0.2944, 0, 0, 20250916 15:59:59
20250917093048, MSFT, 575, 20251010, P, 0, 0, 0, 509.04, 0, 0, 0, 0, 20250916 15:59:59
20250917093048, MSFT, 525, 20251010, C, 188, 607, 0.0133, 509.04, 0, 0.2023, 0, 5.2, 20250916 15:59:59
20250917093048, MSFT, 520, 20251010, P, 19, 42, 0.0149, 509.04, 0, 0.203, 0, 14.4, 20250916 15:59:59
20250917093048, MSFT, 525, 20251010, P, 2, 37, 0.014, 509.04, 0, 0.2016, 0, 15.25, 20250916 15:59:59
20250917093048, MSFT, 535, 20251010, P, 0, 13, 0.0113, 509.04, 0, 0.1943, 0, 34.83, 20250916 15:59:59
20250917093048, MSFT, 565, 20251010, C, 9, 55, 0.0031, 509.04, 0, 0.2223, 0, 0.5, 20250916 15:59:59
20250917093048, MSFT, 540, 20251010, P, 1, 11, 0.0098, 509.04, 0, 0.2097, 0, 25.05, 20250916 15:59:59
20250917093048, MSFT, 535, 20251010, C, 200, 360, 0.0104, 509.04, 0, 0.2028, 0, 2.75, 20250916 15:59:59
20250917093048, MSFT, 530, 20251010, P, 0, 102, 0.0127, 509.04, 0, 0.2012, 0, 21.47, 20250916 15:59:59
20250917093048, MSFT, 575, 20251010, C, 4, 112, 0.002, 509.04, 0, 0.2319, 0, 0.29, 20250916 15:59:59
20250917093048, MSFT, 560, 20251010, C, 56, 214, 0.0038, 509.04, 0, 0.218, 0, 0.76, 20250916 15:59:59
20250917093048, MSFT, 515, 20251010, C, 376, 2569, 0.0147, 509.04, 0, 0.205, 0, 9, 20250916 15:59:59
20250917093048, MSFT, 540, 20251010, C, 78, 299, 0.0088, 509.04, 0, 0.2041, 0, 2.04, 20250916 15:59:59
20250917093048, MSFT, 550, 20251010, P, 0, 0, 0.0073, 509.04, 0, 0, 0, 44.29, 20250916 15:59:59
20250917093048, MSFT, 515, 20251010, P, 78, 194, 0.0153, 509.04, 0, 0.205, 0, 13.2, 20250916 15:59:59
20250917093048, MSFT, 560, 20251010, P, 0, 0, 0.0036, 509.04, 0, 0.2376, 0, 0, 20250916 15:59:59
20250917093048, MSFT, 545, 20251010, C, 54, 239, 0.0073, 509.04, 0, 0.2063, 0, 1.5, 20250916 15:59:59
20250917093048, MSFT, 580, 20251010, C, 0, 15, 0.0016, 509.04, 0, 0.2367, 0, 0.27, 20250916 15:59:59
20250917093048, MSFT, 550, 20251010, C, 235, 255, 0.0059, 509.04, 0, 0.2097, 0, 1.15, 20250916 15:59:59
20250917093048, MSFT, 585, 20251010, P, 0, 0, 0, 509.04, 0, 0.3047, 0, 0, 20250916 15:59:59
20250917093048, MSFT, 580, 20251010, P, 0, 0, 0, 509.04, 0, 0.3328, 0, 0, 20250916 15:59:59
20250917093048, MSFT, 585, 20251010, C, 3, 121, 0.0013, 509.04, 0, 0.2427, 0, 0.2, 20250916 15:59:59
20250917093048, MSFT, 590, 20251010, C, 0, 6, 0.001, 509.04, 0, 0.2472, 0, 0.16, 20250916 15:59:59
20250917093048, MSFT, 645, 20251010, P, 0, 0, 0, 509.04, 0, 0, 0, 0, 20250916 15:59:59
20250917093048, MSFT, 595, 20251010, C, 0, 17, 0.0008, 509.04, 0, 0.2516, 0, 0.13, 20250916 15:59:59
20250917093048, MSFT, 620, 20251010, C, 0, 0, 0.0003, 509.04, 0, 0.2754, 0, 0, 20250916 15:59:59
20250917093048, MSFT, 600, 20251010, P, 0, 0, 0, 509.04, 0, 0, 0, 0, 20250916 15:59:59
20250917093048, MSFT, 605, 20251010, C, 0, 0, 0.0005, 509.04, 0, 0.2605, 0, 0, 20250916 15:59:59
20250917093048, MSFT, 645, 20251010, C, 0, 532, 0.0001, 509.04, 0, 0.3015, 0, 0.02, 20250916 15:59:59
20250917093048, MSFT, 650, 20251010, C, 0, 0, 0.0001, 509.04, 0, 0.3103, 0, 0, 20250916 15:59:59
20250917093048, MSFT, 635, 20251010, C, 0, 0, 0.0002, 509.04, 0, 0.2903, 0, 0, 20250916 15:59:59
20250917093048, MSFT, 630, 20251010, P, 0, 0, 0, 509.04, 0, 0, 0, 0, 20250916 15:59:59
20250917093048, MSFT, 625, 20251010, C, 0, 1, 0.0002, 509.04, 0, 0.2814, 0, 0.04, 20250916 15:59:59
20250917093048, MSFT, 595, 20251010, P, 0, 0, 0, 509.04, 0, 0.3342, 0, 0, 20250916 15:59:59
20250917093048, MSFT, 625, 20251010, P, 0, 0, 0, 509.04, 0, 0.4184, 0, 0, 20250916 15:59:59
20250917093048, MSFT, 615, 20251010, P, 0, 0, 0, 509.04, 0, 0, 0, 0, 20250916 15:59:59
20250917093048, MSFT, 650, 20251010, P, 0, 0, 0, 509.04, 0, 0.5147, 0, 0, 20250916 15:59:59
20250917093048, MSFT, 615, 20251010, C, 0, 29, 0.0004, 509.04, 0, 0.2718, 0, 0.04, 20250916 15:59:59
20250917093048, MSFT, 630, 20251010, C, 0, 0, 0.0002, 509.04, 0, 0.2864, 0, 0.04, 20250916 15:59:59
20250917093048, MSFT, 590, 20251010, P, 0, 0, 0, 509.04, 0, 0.3596, 0, 0, 20250916 15:59:59
20250917093048, MSFT, 610, 20251010, C, 5, 5, 0.0004, 509.04, 0, 0.2665, 0, 0.06, 20250916 15:59:59
20250917093048, MSFT, 605, 20251010, P, 0, 0, 0, 509.04, 0, 0.388, 0, 0, 20250916 15:59:59
20250917093048, MSFT, 610, 20251010, P, 0, 0, 0, 509.04, 0, 0.3775, 0, 0, 20250916 15:59:59
20250917093048, MSFT, 640, 20251010, P, 0, 0, 0, 509.04, 0, 0.4661, 0, 0, 20250916 15:59:59
20250917093048, MSFT, 635, 20251010, P, 0, 0, 0, 509.04, 0, 0.4957, 0, 0, 20250916 15:59:59
20250917093048, MSFT, 600, 20251010, C, 20, 38, 0.0007, 509.04, 0, 0.257, 0, 0.1, 20250916 15:59:59
20250917093048, MSFT, 620, 20251010, P, 0, 0, 0, 509.04, 0, 0, 0, 0, 20250916 15:59:59
20250917093048, MSFT, 640, 20251010, C, 0, 0, 0.0001, 509.04, 0, 0.2921, 0, 0, 20250916 15:59:59
20250917093048, MSFT, 360, 20251017, C, 0, 262, 0.0002, 509.04, 0, 0, 0, 140.3, 20250916 15:59:59
20250917093048, MSFT, 390, 20251017, P, 3, 1189, 0.0004, 509.04, 0, 0.3929, 0, 0.15, 20250916 15:59:59
20250917093048, MSFT, 415, 20251017, C, 0, 364, 0.0008, 509.04, 0, 0.3393, 0, 97.86, 20250916 15:59:59
20250917093048, MSFT, 395, 20251017, C, 0, 459, 0.0004, 509.04, 0, 0.4467, 0, 119.56, 20250916 15:59:59
20250917093048, MSFT, 400, 20251017, C, 8, 557, 0.0005, 509.04, 0, 0.3648, 0, 114.75, 20250916 15:59:59
20250917093048, MSFT, 415, 20251017, P, 11, 1329, 0.0008, 509.04, 0, 0.3431, 0, 0.31, 20250916 15:59:59
20250917093048, MSFT, 370, 20251017, P, 0, 806, 0.0002, 509.04, 0, 0.4371, 0, 0.1, 20250916 15:59:59
20250917093048, MSFT, 400, 20251017, P, 131, 2225, 0.0005, 509.04, 0, 0.3743, 0, 0.2, 20250916 15:59:59
20250917093048, MSFT, 380, 20251017, P, 0, 2977, 0.0003, 509.04, 0, 0.4171, 0, 0.13, 20250916 15:59:59
20250917093048, MSFT, 365, 20251017, P, 0, 2101, 0.0002, 509.04, 0, 0.4483, 0, 0.08, 20250916 15:59:59
20250917093048, MSFT, 430, 20251017, P, 21, 1172, 0.0013, 509.04, 0, 0.3144, 0, 0.48, 20250916 15:59:59
20250917093048, MSFT, 380, 20251017, C, 0, 377, 0.0003, 509.04, 0, 0.4899, 0, 134.8, 20250916 15:59:59
20250917093048, MSFT, 420, 20251017, C, 27, 830, 0.001, 509.04, 0, 0.3383, 0, 92.49, 20250916 15:59:59
20250917093048, MSFT, 385, 20251017, C, 0, 128, 0.0003, 509.04, 0, 0.4835, 0, 115.65, 20250916 15:59:59
20250917093048, MSFT, 410, 20251017, P, 3, 1177, 0.0007, 509.04, 0, 0.3532, 0, 0.25, 20250916 15:59:59
20250917093048, MSFT, 370, 20251017, C, 0, 138, 0.0002, 509.04, 0, 0.5265, 0, 142, 20250916 15:59:59
20250917093048, MSFT, 425, 20251017, C, 0, 437, 0.0011, 509.04, 0, 0.3606, 0, 76.43, 20250916 15:59:59
20250917093048, MSFT, 375, 20251017, P, 1, 429, 0.0002, 509.04, 0, 0.4253, 0, 0.1, 20250916 15:59:59
20250917093048, MSFT, 405, 20251017, P, 0, 726, 0.0006, 509.04, 0, 0.3631, 0, 0.22, 20250916 15:59:59
20250917093048, MSFT, 395, 20251017, P, 21, 1341, 0.0004, 509.04, 0, 0.3837, 0, 0.16, 20250916 15:59:59
20250917093048, MSFT, 420, 20251017, P, 13, 3252, 0.001, 509.04, 0, 0.3335, 0, 0.33, 20250916 15:59:59
20250917093048, MSFT, 385, 20251017, P, 0, 2322, 0.0003, 509.04, 0, 0.4044, 0, 0.13, 20250916 15:59:59
20250917093048, MSFT, 375, 20251017, C, 0, 108, 0.0002, 509.04, 0, 0, 0, 120.62, 20250916 15:59:59
20250917093048, MSFT, 360, 20251017, P, 0, 1163, 0.0002, 509.04, 0, 0.4589, 0, 0.08, 20250916 15:59:59
20250917093048, MSFT, 405, 20251017, C, 1, 254, 0.0006, 509.04, 0, 0.3893, 0, 106.85, 20250916 15:59:59
20250917093048, MSFT, 410, 20251017, C, 2, 356, 0.0007, 509.04, 0, 0, 0, 101, 20250916 15:59:59
20250917093048, MSFT, 430, 20251017, C, 16, 953, 0.0013, 509.04, 0, 0.3045, 0, 84, 20250916 15:59:59
20250917093048, MSFT, 425, 20251017, P, 53, 1810, 0.0011, 509.04, 0, 0.324, 0, 0.41, 20250916 15:59:59
20250917093048, MSFT, 365, 20251017, C, 0, 84, 0.0002, 509.04, 0, 0.5451, 0, 149.78, 20250916 15:59:59
20250917093048, MSFT, 390, 20251017, C, 4, 277, 0.0004, 509.04, 0, 0.334, 0, 124.48, 20250916 15:59:59
20250917093048, MSFT, 470, 20251017, P, 334, 3371, 0.0054, 509.04, 0, 0.2483, 0, 2.15, 20250916 15:59:59
20250917093048, MSFT, 465, 20251017, C, 15, 998, 0.0045, 509.04, 0, 0.2511, 0, 51.7, 20250916 15:59:59
20250917093048, MSFT, 465, 20251017, P, 179, 2684, 0.0045, 509.04, 0, 0.2553, 0, 1.7, 20250916 15:59:59
20250917093048, MSFT, 455, 20251017, C, 4, 710, 0.0032, 509.04, 0, 0.2762, 0, 57, 20250916 15:59:59
20250917093048, MSFT, 470, 20251017, C, 18, 2687, 0.0053, 509.04, 0, 0.2474, 0, 43.35, 20250916 15:59:59
20250917093048, MSFT, 460, 20251017, P, 454, 5691, 0.0038, 509.04, 0, 0.2628, 0, 1.4, 20250916 15:59:59
20250917093048, MSFT, 460, 20251017, C, 2, 16360, 0.0038, 509.04, 0, 0.2621, 0, 55.6, 20250916 15:59:59
20250917093048, MSFT, 450, 20251017, C, 41, 1837, 0.0026, 509.04, 0, 0.2642, 0, 63.5, 20250916 15:59:59
20250917093048, MSFT, 445, 20251017, C, 1, 689, 0.0022, 509.04, 0, 0.2539, 0, 69.23, 20250916 15:59:59
20250917093048, MSFT, 450, 20251017, P, 173, 7523, 0.0027, 509.04, 0, 0.2786, 0, 0.95, 20250916 15:59:59
20250917093048, MSFT, 455, 20251017, P, 77, 3342, 0.0032, 509.04, 0, 0.2705, 0, 1.12, 20250916 15:59:59
20250917093048, MSFT, 445, 20251017, P, 18, 2461, 0.0022, 509.04, 0, 0.2871, 0, 0.76, 20250916 15:59:59
20250917093048, MSFT, 435, 20251017, P, 171, 1566, 0.0016, 509.04, 0, 0.3045, 0, 0.58, 20250916 15:59:59
20250917093048, MSFT, 440, 20251017, P, 88, 3306, 0.0019, 509.04, 0, 0.2959, 0, 0.65, 20250916 15:59:59
20250917093048, MSFT, 440, 20251017, C, 9, 1778, 0.0019, 509.04, 0, 0.2989, 0, 72.33, 20250916 15:59:59
20250917093048, MSFT, 435, 20251017, C, 0, 384, 0.0016, 509.04, 0, 0.2959, 0, 82, 20250916 15:59:59
20250917093048, MSFT, 475, 20251017, P, 743, 6496, 0.0063, 509.04, 0, 0.2416, 0, 2.58, 20250916 15:59:59
20250917093048, MSFT, 480, 20251017, C, 39, 1389, 0.0073, 509.04, 0, 0.2311, 0, 35, 20250916 15:59:59
20250917093048, MSFT, 475, 20251017, C, 51, 2650, 0.0062, 509.04, 0, 0.2408, 0, 40.15, 20250916 15:59:59
20250917093048, MSFT, 480, 20251017, P, 285, 7353, 0.0074, 509.04, 0, 0.235, 0, 3.19, 20250916 15:59:59
20250917093048, MSFT, 485, 20251017, P, 545, 4287, 0.0085, 509.04, 0, 0.229, 0, 3.95, 20250916 15:59:59
20250917093048, MSFT, 495, 20251017, P, 219, 2901, 0.0108, 509.04, 0, 0.2189, 0, 6.3, 20250916 15:59:59
20250917093048, MSFT, 495, 20251017, C, 382, 2309, 0.0106, 509.04, 0, 0.2139, 0, 22.6, 20250916 15:59:59
20250917093048, MSFT, 505, 20251017, C, 208, 3298, 0.0124, 509.04, 0, 0.21, 0, 16.01, 20250916 15:59:59
20250917093048, MSFT, 500, 20251017, P, 509, 6109, 0.0119, 509.04, 0, 0.2146, 0, 7.6, 20250916 15:59:59
20250917093048, MSFT, 505, 20251017, P, 561, 3173, 0.0128, 509.04, 0, 0.2098, 0, 9.35, 20250916 15:59:59
20250917093048, MSFT, 485, 20251017, C, 523, 2027, 0.0084, 509.04, 0, 0.2254, 0, 32.79, 20250916 15:59:59
20250917093048, MSFT, 500, 20251017, C, 666, 8915, 0.0116, 509.04, 0, 0.2139, 0, 19.35, 20250916 15:59:59
20250917093048, MSFT, 490, 20251017, C, 64, 2542, 0.0095, 509.04, 0, 0.2218, 0, 26.82, 20250916 15:59:59
20250917093048, MSFT, 490, 20251017, P, 406, 5346, 0.0097, 509.04, 0, 0.2234, 0, 4.95, 20250916 15:59:59
20250917093048, MSFT, 515, 20251017, C, 1696, 4717, 0.0131, 509.04, 0, 0.2038, 0, 10.35, 20250916 15:59:59
20250917093048, MSFT, 510, 20251017, P, 237, 4750, 0.0134, 509.04, 0, 0.2067, 0, 11.7, 20250916 15:59:59
20250917093048, MSFT, 510, 20251017, C, 1400, 7384, 0.0129, 509.04, 0, 0.2064, 0, 12.85, 20250916 15:59:59
20250917093048, MSFT, 515, 20251017, P, 258, 1336, 0.0136, 509.04, 0, 0.2043, 0, 14, 20250916 15:59:59
20250917093048, MSFT, 540, 20251017, C, 1832, 4836, 0.0089, 509.04, 0, 0.2015, 0, 2.91, 20250916 15:59:59
20250917093048, MSFT, 585, 20251017, P, 0, 0, 0, 509.04, 0, 0.3144, 0, 80.46, 20250916 15:59:59
20250917093048, MSFT, 585, 20251017, C, 12, 787, 0.0017, 509.04, 0, 0.2334, 0, 0.37, 20250916 15:59:59
20250917093048, MSFT, 590, 20251017, P, 0, 0, 0, 509.04, 0, 0.2928, 0, 83.25, 20250916 15:59:59
20250917093048, MSFT, 590, 20251017, C, 0, 448, 0.0014, 509.04, 0, 0.2365, 0, 0.31, 20250916 15:59:59
20250917093048, MSFT, 635, 20251017, C, 0, 406, 0.0003, 509.04, 0, 0.2746, 0, 0.03, 20250916 15:59:59
20250917093048, MSFT, 605, 20251017, P, 0, 0, 0, 509.04, 0, 0, 0, 94.11, 20250916 15:59:59
20250917093048, MSFT, 630, 20251017, C, 0, 1643, 0.0003, 509.04, 0, 0.2709, 0, 0.04, 20250916 15:59:59
20250917093048, MSFT, 640, 20251017, P, 0, 0, 0, 509.04, 0, 0, 0, 0, 20250916 15:59:59
20250917093048, MSFT, 595, 20251017, C, 4, 340, 0.0012, 509.04, 0, 0.2421, 0, 0.22, 20250916 15:59:59
20250917093048, MSFT, 595, 20251017, P, 0, 0, 0, 509.04, 0, 0, 0, 62.4, 20250916 15:59:59
20250917093048, MSFT, 635, 20251017, P, 0, 0, 0, 509.04, 0, 0, 0, 109.07, 20250916 15:59:59
20250917093048, MSFT, 650, 20251017, P, 0, 0, 0, 509.04, 0, 0, 0, 147.45, 20250916 15:59:59
20250917093048, MSFT, 650, 20251017, C, 366, 5378, 0.0002, 509.04, 0, 0.2724, 0, 0.02, 20250916 15:59:59
20250917093048, MSFT, 625, 20251017, P, 0, 0, 0, 509.04, 0, 0.3887, 0, 0, 20250916 15:59:59
20250917093048, MSFT, 620, 20251017, P, 0, 0, 0, 509.04, 0, 0.3864, 0, 86.2, 20250916 15:59:59
20250917093048, MSFT, 600, 20251017, C, 96, 7597, 0.001, 509.04, 0, 0.2473, 0, 0.17, 20250916 15:59:59
20250917093048, MSFT, 600, 20251017, P, 0, 1, 0, 509.04, 0, 0.3298, 0, 89.09, 20250916 15:59:59
20250917093048, MSFT, 615, 20251017, C, 0, 373, 0.0006, 509.04, 0, 0.2584, 0, 0.14, 20250916 15:59:59
20250917093048, MSFT, 610, 20251017, P, 0, 0, 0, 509.04, 0, 0.345, 0, 0, 20250916 15:59:59
20250917093048, MSFT, 605, 20251017, C, 10, 689, 0.0008, 509.04, 0, 0.251, 0, 0.16, 20250916 15:59:59
20250917093048, MSFT, 615, 20251017, P, 0, 0, 0, 509.04, 0, 0, 0, 108.25, 20250916 15:59:59
20250917093048, MSFT, 620, 20251017, C, 11, 92, 0.0005, 509.04, 0, 0.2613, 0, 0.1, 20250916 15:59:59
20250917093048, MSFT, 645, 20251017, P, 0, 0, 0, 509.04, 0, 0.4557, 0, 0, 20250916 15:59:59
20250917093048, MSFT, 630, 20251017, P, 0, 0, 0, 509.04, 0, 0, 0, 105.35, 20250916 15:59:59
20250917093048, MSFT, 645, 20251017, C, 0, 116, 0.0002, 509.04, 0, 0.2851, 0, 0.02, 20250916 15:59:59
20250917093048, MSFT, 625, 20251017, C, 1, 110, 0.0004, 509.04, 0, 0.2666, 0, 0.07, 20250916 15:59:59
20250917093048, MSFT, 610, 20251017, C, 1, 1753, 0.0007, 509.04, 0, 0.2542, 0, 0.13, 20250916 15:59:59
20250917093048, MSFT, 640, 20251017, C, 0, 2358, 0.0002, 509.04, 0, 0.2766, 0, 0.05, 20250916 15:59:59
