20250917093048, MU, 114, 20250919, C, 0, 193, 0.0005, 158.82, 0, 0, 0, 43.5, 20250916 15:59:59
20250917093048, MU, 112, 20250919, C, 0, 65, 0.0004, 158.82, 0, 0, 0, 41.37, 20250916 15:59:59
20250917093048, MU, 113, 20250919, P, 361, 1272, 0.0004, 158.82, 0, 1.3696, 0, 0.01, 20250916 15:59:59
20250917093048, MU, 120, 20250919, P, 161, 7744, 0.0008, 158.82, 0, 1.2095, 0, 0.02, 20250916 15:59:59
20250917093048, MU, 122, 20250919, C, 6, 671, 0.001, 158.82, 0, 0, 0, 36.16, 20250916 15:59:59
20250917093048, MU, 117, 20250919, P, 13, 935, 0.0006, 158.82, 0, 1.2407, 0, 0.02, 20250916 15:59:59
20250917093048, MU, 117, 20250919, C, 16, 351, 0.0006, 158.82, 0, 0, 0, 42.12, 20250916 15:59:59
20250917093048, MU, 121, 20250919, C, 7, 744, 0.0009, 158.82, 0, 1.2399, 0, 37.13, 20250916 15:59:59
20250917093048, MU, 116, 20250919, C, 7, 357, 0.0006, 158.82, 0, 0, 0, 42.2, 20250916 15:59:59
20250917093048, MU, 115, 20250919, P, 81, 6470, 0.0005, 158.82, 0, 1.3047, 0, 0.01, 20250916 15:59:59
20250917093048, MU, 112, 20250919, P, 492, 938, 0.0004, 158.82, 0, 1.4024, 0, 0.01, 20250916 15:59:59
20250917093048, MU, 113, 20250919, C, 6, 191, 0.0004, 158.82, 0, 0, 0, 44.8, 20250916 15:59:59
20250917093048, MU, 119, 20250919, C, 0, 384, 0.0007, 158.82, 0, 1.3128, 0, 38.45, 20250916 15:59:59
20250917093048, MU, 116, 20250919, P, 43, 1286, 0.0006, 158.82, 0, 1.2726, 0, 0.01, 20250916 15:59:59
20250917093048, MU, 121, 20250919, P, 224, 1060, 0.0009, 158.82, 0, 1.1771, 0, 0.03, 20250916 15:59:59
20250917093048, MU, 119, 20250919, P, 35, 5619, 0.0007, 158.82, 0, 1.2422, 0, 0.01, 20250916 15:59:59
20250917093048, MU, 115, 20250919, C, 258, 13442, 0.0005, 158.82, 0, 1.3305, 0, 44.07, 20250916 15:59:59
20250917093048, MU, 120, 20250919, C, 194, 7861, 0.0008, 158.82, 0, 1.147, 0, 38.97, 20250916 15:59:59
20250917093048, MU, 118, 20250919, C, 86, 244, 0.0006, 158.82, 0, 1.2195, 0, 40.35, 20250916 15:59:59
20250917093048, MU, 114, 20250919, P, 418, 626, 0.0005, 158.82, 0, 1.337, 0, 0.01, 20250916 15:59:59
20250917093048, MU, 118, 20250919, P, 171, 1473, 0.0006, 158.82, 0, 1.275, 0, 0.01, 20250916 15:59:59
20250917093048, MU, 124, 20250919, C, 10, 569, 0.0012, 158.82, 0, 0, 0, 34, 20250916 15:59:59
20250917093048, MU, 122, 20250919, P, 2, 1242, 0.001, 158.82, 0, 1.1175, 0, 0.02, 20250916 15:59:59
20250917093048, MU, 123, 20250919, P, 130, 563, 0.001, 158.82, 0, 1.1563, 0, 0.03, 20250916 15:59:59
20250917093048, MU, 123, 20250919, C, 40, 1625, 0.001, 158.82, 0, 0, 0, 35.03, 20250916 15:59:59
20250917093048, MU, 124, 20250919, P, 10, 1037, 0.0012, 158.82, 0, 1.1234, 0, 0.04, 20250916 15:59:59
20250917093048, MU, 137, 20250919, C, 9, 206, 0.0045, 158.82, 0, 0.9123, 0, 21.22, 20250916 15:59:59
20250917093048, MU, 155, 20250919, P, 6915, 7798, 0.0447, 158.82, 0, 0.5344, 0, 1.5, 20250916 15:59:59
20250917093048, MU, 152.5, 20250919, C, 951, 2076, 0.0351, 158.82, 0, 0.5478, 0, 7.48, 20250916 15:59:59
20250917093048, MU, 162.5, 20250919, C, 1671, 1556, 0.0452, 158.82, 0, 0.5551, 0, 1.76, 20250916 15:59:59
20250917093048, MU, 147, 20250919, C, 13, 212, 0.0166, 158.82, 0, 0.6283, 0, 11.6, 20250916 15:59:59
20250917093048, MU, 150, 20250919, C, 377, 6116, 0.0255, 158.82, 0, 0.556, 0, 9.63, 20250916 15:59:59
20250917093048, MU, 148, 20250919, P, 672, 1993, 0.0193, 158.82, 0, 0.6042, 0, 0.38, 20250916 15:59:59
20250917093048, MU, 157.5, 20250919, C, 2532, 2917, 0.0504, 158.82, 0, 0.5329, 0, 3.85, 20250916 15:59:59
20250917093048, MU, 149, 20250919, C, 162, 318, 0.0222, 158.82, 0, 0.5641, 0, 10.05, 20250916 15:59:59
20250917093048, MU, 162.5, 20250919, P, 10, 70, 0.0455, 158.82, 0, 0.5548, 0, 5.4, 20250916 15:59:59
20250917093048, MU, 149, 20250919, P, 350, 1121, 0.0222, 158.82, 0, 0.588, 0, 0.46, 20250916 15:59:59
20250917093048, MU, 155, 20250919, C, 1243, 4541, 0.0445, 158.82, 0, 0.5356, 0, 5.52, 20250916 15:59:59
20250917093048, MU, 150, 20250919, P, 3144, 9503, 0.0256, 158.82, 0, 0.5755, 0, 0.56, 20250916 15:59:59
20250917093048, MU, 160, 20250919, P, 1037, 1237, 0.0508, 158.82, 0, 0.5401, 0, 3.7, 20250916 15:59:59
20250917093048, MU, 152.5, 20250919, P, 6292, 15031, 0.0352, 158.82, 0, 0.5488, 0, 0.88, 20250916 15:59:59
20250917093048, MU, 157.5, 20250919, P, 6735, 6046, 0.0507, 158.82, 0, 0.5342, 0, 2.39, 20250916 15:59:59
20250917093048, MU, 147, 20250919, P, 143, 1154, 0.0167, 158.82, 0, 0.6199, 0, 0.33, 20250916 15:59:59
20250917093048, MU, 148, 20250919, C, 133, 400, 0.0192, 158.82, 0, 0.6073, 0, 10.47, 20250916 15:59:59
20250917093048, MU, 146, 20250919, P, 204, 855, 0.0144, 158.82, 0, 0.6358, 0, 0.28, 20250916 15:59:59
20250917093048, MU, 160, 20250919, C, 7231, 9048, 0.0504, 158.82, 0, 0.5413, 0, 2.62, 20250916 15:59:59
20250917093048, MU, 144, 20250919, C, 2, 133, 0.0109, 158.82, 0, 0.5226, 0, 14.4, 20250916 15:59:59
20250917093048, MU, 145, 20250919, C, 113, 10850, 0.0125, 158.82, 0, 0.6585, 0, 13.5, 20250916 15:59:59
20250917093048, MU, 146, 20250919, C, 25, 575, 0.0144, 158.82, 0, 0.6581, 0, 12.8, 20250916 15:59:59
20250917093048, MU, 142, 20250919, C, 13, 220, 0.0084, 158.82, 0, 0.6802, 0, 17.01, 20250916 15:59:59
20250917093048, MU, 145, 20250919, P, 1985, 3943, 0.0125, 158.82, 0, 0.656, 0, 0.24, 20250916 15:59:59
20250917093048, MU, 143, 20250919, P, 674, 2950, 0.0095, 158.82, 0, 0.6967, 0, 0.21, 20250916 15:59:59
20250917093048, MU, 165, 20250919, P, 61, 287, 0.0377, 158.82, 0, 0.5797, 0, 7.8, 20250916 15:59:59
20250917093048, MU, 165, 20250919, C, 2725, 4966, 0.0374, 158.82, 0, 0.5817, 0, 1.18, 20250916 15:59:59
20250917093048, MU, 144, 20250919, P, 1071, 1304, 0.0109, 158.82, 0, 0.6727, 0, 0.2, 20250916 15:59:59
20250917093048, MU, 143, 20250919, C, 27, 182, 0.0095, 158.82, 0, 0.7214, 0, 15.21, 20250916 15:59:59
20250917093048, MU, 142, 20250919, P, 133, 780, 0.0084, 158.82, 0, 0.7145, 0, 0.16, 20250916 15:59:59
20250917093048, MU, 172.5, 20250919, P, 0, 2, 0.0178, 158.82, 0, 0.8312, 0, 18.15, 20250916 15:59:59
20250917093048, MU, 167.5, 20250919, P, 138, 148, 0.0297, 158.82, 0, 0.6045, 0, 10.1, 20250916 15:59:59
20250917093048, MU, 170, 20250919, P, 13, 124, 0.023, 158.82, 0, 0.6296, 0, 11.6, 20250916 15:59:59
20250917093048, MU, 167.5, 20250919, C, 615, 881, 0.0296, 158.82, 0, 0.6139, 0, 0.86, 20250916 15:59:59
20250917093048, MU, 175, 20250919, P, 0, 61, 0.0139, 158.82, 0, 0.9507, 0, 17, 20250916 15:59:59
20250917093048, MU, 170, 20250919, C, 2244, 8425, 0.0229, 158.82, 0, 0.6517, 0, 0.61, 20250916 15:59:59
20250917093048, MU, 177.5, 20250919, C, 33, 281, 0.011, 158.82, 0, 0.7766, 0, 0.31, 20250916 15:59:59
20250917093048, MU, 175, 20250919, C, 1513, 5577, 0.0139, 158.82, 0, 0.7312, 0, 0.4, 20250916 15:59:59
20250917093048, MU, 172.5, 20250919, C, 511, 3199, 0.0178, 158.82, 0, 0.6914, 0, 0.46, 20250916 15:59:59
20250917093048, MU, 180, 20250919, P, 25, 37, 0.0088, 158.82, 0, 1.0409, 0, 21.2, 20250916 15:59:59
20250917093048, MU, 180, 20250919, C, 1091, 4245, 0.0087, 158.82, 0, 0.8137, 0, 0.24, 20250916 15:59:59
20250917093048, MU, 177.5, 20250919, P, 0, 0, 0.011, 158.82, 0, 1.01, 0, 0, 20250916 15:59:59
20250917093048, MU, 200, 20250919, P, 30, 30, 0.002, 158.82, 0, 1.4566, 0, 42, 20250916 15:59:59
20250917093048, MU, 205, 20250919, P, 2, 0, 0.0015, 158.82, 0, 1.3106, 0, 46.95, 20250916 15:59:59
20250917093048, MU, 115, 20250926, P, 259, 1112, 0.0021, 158.82, 0, 1.0524, 0, 0.26, 20250916 15:59:59
20250917093048, MU, 115, 20250926, C, 13, 342, 0.0021, 158.82, 0, 1.0385, 0, 43.68, 20250916 15:59:59
20250917093048, MU, 117, 20250926, C, 13, 149, 0.0024, 158.82, 0, 0.8358, 0, 42.45, 20250916 15:59:59
20250917093048, MU, 114, 20250926, P, 2, 456, 0.002, 158.82, 0, 1.0634, 0, 0.26, 20250916 15:59:59
20250917093048, MU, 112, 20250926, P, 8, 121, 0.0017, 158.82, 0, 1.1013, 0, 0.22, 20250916 15:59:59
20250917093048, MU, 113, 20250926, C, 1, 157, 0.0018, 158.82, 0, 0, 0, 45.65, 20250916 15:59:59
20250917093048, MU, 119, 20250926, C, 10, 338, 0.0028, 158.82, 0, 0.6103, 0, 39.5, 20250916 15:59:59
20250917093048, MU, 116, 20250926, C, 0, 155, 0.0022, 158.82, 0, 1.0864, 0, 42.4, 20250916 15:59:59
20250917093048, MU, 117, 20250926, P, 8, 672, 0.0024, 158.82, 0, 1.0164, 0, 0.3, 20250916 15:59:59
20250917093048, MU, 121, 20250926, C, 2, 292, 0.0032, 158.82, 0, 1.0044, 0, 38.38, 20250916 15:59:59
20250917093048, MU, 113, 20250926, P, 1, 158, 0.0018, 158.82, 0, 1.0978, 0, 0.36, 20250916 15:59:59
20250917093048, MU, 120, 20250926, C, 11, 919, 0.003, 158.82, 0, 0, 0, 39.58, 20250916 15:59:59
20250917093048, MU, 114, 20250926, C, 2, 94, 0.002, 158.82, 0, 0, 0, 44.8, 20250916 15:59:59
20250917093048, MU, 118, 20250926, C, 13, 1422, 0.0026, 158.82, 0, 0, 0, 40.78, 20250916 15:59:59
20250917093048, MU, 120, 20250926, P, 585, 1610, 0.003, 158.82, 0, 0.9714, 0, 0.3, 20250916 15:59:59
20250917093048, MU, 119, 20250926, P, 9, 377, 0.0028, 158.82, 0, 1.0058, 0, 0.36, 20250916 15:59:59
20250917093048, MU, 112, 20250926, C, 0, 174, 0.0017, 158.82, 0, 1.1472, 0, 44.88, 20250916 15:59:59
20250917093048, MU, 118, 20250926, P, 4, 374, 0.0026, 158.82, 0, 0.9953, 0, 0.28, 20250916 15:59:59
20250917093048, MU, 116, 20250926, P, 6, 1197, 0.0022, 158.82, 0, 1.0581, 0, 0.26, 20250916 15:59:59
20250917093048, MU, 122, 20250926, P, 4, 510, 0.0034, 158.82, 0, 0.9537, 0, 0.45, 20250916 15:59:59
20250917093048, MU, 121, 20250926, P, 0, 283, 0.0032, 158.82, 0, 0.9371, 0, 0.48, 20250916 15:59:59
20250917093048, MU, 123, 20250926, C, 10, 1463, 0.0037, 158.82, 0, 0.8978, 0, 35.62, 20250916 15:59:59
20250917093048, MU, 122, 20250926, C, 1, 300, 0.0034, 158.82, 0, 0.7251, 0, 37.28, 20250916 15:59:59
20250917093048, MU, 123, 20250926, P, 12, 294, 0.0037, 158.82, 0, 0.9422, 0, 0.45, 20250916 15:59:59
20250917093048, MU, 130, 20250926, P, 236, 2039, 0.006, 158.82, 0, 0.8832, 0, 0.79, 20250916 15:59:59
20250917093048, MU, 140, 20250926, C, 68, 1263, 0.0111, 158.82, 0, 0.8333, 0, 21, 20250916 15:59:59
20250917093048, MU, 135, 20250926, C, 59, 979, 0.0084, 158.82, 0, 0.8276, 0, 24.57, 20250916 15:59:59
20250917093048, MU, 140, 20250926, P, 796, 3244, 0.0112, 158.82, 0, 0.8278, 0, 1.96, 20250916 15:59:59
20250917093048, MU, 139, 20250926, P, 83, 200, 0.0106, 158.82, 0, 0.8316, 0, 1.88, 20250916 15:59:59
20250917093048, MU, 138, 20250926, P, 48, 331, 0.01, 158.82, 0, 0.836, 0, 1.7, 20250916 15:59:59
20250917093048, MU, 129, 20250926, P, 62, 344, 0.0056, 158.82, 0, 0.8908, 0, 0.77, 20250916 15:59:59
20250917093048, MU, 141, 20250926, P, 23, 1116, 0.0117, 158.82, 0, 0.8292, 0, 2.4, 20250916 15:59:59
20250917093048, MU, 143, 20250926, P, 995, 1068, 0.0129, 158.82, 0, 0.823, 0, 2.39, 20250916 15:59:59
20250917093048, MU, 131, 20250926, C, 16, 681, 0.0064, 158.82, 0, 0.8979, 0, 28.4, 20250916 15:59:59
20250917093048, MU, 127, 20250926, C, 15, 231, 0.0049, 158.82, 0, 0.7776, 0, 31.58, 20250916 15:59:59
20250917093048, MU, 130, 20250926, C, 33, 1618, 0.006, 158.82, 0, 0.8862, 0, 29.95, 20250916 15:59:59
20250917093048, MU, 148, 20250926, P, 359, 289, 0.0154, 158.82, 0, 0.8183, 0, 3.97, 20250916 15:59:59
20250917093048, MU, 125, 20250926, C, 123, 3503, 0.0042, 158.82, 0, 0.9218, 0, 34.57, 20250916 15:59:59
20250917093048, MU, 137, 20250926, P, 76, 232, 0.0095, 158.82, 0, 0.8407, 0, 1.6, 20250916 15:59:59
20250917093048, MU, 137, 20250926, C, 13, 304, 0.0094, 158.82, 0, 0.8528, 0, 22.77, 20250916 15:59:59
20250917093048, MU, 148, 20250926, C, 1, 95, 0.0154, 158.82, 0, 0.8267, 0, 14.46, 20250916 15:59:59
20250917093048, MU, 136, 20250926, C, 9, 154, 0.0089, 158.82, 0, 0.81, 0, 24.25, 20250916 15:59:59
20250917093048, MU, 144, 20250926, C, 2, 28, 0.0134, 158.82, 0, 0.8252, 0, 18.4, 20250916 15:59:59
20250917093048, MU, 146, 20250926, P, 369, 271, 0.0145, 158.82, 0, 0.8195, 0, 3.28, 20250916 15:59:59
20250917093048, MU, 138, 20250926, C, 4, 337, 0.01, 158.82, 0, 0.8145, 0, 23.25, 20250916 15:59:59
20250917093048, MU, 142, 20250926, P, 169, 161, 0.0123, 158.82, 0, 0.8239, 0, 2.34, 20250916 15:59:59
20250917093048, MU, 127, 20250926, P, 18, 300, 0.0049, 158.82, 0, 0.9133, 0, 0.68, 20250916 15:59:59
20250917093048, MU, 143, 20250926, C, 13, 55, 0.0128, 158.82, 0, 0.7906, 0, 18.56, 20250916 15:59:59
20250917093048, MU, 144, 20250926, P, 45, 199, 0.0134, 158.82, 0, 0.8224, 0, 2.79, 20250916 15:59:59
20250917093048, MU, 133, 20250926, C, 105, 220, 0.0074, 158.82, 0, 0.8254, 0, 27.2, 20250916 15:59:59
20250917093048, MU, 145, 20250926, C, 149, 3344, 0.0139, 158.82, 0, 0.8233, 0, 17.15, 20250916 15:59:59
20250917093048, MU, 126, 20250926, P, 3, 302, 0.0046, 158.82, 0, 0.9153, 0, 0.59, 20250916 15:59:59
20250917093048, MU, 134, 20250926, P, 24, 115, 0.0079, 158.82, 0, 0.8559, 0, 1.12, 20250916 15:59:59
20250917093048, MU, 146, 20250926, C, 80, 47, 0.0144, 158.82, 0, 0.8316, 0, 16.27, 20250916 15:59:59
20250917093048, MU, 124, 20250926, P, 8, 546, 0.004, 158.82, 0, 0.9358, 0, 0.44, 20250916 15:59:59
20250917093048, MU, 147, 20250926, C, 23, 80, 0.0149, 158.82, 0, 0.8228, 0, 15.78, 20250916 15:59:59
20250917093048, MU, 128, 20250926, C, 56, 388, 0.0052, 158.82, 0, 0.8876, 0, 31.81, 20250916 15:59:59
20250917093048, MU, 142, 20250926, C, 3, 35, 0.0123, 158.82, 0, 0.7974, 0, 18.61, 20250916 15:59:59
20250917093048, MU, 145, 20250926, P, 550, 1625, 0.014, 158.82, 0, 0.82, 0, 3.07, 20250916 15:59:59
20250917093048, MU, 147, 20250926, P, 229, 223, 0.015, 158.82, 0, 0.82, 0, 3.81, 20250916 15:59:59
20250917093048, MU, 125, 20250926, P, 490, 1316, 0.0042, 158.82, 0, 0.9089, 0, 0.54, 20250916 15:59:59
20250917093048, MU, 129, 20250926, C, 0, 456, 0.0056, 158.82, 0, 0.8294, 0, 29.68, 20250916 15:59:59
20250917093048, MU, 139, 20250926, C, 20, 84, 0.0106, 158.82, 0, 0.8441, 0, 20.85, 20250916 15:59:59
20250917093048, MU, 132, 20250926, P, 22, 246, 0.0069, 158.82, 0, 0.8706, 0, 0.95, 20250916 15:59:59
20250917093048, MU, 141, 20250926, C, 4, 41, 0.0117, 158.82, 0, 0.8138, 0, 19.5, 20250916 15:59:59
20250917093048, MU, 135, 20250926, P, 955, 4072, 0.0084, 158.82, 0, 0.8501, 0, 1.24, 20250916 15:59:59
20250917093048, MU, 136, 20250926, P, 53, 2242, 0.0089, 158.82, 0, 0.8437, 0, 1.38, 20250916 15:59:59
20250917093048, MU, 131, 20250926, P, 32, 1058, 0.0065, 158.82, 0, 0.8749, 0, 0.91, 20250916 15:59:59
20250917093048, MU, 133, 20250926, P, 52, 208, 0.0074, 158.82, 0, 0.86, 0, 1.1, 20250916 15:59:59
20250917093048, MU, 124, 20250926, C, 4, 204, 0.004, 158.82, 0, 0.9474, 0, 34.47, 20250916 15:59:59
20250917093048, MU, 134, 20250926, C, 3, 327, 0.0078, 158.82, 0, 0.8608, 0, 25.1, 20250916 15:59:59
20250917093048, MU, 126, 20250926, C, 3, 379, 0.0046, 158.82, 0, 0.8363, 0, 32.75, 20250916 15:59:59
20250917093048, MU, 128, 20250926, P, 30, 462, 0.0052, 158.82, 0, 0.8989, 0, 0.7, 20250916 15:59:59
20250917093048, MU, 132, 20250926, C, 6, 261, 0.0069, 158.82, 0, 0.8584, 0, 28, 20250916 15:59:59
20250917093048, MU, 162.5, 20250926, P, 1, 16, 0.0179, 158.82, 0, 0.8468, 0, 11.1, 20250916 15:59:59
20250917093048, MU, 150, 20250926, C, 538, 1738, 0.0162, 158.82, 0, 0.8174, 0, 13.78, 20250916 15:59:59
20250917093048, MU, 150, 20250926, P, 1118, 1233, 0.0163, 158.82, 0, 0.8235, 0, 4.66, 20250916 15:59:59
20250917093048, MU, 172.5, 20250926, C, 704, 4206, 0.0154, 158.82, 0, 0.8721, 0, 4.3, 20250916 15:59:59
20250917093048, MU, 157.5, 20250926, C, 584, 1053, 0.0179, 158.82, 0, 0.8372, 0, 9.65, 20250916 15:59:59
20250917093048, MU, 152.5, 20250926, P, 385, 410, 0.0171, 158.82, 0, 0.8248, 0, 5.62, 20250916 15:59:59
20250917093048, MU, 190, 20250926, P, 0, 67, 0.0093, 158.82, 0, 0.9241, 0, 34.42, 20250916 15:59:59
20250917093048, MU, 162.5, 20250926, C, 393, 472, 0.0178, 158.82, 0, 0.8489, 0, 7.25, 20250916 15:59:59
20250917093048, MU, 165, 20250926, C, 1718, 5213, 0.0174, 158.82, 0, 0.8562, 0, 6.5, 20250916 15:59:59
20250917093048, MU, 185, 20250926, P, 0, 4, 0.0109, 158.82, 0, 0.8917, 0, 29.92, 20250916 15:59:59
20250917093048, MU, 175, 20250926, C, 1800, 3064, 0.0145, 158.82, 0, 0.8796, 0, 3.74, 20250916 15:59:59
20250917093048, MU, 152.5, 20250926, C, 209, 346, 0.017, 158.82, 0, 0.8295, 0, 12.32, 20250916 15:59:59
20250917093048, MU, 180, 20250926, P, 0, 13, 0.0127, 158.82, 0, 0.8812, 0, 24.35, 20250916 15:59:59
20250917093048, MU, 113, 20251003, P, 0, 22, 0.0022, 158.82, 0, 0.8414, 0, 0.45, 20250916 15:59:59
20250917093048, MU, 116, 20251003, P, 0, 27, 0.0026, 158.82, 0, 0.8157, 0, 0.53, 20250916 15:59:59
20250917093048, MU, 130, 20251003, P, 61, 1298, 0.0063, 158.82, 0, 0.7275, 0, 1.06, 20250916 15:59:59
20250917093048, MU, 124, 20251003, C, 1, 56, 0.0043, 158.82, 0, 0.6519, 0, 35.18, 20250916 15:59:59
20250917093048, MU, 115, 20251003, C, 1, 36, 0.0024, 158.82, 0, 0, 0, 44.69, 20250916 15:59:59
20250917093048, MU, 120, 20251003, P, 45, 769, 0.0033, 158.82, 0, 0.8001, 0, 0.49, 20250916 15:59:59
20250917093048, MU, 119, 20251003, P, 0, 263, 0.0031, 158.82, 0, 0.8096, 0, 0.61, 20250916 15:59:59
20250917093048, MU, 121, 20251003, P, 12, 46, 0.0036, 158.82, 0, 0.7822, 0, 0.56, 20250916 15:59:59
20250917093048, MU, 117, 20251003, P, 0, 50, 0.0028, 158.82, 0, 0.8073, 0, 0.59, 20250916 15:59:59
20250917093048, MU, 129, 20251003, P, 55, 246, 0.006, 158.82, 0, 0.7341, 0, 1.06, 20250916 15:59:59
20250917093048, MU, 129, 20251003, C, 13, 45, 0.0059, 158.82, 0, 0.6734, 0, 31.3, 20250916 15:59:59
20250917093048, MU, 123, 20251003, P, 22, 77, 0.004, 158.82, 0, 0.7937, 0, 0.61, 20250916 15:59:59
20250917093048, MU, 118, 20251003, P, 1, 319, 0.0029, 158.82, 0, 0.8039, 0, 0.48, 20250916 15:59:59
20250917093048, MU, 123, 20251003, C, 10, 47, 0.004, 158.82, 0, 0.6249, 0, 35.9, 20250916 15:59:59
20250917093048, MU, 119, 20251003, C, 10, 71, 0.0031, 158.82, 0, 0.6099, 0, 39.8, 20250916 15:59:59
20250917093048, MU, 117, 20251003, C, 3, 69, 0.0028, 158.82, 0, 0.6461, 0, 41.85, 20250916 15:59:59
20250917093048, MU, 127, 20251003, P, 32, 86, 0.0052, 158.82, 0, 0.7487, 0, 0.8, 20250916 15:59:59
20250917093048, MU, 130, 20251003, C, 11, 452, 0.0063, 158.82, 0, 0.7566, 0, 29.48, 20250916 15:59:59
20250917093048, MU, 128, 20251003, P, 1, 35, 0.0056, 158.82, 0, 0.7408, 0, 1.01, 20250916 15:59:59
20250917093048, MU, 121, 20251003, C, 1, 47, 0.0036, 158.82, 0, 0.8106, 0, 37.83, 20250916 15:59:59
20250917093048, MU, 128, 20251003, C, 0, 86, 0.0056, 158.82, 0, 0.7631, 0, 31.25, 20250916 15:59:59
20250917093048, MU, 118, 20251003, C, 6, 86, 0.0029, 158.82, 0, 0.5639, 0, 40.77, 20250916 15:59:59
20250917093048, MU, 115, 20251003, P, 3, 1291, 0.0024, 158.82, 0, 0.8257, 0, 0.33, 20250916 15:59:59
20250917093048, MU, 131, 20251003, P, 62, 169, 0.0067, 158.82, 0, 0.7077, 0, 1.26, 20250916 15:59:59
20250917093048, MU, 131, 20251003, C, 0, 27, 0.0067, 158.82, 0, 0.726, 0, 28.61, 20250916 15:59:59
20250917093048, MU, 122, 20251003, C, 2, 113, 0.0038, 158.82, 0, 0.8039, 0, 37, 20250916 15:59:59
20250917093048, MU, 124, 20251003, P, 2, 67, 0.0043, 158.82, 0, 0.7616, 0, 0.74, 20250916 15:59:59
20250917093048, MU, 125, 20251003, C, 20, 177, 0.0046, 158.82, 0, 0.7789, 0, 35.5, 20250916 15:59:59
20250917093048, MU, 122, 20251003, P, 4, 53, 0.0038, 158.82, 0, 0.7644, 0, 0.62, 20250916 15:59:59
20250917093048, MU, 127, 20251003, C, 0, 44, 0.0052, 158.82, 0, 0.6546, 0, 32.32, 20250916 15:59:59
20250917093048, MU, 120, 20251003, C, 33, 299, 0.0033, 158.82, 0, 0.6798, 0, 39, 20250916 15:59:59
20250917093048, MU, 132, 20251003, C, 0, 73, 0.0071, 158.82, 0, 0.7211, 0, 27.6, 20250916 15:59:59
20250917093048, MU, 126, 20251003, P, 11, 57, 0.0049, 158.82, 0, 0.7504, 0, 0.84, 20250916 15:59:59
20250917093048, MU, 125, 20251003, P, 77, 326, 0.0046, 158.82, 0, 0.756, 0, 0.76, 20250916 15:59:59
20250917093048, MU, 116, 20251003, C, 0, 21, 0.0026, 158.82, 0, 0.8468, 0, 26.47, 20250916 15:59:59
20250917093048, MU, 126, 20251003, C, 1, 271, 0.0049, 158.82, 0, 0.7855, 0, 33.14, 20250916 15:59:59
20250917093048, MU, 113, 20251003, C, 6, 74, 0.0022, 158.82, 0, 0, 0, 45.72, 20250916 15:59:59
20250917093048, MU, 114, 20251003, C, 0, 27, 0.0023, 158.82, 0, 0, 0, 43.3, 20250916 15:59:59
20250917093048, MU, 132, 20251003, P, 31, 186, 0.0072, 158.82, 0, 0.7193, 0, 1.37, 20250916 15:59:59
20250917093048, MU, 114, 20251003, P, 22, 98, 0.0023, 158.82, 0, 0.8625, 0, 0.32, 20250916 15:59:59
20250917093048, MU, 133, 20251003, P, 118, 189, 0.0076, 158.82, 0, 0.7161, 0, 1.48, 20250916 15:59:59
20250917093048, MU, 134, 20251003, C, 0, 37, 0.008, 158.82, 0, 0.6692, 0, 26.11, 20250916 15:59:59
20250917093048, MU, 134, 20251003, P, 28, 65, 0.008, 158.82, 0, 0.7139, 0, 1.48, 20250916 15:59:59
20250917093048, MU, 133, 20251003, C, 2, 115, 0.0076, 158.82, 0, 0.6336, 0, 27, 20250916 15:59:59
20250917093048, MU, 140, 20251003, C, 112, 3000, 0.0108, 158.82, 0, 0.7037, 0, 21, 20250916 15:59:59
20250917093048, MU, 142, 20251003, P, 234, 197, 0.0118, 158.82, 0, 0.7007, 0, 3.1, 20250916 15:59:59
20250917093048, MU, 137, 20251003, P, 40, 193, 0.0094, 158.82, 0, 0.7056, 0, 2.19, 20250916 15:59:59
20250917093048, MU, 139, 20251003, C, 0, 38, 0.0104, 158.82, 0, 0.7258, 0, 21.65, 20250916 15:59:59
20250917093048, MU, 140, 20251003, P, 222, 497, 0.0109, 158.82, 0, 0.6989, 0, 2.45, 20250916 15:59:59
20250917093048, MU, 136, 20251003, P, 80, 143, 0.009, 158.82, 0, 0.7106, 0, 2.02, 20250916 15:59:59
20250917093048, MU, 139, 20251003, P, 43, 61, 0.0104, 158.82, 0, 0.7008, 0, 2.3, 20250916 15:59:59
20250917093048, MU, 141, 20251003, P, 24, 29, 0.0113, 158.82, 0, 0.7008, 0, 2.9, 20250916 15:59:59
20250917093048, MU, 142, 20251003, C, 1, 1, 0.0118, 158.82, 0, 0.696, 0, 19.85, 20250916 15:59:59
20250917093048, MU, 138, 20251003, P, 91, 206, 0.0099, 158.82, 0, 0.705, 0, 2.05, 20250916 15:59:59
20250917093048, MU, 141, 20251003, C, 1, 3, 0.0113, 158.82, 0, 0.7004, 0, 20.34, 20250916 15:59:59
20250917093048, MU, 135, 20251003, P, 35, 748, 0.0085, 158.82, 0, 0.7069, 0, 1.73, 20250916 15:59:59
20250917093048, MU, 136, 20251003, C, 0, 79, 0.0089, 158.82, 0, 0.7153, 0, 23.4, 20250916 15:59:59
20250917093048, MU, 138, 20251003, C, 3, 192, 0.0099, 158.82, 0, 0.6589, 0, 22.58, 20250916 15:59:59
20250917093048, MU, 137, 20251003, C, 5, 55, 0.0094, 158.82, 0, 0.6687, 0, 23.3, 20250916 15:59:59
20250917093048, MU, 135, 20251003, C, 12, 1264, 0.0085, 158.82, 0, 0.718, 0, 25.23, 20250916 15:59:59
20250917093048, MU, 143, 20251003, C, 46, 53, 0.0122, 158.82, 0, 0.6978, 0, 18.86, 20250916 15:59:59
20250917093048, MU, 155, 20251003, C, 681, 1076, 0.016, 158.82, 0, 0.699, 0, 11.46, 20250916 15:59:59
20250917093048, MU, 145, 20251003, P, 96, 1209, 0.0131, 158.82, 0, 0.6959, 0, 3.65, 20250916 15:59:59
20250917093048, MU, 144, 20251003, P, 12, 48, 0.0127, 158.82, 0, 0.6945, 0, 3.65, 20250916 15:59:59
20250917093048, MU, 148, 20251003, C, 43, 49, 0.0142, 158.82, 0, 0.709, 0, 15.44, 20250916 15:59:59
20250917093048, MU, 149, 20251003, P, 82, 88, 0.0146, 158.82, 0, 0.6956, 0, 5.4, 20250916 15:59:59
20250917093048, MU, 150, 20251003, P, 227, 466, 0.0149, 158.82, 0, 0.6943, 0, 5.65, 20250916 15:59:59
20250917093048, MU, 160, 20251003, C, 294, 2702, 0.0165, 158.82, 0, 0.6958, 0, 9.29, 20250916 15:59:59
20250917093048, MU, 155, 20251003, P, 1228, 1156, 0.0161, 158.82, 0, 0.6971, 0, 7.57, 20250916 15:59:59
20250917093048, MU, 146, 20251003, C, 1, 6, 0.0135, 158.82, 0, 0.7056, 0, 16.51, 20250916 15:59:59
20250917093048, MU, 152.5, 20251003, C, 11, 179, 0.0155, 158.82, 0, 0.6971, 0, 12.67, 20250916 15:59:59
20250917093048, MU, 149, 20251003, C, 51, 48, 0.0146, 158.82, 0, 0.6982, 0, 14.76, 20250916 15:59:59
20250917093048, MU, 145, 20251003, C, 53, 692, 0.0131, 158.82, 0, 0.6992, 0, 17.98, 20250916 15:59:59
20250917093048, MU, 147, 20251003, P, 31, 53, 0.0139, 158.82, 0, 0.6943, 0, 4.55, 20250916 15:59:59
20250917093048, MU, 144, 20251003, C, 47, 48, 0.0126, 158.82, 0, 0.7028, 0, 18.11, 20250916 15:59:59
20250917093048, MU, 143, 20251003, P, 88, 70, 0.0123, 158.82, 0, 0.6966, 0, 3.35, 20250916 15:59:59
20250917093048, MU, 152.5, 20251003, P, 56, 188, 0.0156, 158.82, 0, 0.6969, 0, 6.69, 20250916 15:59:59
20250917093048, MU, 148, 20251003, P, 118, 112, 0.0143, 158.82, 0, 0.6956, 0, 5.05, 20250916 15:59:59
20250917093048, MU, 146, 20251003, P, 40, 47, 0.0135, 158.82, 0, 0.6958, 0, 4.2, 20250916 15:59:59
20250917093048, MU, 147, 20251003, C, 4, 202, 0.0138, 158.82, 0, 0.6506, 0, 16.05, 20250916 15:59:59
20250917093048, MU, 150, 20251003, C, 260, 3864, 0.0149, 158.82, 0, 0.7048, 0, 14.68, 20250916 15:59:59
20250917093048, MU, 162.5, 20251003, C, 157, 86, 0.0164, 158.82, 0, 0.7059, 0, 8.29, 20250916 15:59:59
20250917093048, MU, 157.5, 20251003, C, 284, 346, 0.0163, 158.82, 0, 0.7022, 0, 10.4, 20250916 15:59:59
20250917093048, MU, 162.5, 20251003, P, 13, 13, 0.0165, 158.82, 0, 0.7115, 0, 12.15, 20250916 15:59:59
20250917093048, MU, 157.5, 20251003, P, 41, 129, 0.0164, 158.82, 0, 0.7004, 0, 8.7, 20250916 15:59:59
20250917093048, MU, 160, 20251003, P, 71, 179, 0.0166, 158.82, 0, 0.7014, 0, 10.02, 20250916 15:59:59
20250917093048, MU, 165, 20251003, C, 395, 5569, 0.0162, 158.82, 0, 0.7088, 0, 7.15, 20250916 15:59:59
20250917093048, MU, 165, 20251003, P, 3, 23, 0.0163, 158.82, 0, 0.7069, 0, 13, 20250916 15:59:59
20250917093048, MU, 167.5, 20251003, C, 78, 62, 0.0158, 158.82, 0, 0.7103, 0, 6.07, 20250916 15:59:59
20250917093048, MU, 167.5, 20251003, P, 10, 15, 0.0159, 158.82, 0, 0.7217, 0, 15.48, 20250916 15:59:59
20250917093048, MU, 123, 20251010, C, 1, 12, 0.0044, 158.82, 0, 0.7233, 0, 36.57, 20250916 15:59:59
20250917093048, MU, 121, 20251010, C, 0, 23, 0.0039, 158.82, 0, 0.6259, 0, 37.34, 20250916 15:59:59
20250917093048, MU, 117, 20251010, P, 0, 103, 0.0031, 158.82, 0, 0.7496, 0, 0.75, 20250916 15:59:59
20250917093048, MU, 112, 20251010, C, 0, 6, 0.0023, 158.82, 0, 0.8202, 0, 29.86, 20250916 15:59:59
20250917093048, MU, 125, 20251010, C, 2, 68, 0.0049, 158.82, 0, 0.5934, 0, 34.1, 20250916 15:59:59
20250917093048, MU, 116, 20251010, C, 0, 8, 0.0029, 158.82, 0, 0.788, 0, 41.42, 20250916 15:59:59
20250917093048, MU, 119, 20251010, P, 0, 34, 0.0034, 158.82, 0, 0.7349, 0, 0.79, 20250916 15:59:59
20250917093048, MU, 114, 20251010, P, 21, 48, 0.0026, 158.82, 0, 0.7802, 0, 0.5, 20250916 15:59:59
20250917093048, MU, 118, 20251010, P, 1, 53, 0.0032, 158.82, 0, 0.7425, 0, 0.69, 20250916 15:59:59
20250917093048, MU, 122, 20251010, P, 4, 12, 0.0041, 158.82, 0, 0.6997, 0, 0.81, 20250916 15:59:59
20250917093048, MU, 118, 20251010, C, 0, 14, 0.0032, 158.82, 0, 0.7576, 0, 10.1, 20250916 15:59:59
20250917093048, MU, 115, 20251010, P, 31, 72, 0.0027, 158.82, 0, 0.766, 0, 0.53, 20250916 15:59:59
20250917093048, MU, 117, 20251010, C, 2, 7, 0.0031, 158.82, 0, 0.6266, 0, 41.85, 20250916 15:59:59
20250917093048, MU, 112, 20251010, P, 0, 52, 0.0023, 158.82, 0, 0.7893, 0, 0.53, 20250916 15:59:59
20250917093048, MU, 113, 20251010, C, 0, 1, 0.0024, 158.82, 0, 0.6666, 0, 44.13, 20250916 15:59:59
20250917093048, MU, 120, 20251010, C, 6, 31, 0.0036, 158.82, 0, 0.7695, 0, 39.15, 20250916 15:59:59
20250917093048, MU, 124, 20251010, C, 0, 29, 0.0046, 158.82, 0, 0.7048, 0, 34.2, 20250916 15:59:59
20250917093048, MU, 120, 20251010, P, 43, 927, 0.0037, 158.82, 0, 0.7142, 0, 0.72, 20250916 15:59:59
20250917093048, MU, 119, 20251010, C, 0, 6, 0.0034, 158.82, 0, 0.6342, 0, 38.43, 20250916 15:59:59
20250917093048, MU, 114, 20251010, C, 0, 2, 0.0025, 158.82, 0, 0.6359, 0, 43.2, 20250916 15:59:59
20250917093048, MU, 113, 20251010, P, 0, 12, 0.0024, 158.82, 0, 0.7836, 0, 0.52, 20250916 15:59:59
20250917093048, MU, 123, 20251010, P, 20, 64, 0.0044, 158.82, 0, 0.6977, 0, 0.87, 20250916 15:59:59
20250917093048, MU, 116, 20251010, P, 29, 19, 0.0029, 158.82, 0, 0.7587, 0, 0.56, 20250916 15:59:59
20250917093048, MU, 122, 20251010, C, 1, 13, 0.0041, 158.82, 0, 0.624, 0, 36.85, 20250916 15:59:59
20250917093048, MU, 115, 20251010, C, 0, 116, 0.0027, 158.82, 0, 0.6592, 0, 42.35, 20250916 15:59:59
20250917093048, MU, 121, 20251010, P, 0, 12, 0.0039, 158.82, 0, 0.7202, 0, 1.02, 20250916 15:59:59
20250917093048, MU, 126, 20251010, C, 2, 26, 0.0052, 158.82, 0, 0.6854, 0, 33.33, 20250916 15:59:59
20250917093048, MU, 128, 20251010, C, 0, 78, 0.0059, 158.82, 0, 0.6873, 0, 33.05, 20250916 15:59:59
20250917093048, MU, 127, 20251010, C, 6, 45, 0.0055, 158.82, 0, 0.6669, 0, 32.85, 20250916 15:59:59
20250917093048, MU, 129, 20251010, C, 0, 54, 0.0062, 158.82, 0, 0.6756, 0, 30.38, 20250916 15:59:59
20250917093048, MU, 127, 20251010, P, 2, 57, 0.0056, 158.82, 0, 0.6729, 0, 1.18, 20250916 15:59:59
20250917093048, MU, 124, 20251010, P, 0, 66, 0.0046, 158.82, 0, 0.6783, 0, 1.09, 20250916 15:59:59
20250917093048, MU, 125, 20251010, P, 26, 157, 0.0049, 158.82, 0, 0.6884, 0, 0.98, 20250916 15:59:59
20250917093048, MU, 128, 20251010, P, 0, 9, 0.0059, 158.82, 0, 0.6752, 0, 1.62, 20250916 15:59:59
20250917093048, MU, 126, 20251010, P, 1, 74, 0.0052, 158.82, 0, 0.6769, 0, 1.09, 20250916 15:59:59
20250917093048, MU, 129, 20251010, P, 1, 118, 0.0062, 158.82, 0, 0.6777, 0, 1.4, 20250916 15:59:59
20250917093048, MU, 133, 20251010, C, 2, 51, 0.0077, 158.82, 0, 0.6685, 0, 26.78, 20250916 15:59:59
20250917093048, MU, 133, 20251010, P, 0, 95, 0.0077, 158.82, 0, 0.6424, 0, 2.19, 20250916 15:59:59
20250917093048, MU, 142, 20251010, P, 1, 11, 0.0114, 158.82, 0, 0.6305, 0, 3.5, 20250916 15:59:59
20250917093048, MU, 170, 20251010, C, 197, 457, 0.0146, 158.82, 0, 0.6368, 0, 6, 20250916 15:59:59
20250917093048, MU, 149, 20251010, C, 0, 119, 0.0138, 158.82, 0, 0.618, 0, 15.26, 20250916 15:59:59
20250917093048, MU, 175, 20251010, C, 77, 200, 0.0135, 158.82, 0, 0.6393, 0, 4.75, 20250916 15:59:59
20250917093048, MU, 180, 20251010, C, 467, 589, 0.0121, 158.82, 0, 0.6427, 0, 3.8, 20250916 15:59:59
20250917093048, MU, 149, 20251010, P, 21, 17, 0.0139, 158.82, 0, 0.6232, 0, 5.55, 20250916 15:59:59
20250917093048, MU, 130, 20251017, C, 145, 4836, 0.0066, 158.82, 0, 0.6231, 0, 31.15, 20250916 15:59:59
20250917093048, MU, 120, 20251017, P, 206, 4827, 0.0039, 158.82, 0, 0.671, 0, 0.89, 20250916 15:59:59
20250917093048, MU, 147, 20251010, C, 0, 17, 0.0132, 158.82, 0, 0.6331, 0, 16.57, 20250916 15:59:59
20250917093048, MU, 115, 20251017, P, 125, 5200, 0.0029, 158.82, 0, 0.6983, 0, 0.62, 20250916 15:59:59
20250917093048, MU, 125, 20251017, P, 228, 2327, 0.0051, 158.82, 0, 0.6424, 0, 1.18, 20250916 15:59:59
20250917093048, MU, 200, 20251010, P, 0, 0, 0.0073, 158.82, 0, 0.787, 0, 0, 20250916 15:59:59
20250917093048, MU, 148, 20251010, C, 0, 5, 0.0135, 158.82, 0, 0.6046, 0, 16.72, 20250916 15:59:59
20250917093048, MU, 115, 20251017, C, 103, 2687, 0.0029, 158.82, 0, 0.7186, 0, 44.15, 20250916 15:59:59
20250917093048, MU, 150, 20251010, C, 8, 280, 0.0141, 158.82, 0, 0.628, 0, 15.25, 20250916 15:59:59
20250917093048, MU, 185, 20251010, P, 0, 0, 0.0108, 158.82, 0, 0.671, 0, 0, 20250916 15:59:59
20250917093048, MU, 200, 20251010, C, 132, 249, 0.0072, 158.82, 0, 0.7226, 0, 1.78, 20250916 15:59:59
20250917093048, MU, 125, 20251017, C, 140, 4432, 0.0051, 158.82, 0, 0.6533, 0, 34.75, 20250916 15:59:59
20250917093048, MU, 155, 20251010, P, 41, 148, 0.0152, 158.82, 0, 0.6261, 0, 8.25, 20250916 15:59:59
20250917093048, MU, 145, 20251010, C, 4, 148, 0.0125, 158.82, 0, 0.6144, 0, 17.95, 20250916 15:59:59
20250917093048, MU, 205, 20251010, P, 0, 0, 0.0064, 158.82, 0, 0.7355, 0, 0, 20250916 15:59:59
20250917093048, MU, 150, 20251017, P, 1519, 1901, 0.0134, 158.82, 0, 0.584, 0, 6.45, 20250916 15:59:59
20250917093048, MU, 165, 20251017, P, 56, 99, 0.0146, 158.82, 0, 0.5875, 0, 14.06, 20250916 15:59:59
20250917093048, MU, 155, 20251017, C, 648, 3072, 0.0142, 158.82, 0, 0.5857, 0, 13.15, 20250916 15:59:59
20250917093048, MU, 190, 20251017, C, 223, 2689, 0.0094, 158.82, 0, 0.6332, 0, 2.95, 20250916 15:59:59
20250917093048, MU, 150, 20251017, C, 393, 13677, 0.0133, 158.82, 0, 0.587, 0, 15.95, 20250916 15:59:59
