20241113131618, AMD, 70, 20241115, C, 0, 21, 0, 140.79, 1
20241113131618, AMD, 70, 20241115, P, 0, 262, 0, 140.79, -0.0002
20241113131618, AMD, 75, 20241115, C, 0, 8, 0, 140.79, 1
20241113131618, AMD, 75, 20241115, P, 0, 509, 0, 140.79, -0.0003
20241113131618, AMD, 80, 20241115, C, 0, 3, 0, 140.79, 1
20241113131618, AMD, 80, 20241115, P, 0, 1934, 0, 140.79, -0.0003
20241113131618, AMD, 85, 20241115, C, 2, 62, 0.0001, 140.79, 0.9999
20241113131618, AMD, 85, 20241115, P, 0, 3533, 0.0001, 140.79, -0.0004
20241113131618, AMD, 90, 20241115, C, 2, 71, 0.0001, 140.79, 0.9998
20241113131618, AMD, 90, 20241115, P, 0, 5036, 0.0001, 140.79, -0.0006
20241113131618, AMD, 95, 20241115, C, 29, 142, 0.0002, 140.79, 0.9995
20241113131618, AMD, 95, 20241115, P, 5, 1215, 0.0002, 140.79, -0.0008
20241113131618, AMD, 100, 20241115, C, 2, 2650, 0.0002, 140.79, 0.9991
20241113131618, AMD, 100, 20241115, P, 5, 5401, 0.0002, 140.79, -0.0012
20241113131618, AMD, 105, 20241115, C, 10, 119, 0.0004, 140.79, 0.9985
20241113131618, AMD, 105, 20241115, P, 12, 3811, 0.0004, 140.79, -0.0019
20241113131618, AMD, 110, 20241115, C, 2, 496, 0.0007, 140.79, 0.9974
20241113131618, AMD, 110, 20241115, P, 218, 7305, 0.0007, 140.79, -0.003
20241113131618, AMD, 115, 20241115, C, 3, 673, 0.0013, 140.79, 0.9954
20241113131618, AMD, 115, 20241115, P, 27, 6094, 0.0013, 140.79, -0.005
20241113131618, AMD, 120, 20241115, C, 49, 1087, 0.0024, 140.79, 0.992
20241113131618, AMD, 120, 20241115, P, 1235, 13221, 0.0024, 140.79, -0.0084
20241113131618, AMD, 125, 20241115, C, 39, 494, 0.0048, 140.79, 0.9853
20241113131618, AMD, 125, 20241115, P, 239, 9024, 0.0048, 140.79, -0.015
20241113131618, AMD, 130, 20241115, C, 91, 4467, 0.0114, 140.79, 0.9691
20241113131618, AMD, 130, 20241115, P, 835, 19890, 0.0115, 140.79, -0.0313
20241113131618, AMD, 131, 20241115, C, 8, 16, 0.0141, 140.79, 0.9626
20241113131618, AMD, 131, 20241115, P, 712, 926, 0.0141, 140.79, -0.0378
20241113131618, AMD, 132, 20241115, C, 3, 12, 0.0176, 140.79, 0.9539
20241113131618, AMD, 132, 20241115, P, 170, 823, 0.0176, 140.79, -0.0466
20241113131618, AMD, 133, 20241115, C, 6, 88, 0.0224, 140.79, 0.9415
20241113131618, AMD, 133, 20241115, P, 118, 539, 0.0224, 140.79, -0.059
20241113131618, AMD, 134, 20241115, C, 49, 82, 0.0288, 140.79, 0.9237
20241113131618, AMD, 134, 20241115, P, 342, 538, 0.0289, 140.79, -0.0768
20241113131618, AMD, 135, 20241115, C, 399, 3102, 0.0372, 140.79, 0.8981
20241113131618, AMD, 135, 20241115, P, 2084, 13064, 0.0373, 140.79, -0.1025
20241113131618, AMD, 136, 20241115, C, 93, 345, 0.0477, 140.79, 0.8619
20241113131618, AMD, 136, 20241115, P, 483, 1350, 0.0478, 140.79, -0.1388
20241113131618, AMD, 137, 20241115, C, 224, 401, 0.0597, 140.79, 0.8126
20241113131618, AMD, 137, 20241115, P, 1224, 2339, 0.0599, 140.79, -0.1882
20241113131618, AMD, 138, 20241115, C, 504, 370, 0.0719, 140.79, 0.7492
20241113131618, AMD, 138, 20241115, P, 2928, 3677, 0.0722, 140.79, -0.2518
20241113131618, AMD, 139, 20241115, C, 613, 286, 0.0824, 140.79, 0.6727
20241113131618, AMD, 139, 20241115, P, 3361, 3297, 0.0828, 140.79, -0.3287
20241113131618, AMD, 140, 20241115, C, 5541, 7851, 0.0894, 140.79, 0.5865
20241113131618, AMD, 140, 20241115, P, 12166, 19102, 0.0899, 140.79, -0.4154
20241113131618, AMD, 141, 20241115, C, 8300, 771, 0.0915, 140.79, 0.4957
20241113131618, AMD, 141, 20241115, P, 10908, 2583, 0.0921, 140.79, -0.5068
20241113131618, AMD, 142, 20241115, C, 9643, 1978, 0.0885, 140.79, 0.4063
20241113131618, AMD, 142, 20241115, P, 7852, 4084, 0.0893, 140.79, -0.5968
20241113131618, AMD, 143, 20241115, C, 6763, 3593, 0.0812, 140.79, 0.3236
20241113131618, AMD, 143, 20241115, P, 9622, 3934, 0.0821, 140.79, -0.6802
20241113131618, AMD, 144, 20241115, C, 10321, 3203, 0.0712, 140.79, 0.251
20241113131618, AMD, 144, 20241115, P, 2204, 4470, 0.0722, 140.79, -0.7536
20241113131618, AMD, 145, 20241115, C, 23677, 9718, 0.0599, 140.79, 0.1905
20241113131618, AMD, 145, 20241115, P, 2418, 14409, 0.061, 140.79, -0.815
20241113131618, AMD, 146, 20241115, C, 7629, 7448, 0.0487, 140.79, 0.1423
20241113131618, AMD, 146, 20241115, P, 377, 2912, 0.0498, 140.79, -0.864
20241113131618, AMD, 147, 20241115, C, 5012, 5388, 0.0387, 140.79, 0.1057
20241113131618, AMD, 147, 20241115, P, 174, 2504, 0.0398, 140.79, -0.9014
20241113131618, AMD, 148, 20241115, C, 4551, 6585, 0.0303, 140.79, 0.079
20241113131618, AMD, 148, 20241115, P, 108, 4517, 0.0315, 140.79, -0.9287
20241113131618, AMD, 149, 20241115, C, 5628, 6386, 0.0238, 140.79, 0.0601
20241113131618, AMD, 149, 20241115, P, 33, 1380, 0.0249, 140.79, -0.9481
20241113131618, AMD, 150, 20241115, C, 7338, 25147, 0.0188, 140.79, 0.0469
20241113131618, AMD, 150, 20241115, P, 511, 12187, 0.0198, 140.79, -0.9615
20241113131618, AMD, 152.5, 20241115, C, 14570, 30470, 0.0112, 140.79, 0.0286
20241113131618, AMD, 152.5, 20241115, P, 72, 1847, 0.0121, 140.79, -0.9799
20241113131618, AMD, 155, 20241115, C, 8018, 35683, 0.0074, 140.79, 0.0198
20241113131618, AMD, 155, 20241115, P, 161, 12026, 0.0081, 140.79, -0.9883
20241113131618, AMD, 157.5, 20241115, C, 3773, 12663, 0.0052, 140.79, 0.0147
20241113131618, AMD, 157.5, 20241115, P, 1532, 2861, 0.0058, 140.79, -0.993
20241113131618, AMD, 160, 20241115, C, 2006, 21640, 0.0038, 140.79, 0.0113
20241113131618, AMD, 160, 20241115, P, 118, 6259, 0.0042, 140.79, -0.996
20241113131618, AMD, 162.5, 20241115, C, 8808, 12698, 0.0029, 140.79, 0.0089
20241113131618, AMD, 162.5, 20241115, P, 39, 719, 0.0028, 140.79, -0.9977
20241113131618, AMD, 165, 20241115, C, 358, 17955, 0.0022, 140.79, 0.0072
20241113131618, AMD, 165, 20241115, P, 17, 1617, 0.0015, 140.79, -0.9988
20241113131618, AMD, 167.5, 20241115, C, 60, 2113, 0.0017, 140.79, 0.0059
20241113131618, AMD, 167.5, 20241115, P, 34, 461, 0.0007, 140.79, -0.9994
20241113131618, AMD, 170, 20241115, C, 492, 17816, 0.0014, 140.79, 0.0049
20241113131618, AMD, 170, 20241115, P, 17, 3264, 0.0003, 140.79, -0.9998
20241113131618, AMD, 172.5, 20241115, C, 44, 1814, 0.0011, 140.79, 0.0041
20241113131618, AMD, 172.5, 20241115, P, 0, 0, 0, 140.79, -1
20241113131618, AMD, 175, 20241115, C, 566, 12023, 0.0009, 140.79, 0.0035
20241113131618, AMD, 175, 20241115, P, 6, 437, 0, 140.79, -1
20241113131618, AMD, 177.5, 20241115, C, 76, 2966, 0.0008, 140.79, 0.003
20241113131618, AMD, 177.5, 20241115, P, 0, 0, 0, 140.79, -1
20241113131618, AMD, 180, 20241115, C, 324, 17877, 0.0006, 140.79, 0.0026
20241113131618, AMD, 180, 20241115, P, 0, 241, 0, 140.79, -1
20241113131618, AMD, 185, 20241115, C, 238, 9894, 0.0005, 140.79, 0.002
20241113131618, AMD, 185, 20241115, P, 0, 36, 0, 140.79, -1
20241113131618, AMD, 190, 20241115, C, 250, 8881, 0.0004, 140.79, 0.0015
20241113131618, AMD, 190, 20241115, P, 0, 9, 0, 140.79, -1
20241113131618, AMD, 195, 20241115, C, 3, 5000, 0.0003, 140.79, 0.0012
20241113131618, AMD, 195, 20241115, P, 0, 0, 0, 140.79, -1
20241113131618, AMD, 200, 20241115, C, 3, 16555, 0.0002, 140.79, 0.001
20241113131618, AMD, 200, 20241115, P, 0, 0, 0, 140.79, -1
20241113131618, AMD, 205, 20241115, C, 0, 2162, 0.0002, 140.79, 0.0008
20241113131618, AMD, 205, 20241115, P, 0, 0, 0, 140.79, -1
20241113131618, AMD, 210, 20241115, C, 1, 5717, 0.0001, 140.79, 0.0007
20241113131618, AMD, 210, 20241115, P, 0, 55, 0, 140.79, -1
20241113131618, AMD, 215, 20241115, C, 0, 1314, 0.0001, 140.79, 0.0006
20241113131618, AMD, 215, 20241115, P, 0, 0, 0, 140.79, -1
20241113131618, AMD, 220, 20241115, C, 1, 7067, 0.0001, 140.79, 0.0005
20241113131618, AMD, 220, 20241115, P, 0, 0, 0, 140.79, -1
20241113131618, AMD, 230, 20241115, C, 0, 2167, 0.0001, 140.79, 0.0004
20241113131618, AMD, 230, 20241115, P, 0, 0, 0, 140.79, -1
20241113131618, AMD, 240, 20241115, C, 0, 3555, 0, 140.79, 0.0003
20241113131618, AMD, 240, 20241115, P, 0, 0, 0, 140.79, -1
20241113131618, AMD, 250, 20241115, C, 0, 3626, 0, 140.79, 0.0002
20241113131618, AMD, 250, 20241115, P, 0, 0, 0, 140.79, -1
20241113131618, AMD, 260, 20241115, C, 0, 1023, 0, 140.79, 0.0002
20241113131618, AMD, 260, 20241115, P, 0, 0, 0, 140.79, -1
20241113131618, AMD, 270, 20241115, C, 0, 1897, 0, 140.79, 0.0001
20241113131618, AMD, 270, 20241115, P, 0, 0, 0, 140.79, -1
20241113131618, AMD, 280, 20241115, C, 0, 1164, 0, 140.79, 0.0001
20241113131618, AMD, 280, 20241115, P, 0, 0, 0, 140.79, -1
20241113131618, AMD, 290, 20241115, C, 0, 974, 0, 140.79, 0.0001
20241113131618, AMD, 290, 20241115, P, 0, 0, 0, 140.79, -1
20241113131618, AMD, 300, 20241115, C, 0, 5271, 0, 140.79, 0.0001
20241113131618, AMD, 300, 20241115, P, 0, 0, 0, 140.79, -1
20241113131618, AMD, 310, 20241115, C, 0, 374, 0, 140.79, 0.0001
20241113131618, AMD, 310, 20241115, P, 0, 0, 0, 140.79, -1
20241113131618, AMD, 320, 20241115, C, 0, 829, 0, 140.79, 0
20241113131618, AMD, 320, 20241115, P, 0, 0, 0, 140.79, -1
20241113131618, AMD, 330, 20241115, C, 0, 442, 0, 140.79, 0
20241113131618, AMD, 330, 20241115, P, 0, 0, 0, 140.79, -1
20241113131618, AMD, 340, 20241115, C, 0, 622, 0, 140.79, 0
20241113131618, AMD, 340, 20241115, P, 0, 0, 0, 140.79, -1
20241113131618, AMD, 350, 20241115, C, 0, 429, 0, 140.79, 0
20241113131618, AMD, 350, 20241115, P, 0, 0, 0, 140.79, -1
20241113131618, AMD, 360, 20241115, C, 0, 469, 0, 140.79, 0
20241113131618, AMD, 360, 20241115, P, 0, 0, 0, 140.79, -1
20241113131618, AMD, 370, 20241115, C, 0, 1371, 0, 140.79, 0
20241113131618, AMD, 370, 20241115, P, 0, 0, 0, 140.79, -1
20241113131618, AMD, 380, 20241115, C, 0, 786, 0, 140.79, 0
20241113131618, AMD, 380, 20241115, P, 0, 0, 0, 140.79, -1
20241113131618, AMD, 390, 20241115, C, 0, 1192, 0, 140.79, 0
20241113131618, AMD, 390, 20241115, P, 0, 0, 0, 140.79, -1
20241113131618, AMD, 70, 20241122, C, 0, 0, 0.0001, 140.79, 0.9997
20241113131618, AMD, 70, 20241122, P, 0, 432, 0.0001, 140.79, -0.0008
20241113131618, AMD, 75, 20241122, C, 0, 1, 0.0001, 140.79, 0.9995
20241113131618, AMD, 75, 20241122, P, 0, 1506, 0.0001, 140.79, -0.001
20241113131618, AMD, 80, 20241122, C, 0, 2, 0.0002, 140.79, 0.9991
20241113131618, AMD, 80, 20241122, P, 20, 294, 0.0002, 140.79, -0.0014
20241113131618, AMD, 85, 20241122, C, 2, 2, 0.0002, 140.79, 0.9986
20241113131618, AMD, 85, 20241122, P, 3, 4, 0.0002, 140.79, -0.0019
20241113131618, AMD, 90, 20241122, C, 1, 5, 0.0003, 140.79, 0.9979
20241113131618, AMD, 90, 20241122, P, 1, 42, 0.0003, 140.79, -0.0026
20241113131618, AMD, 95, 20241122, C, 29, 1, 0.0005, 140.79, 0.9968
20241113131618, AMD, 95, 20241122, P, 1, 169, 0.0005, 140.79, -0.0037
20241113131618, AMD, 100, 20241122, C, 1, 11, 0.0008, 140.79, 0.9952
20241113131618, AMD, 100, 20241122, P, 173, 384, 0.0008, 140.79, -0.0054
20241113131618, AMD, 105, 20241122, C, 10, 6, 0.0012, 140.79, 0.9926
20241113131618, AMD, 105, 20241122, P, 2103, 299, 0.0012, 140.79, -0.0079
20241113131618, AMD, 110, 20241122, C, 16, 23, 0.002, 140.79, 0.9885
20241113131618, AMD, 110, 20241122, P, 28, 826, 0.002, 140.79, -0.012
20241113131618, AMD, 115, 20241122, C, 3, 15, 0.0032, 140.79, 0.9817
20241113131618, AMD, 115, 20241122, P, 124, 661, 0.0032, 140.79, -0.0188
20241113131618, AMD, 120, 20241122, C, 7, 123, 0.0056, 140.79, 0.9694
20241113131618, AMD, 120, 20241122, P, 228, 1577, 0.0056, 140.79, -0.0311
20241113131618, AMD, 125, 20241122, C, 27, 76, 0.0104, 140.79, 0.9431
20241113131618, AMD, 125, 20241122, P, 371, 2099, 0.0104, 140.79, -0.0575
20241113131618, AMD, 130, 20241122, C, 24, 153, 0.0199, 140.79, 0.8807
20241113131618, AMD, 130, 20241122, P, 394, 9758, 0.02, 140.79, -0.1202
20241113131618, AMD, 131, 20241122, C, 0, 0, 0.0224, 140.79, 0.8609
20241113131618, AMD, 131, 20241122, P, 1100, 597, 0.0225, 140.79, -0.14
20241113131618, AMD, 132, 20241122, C, 18, 71, 0.0251, 140.79, 0.8381
20241113131618, AMD, 132, 20241122, P, 222, 888, 0.0252, 140.79, -0.163
20241113131618, AMD, 133, 20241122, C, 1, 6, 0.0278, 140.79, 0.8122
20241113131618, AMD, 133, 20241122, P, 174, 506, 0.028, 140.79, -0.189
20241113131618, AMD, 134, 20241122, C, 25, 97, 0.0306, 140.79, 0.7831
20241113131618, AMD, 134, 20241122, P, 284, 466, 0.0307, 140.79, -0.2182
20241113131618, AMD, 135, 20241122, C, 182, 231, 0.0332, 140.79, 0.751
20241113131618, AMD, 135, 20241122, P, 1583, 2745, 0.0334, 140.79, -0.2504
20241113131618, AMD, 136, 20241122, C, 84, 27, 0.0356, 140.79, 0.7162
20241113131618, AMD, 136, 20241122, P, 228, 611, 0.0358, 140.79, -0.2854
20241113131618, AMD, 137, 20241122, C, 176, 140, 0.0378, 140.79, 0.679
20241113131618, AMD, 137, 20241122, P, 213, 925, 0.038, 140.79, -0.3229
20241113131618, AMD, 138, 20241122, C, 236, 89, 0.0396, 140.79, 0.6397
20241113131618, AMD, 138, 20241122, P, 447, 1052, 0.0398, 140.79, -0.3624
20241113131618, AMD, 139, 20241122, C, 88, 282, 0.0409, 140.79, 0.599
20241113131618, AMD, 139, 20241122, P, 1118, 1190, 0.0412, 140.79, -0.4034
20241113131618, AMD, 140, 20241122, C, 843, 1113, 0.0418, 140.79, 0.5574
20241113131618, AMD, 140, 20241122, P, 2331, 3093, 0.0422, 140.79, -0.4454
20241113131618, AMD, 141, 20241122, C, 2464, 256, 0.0422, 140.79, 0.5153
20241113131618, AMD, 141, 20241122, P, 2277, 1855, 0.0426, 140.79, -0.4878
20241113131618, AMD, 142, 20241122, C, 1023, 620, 0.0421, 140.79, 0.4734
20241113131618, AMD, 142, 20241122, P, 882, 619, 0.0425, 140.79, -0.5301
20241113131618, AMD, 143, 20241122, C, 1333, 1547, 0.0415, 140.79, 0.4323
20241113131618, AMD, 143, 20241122, P, 679, 1265, 0.042, 140.79, -0.5717
20241113131618, AMD, 144, 20241122, C, 1695, 806, 0.0405, 140.79, 0.3923
20241113131618, AMD, 144, 20241122, P, 292, 664, 0.041, 140.79, -0.6121
20241113131618, AMD, 145, 20241122, C, 2969, 1885, 0.0391, 140.79, 0.3539
20241113131618, AMD, 145, 20241122, P, 860, 2624, 0.0397, 140.79, -0.651
20241113131618, AMD, 146, 20241122, C, 10801, 848, 0.0374, 140.79, 0.3174
20241113131618, AMD, 146, 20241122, P, 49, 793, 0.038, 140.79, -0.688
20241113131618, AMD, 147, 20241122, C, 1553, 1227, 0.0354, 140.79, 0.2832
20241113131618, AMD, 147, 20241122, P, 79, 418, 0.036, 140.79, -0.7227
20241113131618, AMD, 148, 20241122, C, 1364, 2116, 0.0332, 140.79, 0.2515
20241113131618, AMD, 148, 20241122, P, 136, 638, 0.0338, 140.79, -0.755
20241113131618, AMD, 149, 20241122, C, 1163, 954, 0.0308, 140.79, 0.2224
20241113131618, AMD, 149, 20241122, P, 52, 479, 0.0315, 140.79, -0.7846
20241113131618, AMD, 150, 20241122, C, 9856, 8153, 0.0284, 140.79, 0.196
20241113131618, AMD, 150, 20241122, P, 390, 1787, 0.0292, 140.79, -0.8116
20241113131618, AMD, 152.5, 20241122, C, 2864, 1916, 0.0226, 140.79, 0.1416
20241113131618, AMD, 152.5, 20241122, P, 101, 327, 0.0234, 140.79, -0.8673
20241113131618, AMD, 155, 20241122, C, 11957, 6277, 0.0175, 140.79, 0.1023
20241113131618, AMD, 155, 20241122, P, 99, 816, 0.0183, 140.79, -0.9079
20241113131618, AMD, 157.5, 20241122, C, 1478, 1703, 0.0134, 140.79, 0.0749
20241113131618, AMD, 157.5, 20241122, P, 1537, 267, 0.0142, 140.79, -0.9362
20241113131618, AMD, 160, 20241122, C, 2488, 10215, 0.0104, 140.79, 0.0562
20241113131618, AMD, 160, 20241122, P, 48, 1301, 0.0111, 140.79, -0.9557
20241113131618, AMD, 162.5, 20241122, C, 170, 805, 0.0081, 140.79, 0.0433
20241113131618, AMD, 162.5, 20241122, P, 0, 243, 0.0088, 140.79, -0.969
20241113131618, AMD, 165, 20241122, C, 287, 3028, 0.0064, 140.79, 0.0343
20241113131618, AMD, 165, 20241122, P, 10, 527, 0.007, 140.79, -0.9783
20241113131618, AMD, 167.5, 20241122, C, 48, 203, 0.0051, 140.79, 0.0277
20241113131618, AMD, 167.5, 20241122, P, 1, 104, 0.0058, 140.79, -0.985
20241113131618, AMD, 170, 20241122, C, 207, 2751, 0.0042, 140.79, 0.0229
20241113131618, AMD, 170, 20241122, P, 3, 1088, 0.0048, 140.79, -0.99
20241113131618, AMD, 172.5, 20241122, C, 10, 63, 0.0035, 140.79, 0.0192
20241113131618, AMD, 172.5, 20241122, P, 0, 0, 0.0039, 140.79, -0.9935
20241113131618, AMD, 175, 20241122, C, 72, 1753, 0.0029, 140.79, 0.0162
20241113131618, AMD, 175, 20241122, P, 0, 116, 0.0029, 140.79, -0.996
20241113131618, AMD, 180, 20241122, C, 106, 2810, 0.0021, 140.79, 0.0119
20241113131618, AMD, 180, 20241122, P, 1, 10, 0.0009, 140.79, -0.9988
20241113131618, AMD, 185, 20241122, C, 32, 1110, 0.0015, 140.79, 0.0089
20241113131618, AMD, 185, 20241122, P, 0, 0, 0.0001, 140.79, -0.9999
20241113131618, AMD, 190, 20241122, C, 60, 3234, 0.0011, 140.79, 0.0067
20241113131618, AMD, 190, 20241122, P, 0, 0, 0, 140.79, -1
20241113131618, AMD, 195, 20241122, C, 18, 501, 0.0008, 140.79, 0.0051
20241113131618, AMD, 195, 20241122, P, 0, 1, 0, 140.79, -1
20241113131618, AMD, 200, 20241122, C, 166, 1634, 0.0006, 140.79, 0.004
20241113131618, AMD, 200, 20241122, P, 0, 3, 0, 140.79, -1
20241113131618, AMD, 205, 20241122, C, 41, 989, 0.0005, 140.79, 0.0031
20241113131618, AMD, 205, 20241122, P, 0, 0, 0, 140.79, -1
20241113131618, AMD, 210, 20241122, C, 200, 765, 0.0004, 140.79, 0.0024
20241113131618, AMD, 210, 20241122, P, 0, 0, 0, 140.79, -1
20241113131618, AMD, 215, 20241122, C, 1432, 628, 0.0003, 140.79, 0.0019
20241113131618, AMD, 215, 20241122, P, 0, 0, 0, 140.79, -1
20241113131618, AMD, 220, 20241122, C, 1, 287, 0.0002, 140.79, 0.0015
20241113131618, AMD, 220, 20241122, P, 0, 0, 0, 140.79, -1
20241113131618, AMD, 225, 20241122, C, 0, 241, 0.0002, 140.79, 0.0012
20241113131618, AMD, 225, 20241122, P, 0, 0, 0, 140.79, -1
20241113131618, AMD, 230, 20241122, C, 0, 88, 0.0001, 140.79, 0.0009
20241113131618, AMD, 230, 20241122, P, 0, 0, 0, 140.79, -1
20241113131618, AMD, 235, 20241122, C, 0, 221, 0.0001, 140.79, 0.0007
20241113131618, AMD, 235, 20241122, P, 0, 0, 0, 140.79, -1
20241113131618, AMD, 240, 20241122, C, 0, 188, 0.0001, 140.79, 0.0006
20241113131618, AMD, 240, 20241122, P, 0, 0, 0, 140.79, -1
20241113131618, AMD, 245, 20241122, C, 0, 21, 0.0001, 140.79, 0.0005
20241113131618, AMD, 245, 20241122, P, 0, 0, 0, 140.79, -1
20241113131618, AMD, 250, 20241122, C, 0, 326, 0.0001, 140.79, 0.0004
20241113131618, AMD, 250, 20241122, P, 0, 0, 0, 140.79, -1
20241113131618, AMD, 255, 20241122, C, 0, 276, 0, 140.79, 0.0003
20241113131618, AMD, 255, 20241122, P, 0, 0, 0, 140.79, -1
20241113131618, AMD, 260, 20241122, C, 5, 75, 0, 140.79, 0.0002
20241113131618, AMD, 260, 20241122, P, 0, 0, 0, 140.79, -1
20241113131618, AMD, 265, 20241122, C, 0, 334, 0, 140.79, 0.0002
20241113131618, AMD, 265, 20241122, P, 0, 0, 0, 140.79, -1
20241113131618, AMD, 70, 20241129, C, 0, 15, 0.0001, 140.79, 0.9994
20241113131618, AMD, 70, 20241129, P, 0, 12, 0.0001, 140.79, -0.0013
20241113131618, AMD, 75, 20241129, C, 0, 0, 0.0002, 140.79, 0.999
20241113131618, AMD, 75, 20241129, P, 0, 3, 0.0002, 140.79, -0.0017
20241113131618, AMD, 80, 20241129, C, 0, 11, 0.0002, 140.79, 0.9984
20241113131618, AMD, 80, 20241129, P, 0, 10, 0.0002, 140.79, -0.0023
20241113131618, AMD, 85, 20241129, C, 0, 1, 0.0004, 140.79, 0.9975
20241113131618, AMD, 85, 20241129, P, 0, 1330, 0.0004, 140.79, -0.0031
20241113131618, AMD, 90, 20241129, C, 0, 3, 0.0005, 140.79, 0.9962
20241113131618, AMD, 90, 20241129, P, 0, 824, 0.0005, 140.79, -0.0044
20241113131618, AMD, 95, 20241129, C, 0, 5, 0.0008, 140.79, 0.9944
20241113131618, AMD, 95, 20241129, P, 11, 6959, 0.0008, 140.79, -0.0063
20241113131618, AMD, 100, 20241129, C, 0, 6, 0.0012, 140.79, 0.9916
20241113131618, AMD, 100, 20241129, P, 2, 240, 0.0012, 140.79, -0.0091
20241113131618, AMD, 105, 20241129, C, 0, 2, 0.0017, 140.79, 0.9875
20241113131618, AMD, 105, 20241129, P, 16, 63, 0.0017, 140.79, -0.0132
20241113131618, AMD, 110, 20241129, C, 1, 37, 0.0027, 140.79, 0.9814
20241113131618, AMD, 110, 20241129, P, 0, 500, 0.0027, 140.79, -0.0193
20241113131618, AMD, 115, 20241129, C, 0, 17, 0.0042, 140.79, 0.9714
20241113131618, AMD, 115, 20241129, P, 10, 298, 0.0042, 140.79, -0.0293
20241113131618, AMD, 120, 20241129, C, 7, 166, 0.007, 140.79, 0.9535
20241113131618, AMD, 120, 20241129, P, 541, 1423, 0.007, 140.79, -0.0472
20241113131618, AMD, 125, 20241129, C, 31, 61, 0.012, 140.79, 0.9174
20241113131618, AMD, 125, 20241129, P, 93, 1325, 0.012, 140.79, -0.0835
20241113131618, AMD, 130, 20241129, C, 9, 79, 0.02, 140.79, 0.8452
20241113131618, AMD, 130, 20241129, P, 611, 4292, 0.0201, 140.79, -0.1561
20241113131618, AMD, 135, 20241129, C, 45, 69, 0.0292, 140.79, 0.7222
20241113131618, AMD, 135, 20241129, P, 270, 2096, 0.0294, 140.79, -0.2801
20241113131618, AMD, 137, 20241129, C, 133, 2, 0.0321, 140.79, 0.6599
20241113131618, AMD, 137, 20241129, P, 163, 143, 0.0324, 140.79, -0.343
20241113131618, AMD, 138, 20241129, C, 14, 5, 0.0332, 140.79, 0.6268
20241113131618, AMD, 138, 20241129, P, 170, 109, 0.0336, 140.79, -0.3764
20241113131618, AMD, 139, 20241129, C, 34, 12, 0.0341, 140.79, 0.5927
20241113131618, AMD, 139, 20241129, P, 48, 45, 0.0345, 140.79, -0.4108
20241113131618, AMD, 140, 20241129, C, 408, 1241, 0.0347, 140.79, 0.5581
20241113131618, AMD, 140, 20241129, P, 479, 2707, 0.0352, 140.79, -0.4459
20241113131618, AMD, 141, 20241129, C, 111, 8, 0.0351, 140.79, 0.5232
20241113131618, AMD, 141, 20241129, P, 30, 33, 0.0355, 140.79, -0.4813
20241113131618, AMD, 142, 20241129, C, 387, 148, 0.0351, 140.79, 0.4884
20241113131618, AMD, 142, 20241129, P, 45, 43, 0.0356, 140.79, -0.5166
20241113131618, AMD, 143, 20241129, C, 1604, 178, 0.0349, 140.79, 0.4539
20241113131618, AMD, 143, 20241129, P, 21, 71, 0.0354, 140.79, -0.5516
20241113131618, AMD, 144, 20241129, C, 213, 87, 0.0344, 140.79, 0.42
20241113131618, AMD, 144, 20241129, P, 61, 84, 0.035, 140.79, -0.586
20241113131618, AMD, 145, 20241129, C, 1814, 2379, 0.0336, 140.79, 0.3871
20241113131618, AMD, 145, 20241129, P, 171, 2324, 0.0343, 140.79, -0.6195
20241113131618, AMD, 146, 20241129, C, 87, 275, 0.0326, 140.79, 0.3554
20241113131618, AMD, 146, 20241129, P, 87, 45, 0.0333, 140.79, -0.6518
20241113131618, AMD, 147, 20241129, C, 90, 141, 0.0315, 140.79, 0.3251
20241113131618, AMD, 147, 20241129, P, 76, 11, 0.0322, 140.79, -0.6828
20241113131618, AMD, 148, 20241129, C, 92, 187, 0.0301, 140.79, 0.2963
20241113131618, AMD, 148, 20241129, P, 51, 44, 0.0309, 140.79, -0.7123
20241113131618, AMD, 149, 20241129, C, 29, 226, 0.0287, 140.79, 0.2692
20241113131618, AMD, 149, 20241129, P, 103, 32, 0.0295, 140.79, -0.7401
20241113131618, AMD, 150, 20241129, C, 3533, 4170, 0.0271, 140.79, 0.2438
20241113131618, AMD, 150, 20241129, P, 17, 1857, 0.028, 140.79, -0.7661
20241113131618, AMD, 152.5, 20241129, C, 354, 231, 0.0231, 140.79, 0.1886
20241113131618, AMD, 152.5, 20241129, P, 24, 63, 0.024, 140.79, -0.8232
20241113131618, AMD, 155, 20241129, C, 1174, 4202, 0.0191, 140.79, 0.1446
20241113131618, AMD, 155, 20241129, P, 71, 1024, 0.0201, 140.79, -0.8688
20241113131618, AMD, 157.5, 20241129, C, 570, 606, 0.0156, 140.79, 0.1109
20241113131618, AMD, 157.5, 20241129, P, 1, 71, 0.0166, 140.79, -0.904
20241113131618, AMD, 160, 20241129, C, 1107, 5091, 0.0126, 140.79, 0.0858
20241113131618, AMD, 160, 20241129, P, 22, 1147, 0.0136, 140.79, -0.9306
20241113131618, AMD, 162.5, 20241129, C, 107, 214, 0.0101, 140.79, 0.0673
20241113131618, AMD, 162.5, 20241129, P, 15, 13, 0.0112, 140.79, -0.9502
20241113131618, AMD, 165, 20241129, C, 292, 3188, 0.0082, 140.79, 0.0537
20241113131618, AMD, 165, 20241129, P, 11, 281, 0.0092, 140.79, -0.9646
20241113131618, AMD, 167.5, 20241129, C, 6, 59, 0.0068, 140.79, 0.0437
20241113131618, AMD, 167.5, 20241129, P, 2, 15, 0.0077, 140.79, -0.9752
20241113131618, AMD, 170, 20241129, C, 178, 2788, 0.0056, 140.79, 0.0362
20241113131618, AMD, 170, 20241129, P, 0, 1089, 0.0065, 140.79, -0.9831
20241113131618, AMD, 172.5, 20241129, C, 22, 21, 0.0047, 140.79, 0.0305
20241113131618, AMD, 172.5, 20241129, P, 0, 0, 0.0056, 140.79, -0.989
20241113131618, AMD, 175, 20241129, C, 109, 1896, 0.004, 140.79, 0.026
20241113131618, AMD, 175, 20241129, P, 4, 422, 0.0043, 140.79, -0.993
20241113131618, AMD, 180, 20241129, C, 357, 1713, 0.0029, 140.79, 0.0195
20241113131618, AMD, 180, 20241129, P, 0, 4, 0.0017, 140.79, -0.9976
20241113131618, AMD, 185, 20241129, C, 60, 772, 0.0022, 140.79, 0.015
20241113131618, AMD, 185, 20241129, P, 0, 1, 0.0003, 140.79, -0.9995
20241113131618, AMD, 190, 20241129, C, 18, 1080, 0.0017, 140.79, 0.0118
20241113131618, AMD, 190, 20241129, P, 0, 0, 0, 140.79, -1
20241113131618, AMD, 195, 20241129, C, 13, 256, 0.0013, 140.79, 0.0094
20241113131618, AMD, 195, 20241129, P, 0, 0, 0, 140.79, -1
20241113131618, AMD, 200, 20241129, C, 51, 845, 0.001, 140.79, 0.0076
20241113131618, AMD, 200, 20241129, P, 0, 0, 0, 140.79, -1
20241113131618, AMD, 205, 20241129, C, 0, 149, 0.0008, 140.79, 0.0061
20241113131618, AMD, 205, 20241129, P, 0, 0, 0, 140.79, -1
20241113131618, AMD, 210, 20241129, C, 0, 170, 0.0007, 140.79, 0.005
20241113131618, AMD, 210, 20241129, P, 0, 0, 0, 140.79, -1
20241113131618, AMD, 215, 20241129, C, 0, 260, 0.0006, 140.79, 0.0041
20241113131618, AMD, 215, 20241129, P, 0, 0, 0, 140.79, -1
20241113131618, AMD, 220, 20241129, C, 68, 202, 0.0004, 140.79, 0.0034
20241113131618, AMD, 220, 20241129, P, 0, 0, 0, 140.79, -1
20241113131618, AMD, 225, 20241129, C, 100, 145, 0.0004, 140.79, 0.0028
20241113131618, AMD, 225, 20241129, P, 0, 0, 0, 140.79, -1
20241113131618, AMD, 230, 20241129, C, 0, 25, 0.0003, 140.79, 0.0024
20241113131618, AMD, 230, 20241129, P, 0, 0, 0, 140.79, -1
20241113131618, AMD, 235, 20241129, C, 40, 45, 0.0003, 140.79, 0.002
20241113131618, AMD, 235, 20241129, P, 0, 0, 0, 140.79, -1
20241113131618, AMD, 240, 20241129, C, 0, 99, 0.0002, 140.79, 0.0017
20241113131618, AMD, 240, 20241129, P, 0, 0, 0, 140.79, -1
20241113131618, AMD, 245, 20241129, C, 0, 17, 0.0002, 140.79, 0.0014
20241113131618, AMD, 245, 20241129, P, 0, 0, 0, 140.79, -1
20241113131618, AMD, 250, 20241129, C, 0, 17, 0.0001, 140.79, 0.0012
20241113131618, AMD, 250, 20241129, P, 0, 0, 0, 140.79, -1
20241113131618, AMD, 255, 20241129, C, 1, 14, 0.0001, 140.79, 0.001
20241113131618, AMD, 255, 20241129, P, 0, 0, 0, 140.79, -1
20241113131618, AMD, 260, 20241129, C, 0, 64, 0.0001, 140.79, 0.0009
20241113131618, AMD, 260, 20241129, P, 0, 0, 0, 140.79, -1
20241113131618, AMD, 265, 20241129, C, 100, 256, 0.0001, 140.79, 0.0008
20241113131618, AMD, 265, 20241129, P, 0, 0, 0, 140.79, -1
20241113131618, AMD, 70, 20241206, C, 0, 1, 0.0001, 140.79, 0.9994
20241113131618, AMD, 70, 20241206, P, 0, 1, 0.0001, 140.79, -0.0015
20241113131618, AMD, 75, 20241206, C, 0, 0, 0.0002, 140.79, 0.9988
20241113131618, AMD, 75, 20241206, P, 0, 505, 0.0002, 140.79, -0.0021
20241113131618, AMD, 80, 20241206, C, 0, 0, 0.0003, 140.79, 0.9979
20241113131618, AMD, 80, 20241206, P, 0, 13, 0.0003, 140.79, -0.0029
20241113131618, AMD, 85, 20241206, C, 0, 0, 0.0004, 140.79, 0.9966
20241113131618, AMD, 85, 20241206, P, 0, 41, 0.0004, 140.79, -0.0042
20241113131618, AMD, 90, 20241206, C, 0, 2, 0.0006, 140.79, 0.9948
20241113131618, AMD, 90, 20241206, P, 2, 1, 0.0006, 140.79, -0.006
20241113131618, AMD, 95, 20241206, C, 0, 5, 0.001, 140.79, 0.9921
20241113131618, AMD, 95, 20241206, P, 20, 37, 0.001, 140.79, -0.0087
20241113131618, AMD, 100, 20241206, C, 1, 14, 0.0014, 140.79, 0.9883
20241113131618, AMD, 100, 20241206, P, 102, 452, 0.0014, 140.79, -0.0126
20241113131618, AMD, 105, 20241206, C, 0, 4, 0.0022, 140.79, 0.9826
20241113131618, AMD, 105, 20241206, P, 10, 110, 0.0022, 140.79, -0.0182
20241113131618, AMD, 110, 20241206, C, 0, 15, 0.0033, 140.79, 0.974
20241113131618, AMD, 110, 20241206, P, 0, 313, 0.0033, 140.79, -0.0268
20241113131618, AMD, 115, 20241206, C, 0, 8, 0.0051, 140.79, 0.96
20241113131618, AMD, 115, 20241206, P, 35, 387, 0.0051, 140.79, -0.041
20241113131618, AMD, 120, 20241206, C, 24, 21, 0.0081, 140.79, 0.935
20241113131618, AMD, 120, 20241206, P, 39, 1085, 0.0081, 140.79, -0.0661
20241113131618, AMD, 125, 20241206, C, 22, 21, 0.0128, 140.79, 0.8893
20241113131618, AMD, 125, 20241206, P, 32, 911, 0.0129, 140.79, -0.1121
20241113131618, AMD, 130, 20241206, C, 49, 117, 0.0191, 140.79, 0.8111
20241113131618, AMD, 130, 20241206, P, 129, 1122, 0.0193, 140.79, -0.1909
20241113131618, AMD, 135, 20241206, C, 235, 738, 0.0252, 140.79, 0.6973
20241113131618, AMD, 135, 20241206, P, 372, 2074, 0.0255, 140.79, -0.3058
20241113131618, AMD, 140, 20241206, C, 314, 1077, 0.0287, 140.79, 0.559
20241113131618, AMD, 140, 20241206, P, 929, 2104, 0.0291, 140.79, -0.4459
20241113131618, AMD, 145, 20241206, C, 924, 1700, 0.0284, 140.79, 0.417
20241113131618, AMD, 145, 20241206, P, 117, 1191, 0.029, 140.79, -0.5906
20241113131618, AMD, 150, 20241206, C, 748, 2615, 0.0247, 140.79, 0.291
20241113131618, AMD, 150, 20241206, P, 43, 726, 0.0255, 140.79, -0.7198
20241113131618, AMD, 155, 20241206, C, 3131, 6255, 0.0194, 140.79, 0.193
20241113131618, AMD, 155, 20241206, P, 22, 216, 0.0204, 140.79, -0.8214
20241113131618, AMD, 160, 20241206, C, 526, 2738, 0.0142, 140.79, 0.1252
20241113131618, AMD, 160, 20241206, P, 15, 190, 0.0153, 140.79, -0.8928
20241113131618, AMD, 165, 20241206, C, 240, 1904, 0.0101, 140.79, 0.0822
20241113131618, AMD, 165, 20241206, P, 12, 117, 0.0112, 140.79, -0.9388
20241113131618, AMD, 170, 20241206, C, 955, 3013, 0.0072, 140.79, 0.0562
20241113131618, AMD, 170, 20241206, P, 1, 48, 0.0082, 140.79, -0.967
20241113131618, AMD, 175, 20241206, C, 249, 1132, 0.0052, 140.79, 0.0403
20241113131618, AMD, 175, 20241206, P, 2, 45, 0.0063, 140.79, -0.9843
20241113131618, AMD, 180, 20241206, C, 230, 626, 0.0039, 140.79, 0.0303
20241113131618, AMD, 180, 20241206, P, 0, 1424, 0.004, 140.79, -0.9935
20241113131618, AMD, 185, 20241206, C, 85, 465, 0.003, 140.79, 0.0236
20241113131618, AMD, 185, 20241206, P, 2, 315, 0.0013, 140.79, -0.9979
20241113131618, AMD, 190, 20241206, C, 3, 488, 0.0024, 140.79, 0.0188
20241113131618, AMD, 190, 20241206, P, 0, 0, 0.0002, 140.79, -0.9997
20241113131618, AMD, 195, 20241206, C, 64, 634, 0.0019, 140.79, 0.0152
20241113131618, AMD, 195, 20241206, P, 0, 0, 0, 140.79, -1
20241113131618, AMD, 200, 20241206, C, 99, 754, 0.0015, 140.79, 0.0125
20241113131618, AMD, 200, 20241206, P, 5, 0, 0, 140.79, -1
20241113131618, AMD, 205, 20241206, C, 4, 88, 0.0012, 140.79, 0.0103
20241113131618, AMD, 205, 20241206, P, 0, 0, 0, 140.79, -1
20241113131618, AMD, 210, 20241206, C, 2, 73, 0.001, 140.79, 0.0086
20241113131618, AMD, 210, 20241206, P, 0, 0, 0, 140.79, -1
20241113131618, AMD, 215, 20241206, C, 0, 131, 0.0008, 140.79, 0.0072
20241113131618, AMD, 215, 20241206, P, 0, 0, 0, 140.79, -1
20241113131618, AMD, 220, 20241206, C, 0, 138, 0.0007, 140.79, 0.0061
20241113131618, AMD, 220, 20241206, P, 0, 0, 0, 140.79, -1
20241113131618, AMD, 225, 20241206, C, 10, 129, 0.0006, 140.79, 0.0052
20241113131618, AMD, 225, 20241206, P, 0, 0, 0, 140.79, -1
20241113131618, AMD, 230, 20241206, C, 0, 17, 0.0005, 140.79, 0.0044
20241113131618, AMD, 230, 20241206, P, 0, 0, 0, 140.79, -1
20241113131618, AMD, 235, 20241206, C, 0, 13, 0.0004, 140.79, 0.0038
20241113131618, AMD, 235, 20241206, P, 0, 0, 0, 140.79, -1
20241113131618, AMD, 240, 20241206, C, 0, 10, 0.0004, 140.79, 0.0033
20241113131618, AMD, 240, 20241206, P, 0, 0, 0, 140.79, -1
20241113131618, AMD, 245, 20241206, C, 0, 15, 0.0003, 140.79, 0.0028
20241113131618, AMD, 245, 20241206, P, 0, 0, 0, 140.79, -1
20241113131618, AMD, 250, 20241206, C, 0, 13, 0.0003, 140.79, 0.0025
20241113131618, AMD, 250, 20241206, P, 0, 0, 0, 140.79, -1
20241113131618, AMD, 255, 20241206, C, 0, 1, 0.0002, 140.79, 0.0022
20241113131618, AMD, 255, 20241206, P, 0, 0, 0, 140.79, -1
20241113131618, AMD, 260, 20241206, C, 0, 6, 0.0002, 140.79, 0.0019
20241113131618, AMD, 260, 20241206, P, 0, 0, 0, 140.79, -1
20241113131618, AMD, 265, 20241206, C, 0, 56, 0.0002, 140.79, 0.0017
20241113131618, AMD, 265, 20241206, P, 0, 0, 0, 140.79, -1
20241113131618, AMD, 70, 20241213, C, 0, 0, 0.0002, 140.79, 0.999
20241113131618, AMD, 70, 20241213, P, 0, 0, 0.0002, 140.79, -0.002
20241113131618, AMD, 75, 20241213, C, 0, 0, 0.0003, 140.79, 0.9981
20241113131618, AMD, 75, 20241213, P, 0, 3, 0.0003, 140.79, -0.0029
20241113131618, AMD, 80, 20241213, C, 0, 0, 0.0004, 140.79, 0.9968
20241113131618, AMD, 80, 20241213, P, 1, 0, 0.0004, 140.79, -0.0042
20241113131618, AMD, 85, 20241213, C, 0, 0, 0.0006, 140.79, 0.9949
20241113131618, AMD, 85, 20241213, P, 0, 0, 0.0006, 140.79, -0.0061
20241113131618, AMD, 90, 20241213, C, 0, 0, 0.0008, 140.79, 0.9923
20241113131618, AMD, 90, 20241213, P, 0, 0, 0.0008, 140.79, -0.0088
20241113131618, AMD, 95, 20241213, C, 0, 0, 0.0012, 140.79, 0.9886
20241113131618, AMD, 95, 20241213, P, 0, 5, 0.0012, 140.79, -0.0125
20241113131618, AMD, 100, 20241213, C, 0, 12, 0.0018, 140.79, 0.9834
20241113131618, AMD, 100, 20241213, P, 66, 181, 0.0018, 140.79, -0.0176
20241113131618, AMD, 105, 20241213, C, 0, 0, 0.0026, 140.79, 0.976
20241113131618, AMD, 105, 20241213, P, 1, 71, 0.0026, 140.79, -0.0251
20241113131618, AMD, 110, 20241213, C, 0, 3, 0.0039, 140.79, 0.9648
20241113131618, AMD, 110, 20241213, P, 2, 300, 0.0039, 140.79, -0.0363
20241113131618, AMD, 115, 20241213, C, 0, 5, 0.0058, 140.79, 0.9469
20241113131618, AMD, 115, 20241213, P, 50, 299, 0.0058, 140.79, -0.0543
20241113131618, AMD, 120, 20241213, C, 2, 46, 0.0088, 140.79, 0.9166
20241113131618, AMD, 120, 20241213, P, 84, 414, 0.0088, 140.79, -0.0848
20241113131618, AMD, 125, 20241213, C, 27, 57, 0.013, 140.79, 0.8656
20241113131618, AMD, 125, 20241213, P, 65, 1580, 0.0131, 140.79, -0.1363
20241113131618, AMD, 130, 20241213, C, 23, 606, 0.018, 140.79, 0.7871
20241113131618, AMD, 130, 20241213, P, 85, 991, 0.0182, 140.79, -0.2155
20241113131618, AMD, 135, 20241213, C, 6, 455, 0.0224, 140.79, 0.6824
20241113131618, AMD, 135, 20241213, P, 940, 1074, 0.0227, 140.79, -0.3215
20241113131618, AMD, 140, 20241213, C, 636, 421, 0.025, 140.79, 0.5609
20241113131618, AMD, 140, 20241213, P, 188, 555, 0.0254, 140.79, -0.4448
20241113131618, AMD, 145, 20241213, C, 231, 703, 0.0249, 140.79, 0.437
20241113131618, AMD, 145, 20241213, P, 143, 458, 0.0255, 140.79, -0.5714
20241113131618, AMD, 150, 20241213, C, 338, 1096, 0.0226, 140.79, 0.324
20241113131618, AMD, 150, 20241213, P, 33, 327, 0.0234, 140.79, -0.6876
20241113131618, AMD, 155, 20241213, C, 552, 1701, 0.0189, 140.79, 0.2309
20241113131618, AMD, 155, 20241213, P, 14, 122, 0.0198, 140.79, -0.7844
20241113131618, AMD, 160, 20241213, C, 243, 2158, 0.0148, 140.79, 0.1608
20241113131618, AMD, 160, 20241213, P, 10, 216, 0.0159, 140.79, -0.8583
20241113131618, AMD, 165, 20241213, C, 243, 831, 0.0112, 140.79, 0.1119
20241113131618, AMD, 165, 20241213, P, 1, 18, 0.0124, 140.79, -0.9106
20241113131618, AMD, 170, 20241213, C, 85, 618, 0.0084, 140.79, 0.0795
20241113131618, AMD, 170, 20241213, P, 0, 20, 0.0096, 140.79, -0.9457
20241113131618, AMD, 175, 20241213, C, 22, 501, 0.0064, 140.79, 0.0584
20241113131618, AMD, 175, 20241213, P, 0, 8, 0.0075, 140.79, -0.9689
20241113131618, AMD, 180, 20241213, C, 18, 188, 0.0049, 140.79, 0.0445
20241113131618, AMD, 180, 20241213, P, 0, 15, 0.006, 140.79, -0.9841
20241113131618, AMD, 185, 20241213, C, 12, 88, 0.0038, 140.79, 0.035
20241113131618, AMD, 185, 20241213, P, 0, 2, 0.0039, 140.79, -0.9927
20241113131618, AMD, 190, 20241213, C, 8, 35, 0.0031, 140.79, 0.0282
20241113131618, AMD, 190, 20241213, P, 0, 0, 0.0015, 140.79, -0.9972
20241113131618, AMD, 195, 20241213, C, 2, 12, 0.0025, 140.79, 0.0232
20241113131618, AMD, 195, 20241213, P, 0, 0, 0.0004, 140.79, -0.9993
20241113131618, AMD, 200, 20241213, C, 26, 27, 0.0021, 140.79, 0.0193
20241113131618, AMD, 200, 20241213, P, 0, 0, 0, 140.79, -1
20241113131618, AMD, 205, 20241213, C, 0, 34, 0.0017, 140.79, 0.0162
20241113131618, AMD, 205, 20241213, P, 0, 0, 0, 140.79, -1
20241113131618, AMD, 210, 20241213, C, 0, 37, 0.0014, 140.79, 0.0137
20241113131618, AMD, 210, 20241213, P, 0, 0, 0, 140.79, -1
20241113131618, AMD, 215, 20241213, C, 0, 3, 0.0012, 140.79, 0.0117
20241113131618, AMD, 215, 20241213, P, 0, 0, 0, 140.79, -1
20241113131618, AMD, 220, 20241213, C, 0, 8, 0.001, 140.79, 0.0101
20241113131618, AMD, 220, 20241213, P, 0, 0, 0, 140.79, -1
20241113131618, AMD, 225, 20241213, C, 0, 11, 0.0009, 140.79, 0.0087
20241113131618, AMD, 225, 20241213, P, 0, 0, 0, 140.79, -1
20241113131618, AMD, 230, 20241213, C, 0, 5, 0.0008, 140.79, 0.0076
20241113131618, AMD, 230, 20241213, P, 0, 0, 0, 140.79, -1
20241113131618, AMD, 235, 20241213, C, 0, 9, 0.0007, 140.79, 0.0066
20241113131618, AMD, 235, 20241213, P, 0, 0, 0, 140.79, -1
20241113131618, AMD, 240, 20241213, C, 0, 0, 0.0006, 140.79, 0.0058
20241113131618, AMD, 240, 20241213, P, 0, 0, 0, 140.79, -1
20241113131618, AMD, 245, 20241213, C, 0, 1, 0.0005, 140.79, 0.0051
20241113131618, AMD, 245, 20241213, P, 0, 0, 0, 140.79, -1
20241113131618, AMD, 250, 20241213, C, 2, 5, 0.0004, 140.79, 0.0044
20241113131618, AMD, 250, 20241213, P, 0, 0, 0, 140.79, -1
20241113131618, AMD, 255, 20241213, C, 0, 0, 0.0004, 140.79, 0.0039
20241113131618, AMD, 255, 20241213, P, 0, 0, 0, 140.79, -1
20241113131618, AMD, 260, 20241213, C, 0, 5, 0.0003, 140.79, 0.0035
20241113131618, AMD, 260, 20241213, P, 0, 0, 0, 140.79, -1
20241113131618, AMD, 265, 20241213, C, 0, 15, 0.0003, 140.79, 0.0031
20241113131618, AMD, 265, 20241213, P, 0, 0, 0, 140.79, -1
