20241112120622, META, 5, 20241115, C, 0, 690, 0, 583.35, 1
20241112120622, META, 5, 20241115, P, 0, 3, 0, 583.35, 0
20241112120622, META, 10, 20241115, C, 0, 0, 0, 583.35, 1
20241112120622, META, 10, 20241115, P, 0, 0, 0, 583.35, 0
20241112120622, META, 15, 20241115, C, 0, 0, 0, 583.35, 1
20241112120622, META, 15, 20241115, P, 0, 0, 0, 583.35, 0
20241112120622, META, 20, 20241115, C, 0, 0, 0, 583.35, 1
20241112120622, META, 20, 20241115, P, 0, 0, 0, 583.35, 0
20241112120622, META, 25, 20241115, C, 0, 0, 0, 583.35, 1
20241112120622, META, 25, 20241115, P, 1, 1, 0, 583.35, 0
20241112120622, META, 30, 20241115, C, 0, 2, 0, 583.35, 1
20241112120622, META, 30, 20241115, P, 0, 0, 0, 583.35, 0
20241112120622, META, 35, 20241115, C, 0, 1, 0, 583.35, 1
20241112120622, META, 35, 20241115, P, 0, 2, 0, 583.35, 0
20241112120622, META, 40, 20241115, C, 0, 20, 0, 583.35, 1
20241112120622, META, 40, 20241115, P, 0, 0, 0, 583.35, 0
20241112120622, META, 45, 20241115, C, 0, 0, 0, 583.35, 1
20241112120622, META, 45, 20241115, P, 0, 143, 0, 583.35, 0
20241112120622, META, 200, 20241115, C, 0, 19, 0, 583.35, 1
20241112120622, META, 200, 20241115, P, 0, 477, 0, 583.35, 0
20241112120622, META, 210, 20241115, C, 0, 10, 0, 583.35, 1
20241112120622, META, 210, 20241115, P, 0, 127, 0, 583.35, 0
20241112120622, META, 220, 20241115, C, 0, 4, 0, 583.35, 1
20241112120622, META, 220, 20241115, P, 0, 125, 0, 583.35, 0
20241112120622, META, 230, 20241115, C, 6, 13, 0, 583.35, 1
20241112120622, META, 230, 20241115, P, 0, 128, 0, 583.35, 0
20241112120622, META, 240, 20241115, C, 2, 57, 0, 583.35, 1
20241112120622, META, 240, 20241115, P, 0, 5360, 0, 583.35, 0
20241112120622, META, 250, 20241115, C, 0, 61, 0, 583.35, 1
20241112120622, META, 250, 20241115, P, 0, 358, 0, 583.35, 0
20241112120622, META, 260, 20241115, C, 0, 12, 0, 583.35, 1
20241112120622, META, 260, 20241115, P, 0, 1067, 0, 583.35, -0.0001
20241112120622, META, 270, 20241115, C, 8, 33, 0, 583.35, 1
20241112120622, META, 270, 20241115, P, 0, 213, 0, 583.35, -0.0001
20241112120622, META, 280, 20241115, C, 0, 17, 0, 583.35, 1
20241112120622, META, 280, 20241115, P, 0, 700, 0, 583.35, -0.0001
20241112120622, META, 285, 20241115, C, 0, 4, 0, 583.35, 1
20241112120622, META, 285, 20241115, P, 0, 719, 0, 583.35, -0.0001
20241112120622, META, 290, 20241115, C, 0, 41, 0, 583.35, 1
20241112120622, META, 290, 20241115, P, 0, 225, 0, 583.35, -0.0001
20241112120622, META, 295, 20241115, C, 0, 2, 0, 583.35, 1
20241112120622, META, 295, 20241115, P, 0, 450, 0, 583.35, -0.0001
20241112120622, META, 300, 20241115, C, 2, 22, 0, 583.35, 1
20241112120622, META, 300, 20241115, P, 0, 2438, 0, 583.35, -0.0001
20241112120622, META, 305, 20241115, C, 0, 2, 0, 583.35, 1
20241112120622, META, 305, 20241115, P, 0, 23, 0, 583.35, -0.0001
20241112120622, META, 310, 20241115, C, 0, 67, 0, 583.35, 1
20241112120622, META, 310, 20241115, P, 0, 456, 0, 583.35, -0.0001
20241112120622, META, 315, 20241115, C, 0, 3, 0, 583.35, 1
20241112120622, META, 315, 20241115, P, 0, 82, 0, 583.35, -0.0001
20241112120622, META, 320, 20241115, C, 0, 31, 0, 583.35, 1
20241112120622, META, 320, 20241115, P, 1, 1364, 0, 583.35, -0.0002
20241112120622, META, 325, 20241115, C, 0, 2, 0, 583.35, 1
20241112120622, META, 325, 20241115, P, 0, 504, 0, 583.35, -0.0002
20241112120622, META, 330, 20241115, C, 1, 54, 0, 583.35, 1
20241112120622, META, 330, 20241115, P, 0, 332, 0, 583.35, -0.0002
20241112120622, META, 335, 20241115, C, 0, 6, 0, 583.35, 1
20241112120622, META, 335, 20241115, P, 0, 47, 0, 583.35, -0.0002
20241112120622, META, 340, 20241115, C, 0, 137, 0, 583.35, 1
20241112120622, META, 340, 20241115, P, 0, 587, 0, 583.35, -0.0002
20241112120622, META, 345, 20241115, C, 0, 8, 0, 583.35, 1
20241112120622, META, 345, 20241115, P, 0, 62, 0, 583.35, -0.0002
20241112120622, META, 350, 20241115, C, 1, 293, 0, 583.35, 1
20241112120622, META, 350, 20241115, P, 5, 1744, 0, 583.35, -0.0003
20241112120622, META, 355, 20241115, C, 0, 3, 0, 583.35, 1
20241112120622, META, 355, 20241115, P, 0, 289, 0, 583.35, -0.0003
20241112120622, META, 360, 20241115, C, 1, 94, 0, 583.35, 1
20241112120622, META, 360, 20241115, P, 0, 1003, 0, 583.35, -0.0003
20241112120622, META, 365, 20241115, C, 4, 8, 0, 583.35, 1
20241112120622, META, 365, 20241115, P, 0, 195, 0, 583.35, -0.0003
20241112120622, META, 370, 20241115, C, 0, 74, 0, 583.35, 1
20241112120622, META, 370, 20241115, P, 0, 1319, 0, 583.35, -0.0004
20241112120622, META, 375, 20241115, C, 0, 17, 0, 583.35, 1
20241112120622, META, 375, 20241115, P, 0, 126, 0, 583.35, -0.0004
20241112120622, META, 380, 20241115, C, 1, 69, 0, 583.35, 1
20241112120622, META, 380, 20241115, P, 0, 632, 0, 583.35, -0.0004
20241112120622, META, 385, 20241115, C, 0, 20, 0, 583.35, 0.9999
20241112120622, META, 385, 20241115, P, 0, 181, 0, 583.35, -0.0005
20241112120622, META, 390, 20241115, C, 0, 87, 0, 583.35, 0.9999
20241112120622, META, 390, 20241115, P, 0, 1078, 0, 583.35, -0.0005
20241112120622, META, 395, 20241115, C, 0, 9, 0, 583.35, 0.9998
20241112120622, META, 395, 20241115, P, 0, 191, 0, 583.35, -0.0006
20241112120622, META, 400, 20241115, C, 0, 341, 0, 583.35, 0.9998
20241112120622, META, 400, 20241115, P, 0, 3285, 0, 583.35, -0.0007
20241112120622, META, 405, 20241115, C, 0, 9, 0, 583.35, 0.9997
20241112120622, META, 405, 20241115, P, 0, 319, 0, 583.35, -0.0007
20241112120622, META, 410, 20241115, C, 0, 172, 0, 583.35, 0.9996
20241112120622, META, 410, 20241115, P, 1, 1111, 0, 583.35, -0.0008
20241112120622, META, 415, 20241115, C, 0, 16, 0, 583.35, 0.9996
20241112120622, META, 415, 20241115, P, 0, 309, 0, 583.35, -0.0009
20241112120622, META, 420, 20241115, C, 0, 241, 0, 583.35, 0.9995
20241112120622, META, 420, 20241115, P, 0, 2380, 0, 583.35, -0.001
20241112120622, META, 425, 20241115, C, 0, 92, 0.0001, 583.35, 0.9993
20241112120622, META, 425, 20241115, P, 0, 406, 0.0001, 583.35, -0.0011
20241112120622, META, 430, 20241115, C, 1, 209, 0.0001, 583.35, 0.9992
20241112120622, META, 430, 20241115, P, 2, 1412, 0.0001, 583.35, -0.0012
20241112120622, META, 435, 20241115, C, 0, 60, 0.0001, 583.35, 0.9991
20241112120622, META, 435, 20241115, P, 18, 396, 0.0001, 583.35, -0.0014
20241112120622, META, 440, 20241115, C, 0, 205, 0.0001, 583.35, 0.9989
20241112120622, META, 440, 20241115, P, 2, 2233, 0.0001, 583.35, -0.0015
20241112120622, META, 445, 20241115, C, 0, 36, 0.0001, 583.35, 0.9987
20241112120622, META, 445, 20241115, P, 0, 962, 0.0001, 583.35, -0.0017
20241112120622, META, 450, 20241115, C, 51, 387, 0.0001, 583.35, 0.9985
20241112120622, META, 450, 20241115, P, 0, 2556, 0.0001, 583.35, -0.0019
20241112120622, META, 455, 20241115, C, 0, 61, 0.0001, 583.35, 0.9983
20241112120622, META, 455, 20241115, P, 0, 325, 0.0001, 583.35, -0.0021
20241112120622, META, 460, 20241115, C, 1, 411, 0.0001, 583.35, 0.998
20241112120622, META, 460, 20241115, P, 25, 1814, 0.0001, 583.35, -0.0024
20241112120622, META, 465, 20241115, C, 0, 67, 0.0002, 583.35, 0.9977
20241112120622, META, 465, 20241115, P, 12, 710, 0.0002, 583.35, -0.0027
20241112120622, META, 470, 20241115, C, 0, 1414, 0.0002, 583.35, 0.9973
20241112120622, META, 470, 20241115, P, 37, 1441, 0.0002, 583.35, -0.0031
20241112120622, META, 475, 20241115, C, 0, 98, 0.0002, 583.35, 0.9969
20241112120622, META, 475, 20241115, P, 223, 1490, 0.0002, 583.35, -0.0035
20241112120622, META, 480, 20241115, C, 5, 616, 0.0003, 583.35, 0.9964
20241112120622, META, 480, 20241115, P, 154, 3036, 0.0003, 583.35, -0.004
20241112120622, META, 485, 20241115, C, 0, 182, 0.0003, 583.35, 0.9958
20241112120622, META, 485, 20241115, P, 75, 836, 0.0003, 583.35, -0.0046
20241112120622, META, 487.5, 20241115, C, 0, 0, 0.0004, 583.35, 0.9954
20241112120622, META, 487.5, 20241115, P, 0, 12, 0.0004, 583.35, -0.005
20241112120622, META, 490, 20241115, C, 2, 1652, 0.0004, 583.35, 0.9951
20241112120622, META, 490, 20241115, P, 263, 1824, 0.0004, 583.35, -0.0054
20241112120622, META, 492.5, 20241115, C, 0, 0, 0.0004, 583.35, 0.9947
20241112120622, META, 492.5, 20241115, P, 0, 127, 0.0004, 583.35, -0.0058
20241112120622, META, 495, 20241115, C, 0, 69, 0.0004, 583.35, 0.9942
20241112120622, META, 495, 20241115, P, 52, 1271, 0.0004, 583.35, -0.0062
20241112120622, META, 497.5, 20241115, C, 0, 1, 0.0005, 583.35, 0.9937
20241112120622, META, 497.5, 20241115, P, 5, 185, 0.0005, 583.35, -0.0067
20241112120622, META, 500, 20241115, C, 142, 2207, 0.0005, 583.35, 0.9932
20241112120622, META, 500, 20241115, P, 64, 4831, 0.0005, 583.35, -0.0072
20241112120622, META, 505, 20241115, C, 6, 241, 0.0006, 583.35, 0.992
20241112120622, META, 505, 20241115, P, 155, 1860, 0.0006, 583.35, -0.0085
20241112120622, META, 510, 20241115, C, 8, 1271, 0.0008, 583.35, 0.9904
20241112120622, META, 510, 20241115, P, 171, 1561, 0.0008, 583.35, -0.01
20241112120622, META, 515, 20241115, C, 1, 316, 0.0009, 583.35, 0.9886
20241112120622, META, 515, 20241115, P, 296, 2172, 0.0009, 583.35, -0.0119
20241112120622, META, 520, 20241115, C, 22, 3962, 0.0012, 583.35, 0.9862
20241112120622, META, 520, 20241115, P, 295, 11887, 0.0012, 583.35, -0.0142
20241112120622, META, 525, 20241115, C, 0, 228, 0.0014, 583.35, 0.9832
20241112120622, META, 525, 20241115, P, 325, 3306, 0.0014, 583.35, -0.0172
20241112120622, META, 530, 20241115, C, 26, 815, 0.0018, 583.35, 0.9794
20241112120622, META, 530, 20241115, P, 162, 5153, 0.0018, 583.35, -0.021
20241112120622, META, 535, 20241115, C, 1, 429, 0.0023, 583.35, 0.9744
20241112120622, META, 535, 20241115, P, 304, 2753, 0.0023, 583.35, -0.0261
20241112120622, META, 540, 20241115, C, 92, 2853, 0.0029, 583.35, 0.9676
20241112120622, META, 540, 20241115, P, 327, 5171, 0.0029, 583.35, -0.0328
20241112120622, META, 545, 20241115, C, 34, 409, 0.0038, 583.35, 0.9582
20241112120622, META, 545, 20241115, P, 399, 3543, 0.0038, 583.35, -0.0423
20241112120622, META, 550, 20241115, C, 290, 4914, 0.0051, 583.35, 0.9443
20241112120622, META, 550, 20241115, P, 2164, 5856, 0.0051, 583.35, -0.0562
20241112120622, META, 552.5, 20241115, C, 6, 193, 0.006, 583.35, 0.9349
20241112120622, META, 552.5, 20241115, P, 682, 7007, 0.006, 583.35, -0.0657
20241112120622, META, 555, 20241115, C, 31, 1092, 0.0069, 583.35, 0.9232
20241112120622, META, 555, 20241115, P, 730, 8374, 0.007, 583.35, -0.0773
20241112120622, META, 557.5, 20241115, C, 23, 183, 0.0081, 583.35, 0.9088
20241112120622, META, 557.5, 20241115, P, 1413, 3822, 0.0081, 583.35, -0.0918
20241112120622, META, 560, 20241115, C, 235, 2024, 0.0094, 583.35, 0.891
20241112120622, META, 560, 20241115, P, 2582, 14760, 0.0094, 583.35, -0.1098
20241112120622, META, 562.5, 20241115, C, 78, 442, 0.0109, 583.35, 0.8692
20241112120622, META, 562.5, 20241115, P, 1427, 12718, 0.011, 583.35, -0.1315
20241112120622, META, 565, 20241115, C, 68, 1729, 0.0126, 583.35, 0.8428
20241112120622, META, 565, 20241115, P, 3270, 8384, 0.0126, 583.35, -0.1581
20241112120622, META, 567.5, 20241115, C, 57, 732, 0.0143, 583.35, 0.8116
20241112120622, META, 567.5, 20241115, P, 3038, 6472, 0.0144, 583.35, -0.1896
20241112120622, META, 570, 20241115, C, 325, 4705, 0.0161, 583.35, 0.7751
20241112120622, META, 570, 20241115, P, 3435, 8792, 0.0162, 583.35, -0.2262
20241112120622, META, 572.5, 20241115, C, 273, 943, 0.0177, 583.35, 0.7337
20241112120622, META, 572.5, 20241115, P, 5535, 3237, 0.0178, 583.35, -0.2679
20241112120622, META, 575, 20241115, C, 765, 2974, 0.0192, 583.35, 0.6877
20241112120622, META, 575, 20241115, P, 4964, 3546, 0.0193, 583.35, -0.3141
20241112120622, META, 577.5, 20241115, C, 799, 962, 0.0204, 583.35, 0.6381
20241112120622, META, 577.5, 20241115, P, 2390, 1278, 0.0206, 583.35, -0.3641
20241112120622, META, 580, 20241115, C, 4700, 6502, 0.0213, 583.35, 0.5858
20241112120622, META, 580, 20241115, P, 7960, 3819, 0.0214, 583.35, -0.4168
20241112120622, META, 582.5, 20241115, C, 2437, 947, 0.0217, 583.35, 0.532
20241112120622, META, 582.5, 20241115, P, 2481, 831, 0.0219, 583.35, -0.471
20241112120622, META, 585, 20241115, C, 5773, 3394, 0.0217, 583.35, 0.4779
20241112120622, META, 585, 20241115, P, 3879, 1143, 0.0219, 583.35, -0.5256
20241112120622, META, 587.5, 20241115, C, 4276, 1442, 0.0213, 583.35, 0.4246
20241112120622, META, 587.5, 20241115, P, 2600, 679, 0.0215, 583.35, -0.5795
20241112120622, META, 590, 20241115, C, 12769, 10833, 0.0205, 583.35, 0.3732
20241112120622, META, 590, 20241115, P, 4434, 1104, 0.0208, 583.35, -0.6315
20241112120622, META, 592.5, 20241115, C, 5677, 1435, 0.0194, 583.35, 0.3246
20241112120622, META, 592.5, 20241115, P, 1722, 578, 0.0197, 583.35, -0.6808
20241112120622, META, 595, 20241115, C, 11687, 3240, 0.0181, 583.35, 0.2795
20241112120622, META, 595, 20241115, P, 2289, 1170, 0.0184, 583.35, -0.7266
20241112120622, META, 597.5, 20241115, C, 5665, 3544, 0.0166, 583.35, 0.2384
20241112120622, META, 597.5, 20241115, P, 1044, 150, 0.0169, 583.35, -0.7684
20241112120622, META, 600, 20241115, C, 58041, 19993, 0.0149, 583.35, 0.2018
20241112120622, META, 600, 20241115, P, 2475, 1666, 0.0153, 583.35, -0.8058
20241112120622, META, 605, 20241115, C, 12309, 4291, 0.0117, 583.35, 0.1419
20241112120622, META, 605, 20241115, P, 289, 258, 0.0121, 583.35, -0.8672
20241112120622, META, 610, 20241115, C, 17278, 6543, 0.0088, 583.35, 0.0988
20241112120622, META, 610, 20241115, P, 116, 628, 0.0092, 583.35, -0.9116
20241112120622, META, 615, 20241115, C, 8945, 2207, 0.0066, 583.35, 0.0693
20241112120622, META, 615, 20241115, P, 34, 661, 0.007, 583.35, -0.9422
20241112120622, META, 620, 20241115, C, 8459, 8745, 0.0048, 583.35, 0.0497
20241112120622, META, 620, 20241115, P, 120, 345, 0.0052, 583.35, -0.9627
20241112120622, META, 625, 20241115, C, 4366, 8541, 0.0036, 583.35, 0.0366
20241112120622, META, 625, 20241115, P, 3, 192, 0.004, 583.35, -0.9762
20241112120622, META, 630, 20241115, C, 2873, 4571, 0.0028, 583.35, 0.0278
20241112120622, META, 630, 20241115, P, 11, 205, 0.0031, 583.35, -0.9853
20241112120622, META, 635, 20241115, C, 3207, 2341, 0.0021, 583.35, 0.0216
20241112120622, META, 635, 20241115, P, 14, 478, 0.0025, 583.35, -0.9916
20241112120622, META, 640, 20241115, C, 1441, 3049, 0.0017, 583.35, 0.0172
20241112120622, META, 640, 20241115, P, 20, 184, 0.0017, 583.35, -0.9954
20241112120622, META, 645, 20241115, C, 1138, 837, 0.0014, 583.35, 0.014
20241112120622, META, 645, 20241115, P, 44, 2, 0.001, 583.35, -0.9977
20241112120622, META, 650, 20241115, C, 1063, 5521, 0.0011, 583.35, 0.0116
20241112120622, META, 650, 20241115, P, 14, 2, 0.0004, 583.35, -0.999
20241112120622, META, 655, 20241115, C, 866, 993, 0.0009, 583.35, 0.0097
20241112120622, META, 655, 20241115, P, 0, 0, 0.0001, 583.35, -0.9996
20241112120622, META, 660, 20241115, C, 493, 2070, 0.0008, 583.35, 0.0083
20241112120622, META, 660, 20241115, P, 2, 1, 0, 583.35, -1
20241112120622, META, 665, 20241115, C, 303, 1205, 0.0006, 583.35, 0.0071
20241112120622, META, 665, 20241115, P, 0, 0, 0, 583.35, -1
20241112120622, META, 670, 20241115, C, 112, 1901, 0.0005, 583.35, 0.0062
20241112120622, META, 670, 20241115, P, 0, 0, 0, 583.35, -1
20241112120622, META, 675, 20241115, C, 71, 1186, 0.0005, 583.35, 0.0054
20241112120622, META, 675, 20241115, P, 0, 1, 0, 583.35, -1
20241112120622, META, 680, 20241115, C, 214, 4219, 0.0004, 583.35, 0.0047
20241112120622, META, 680, 20241115, P, 0, 0, 0, 583.35, -1
20241112120622, META, 685, 20241115, C, 166, 503, 0.0004, 583.35, 0.0042
20241112120622, META, 685, 20241115, P, 0, 0, 0, 583.35, -1
20241112120622, META, 690, 20241115, C, 15, 1332, 0.0003, 583.35, 0.0038
20241112120622, META, 690, 20241115, P, 0, 3, 0, 583.35, -1
20241112120622, META, 695, 20241115, C, 1, 355, 0.0003, 583.35, 0.0034
20241112120622, META, 695, 20241115, P, 0, 0, 0, 583.35, -1
20241112120622, META, 700, 20241115, C, 491, 2561, 0.0002, 583.35, 0.003
20241112120622, META, 700, 20241115, P, 0, 6, 0, 583.35, -1
20241112120622, META, 705, 20241115, C, 286, 407, 0.0002, 583.35, 0.0028
20241112120622, META, 705, 20241115, P, 0, 2, 0, 583.35, -1
20241112120622, META, 710, 20241115, C, 66, 337, 0.0002, 583.35, 0.0025
20241112120622, META, 710, 20241115, P, 0, 43, 0, 583.35, -1
20241112120622, META, 715, 20241115, C, 0, 406, 0.0002, 583.35, 0.0023
20241112120622, META, 715, 20241115, P, 0, 0, 0, 583.35, -1
20241112120622, META, 720, 20241115, C, 4, 954, 0.0001, 583.35, 0.0021
20241112120622, META, 720, 20241115, P, 0, 4, 0, 583.35, -1
20241112120622, META, 725, 20241115, C, 13, 593, 0.0001, 583.35, 0.0019
20241112120622, META, 725, 20241115, P, 0, 0, 0, 583.35, -1
20241112120622, META, 730, 20241115, C, 87, 903, 0.0001, 583.35, 0.0018
20241112120622, META, 730, 20241115, P, 0, 0, 0, 583.35, -1
20241112120622, META, 735, 20241115, C, 0, 367, 0.0001, 583.35, 0.0016
20241112120622, META, 735, 20241115, P, 0, 0, 0, 583.35, -1
20241112120622, META, 740, 20241115, C, 21, 391, 0.0001, 583.35, 0.0015
20241112120622, META, 740, 20241115, P, 0, 0, 0, 583.35, -1
20241112120622, META, 745, 20241115, C, 0, 282, 0.0001, 583.35, 0.0014
20241112120622, META, 745, 20241115, P, 0, 0, 0, 583.35, -1
20241112120622, META, 750, 20241115, C, 0, 1224, 0.0001, 583.35, 0.0013
20241112120622, META, 750, 20241115, P, 0, 0, 0, 583.35, -1
20241112120622, META, 755, 20241115, C, 0, 770, 0.0001, 583.35, 0.0012
20241112120622, META, 755, 20241115, P, 0, 0, 0, 583.35, -1
20241112120622, META, 760, 20241115, C, 0, 992, 0.0001, 583.35, 0.0011
20241112120622, META, 760, 20241115, P, 0, 0, 0, 583.35, -1
20241112120622, META, 765, 20241115, C, 0, 642, 0.0001, 583.35, 0.001
20241112120622, META, 765, 20241115, P, 0, 0, 0, 583.35, -1
20241112120622, META, 770, 20241115, C, 0, 163, 0.0001, 583.35, 0.001
20241112120622, META, 770, 20241115, P, 0, 0, 0, 583.35, -1
20241112120622, META, 775, 20241115, C, 0, 241, 0.0001, 583.35, 0.0009
20241112120622, META, 775, 20241115, P, 0, 0, 0, 583.35, -1
20241112120622, META, 780, 20241115, C, 0, 212, 0, 583.35, 0.0008
20241112120622, META, 780, 20241115, P, 0, 0, 0, 583.35, -1
20241112120622, META, 785, 20241115, C, 0, 168, 0, 583.35, 0.0008
20241112120622, META, 785, 20241115, P, 0, 0, 0, 583.35, -1
20241112120622, META, 790, 20241115, C, 0, 151, 0, 583.35, 0.0008
20241112120622, META, 790, 20241115, P, 0, 1, 0, 583.35, -1
20241112120622, META, 795, 20241115, C, 1, 152, 0, 583.35, 0.0007
20241112120622, META, 795, 20241115, P, 0, 0, 0, 583.35, -1
20241112120622, META, 800, 20241115, C, 1, 1571, 0, 583.35, 0.0007
20241112120622, META, 800, 20241115, P, 0, 0, 0, 583.35, -1
20241112120622, META, 805, 20241115, C, 0, 333, 0, 583.35, 0.0006
20241112120622, META, 805, 20241115, P, 0, 0, 0, 583.35, -1
20241112120622, META, 810, 20241115, C, 0, 537, 0, 583.35, 0.0006
20241112120622, META, 810, 20241115, P, 0, 0, 0, 583.35, -1
20241112120622, META, 820, 20241115, C, 0, 358, 0, 583.35, 0.0005
20241112120622, META, 820, 20241115, P, 0, 0, 0, 583.35, -1
20241112120622, META, 830, 20241115, C, 0, 907, 0, 583.35, 0.0005
20241112120622, META, 830, 20241115, P, 0, 0, 0, 583.35, -1
20241112120622, META, 840, 20241115, C, 0, 397, 0, 583.35, 0.0004
20241112120622, META, 840, 20241115, P, 0, 0, 0, 583.35, -1
20241112120622, META, 850, 20241115, C, 0, 217, 0, 583.35, 0.0004
20241112120622, META, 850, 20241115, P, 0, 0, 0, 583.35, -1
20241112120622, META, 860, 20241115, C, 0, 370, 0, 583.35, 0.0004
20241112120622, META, 860, 20241115, P, 0, 0, 0, 583.35, -1
20241112120622, META, 870, 20241115, C, 10, 299, 0, 583.35, 0.0003
20241112120622, META, 870, 20241115, P, 0, 0, 0, 583.35, -1
20241112120622, META, 880, 20241115, C, 0, 372, 0, 583.35, 0.0003
20241112120622, META, 880, 20241115, P, 0, 0, 0, 583.35, -1
20241112120622, META, 890, 20241115, C, 0, 110, 0, 583.35, 0.0003
20241112120622, META, 890, 20241115, P, 0, 0, 0, 583.35, -1
20241112120622, META, 900, 20241115, C, 0, 431, 0, 583.35, 0.0002
20241112120622, META, 900, 20241115, P, 0, 0, 0, 583.35, -1
20241112120622, META, 910, 20241115, C, 0, 47, 0, 583.35, 0.0002
20241112120622, META, 910, 20241115, P, 0, 0, 0, 583.35, -1
20241112120622, META, 920, 20241115, C, 0, 8, 0, 583.35, 0.0002
20241112120622, META, 920, 20241115, P, 0, 0, 0, 583.35, -1
20241112120622, META, 930, 20241115, C, 0, 73, 0, 583.35, 0.0002
20241112120622, META, 930, 20241115, P, 0, 0, 0, 583.35, -1
20241112120622, META, 940, 20241115, C, 0, 119, 0, 583.35, 0.0002
20241112120622, META, 940, 20241115, P, 0, 0, 0, 583.35, -1
20241112120622, META, 950, 20241115, C, 0, 397, 0, 583.35, 0.0002
20241112120622, META, 950, 20241115, P, 0, 0, 0, 583.35, -1
20241112120622, META, 960, 20241115, C, 0, 17, 0, 583.35, 0.0001
20241112120622, META, 960, 20241115, P, 0, 0, 0, 583.35, -1
20241112120622, META, 970, 20241115, C, 0, 29, 0, 583.35, 0.0001
20241112120622, META, 970, 20241115, P, 0, 0, 0, 583.35, -1
20241112120622, META, 980, 20241115, C, 0, 188, 0, 583.35, 0.0001
20241112120622, META, 980, 20241115, P, 0, 0, 0, 583.35, -1
20241112120622, META, 990, 20241115, C, 0, 320, 0, 583.35, 0.0001
20241112120622, META, 990, 20241115, P, 0, 0, 0, 583.35, -1
20241112120622, META, 1000, 20241115, C, 0, 10343, 0, 583.35, 0.0001
20241112120622, META, 1000, 20241115, P, 0, 0, 0, 583.35, -1
20241112120622, META, 1010, 20241115, C, 0, 2, 0, 583.35, 0.0001
20241112120622, META, 1010, 20241115, P, 0, 0, 0, 583.35, -1
20241112120622, META, 1020, 20241115, C, 0, 2, 0, 583.35, 0.0001
20241112120622, META, 1020, 20241115, P, 0, 0, 0, 583.35, -1
20241112120622, META, 1030, 20241115, C, 0, 4, 0, 583.35, 0.0001
20241112120622, META, 1030, 20241115, P, 0, 0, 0, 583.35, -1
20241112120622, META, 1040, 20241115, C, 0, 1, 0, 583.35, 0.0001
20241112120622, META, 1040, 20241115, P, 0, 0, 0, 583.35, -1
20241112120622, META, 1050, 20241115, C, 0, 2, 0, 583.35, 0.0001
20241112120622, META, 1050, 20241115, P, 0, 0, 0, 583.35, -1
20241112120622, META, 1060, 20241115, C, 0, 1, 0, 583.35, 0.0001
20241112120622, META, 1060, 20241115, P, 0, 0, 0, 583.35, -1
20241112120622, META, 1070, 20241115, C, 0, 1, 0, 583.35, 0.0001
20241112120622, META, 1070, 20241115, P, 0, 0, 0, 583.35, -1
20241112120622, META, 1080, 20241115, C, 0, 1, 0, 583.35, 0.0001
20241112120622, META, 1080, 20241115, P, 0, 0, 0, 583.35, -1
20241112120622, META, 1090, 20241115, C, 0, 220, 0, 583.35, 0.0001
20241112120622, META, 1090, 20241115, P, 0, 0, 0, 583.35, -1
20241112120622, META, 1100, 20241115, C, 0, 5, 0, 583.35, 0.0001
20241112120622, META, 1100, 20241115, P, 0, 0, 0, 583.35, -1
20241112120622, META, 180, 20241122, C, 0, 0, 0, 583.35, 1
20241112120622, META, 180, 20241122, P, 0, 0, 0, 583.35, 0
20241112120622, META, 190, 20241122, C, 0, 0, 0, 583.35, 1
20241112120622, META, 190, 20241122, P, 0, 0, 0, 583.35, 0
20241112120622, META, 200, 20241122, C, 0, 1, 0, 583.35, 1
20241112120622, META, 200, 20241122, P, 0, 2, 0, 583.35, 0
20241112120622, META, 210, 20241122, C, 0, 4, 0, 583.35, 1
20241112120622, META, 210, 20241122, P, 0, 1, 0, 583.35, -0.0001
20241112120622, META, 220, 20241122, C, 0, 0, 0, 583.35, 1
20241112120622, META, 220, 20241122, P, 0, 0, 0, 583.35, -0.0001
20241112120622, META, 230, 20241122, C, 0, 0, 0, 583.35, 1
20241112120622, META, 230, 20241122, P, 0, 0, 0, 583.35, -0.0001
20241112120622, META, 240, 20241122, C, 0, 3, 0, 583.35, 1
20241112120622, META, 240, 20241122, P, 0, 9, 0, 583.35, -0.0001
20241112120622, META, 250, 20241122, C, 0, 0, 0, 583.35, 1
20241112120622, META, 250, 20241122, P, 0, 32, 0, 583.35, -0.0001
20241112120622, META, 260, 20241122, C, 0, 0, 0, 583.35, 1
20241112120622, META, 260, 20241122, P, 0, 0, 0, 583.35, -0.0001
20241112120622, META, 270, 20241122, C, 0, 0, 0, 583.35, 1
20241112120622, META, 270, 20241122, P, 0, 0, 0, 583.35, -0.0001
20241112120622, META, 280, 20241122, C, 0, 0, 0, 583.35, 1
20241112120622, META, 280, 20241122, P, 0, 0, 0, 583.35, -0.0002
20241112120622, META, 290, 20241122, C, 0, 0, 0, 583.35, 1
20241112120622, META, 290, 20241122, P, 0, 1, 0, 583.35, -0.0002
20241112120622, META, 300, 20241122, C, 0, 2, 0, 583.35, 1
20241112120622, META, 300, 20241122, P, 0, 2, 0, 583.35, -0.0002
20241112120622, META, 310, 20241122, C, 0, 0, 0, 583.35, 1
20241112120622, META, 310, 20241122, P, 0, 3, 0, 583.35, -0.0003
20241112120622, META, 320, 20241122, C, 0, 0, 0, 583.35, 1
20241112120622, META, 320, 20241122, P, 0, 1, 0, 583.35, -0.0003
20241112120622, META, 330, 20241122, C, 0, 0, 0, 583.35, 1
20241112120622, META, 330, 20241122, P, 0, 6, 0, 583.35, -0.0004
20241112120622, META, 340, 20241122, C, 0, 1, 0, 583.35, 1
20241112120622, META, 340, 20241122, P, 0, 7, 0, 583.35, -0.0005
20241112120622, META, 350, 20241122, C, 1, 1, 0, 583.35, 0.9999
20241112120622, META, 350, 20241122, P, 0, 15, 0, 583.35, -0.0006
20241112120622, META, 360, 20241122, C, 0, 1, 0, 583.35, 0.9998
20241112120622, META, 360, 20241122, P, 0, 22, 0, 583.35, -0.0007
20241112120622, META, 365, 20241122, C, 0, 0, 0, 583.35, 0.9997
20241112120622, META, 365, 20241122, P, 0, 31, 0, 583.35, -0.0007
20241112120622, META, 370, 20241122, C, 0, 0, 0, 583.35, 0.9996
20241112120622, META, 370, 20241122, P, 0, 513, 0, 583.35, -0.0008
20241112120622, META, 375, 20241122, C, 0, 0, 0, 583.35, 0.9995
20241112120622, META, 375, 20241122, P, 0, 31, 0, 583.35, -0.0009
20241112120622, META, 380, 20241122, C, 0, 0, 0, 583.35, 0.9994
20241112120622, META, 380, 20241122, P, 0, 1, 0, 583.35, -0.001
20241112120622, META, 385, 20241122, C, 0, 0, 0, 583.35, 0.9994
20241112120622, META, 385, 20241122, P, 0, 1, 0, 583.35, -0.0011
20241112120622, META, 390, 20241122, C, 0, 1, 0, 583.35, 0.9992
20241112120622, META, 390, 20241122, P, 0, 5, 0, 583.35, -0.0012
20241112120622, META, 395, 20241122, C, 0, 1, 0, 583.35, 0.9991
20241112120622, META, 395, 20241122, P, 0, 7, 0, 583.35, -0.0013
20241112120622, META, 400, 20241122, C, 0, 10, 0.0001, 583.35, 0.999
20241112120622, META, 400, 20241122, P, 0, 164, 0.0001, 583.35, -0.0014
20241112120622, META, 405, 20241122, C, 0, 1, 0.0001, 583.35, 0.9988
20241112120622, META, 405, 20241122, P, 0, 12, 0.0001, 583.35, -0.0016
20241112120622, META, 410, 20241122, C, 0, 22, 0.0001, 583.35, 0.9987
20241112120622, META, 410, 20241122, P, 0, 24, 0.0001, 583.35, -0.0018
20241112120622, META, 415, 20241122, C, 0, 0, 0.0001, 583.35, 0.9985
20241112120622, META, 415, 20241122, P, 0, 62, 0.0001, 583.35, -0.002
20241112120622, META, 420, 20241122, C, 0, 15, 0.0001, 583.35, 0.9982
20241112120622, META, 420, 20241122, P, 0, 30, 0.0001, 583.35, -0.0022
20241112120622, META, 425, 20241122, C, 0, 9, 0.0001, 583.35, 0.998
20241112120622, META, 425, 20241122, P, 0, 121, 0.0001, 583.35, -0.0024
20241112120622, META, 430, 20241122, C, 0, 7, 0.0001, 583.35, 0.9977
20241112120622, META, 430, 20241122, P, 1, 220, 0.0001, 583.35, -0.0027
20241112120622, META, 435, 20241122, C, 0, 8, 0.0001, 583.35, 0.9974
20241112120622, META, 435, 20241122, P, 0, 115, 0.0001, 583.35, -0.0031
20241112120622, META, 440, 20241122, C, 0, 2, 0.0002, 583.35, 0.997
20241112120622, META, 440, 20241122, P, 0, 92, 0.0002, 583.35, -0.0034
20241112120622, META, 445, 20241122, C, 0, 7, 0.0002, 583.35, 0.9966
20241112120622, META, 445, 20241122, P, 0, 15, 0.0002, 583.35, -0.0039
20241112120622, META, 450, 20241122, C, 0, 23, 0.0002, 583.35, 0.9961
20241112120622, META, 450, 20241122, P, 15, 268, 0.0002, 583.35, -0.0044
20241112120622, META, 455, 20241122, C, 0, 1, 0.0002, 583.35, 0.9955
20241112120622, META, 455, 20241122, P, 0, 44, 0.0002, 583.35, -0.0049
20241112120622, META, 460, 20241122, C, 0, 19, 0.0003, 583.35, 0.9948
20241112120622, META, 460, 20241122, P, 0, 210, 0.0003, 583.35, -0.0056
20241112120622, META, 465, 20241122, C, 0, 39, 0.0003, 583.35, 0.9941
20241112120622, META, 465, 20241122, P, 0, 118, 0.0003, 583.35, -0.0063
20241112120622, META, 470, 20241122, C, 0, 28, 0.0004, 583.35, 0.9932
20241112120622, META, 470, 20241122, P, 4, 143, 0.0004, 583.35, -0.0072
20241112120622, META, 475, 20241122, C, 0, 15, 0.0004, 583.35, 0.9922
20241112120622, META, 475, 20241122, P, 5, 393, 0.0004, 583.35, -0.0083
20241112120622, META, 480, 20241122, C, 5, 17, 0.0005, 583.35, 0.9909
20241112120622, META, 480, 20241122, P, 20, 367, 0.0005, 583.35, -0.0095
20241112120622, META, 485, 20241122, C, 0, 43, 0.0006, 583.35, 0.9895
20241112120622, META, 485, 20241122, P, 1, 151, 0.0006, 583.35, -0.011
20241112120622, META, 490, 20241122, C, 0, 62, 0.0007, 583.35, 0.9878
20241112120622, META, 490, 20241122, P, 7, 640, 0.0007, 583.35, -0.0127
20241112120622, META, 495, 20241122, C, 0, 24, 0.0008, 583.35, 0.9857
20241112120622, META, 495, 20241122, P, 15, 301, 0.0008, 583.35, -0.0147
20241112120622, META, 500, 20241122, C, 5, 46, 0.001, 583.35, 0.9833
20241112120622, META, 500, 20241122, P, 30, 770, 0.001, 583.35, -0.0172
20241112120622, META, 505, 20241122, C, 0, 23, 0.0012, 583.35, 0.9803
20241112120622, META, 505, 20241122, P, 47, 196, 0.0012, 583.35, -0.0202
20241112120622, META, 510, 20241122, C, 101, 29, 0.0014, 583.35, 0.9767
20241112120622, META, 510, 20241122, P, 89, 1207, 0.0014, 583.35, -0.0238
20241112120622, META, 515, 20241122, C, 0, 40, 0.0016, 583.35, 0.9722
20241112120622, META, 515, 20241122, P, 51, 462, 0.0016, 583.35, -0.0283
20241112120622, META, 520, 20241122, C, 0, 24, 0.002, 583.35, 0.9666
20241112120622, META, 520, 20241122, P, 105, 1054, 0.002, 583.35, -0.0339
20241112120622, META, 525, 20241122, C, 0, 61, 0.0024, 583.35, 0.9595
20241112120622, META, 525, 20241122, P, 32, 436, 0.0024, 583.35, -0.0411
20241112120622, META, 530, 20241122, C, 1, 25, 0.0029, 583.35, 0.9503
20241112120622, META, 530, 20241122, P, 342, 902, 0.0029, 583.35, -0.0503
20241112120622, META, 535, 20241122, C, 8, 31, 0.0036, 583.35, 0.9383
20241112120622, META, 535, 20241122, P, 89, 570, 0.0036, 583.35, -0.0623
20241112120622, META, 540, 20241122, C, 2, 293, 0.0044, 583.35, 0.9226
20241112120622, META, 540, 20241122, P, 247, 760, 0.0044, 583.35, -0.0781
20241112120622, META, 545, 20241122, C, 0, 52, 0.0054, 583.35, 0.902
20241112120622, META, 545, 20241122, P, 182, 472, 0.0054, 583.35, -0.0988
20241112120622, META, 550, 20241122, C, 24, 100, 0.0066, 583.35, 0.8753
20241112120622, META, 550, 20241122, P, 1361, 754, 0.0066, 583.35, -0.1256
20241112120622, META, 552.5, 20241122, C, 0, 16, 0.0072, 583.35, 0.8594
20241112120622, META, 552.5, 20241122, P, 196, 157, 0.0073, 583.35, -0.1417
20241112120622, META, 555, 20241122, C, 22, 101, 0.0079, 583.35, 0.8416
20241112120622, META, 555, 20241122, P, 147, 658, 0.0079, 583.35, -0.1595
20241112120622, META, 557.5, 20241122, C, 1, 49, 0.0086, 583.35, 0.8218
20241112120622, META, 557.5, 20241122, P, 126, 327, 0.0086, 583.35, -0.1795
20241112120622, META, 560, 20241122, C, 33, 564, 0.0093, 583.35, 0.8001
20241112120622, META, 560, 20241122, P, 1431, 5585, 0.0093, 583.35, -0.2013
20241112120622, META, 562.5, 20241122, C, 20, 77, 0.01, 583.35, 0.7764
20241112120622, META, 562.5, 20241122, P, 109, 450, 0.01, 583.35, -0.2251
20241112120622, META, 565, 20241122, C, 53, 494, 0.0106, 583.35, 0.7508
20241112120622, META, 565, 20241122, P, 4610, 4951, 0.0107, 583.35, -0.2509
20241112120622, META, 567.5, 20241122, C, 50, 269, 0.0112, 583.35, 0.7234
20241112120622, META, 567.5, 20241122, P, 95, 409, 0.0113, 583.35, -0.2784
20241112120622, META, 570, 20241122, C, 939, 1309, 0.0118, 583.35, 0.6945
20241112120622, META, 570, 20241122, P, 477, 2130, 0.0119, 583.35, -0.3076
20241112120622, META, 572.5, 20241122, C, 55, 230, 0.0123, 583.35, 0.6641
20241112120622, META, 572.5, 20241122, P, 128, 219, 0.0124, 583.35, -0.3383
20241112120622, META, 575, 20241122, C, 298, 402, 0.0127, 583.35, 0.6325
20241112120622, META, 575, 20241122, P, 481, 614, 0.0128, 583.35, -0.3702
20241112120622, META, 577.5, 20241122, C, 217, 86, 0.0131, 583.35, 0.6001
20241112120622, META, 577.5, 20241122, P, 143, 317, 0.0132, 583.35, -0.403
20241112120622, META, 580, 20241122, C, 756, 1563, 0.0133, 583.35, 0.5672
20241112120622, META, 580, 20241122, P, 704, 751, 0.0134, 583.35, -0.4365
20241112120622, META, 582.5, 20241122, C, 440, 252, 0.0134, 583.35, 0.5335
20241112120622, META, 582.5, 20241122, P, 283, 287, 0.0136, 583.35, -0.4706
20241112120622, META, 585, 20241122, C, 1277, 996, 0.0135, 583.35, 0.5002
20241112120622, META, 585, 20241122, P, 527, 334, 0.0137, 583.35, -0.5043
20241112120622, META, 587.5, 20241122, C, 788, 272, 0.0134, 583.35, 0.4669
20241112120622, META, 587.5, 20241122, P, 640, 414, 0.0136, 583.35, -0.5381
20241112120622, META, 590, 20241122, C, 3567, 1315, 0.0132, 583.35, 0.4338
20241112120622, META, 590, 20241122, P, 430, 435, 0.0135, 583.35, -0.5717
20241112120622, META, 592.5, 20241122, C, 1206, 659, 0.013, 583.35, 0.4017
20241112120622, META, 592.5, 20241122, P, 281, 244, 0.0132, 583.35, -0.6043
20241112120622, META, 595, 20241122, C, 1506, 923, 0.0127, 583.35, 0.3707
20241112120622, META, 595, 20241122, P, 595, 391, 0.0129, 583.35, -0.636
20241112120622, META, 600, 20241122, C, 7320, 2751, 0.0118, 583.35, 0.3118
20241112120622, META, 600, 20241122, P, 263, 591, 0.0121, 583.35, -0.696
20241112120622, META, 605, 20241122, C, 3132, 912, 0.0107, 583.35, 0.259
20241112120622, META, 605, 20241122, P, 100, 46, 0.011, 583.35, -0.7503
20241112120622, META, 610, 20241122, C, 2851, 734, 0.0095, 583.35, 0.2124
20241112120622, META, 610, 20241122, P, 36, 26, 0.0098, 583.35, -0.7981
20241112120622, META, 615, 20241122, C, 1517, 1249, 0.0083, 583.35, 0.1725
20241112120622, META, 615, 20241122, P, 13, 14, 0.0086, 583.35, -0.8392
20241112120622, META, 620, 20241122, C, 1662, 1452, 0.0071, 583.35, 0.1394
20241112120622, META, 620, 20241122, P, 6, 49, 0.0075, 583.35, -0.8738
20241112120622, META, 625, 20241122, C, 635, 359, 0.006, 583.35, 0.1121
20241112120622, META, 625, 20241122, P, 36, 2, 0.0064, 583.35, -0.9022
20241112120622, META, 630, 20241122, C, 597, 862, 0.0051, 583.35, 0.0903
20241112120622, META, 630, 20241122, P, 0, 18, 0.0054, 583.35, -0.9252
20241112120622, META, 635, 20241122, C, 244, 318, 0.0042, 583.35, 0.0731
20241112120622, META, 635, 20241122, P, 0, 9, 0.0046, 583.35, -0.9435
20241112120622, META, 640, 20241122, C, 419, 331, 0.0035, 583.35, 0.0595
20241112120622, META, 640, 20241122, P, 0, 19, 0.0039, 583.35, -0.9579
20241112120622, META, 645, 20241122, C, 410, 197, 0.003, 583.35, 0.0489
20241112120622, META, 645, 20241122, P, 0, 16, 0.0033, 583.35, -0.9692
20241112120622, META, 650, 20241122, C, 2066, 350, 0.0025, 583.35, 0.0406
20241112120622, META, 650, 20241122, P, 0, 4, 0.0029, 583.35, -0.9781
20241112120622, META, 655, 20241122, C, 66, 111, 0.0021, 583.35, 0.0341
20241112120622, META, 655, 20241122, P, 0, 0, 0.0025, 583.35, -0.9851
20241112120622, META, 660, 20241122, C, 367, 391, 0.0018, 583.35, 0.0289
20241112120622, META, 660, 20241122, P, 0, 3, 0.0021, 583.35, -0.9903
20241112120622, META, 665, 20241122, C, 149, 45, 0.0015, 583.35, 0.0247
20241112120622, META, 665, 20241122, P, 5, 0, 0.0016, 583.35, -0.994
20241112120622, META, 670, 20241122, C, 484, 336, 0.0013, 583.35, 0.0213
20241112120622, META, 670, 20241122, P, 2, 0, 0.001, 583.35, -0.9965
20241112120622, META, 680, 20241122, C, 212, 274, 0.001, 583.35, 0.0162
20241112120622, META, 680, 20241122, P, 0, 1, 0.0002, 583.35, -0.9992
20241112120622, META, 690, 20241122, C, 14, 254, 0.0008, 583.35, 0.0125
20241112120622, META, 690, 20241122, P, 0, 0, 0, 583.35, -1
20241112120622, META, 700, 20241122, C, 155, 382, 0.0006, 583.35, 0.0098
20241112120622, META, 700, 20241122, P, 0, 0, 0, 583.35, -1
20241112120622, META, 710, 20241122, C, 53, 184, 0.0005, 583.35, 0.0079
20241112120622, META, 710, 20241122, P, 0, 0, 0, 583.35, -1
20241112120622, META, 720, 20241122, C, 1, 182, 0.0004, 583.35, 0.0064
20241112120622, META, 720, 20241122, P, 0, 0, 0, 583.35, -1
20241112120622, META, 730, 20241122, C, 0, 146, 0.0003, 583.35, 0.0053
20241112120622, META, 730, 20241122, P, 0, 0, 0, 583.35, -1
20241112120622, META, 740, 20241122, C, 1, 53, 0.0002, 583.35, 0.0044
20241112120622, META, 740, 20241122, P, 0, 0, 0, 583.35, -1
20241112120622, META, 750, 20241122, C, 0, 65, 0.0002, 583.35, 0.0038
20241112120622, META, 750, 20241122, P, 0, 0, 0, 583.35, -1
20241112120622, META, 760, 20241122, C, 1, 62, 0.0002, 583.35, 0.0032
20241112120622, META, 760, 20241122, P, 0, 0, 0, 583.35, -1
20241112120622, META, 770, 20241122, C, 1, 40, 0.0001, 583.35, 0.0028
20241112120622, META, 770, 20241122, P, 0, 0, 0, 583.35, -1
20241112120622, META, 780, 20241122, C, 0, 21, 0.0001, 583.35, 0.0024
20241112120622, META, 780, 20241122, P, 0, 0, 0, 583.35, -1
20241112120622, META, 790, 20241122, C, 1, 320, 0.0001, 583.35, 0.0021
20241112120622, META, 790, 20241122, P, 0, 0, 0, 583.35, -1
20241112120622, META, 800, 20241122, C, 0, 368, 0.0001, 583.35, 0.0018
20241112120622, META, 800, 20241122, P, 0, 0, 0, 583.35, -1
20241112120622, META, 810, 20241122, C, 0, 328, 0.0001, 583.35, 0.0016
20241112120622, META, 810, 20241122, P, 0, 0, 0, 583.35, -1
20241112120622, META, 820, 20241122, C, 0, 11, 0.0001, 583.35, 0.0014
20241112120622, META, 820, 20241122, P, 0, 0, 0, 583.35, -1
20241112120622, META, 830, 20241122, C, 0, 25, 0.0001, 583.35, 0.0013
20241112120622, META, 830, 20241122, P, 0, 0, 0, 583.35, -1
20241112120622, META, 840, 20241122, C, 0, 239, 0, 583.35, 0.0011
20241112120622, META, 840, 20241122, P, 0, 0, 0, 583.35, -1
20241112120622, META, 850, 20241122, C, 2, 68, 0, 583.35, 0.001
20241112120622, META, 850, 20241122, P, 0, 0, 0, 583.35, -1
20241112120622, META, 180, 20241129, C, 0, 0, 0, 583.35, 1
20241112120622, META, 180, 20241129, P, 0, 3, 0, 583.35, 0
20241112120622, META, 190, 20241129, C, 0, 0, 0, 583.35, 1
20241112120622, META, 190, 20241129, P, 0, 0, 0, 583.35, 0
20241112120622, META, 200, 20241129, C, 0, 0, 0, 583.35, 1
20241112120622, META, 200, 20241129, P, 0, 3, 0, 583.35, -0.0001
20241112120622, META, 210, 20241129, C, 0, 0, 0, 583.35, 1
20241112120622, META, 210, 20241129, P, 0, 0, 0, 583.35, -0.0001
20241112120622, META, 220, 20241129, C, 0, 0, 0, 583.35, 1
20241112120622, META, 220, 20241129, P, 0, 0, 0, 583.35, -0.0001
20241112120622, META, 230, 20241129, C, 0, 0, 0, 583.35, 1
20241112120622, META, 230, 20241129, P, 0, 2, 0, 583.35, -0.0001
20241112120622, META, 240, 20241129, C, 0, 0, 0, 583.35, 1
20241112120622, META, 240, 20241129, P, 0, 0, 0, 583.35, -0.0001
20241112120622, META, 250, 20241129, C, 0, 0, 0, 583.35, 1
20241112120622, META, 250, 20241129, P, 0, 0, 0, 583.35, -0.0001
20241112120622, META, 260, 20241129, C, 0, 0, 0, 583.35, 1
20241112120622, META, 260, 20241129, P, 0, 1, 0, 583.35, -0.0002
20241112120622, META, 270, 20241129, C, 0, 0, 0, 583.35, 1
20241112120622, META, 270, 20241129, P, 0, 0, 0, 583.35, -0.0002
20241112120622, META, 280, 20241129, C, 0, 1, 0, 583.35, 1
20241112120622, META, 280, 20241129, P, 0, 2, 0, 583.35, -0.0002
20241112120622, META, 290, 20241129, C, 0, 0, 0, 583.35, 1
20241112120622, META, 290, 20241129, P, 0, 2, 0, 583.35, -0.0003
20241112120622, META, 300, 20241129, C, 1, 0, 0, 583.35, 1
20241112120622, META, 300, 20241129, P, 0, 1, 0, 583.35, -0.0003
20241112120622, META, 310, 20241129, C, 0, 0, 0, 583.35, 1
20241112120622, META, 310, 20241129, P, 0, 1, 0, 583.35, -0.0004
20241112120622, META, 320, 20241129, C, 0, 3, 0, 583.35, 1
20241112120622, META, 320, 20241129, P, 0, 0, 0, 583.35, -0.0005
20241112120622, META, 330, 20241129, C, 0, 6, 0, 583.35, 1
20241112120622, META, 330, 20241129, P, 0, 16, 0, 583.35, -0.0006
20241112120622, META, 340, 20241129, C, 0, 6, 0, 583.35, 0.9999
20241112120622, META, 340, 20241129, P, 0, 2, 0, 583.35, -0.0007
20241112120622, META, 350, 20241129, C, 0, 1, 0, 583.35, 0.9998
20241112120622, META, 350, 20241129, P, 0, 28, 0, 583.35, -0.0008
20241112120622, META, 360, 20241129, C, 0, 2, 0, 583.35, 0.9996
20241112120622, META, 360, 20241129, P, 0, 16, 0, 583.35, -0.001
20241112120622, META, 370, 20241129, C, 0, 1, 0, 583.35, 0.9994
20241112120622, META, 370, 20241129, P, 0, 25, 0, 583.35, -0.0012
20241112120622, META, 380, 20241129, C, 0, 5, 0, 583.35, 0.9991
20241112120622, META, 380, 20241129, P, 0, 12, 0, 583.35, -0.0014
20241112120622, META, 390, 20241129, C, 0, 1, 0.0001, 583.35, 0.9988
20241112120622, META, 390, 20241129, P, 0, 11, 0.0001, 583.35, -0.0018
20241112120622, META, 395, 20241129, C, 0, 3, 0.0001, 583.35, 0.9986
20241112120622, META, 395, 20241129, P, 0, 11, 0.0001, 583.35, -0.0019
20241112120622, META, 400, 20241129, C, 0, 13, 0.0001, 583.35, 0.9984
20241112120622, META, 400, 20241129, P, 3, 144, 0.0001, 583.35, -0.0022
20241112120622, META, 405, 20241129, C, 0, 8, 0.0001, 583.35, 0.9982
20241112120622, META, 405, 20241129, P, 0, 128, 0.0001, 583.35, -0.0024
20241112120622, META, 410, 20241129, C, 0, 8, 0.0001, 583.35, 0.9979
20241112120622, META, 410, 20241129, P, 0, 135, 0.0001, 583.35, -0.0027
20241112120622, META, 415, 20241129, C, 0, 0, 0.0001, 583.35, 0.9976
20241112120622, META, 415, 20241129, P, 40, 12, 0.0001, 583.35, -0.003
20241112120622, META, 420, 20241129, C, 0, 15, 0.0001, 583.35, 0.9973
20241112120622, META, 420, 20241129, P, 0, 22, 0.0001, 583.35, -0.0033
20241112120622, META, 425, 20241129, C, 0, 10, 0.0001, 583.35, 0.9969
20241112120622, META, 425, 20241129, P, 0, 22, 0.0001, 583.35, -0.0037
20241112120622, META, 430, 20241129, C, 11, 21, 0.0002, 583.35, 0.9964
20241112120622, META, 430, 20241129, P, 0, 49, 0.0002, 583.35, -0.0041
20241112120622, META, 435, 20241129, C, 0, 7, 0.0002, 583.35, 0.9959
20241112120622, META, 435, 20241129, P, 0, 35, 0.0002, 583.35, -0.0046
20241112120622, META, 440, 20241129, C, 0, 11, 0.0002, 583.35, 0.9954
20241112120622, META, 440, 20241129, P, 1, 31, 0.0002, 583.35, -0.0052
20241112120622, META, 445, 20241129, C, 0, 12, 0.0003, 583.35, 0.9947
20241112120622, META, 445, 20241129, P, 0, 166, 0.0003, 583.35, -0.0058
20241112120622, META, 450, 20241129, C, 1, 12, 0.0003, 583.35, 0.994
20241112120622, META, 450, 20241129, P, 3, 85, 0.0003, 583.35, -0.0066
20241112120622, META, 455, 20241129, C, 0, 10, 0.0003, 583.35, 0.9931
20241112120622, META, 455, 20241129, P, 0, 380, 0.0003, 583.35, -0.0074
20241112120622, META, 460, 20241129, C, 0, 36, 0.0004, 583.35, 0.9921
20241112120622, META, 460, 20241129, P, 0, 111, 0.0004, 583.35, -0.0084
20241112120622, META, 465, 20241129, C, 0, 2, 0.0004, 583.35, 0.991
20241112120622, META, 465, 20241129, P, 1, 122, 0.0004, 583.35, -0.0096
20241112120622, META, 470, 20241129, C, 1, 6, 0.0005, 583.35, 0.9897
20241112120622, META, 470, 20241129, P, 1, 98, 0.0005, 583.35, -0.0109
20241112120622, META, 475, 20241129, C, 0, 5, 0.0006, 583.35, 0.9882
20241112120622, META, 475, 20241129, P, 51, 65, 0.0006, 583.35, -0.0124
20241112120622, META, 480, 20241129, C, 0, 17, 0.0007, 583.35, 0.9864
20241112120622, META, 480, 20241129, P, 15, 174, 0.0007, 583.35, -0.0142
20241112120622, META, 485, 20241129, C, 1, 14, 0.0008, 583.35, 0.9843
20241112120622, META, 485, 20241129, P, 7, 217, 0.0008, 583.35, -0.0163
20241112120622, META, 490, 20241129, C, 0, 154, 0.0009, 583.35, 0.9818
20241112120622, META, 490, 20241129, P, 2, 165, 0.0009, 583.35, -0.0188
20241112120622, META, 495, 20241129, C, 1, 81, 0.001, 583.35, 0.9789
20241112120622, META, 495, 20241129, P, 0, 302, 0.0011, 583.35, -0.0217
20241112120622, META, 500, 20241129, C, 103, 84, 0.0012, 583.35, 0.9754
20241112120622, META, 500, 20241129, P, 84, 592, 0.0012, 583.35, -0.0252
20241112120622, META, 505, 20241129, C, 0, 30, 0.0014, 583.35, 0.9712
20241112120622, META, 505, 20241129, P, 3, 201, 0.0014, 583.35, -0.0295
20241112120622, META, 510, 20241129, C, 3, 17, 0.0017, 583.35, 0.966
20241112120622, META, 510, 20241129, P, 2, 211, 0.0017, 583.35, -0.0346
20241112120622, META, 515, 20241129, C, 1, 17, 0.002, 583.35, 0.9597
20241112120622, META, 515, 20241129, P, 8, 160, 0.002, 583.35, -0.041
20241112120622, META, 520, 20241129, C, 1, 133, 0.0024, 583.35, 0.9519
20241112120622, META, 520, 20241129, P, 26, 627, 0.0024, 583.35, -0.0488
20241112120622, META, 525, 20241129, C, 6, 110, 0.0028, 583.35, 0.942
20241112120622, META, 525, 20241129, P, 16, 652, 0.0029, 583.35, -0.0588
20241112120622, META, 530, 20241129, C, 12, 62, 0.0034, 583.35, 0.9297
20241112120622, META, 530, 20241129, P, 31, 1594, 0.0034, 583.35, -0.0712
20241112120622, META, 535, 20241129, C, 0, 12, 0.004, 583.35, 0.9141
20241112120622, META, 535, 20241129, P, 14, 438, 0.0041, 583.35, -0.0868
20241112120622, META, 540, 20241129, C, 6, 64, 0.0048, 583.35, 0.8948
20241112120622, META, 540, 20241129, P, 66, 1046, 0.0048, 583.35, -0.1063
20241112120622, META, 545, 20241129, C, 2, 418, 0.0056, 583.35, 0.8709
20241112120622, META, 545, 20241129, P, 58, 871, 0.0057, 583.35, -0.1304
20241112120622, META, 550, 20241129, C, 24, 98, 0.0066, 583.35, 0.842
20241112120622, META, 550, 20241129, P, 172, 654, 0.0066, 583.35, -0.1595
20241112120622, META, 555, 20241129, C, 177, 132, 0.0075, 583.35, 0.8078
20241112120622, META, 555, 20241129, P, 78, 307, 0.0076, 583.35, -0.194
20241112120622, META, 560, 20241129, C, 177, 273, 0.0085, 583.35, 0.7682
20241112120622, META, 560, 20241129, P, 261, 532, 0.0086, 583.35, -0.234
20241112120622, META, 562.5, 20241129, C, 0, 1, 0.0089, 583.35, 0.7465
20241112120622, META, 562.5, 20241129, P, 36, 43, 0.009, 583.35, -0.256
20241112120622, META, 565, 20241129, C, 12, 250, 0.0094, 583.35, 0.7235
20241112120622, META, 565, 20241129, P, 59, 362, 0.0095, 583.35, -0.2793
20241112120622, META, 567.5, 20241129, C, 5, 4, 0.0098, 583.35, 0.6994
20241112120622, META, 567.5, 20241129, P, 30, 16, 0.0099, 583.35, -0.3036
20241112120622, META, 570, 20241129, C, 88, 357, 0.0101, 583.35, 0.6745
20241112120622, META, 570, 20241129, P, 70, 489, 0.0103, 583.35, -0.3291
20241112120622, META, 572.5, 20241129, C, 39, 3, 0.0104, 583.35, 0.6484
20241112120622, META, 572.5, 20241129, P, 28, 3, 0.0106, 583.35, -0.3554
20241112120622, META, 575, 20241129, C, 63, 396, 0.0107, 583.35, 0.6218
20241112120622, META, 575, 20241129, P, 69, 305, 0.0109, 583.35, -0.3825
20241112120622, META, 577.5, 20241129, C, 24, 202, 0.011, 583.35, 0.5944
20241112120622, META, 577.5, 20241129, P, 18, 13, 0.0111, 583.35, -0.4102
20241112120622, META, 580, 20241129, C, 10602, 10579, 0.0111, 583.35, 0.5667
20241112120622, META, 580, 20241129, P, 277, 377, 0.0113, 583.35, -0.4386
20241112120622, META, 582.5, 20241129, C, 495, 101, 0.0112, 583.35, 0.5388
20241112120622, META, 582.5, 20241129, P, 11, 14, 0.0114, 583.35, -0.4668
20241112120622, META, 585, 20241129, C, 914, 1017, 0.0113, 583.35, 0.5107
20241112120622, META, 585, 20241129, P, 277, 396, 0.0115, 583.35, -0.4954
20241112120622, META, 587.5, 20241129, C, 110, 35, 0.0113, 583.35, 0.483
20241112120622, META, 587.5, 20241129, P, 4, 3, 0.0115, 583.35, -0.5241
20241112120622, META, 590, 20241129, C, 1168, 856, 0.0112, 583.35, 0.4552
20241112120622, META, 590, 20241129, P, 368, 248, 0.0114, 583.35, -0.5523
20241112120622, META, 592.5, 20241129, C, 170, 9, 0.0111, 583.35, 0.4279
20241112120622, META, 592.5, 20241129, P, 24, 50, 0.0114, 583.35, -0.5803
20241112120622, META, 595, 20241129, C, 312, 629, 0.0109, 583.35, 0.4011
20241112120622, META, 595, 20241129, P, 309, 56, 0.0112, 583.35, -0.6079
20241112120622, META, 600, 20241129, C, 11681, 8418, 0.0104, 583.35, 0.3496
20241112120622, META, 600, 20241129, P, 22, 142, 0.0107, 583.35, -0.6607
20241112120622, META, 605, 20241129, C, 270, 457, 0.0098, 583.35, 0.3015
20241112120622, META, 605, 20241129, P, 12, 62, 0.0101, 583.35, -0.7104
20241112120622, META, 610, 20241129, C, 439, 633, 0.009, 583.35, 0.2578
20241112120622, META, 610, 20241129, P, 0, 36, 0.0094, 583.35, -0.7559
20241112120622, META, 615, 20241129, C, 147, 475, 0.0081, 583.35, 0.2185
20241112120622, META, 615, 20241129, P, 5, 2, 0.0086, 583.35, -0.7968
20241112120622, META, 620, 20241129, C, 535, 486, 0.0073, 583.35, 0.184
20241112120622, META, 620, 20241129, P, 5, 26, 0.0077, 583.35, -0.8332
20241112120622, META, 625, 20241129, C, 142, 272, 0.0064, 583.35, 0.1539
20241112120622, META, 625, 20241129, P, 17, 6, 0.0069, 583.35, -0.8648
20241112120622, META, 630, 20241129, C, 280, 385, 0.0056, 583.35, 0.1284
20241112120622, META, 630, 20241129, P, 0, 4, 0.0061, 583.35, -0.892
20241112120622, META, 635, 20241129, C, 197, 187, 0.0049, 583.35, 0.1071
20241112120622, META, 635, 20241129, P, 0, 23, 0.0054, 583.35, -0.9151
20241112120622, META, 640, 20241129, C, 37, 254, 0.0042, 583.35, 0.0892
20241112120622, META, 640, 20241129, P, 5, 3, 0.0047, 583.35, -0.9345
20241112120622, META, 645, 20241129, C, 28, 78, 0.0036, 583.35, 0.0746
20241112120622, META, 645, 20241129, P, 7, 21, 0.0042, 583.35, -0.9506
20241112120622, META, 650, 20241129, C, 180, 512, 0.0031, 583.35, 0.0625
20241112120622, META, 650, 20241129, P, 2, 3, 0.0036, 583.35, -0.9639
20241112120622, META, 655, 20241129, C, 141, 755, 0.0027, 583.35, 0.0527
20241112120622, META, 655, 20241129, P, 0, 1, 0.0032, 583.35, -0.9747
20241112120622, META, 660, 20241129, C, 34, 513, 0.0023, 583.35, 0.0447
20241112120622, META, 660, 20241129, P, 0, 3, 0.0028, 583.35, -0.9838
20241112120622, META, 665, 20241129, C, 4, 24, 0.002, 583.35, 0.0382
20241112120622, META, 665, 20241129, P, 0, 0, 0.0022, 583.35, -0.9902
20241112120622, META, 670, 20241129, C, 68, 493, 0.0017, 583.35, 0.0328
20241112120622, META, 670, 20241129, P, 0, 0, 0.0015, 583.35, -0.9945
20241112120622, META, 680, 20241129, C, 52, 161, 0.0013, 583.35, 0.0246
20241112120622, META, 680, 20241129, P, 0, 0, 0.0003, 583.35, -0.999
20241112120622, META, 690, 20241129, C, 4, 80, 0.001, 583.35, 0.0188
20241112120622, META, 690, 20241129, P, 0, 0, 0, 583.35, -1
20241112120622, META, 700, 20241129, C, 27, 2527, 0.0008, 583.35, 0.0146
20241112120622, META, 700, 20241129, P, 0, 0, 0, 583.35, -1
20241112120622, META, 710, 20241129, C, 22, 89, 0.0006, 583.35, 0.0116
20241112120622, META, 710, 20241129, P, 0, 0, 0, 583.35, -1
20241112120622, META, 720, 20241129, C, 7, 68, 0.0005, 583.35, 0.0093
20241112120622, META, 720, 20241129, P, 0, 0, 0, 583.35, -1
20241112120622, META, 730, 20241129, C, 0, 28, 0.0004, 583.35, 0.0075
20241112120622, META, 730, 20241129, P, 0, 0, 0, 583.35, -1
20241112120622, META, 740, 20241129, C, 2, 53, 0.0003, 583.35, 0.0062
20241112120622, META, 740, 20241129, P, 0, 0, 0, 583.35, -1
20241112120622, META, 750, 20241129, C, 18, 43, 0.0003, 583.35, 0.0052
20241112120622, META, 750, 20241129, P, 0, 0, 0, 583.35, -1
20241112120622, META, 760, 20241129, C, 0, 60, 0.0002, 583.35, 0.0043
20241112120622, META, 760, 20241129, P, 0, 0, 0, 583.35, -1
20241112120622, META, 770, 20241129, C, 1, 32, 0.0002, 583.35, 0.0037
20241112120622, META, 770, 20241129, P, 0, 0, 0, 583.35, -1
20241112120622, META, 780, 20241129, C, 40, 160, 0.0002, 583.35, 0.0031
20241112120622, META, 780, 20241129, P, 0, 0, 0, 583.35, -1
20241112120622, META, 790, 20241129, C, 20, 6, 0.0001, 583.35, 0.0027
20241112120622, META, 790, 20241129, P, 0, 0, 0, 583.35, -1
20241112120622, META, 800, 20241129, C, 1, 36, 0.0001, 583.35, 0.0024
20241112120622, META, 800, 20241129, P, 0, 0, 0, 583.35, -1
20241112120622, META, 810, 20241129, C, 5, 52, 0.0001, 583.35, 0.002
20241112120622, META, 810, 20241129, P, 0, 0, 0, 583.35, -1
20241112120622, META, 820, 20241129, C, 0, 19, 0.0001, 583.35, 0.0018
20241112120622, META, 820, 20241129, P, 0, 0, 0, 583.35, -1
20241112120622, META, 830, 20241129, C, 0, 29, 0.0001, 583.35, 0.0016
20241112120622, META, 830, 20241129, P, 0, 0, 0, 583.35, -1
20241112120622, META, 840, 20241129, C, 2, 23, 0.0001, 583.35, 0.0014
20241112120622, META, 840, 20241129, P, 0, 0, 0, 583.35, -1
20241112120622, META, 850, 20241129, C, 1, 51, 0.0001, 583.35, 0.0012
20241112120622, META, 850, 20241129, P, 0, 0, 0, 583.35, -1
20241112120622, META, 180, 20241206, C, 0, 0, 0, 583.35, 1
20241112120622, META, 180, 20241206, P, 0, 5, 0, 583.35, -0.0001
20241112120622, META, 190, 20241206, C, 0, 0, 0, 583.35, 1
20241112120622, META, 190, 20241206, P, 0, 0, 0, 583.35, -0.0001
20241112120622, META, 200, 20241206, C, 0, 0, 0, 583.35, 1
20241112120622, META, 200, 20241206, P, 0, 0, 0, 583.35, -0.0001
20241112120622, META, 210, 20241206, C, 0, 0, 0, 583.35, 1
20241112120622, META, 210, 20241206, P, 0, 0, 0, 583.35, -0.0001
20241112120622, META, 220, 20241206, C, 0, 0, 0, 583.35, 1
20241112120622, META, 220, 20241206, P, 0, 3, 0, 583.35, -0.0002
20241112120622, META, 230, 20241206, C, 0, 0, 0, 583.35, 1
20241112120622, META, 230, 20241206, P, 0, 0, 0, 583.35, -0.0002
20241112120622, META, 240, 20241206, C, 0, 0, 0, 583.35, 1
20241112120622, META, 240, 20241206, P, 0, 0, 0, 583.35, -0.0002
20241112120622, META, 250, 20241206, C, 0, 0, 0, 583.35, 1
20241112120622, META, 250, 20241206, P, 0, 2, 0, 583.35, -0.0003
20241112120622, META, 260, 20241206, C, 0, 0, 0, 583.35, 1
20241112120622, META, 260, 20241206, P, 0, 0, 0, 583.35, -0.0003
20241112120622, META, 270, 20241206, C, 0, 0, 0, 583.35, 1
20241112120622, META, 270, 20241206, P, 0, 0, 0, 583.35, -0.0004
20241112120622, META, 280, 20241206, C, 0, 0, 0, 583.35, 1
20241112120622, META, 280, 20241206, P, 0, 0, 0, 583.35, -0.0005
20241112120622, META, 290, 20241206, C, 0, 0, 0, 583.35, 1
20241112120622, META, 290, 20241206, P, 0, 0, 0, 583.35, -0.0006
20241112120622, META, 300, 20241206, C, 0, 7, 0, 583.35, 1
20241112120622, META, 300, 20241206, P, 0, 0, 0, 583.35, -0.0006
20241112120622, META, 310, 20241206, C, 0, 1, 0, 583.35, 0.9999
20241112120622, META, 310, 20241206, P, 0, 11, 0, 583.35, -0.0008
20241112120622, META, 320, 20241206, C, 0, 0, 0, 583.35, 0.9998
20241112120622, META, 320, 20241206, P, 0, 0, 0, 583.35, -0.0009
20241112120622, META, 330, 20241206, C, 0, 0, 0, 583.35, 0.9996
20241112120622, META, 330, 20241206, P, 0, 80, 0, 583.35, -0.0011
20241112120622, META, 340, 20241206, C, 0, 0, 0, 583.35, 0.9994
20241112120622, META, 340, 20241206, P, 0, 30, 0, 583.35, -0.0013
20241112120622, META, 350, 20241206, C, 0, 0, 0, 583.35, 0.9991
20241112120622, META, 350, 20241206, P, 0, 15, 0, 583.35, -0.0015
20241112120622, META, 360, 20241206, C, 0, 0, 0.0001, 583.35, 0.9988
20241112120622, META, 360, 20241206, P, 0, 10, 0.0001, 583.35, -0.0018
20241112120622, META, 370, 20241206, C, 0, 0, 0.0001, 583.35, 0.9985
20241112120622, META, 370, 20241206, P, 0, 21, 0.0001, 583.35, -0.0021
20241112120622, META, 380, 20241206, C, 0, 0, 0.0001, 583.35, 0.9981
20241112120622, META, 380, 20241206, P, 2, 44, 0.0001, 583.35, -0.0026
20241112120622, META, 390, 20241206, C, 0, 1, 0.0001, 583.35, 0.9975
20241112120622, META, 390, 20241206, P, 0, 5, 0.0001, 583.35, -0.0031
20241112120622, META, 395, 20241206, C, 0, 0, 0.0001, 583.35, 0.9972
20241112120622, META, 395, 20241206, P, 0, 3, 0.0001, 583.35, -0.0034
20241112120622, META, 400, 20241206, C, 0, 1, 0.0001, 583.35, 0.9969
20241112120622, META, 400, 20241206, P, 0, 389, 0.0001, 583.35, -0.0038
20241112120622, META, 405, 20241206, C, 0, 0, 0.0001, 583.35, 0.9965
20241112120622, META, 405, 20241206, P, 0, 0, 0.0001, 583.35, -0.0042
20241112120622, META, 410, 20241206, C, 0, 0, 0.0002, 583.35, 0.9961
20241112120622, META, 410, 20241206, P, 0, 116, 0.0002, 583.35, -0.0046
20241112120622, META, 415, 20241206, C, 0, 0, 0.0002, 583.35, 0.9956
20241112120622, META, 415, 20241206, P, 0, 12, 0.0002, 583.35, -0.0051
20241112120622, META, 420, 20241206, C, 0, 6, 0.0002, 583.35, 0.995
20241112120622, META, 420, 20241206, P, 100, 16, 0.0002, 583.35, -0.0056
20241112120622, META, 425, 20241206, C, 0, 0, 0.0002, 583.35, 0.9944
20241112120622, META, 425, 20241206, P, 0, 11, 0.0002, 583.35, -0.0062
20241112120622, META, 430, 20241206, C, 0, 0, 0.0002, 583.35, 0.9938
20241112120622, META, 430, 20241206, P, 0, 5, 0.0003, 583.35, -0.0069
20241112120622, META, 435, 20241206, C, 18, 3, 0.0003, 583.35, 0.993
20241112120622, META, 435, 20241206, P, 0, 18, 0.0003, 583.35, -0.0077
20241112120622, META, 440, 20241206, C, 0, 1, 0.0003, 583.35, 0.9921
20241112120622, META, 440, 20241206, P, 0, 39, 0.0003, 583.35, -0.0086
20241112120622, META, 445, 20241206, C, 0, 0, 0.0004, 583.35, 0.9911
20241112120622, META, 445, 20241206, P, 0, 26, 0.0004, 583.35, -0.0095
20241112120622, META, 450, 20241206, C, 0, 0, 0.0004, 583.35, 0.99
20241112120622, META, 450, 20241206, P, 0, 84, 0.0004, 583.35, -0.0106
20241112120622, META, 455, 20241206, C, 0, 0, 0.0005, 583.35, 0.9888
20241112120622, META, 455, 20241206, P, 0, 30, 0.0005, 583.35, -0.0119
20241112120622, META, 460, 20241206, C, 0, 2, 0.0005, 583.35, 0.9873
20241112120622, META, 460, 20241206, P, 0, 25, 0.0005, 583.35, -0.0134
20241112120622, META, 465, 20241206, C, 0, 0, 0.0006, 583.35, 0.9856
20241112120622, META, 465, 20241206, P, 0, 47, 0.0006, 583.35, -0.015
20241112120622, META, 470, 20241206, C, 0, 1, 0.0007, 583.35, 0.9838
20241112120622, META, 470, 20241206, P, 0, 140, 0.0007, 583.35, -0.0169
20241112120622, META, 475, 20241206, C, 0, 17, 0.0008, 583.35, 0.9816
20241112120622, META, 475, 20241206, P, 0, 131, 0.0008, 583.35, -0.0191
20241112120622, META, 480, 20241206, C, 0, 1, 0.0009, 583.35, 0.979
20241112120622, META, 480, 20241206, P, 1, 54, 0.0009, 583.35, -0.0217
20241112120622, META, 485, 20241206, C, 0, 0, 0.001, 583.35, 0.9761
20241112120622, META, 485, 20241206, P, 0, 122, 0.001, 583.35, -0.0246
20241112120622, META, 490, 20241206, C, 0, 0, 0.0012, 583.35, 0.9726
20241112120622, META, 490, 20241206, P, 12, 117, 0.0012, 583.35, -0.0281
20241112120622, META, 495, 20241206, C, 0, 0, 0.0013, 583.35, 0.9685
20241112120622, META, 495, 20241206, P, 4, 218, 0.0013, 583.35, -0.0322
20241112120622, META, 500, 20241206, C, 5, 53, 0.0015, 583.35, 0.9636
20241112120622, META, 500, 20241206, P, 9, 457, 0.0015, 583.35, -0.0372
20241112120622, META, 505, 20241206, C, 2, 38, 0.0018, 583.35, 0.9578
20241112120622, META, 505, 20241206, P, 2, 190, 0.0018, 583.35, -0.0431
20241112120622, META, 510, 20241206, C, 2, 39, 0.002, 583.35, 0.9506
20241112120622, META, 510, 20241206, P, 4, 432, 0.0021, 583.35, -0.0502
20241112120622, META, 515, 20241206, C, 0, 3, 0.0024, 583.35, 0.942
20241112120622, META, 515, 20241206, P, 16, 1178, 0.0024, 583.35, -0.059
20241112120622, META, 520, 20241206, C, 0, 48, 0.0028, 583.35, 0.9315
20241112120622, META, 520, 20241206, P, 15, 221, 0.0028, 583.35, -0.0696
20241112120622, META, 525, 20241206, C, 0, 9, 0.0032, 583.35, 0.9187
20241112120622, META, 525, 20241206, P, 11, 1595, 0.0032, 583.35, -0.0824
20241112120622, META, 530, 20241206, C, 21, 30, 0.0037, 583.35, 0.9032
20241112120622, META, 530, 20241206, P, 40, 691, 0.0038, 583.35, -0.098
20241112120622, META, 535, 20241206, C, 0, 9, 0.0043, 583.35, 0.8848
20241112120622, META, 535, 20241206, P, 33, 608, 0.0043, 583.35, -0.1166
20241112120622, META, 540, 20241206, C, 1, 22, 0.0049, 583.35, 0.8629
20241112120622, META, 540, 20241206, P, 69, 1023, 0.005, 583.35, -0.1387
20241112120622, META, 545, 20241206, C, 1, 46, 0.0056, 583.35, 0.8374
20241112120622, META, 545, 20241206, P, 31, 286, 0.0056, 583.35, -0.1644
20241112120622, META, 550, 20241206, C, 1, 62, 0.0063, 583.35, 0.8082
20241112120622, META, 550, 20241206, P, 86, 710, 0.0063, 583.35, -0.194
20241112120622, META, 555, 20241206, C, 7, 70, 0.0069, 583.35, 0.7752
20241112120622, META, 555, 20241206, P, 197, 446, 0.007, 583.35, -0.2274
20241112120622, META, 560, 20241206, C, 12, 346, 0.0076, 583.35, 0.7386
20241112120622, META, 560, 20241206, P, 208, 339, 0.0077, 583.35, -0.2646
20241112120622, META, 565, 20241206, C, 2, 125, 0.0081, 583.35, 0.6988
20241112120622, META, 565, 20241206, P, 62, 311, 0.0083, 583.35, -0.305
20241112120622, META, 570, 20241206, C, 108, 413, 0.0086, 583.35, 0.6563
20241112120622, META, 570, 20241206, P, 45, 521, 0.0088, 583.35, -0.3482
20241112120622, META, 575, 20241206, C, 33, 238, 0.009, 583.35, 0.6119
20241112120622, META, 575, 20241206, P, 37, 180, 0.0092, 583.35, -0.3936
20241112120622, META, 580, 20241206, C, 117, 277, 0.0092, 583.35, 0.566
20241112120622, META, 580, 20241206, P, 62, 214, 0.0094, 583.35, -0.4404
20241112120622, META, 585, 20241206, C, 131, 208, 0.0094, 583.35, 0.5193
20241112120622, META, 585, 20241206, P, 66, 140, 0.0096, 583.35, -0.4881
20241112120622, META, 590, 20241206, C, 171, 387, 0.0094, 583.35, 0.4731
20241112120622, META, 590, 20241206, P, 34, 111, 0.0096, 583.35, -0.5356
20241112120622, META, 595, 20241206, C, 159, 238, 0.0092, 583.35, 0.4276
20241112120622, META, 595, 20241206, P, 221, 316, 0.0095, 583.35, -0.5824
20241112120622, META, 600, 20241206, C, 1165, 11002, 0.0089, 583.35, 0.3834
20241112120622, META, 600, 20241206, P, 18, 98, 0.0092, 583.35, -0.6278
20241112120622, META, 605, 20241206, C, 127, 416, 0.0086, 583.35, 0.3416
20241112120622, META, 605, 20241206, P, 4, 4, 0.0089, 583.35, -0.6712
20241112120622, META, 610, 20241206, C, 2216, 3548, 0.0081, 583.35, 0.3023
20241112120622, META, 610, 20241206, P, 0, 5, 0.0085, 583.35, -0.7122
20241112120622, META, 615, 20241206, C, 109, 655, 0.0076, 583.35, 0.2657
20241112120622, META, 615, 20241206, P, 0, 0, 0.008, 583.35, -0.7503
20241112120622, META, 620, 20241206, C, 119, 1659, 0.007, 583.35, 0.2323
20241112120622, META, 620, 20241206, P, 4, 5, 0.0074, 583.35, -0.7854
20241112120622, META, 625, 20241206, C, 45, 109, 0.0065, 583.35, 0.2022
20241112120622, META, 625, 20241206, P, 14, 9, 0.0069, 583.35, -0.8173
20241112120622, META, 630, 20241206, C, 123, 216, 0.0059, 583.35, 0.1753
20241112120622, META, 630, 20241206, P, 0, 26, 0.0063, 583.35, -0.846
20241112120622, META, 635, 20241206, C, 30, 135, 0.0053, 583.35, 0.1515
20241112120622, META, 635, 20241206, P, 0, 1, 0.0058, 583.35, -0.8716
20241112120622, META, 640, 20241206, C, 99, 145, 0.0048, 583.35, 0.1306
20241112120622, META, 640, 20241206, P, 1, 15, 0.0052, 583.35, -0.8942
20241112120622, META, 645, 20241206, C, 261, 241, 0.0042, 583.35, 0.1127
20241112120622, META, 645, 20241206, P, 0, 0, 0.0047, 583.35, -0.9139
20241112120622, META, 650, 20241206, C, 212, 123, 0.0038, 583.35, 0.0971
20241112120622, META, 650, 20241206, P, 0, 0, 0.0043, 583.35, -0.931
20241112120622, META, 655, 20241206, C, 28, 71, 0.0033, 583.35, 0.0838
20241112120622, META, 655, 20241206, P, 0, 0, 0.0039, 583.35, -0.9459
20241112120622, META, 660, 20241206, C, 9, 279, 0.003, 583.35, 0.0725
20241112120622, META, 660, 20241206, P, 0, 13, 0.0035, 583.35, -0.9586
20241112120622, META, 665, 20241206, C, 0, 34, 0.0026, 583.35, 0.0629
20241112120622, META, 665, 20241206, P, 0, 0, 0.0031, 583.35, -0.9693
20241112120622, META, 670, 20241206, C, 72, 358, 0.0023, 583.35, 0.0548
20241112120622, META, 670, 20241206, P, 0, 1, 0.0029, 583.35, -0.9789
20241112120622, META, 680, 20241206, C, 107, 191, 0.0018, 583.35, 0.042
20241112120622, META, 680, 20241206, P, 0, 0, 0.0019, 583.35, -0.9914
20241112120622, META, 690, 20241206, C, 9, 34, 0.0014, 583.35, 0.0327
20241112120622, META, 690, 20241206, P, 0, 0, 0.0005, 583.35, -0.9976
20241112120622, META, 700, 20241206, C, 18, 372, 0.0011, 583.35, 0.0258
20241112120622, META, 700, 20241206, P, 0, 0, 0, 583.35, -1
20241112120622, META, 710, 20241206, C, 1, 61, 0.0009, 583.35, 0.0207
20241112120622, META, 710, 20241206, P, 0, 0, 0, 583.35, -1
20241112120622, META, 720, 20241206, C, 4, 92, 0.0008, 583.35, 0.0167
20241112120622, META, 720, 20241206, P, 0, 0, 0, 583.35, -1
20241112120622, META, 730, 20241206, C, 5, 25, 0.0006, 583.35, 0.0137
20241112120622, META, 730, 20241206, P, 0, 0, 0, 583.35, -1
20241112120622, META, 740, 20241206, C, 0, 20, 0.0005, 583.35, 0.0113
20241112120622, META, 740, 20241206, P, 0, 0, 0, 583.35, -1
20241112120622, META, 750, 20241206, C, 26, 16, 0.0004, 583.35, 0.0094
20241112120622, META, 750, 20241206, P, 0, 0, 0, 583.35, -1
20241112120622, META, 760, 20241206, C, 7, 39, 0.0004, 583.35, 0.0079
20241112120622, META, 760, 20241206, P, 0, 0, 0, 583.35, -1
20241112120622, META, 770, 20241206, C, 0, 5, 0.0003, 583.35, 0.0067
20241112120622, META, 770, 20241206, P, 0, 0, 0, 583.35, -1
20241112120622, META, 780, 20241206, C, 0, 64, 0.0002, 583.35, 0.0057
20241112120622, META, 780, 20241206, P, 0, 0, 0, 583.35, -1
20241112120622, META, 790, 20241206, C, 0, 8, 0.0002, 583.35, 0.0049
20241112120622, META, 790, 20241206, P, 0, 0, 0, 583.35, -1
20241112120622, META, 800, 20241206, C, 16, 17, 0.0002, 583.35, 0.0043
20241112120622, META, 800, 20241206, P, 0, 0, 0, 583.35, -1
20241112120622, META, 810, 20241206, C, 6, 8, 0.0002, 583.35, 0.0037
20241112120622, META, 810, 20241206, P, 0, 0, 0, 583.35, -1
20241112120622, META, 820, 20241206, C, 20, 6, 0.0001, 583.35, 0.0033
20241112120622, META, 820, 20241206, P, 0, 0, 0, 583.35, -1
20241112120622, META, 830, 20241206, C, 0, 2, 0.0001, 583.35, 0.0029
20241112120622, META, 830, 20241206, P, 0, 0, 0, 583.35, -1
20241112120622, META, 840, 20241206, C, 0, 3, 0.0001, 583.35, 0.0026
20241112120622, META, 840, 20241206, P, 0, 0, 0, 583.35, -1
20241112120622, META, 850, 20241206, C, 0, 31, 0.0001, 583.35, 0.0023
20241112120622, META, 850, 20241206, P, 0, 0, 0, 583.35, -1
20241112120622, META, 180, 20241213, C, 0, 0, 0, 583.35, 1
20241112120622, META, 180, 20241213, P, 0, 0, 0, 583.35, -0.0002
20241112120622, META, 190, 20241213, C, 0, 0, 0, 583.35, 1
20241112120622, META, 190, 20241213, P, 0, 0, 0, 583.35, -0.0002
20241112120622, META, 200, 20241213, C, 0, 0, 0, 583.35, 1
20241112120622, META, 200, 20241213, P, 0, 0, 0, 583.35, -0.0002
20241112120622, META, 210, 20241213, C, 0, 0, 0, 583.35, 1
20241112120622, META, 210, 20241213, P, 0, 0, 0, 583.35, -0.0003
20241112120622, META, 220, 20241213, C, 0, 0, 0, 583.35, 1
20241112120622, META, 220, 20241213, P, 0, 0, 0, 583.35, -0.0003
20241112120622, META, 230, 20241213, C, 0, 0, 0, 583.35, 1
20241112120622, META, 230, 20241213, P, 0, 0, 0, 583.35, -0.0004
20241112120622, META, 240, 20241213, C, 0, 0, 0, 583.35, 1
20241112120622, META, 240, 20241213, P, 0, 0, 0, 583.35, -0.0004
20241112120622, META, 250, 20241213, C, 0, 0, 0, 583.35, 1
20241112120622, META, 250, 20241213, P, 0, 0, 0, 583.35, -0.0005
20241112120622, META, 260, 20241213, C, 0, 0, 0, 583.35, 1
20241112120622, META, 260, 20241213, P, 0, 0, 0, 583.35, -0.0006
20241112120622, META, 270, 20241213, C, 0, 0, 0, 583.35, 1
20241112120622, META, 270, 20241213, P, 0, 0, 0, 583.35, -0.0007
20241112120622, META, 280, 20241213, C, 0, 0, 0, 583.35, 1
20241112120622, META, 280, 20241213, P, 0, 1, 0, 583.35, -0.0008
20241112120622, META, 290, 20241213, C, 0, 0, 0, 583.35, 0.9999
20241112120622, META, 290, 20241213, P, 0, 0, 0, 583.35, -0.001
20241112120622, META, 300, 20241213, C, 6, 32, 0, 583.35, 0.9998
20241112120622, META, 300, 20241213, P, 0, 0, 0, 583.35, -0.0011
20241112120622, META, 310, 20241213, C, 0, 0, 0, 583.35, 0.9996
20241112120622, META, 310, 20241213, P, 0, 2, 0, 583.35, -0.0013
20241112120622, META, 320, 20241213, C, 0, 0, 0, 583.35, 0.9994
20241112120622, META, 320, 20241213, P, 0, 0, 0, 583.35, -0.0015
20241112120622, META, 330, 20241213, C, 0, 0, 0, 583.35, 0.9991
20241112120622, META, 330, 20241213, P, 0, 0, 0, 583.35, -0.0018
20241112120622, META, 340, 20241213, C, 0, 0, 0.0001, 583.35, 0.9988
20241112120622, META, 340, 20241213, P, 0, 0, 0.0001, 583.35, -0.0021
20241112120622, META, 350, 20241213, C, 0, 1, 0.0001, 583.35, 0.9985
20241112120622, META, 350, 20241213, P, 0, 2, 0.0001, 583.35, -0.0024
20241112120622, META, 360, 20241213, C, 0, 0, 0.0001, 583.35, 0.9981
20241112120622, META, 360, 20241213, P, 0, 0, 0.0001, 583.35, -0.0029
20241112120622, META, 370, 20241213, C, 0, 0, 0.0001, 583.35, 0.9976
20241112120622, META, 370, 20241213, P, 0, 1, 0.0001, 583.35, -0.0034
20241112120622, META, 380, 20241213, C, 0, 2, 0.0001, 583.35, 0.9969
20241112120622, META, 380, 20241213, P, 0, 0, 0.0001, 583.35, -0.004
20241112120622, META, 390, 20241213, C, 0, 0, 0.0001, 583.35, 0.9962
20241112120622, META, 390, 20241213, P, 0, 10, 0.0001, 583.35, -0.0048
20241112120622, META, 395, 20241213, C, 0, 0, 0.0002, 583.35, 0.9958
20241112120622, META, 395, 20241213, P, 0, 0, 0.0002, 583.35, -0.0052
20241112120622, META, 400, 20241213, C, 0, 16, 0.0002, 583.35, 0.9953
20241112120622, META, 400, 20241213, P, 0, 0, 0.0002, 583.35, -0.0057
20241112120622, META, 405, 20241213, C, 0, 0, 0.0002, 583.35, 0.9948
20241112120622, META, 405, 20241213, P, 0, 0, 0.0002, 583.35, -0.0063
20241112120622, META, 410, 20241213, C, 0, 0, 0.0002, 583.35, 0.9942
20241112120622, META, 410, 20241213, P, 0, 0, 0.0002, 583.35, -0.0069
20241112120622, META, 415, 20241213, C, 0, 0, 0.0002, 583.35, 0.9935
20241112120622, META, 415, 20241213, P, 0, 1, 0.0002, 583.35, -0.0076
20241112120622, META, 420, 20241213, C, 0, 0, 0.0003, 583.35, 0.9928
20241112120622, META, 420, 20241213, P, 0, 1, 0.0003, 583.35, -0.0083
20241112120622, META, 425, 20241213, C, 0, 0, 0.0003, 583.35, 0.992
20241112120622, META, 425, 20241213, P, 0, 9, 0.0003, 583.35, -0.0091
20241112120622, META, 430, 20241213, C, 0, 7, 0.0003, 583.35, 0.9911
20241112120622, META, 430, 20241213, P, 0, 0, 0.0003, 583.35, -0.0101
20241112120622, META, 435, 20241213, C, 0, 0, 0.0004, 583.35, 0.9901
20241112120622, META, 435, 20241213, P, 0, 0, 0.0004, 583.35, -0.0111
20241112120622, META, 440, 20241213, C, 9, 0, 0.0004, 583.35, 0.989
20241112120622, META, 440, 20241213, P, 0, 13, 0.0004, 583.35, -0.0122
20241112120622, META, 445, 20241213, C, 0, 1, 0.0004, 583.35, 0.9878
20241112120622, META, 445, 20241213, P, 0, 18, 0.0005, 583.35, -0.0135
20241112120622, META, 450, 20241213, C, 0, 0, 0.0005, 583.35, 0.9863
20241112120622, META, 450, 20241213, P, 5, 7, 0.0005, 583.35, -0.015
20241112120622, META, 455, 20241213, C, 0, 0, 0.0006, 583.35, 0.9847
20241112120622, META, 455, 20241213, P, 0, 3, 0.0006, 583.35, -0.0167
20241112120622, META, 460, 20241213, C, 0, 0, 0.0006, 583.35, 0.9829
20241112120622, META, 460, 20241213, P, 0, 22, 0.0006, 583.35, -0.0185
20241112120622, META, 465, 20241213, C, 0, 0, 0.0007, 583.35, 0.9808
20241112120622, META, 465, 20241213, P, 0, 49, 0.0007, 583.35, -0.0207
20241112120622, META, 470, 20241213, C, 0, 0, 0.0008, 583.35, 0.9785
20241112120622, META, 470, 20241213, P, 1, 24, 0.0008, 583.35, -0.0231
20241112120622, META, 475, 20241213, C, 0, 0, 0.0009, 583.35, 0.9757
20241112120622, META, 475, 20241213, P, 0, 37, 0.0009, 583.35, -0.0259
20241112120622, META, 480, 20241213, C, 0, 0, 0.001, 583.35, 0.9725
20241112120622, META, 480, 20241213, P, 3, 51, 0.001, 583.35, -0.0292
20241112120622, META, 485, 20241213, C, 0, 0, 0.0012, 583.35, 0.9689
20241112120622, META, 485, 20241213, P, 0, 15, 0.0012, 583.35, -0.033
20241112120622, META, 490, 20241213, C, 0, 0, 0.0013, 583.35, 0.9644
20241112120622, META, 490, 20241213, P, 0, 86, 0.0014, 583.35, -0.0374
20241112120622, META, 495, 20241213, C, 0, 0, 0.0015, 583.35, 0.9592
20241112120622, META, 495, 20241213, P, 1, 175, 0.0016, 583.35, -0.0427
20241112120622, META, 500, 20241213, C, 2, 17, 0.0017, 583.35, 0.9532
20241112120622, META, 500, 20241213, P, 3, 106, 0.0018, 583.35, -0.049
20241112120622, META, 505, 20241213, C, 0, 2, 0.002, 583.35, 0.9457
20241112120622, META, 505, 20241213, P, 36, 35, 0.002, 583.35, -0.0565
20241112120622, META, 510, 20241213, C, 0, 7, 0.0023, 583.35, 0.937
20241112120622, META, 510, 20241213, P, 7, 73, 0.0023, 583.35, -0.0655
20241112120622, META, 515, 20241213, C, 0, 106, 0.0026, 583.35, 0.9266
20241112120622, META, 515, 20241213, P, 4, 86, 0.0026, 583.35, -0.0761
20241112120622, META, 520, 20241213, C, 0, 10, 0.003, 583.35, 0.9141
20241112120622, META, 520, 20241213, P, 11, 114, 0.003, 583.35, -0.0887
20241112120622, META, 525, 20241213, C, 0, 4, 0.0034, 583.35, 0.8996
20241112120622, META, 525, 20241213, P, 21, 391, 0.0034, 583.35, -0.1036
20241112120622, META, 530, 20241213, C, 13, 18, 0.0039, 583.35, 0.8824
20241112120622, META, 530, 20241213, P, 35, 445, 0.0039, 583.35, -0.1209
20241112120622, META, 535, 20241213, C, 1, 3, 0.0044, 583.35, 0.8627
20241112120622, META, 535, 20241213, P, 20, 640, 0.0044, 583.35, -0.141
20241112120622, META, 540, 20241213, C, 0, 8, 0.0049, 583.35, 0.8401
20241112120622, META, 540, 20241213, P, 25, 172, 0.0049, 583.35, -0.1639
20241112120622, META, 545, 20241213, C, 0, 14, 0.0054, 583.35, 0.8146
20241112120622, META, 545, 20241213, P, 11, 352, 0.0054, 583.35, -0.1898
20241112120622, META, 550, 20241213, C, 1, 33, 0.0059, 583.35, 0.7861
20241112120622, META, 550, 20241213, P, 60, 386, 0.006, 583.35, -0.2186
20241112120622, META, 555, 20241213, C, 0, 28, 0.0064, 583.35, 0.7548
20241112120622, META, 555, 20241213, P, 51, 185, 0.0065, 583.35, -0.2502
20241112120622, META, 560, 20241213, C, 21, 624, 0.0069, 583.35, 0.721
20241112120622, META, 560, 20241213, P, 168, 230, 0.007, 583.35, -0.2844
20241112120622, META, 565, 20241213, C, 19, 1438, 0.0073, 583.35, 0.6848
20241112120622, META, 565, 20241213, P, 9, 90, 0.0074, 583.35, -0.3211
20241112120622, META, 570, 20241213, C, 222, 166, 0.0077, 583.35, 0.6468
20241112120622, META, 570, 20241213, P, 13, 97, 0.0078, 583.35, -0.3598
20241112120622, META, 575, 20241213, C, 17, 92, 0.0079, 583.35, 0.6072
20241112120622, META, 575, 20241213, P, 72, 60, 0.0081, 583.35, -0.3998
20241112120622, META, 580, 20241213, C, 86, 153, 0.0081, 583.35, 0.5667
20241112120622, META, 580, 20241213, P, 21, 93, 0.0083, 583.35, -0.4409
20241112120622, META, 585, 20241213, C, 102, 120, 0.0082, 583.35, 0.5259
20241112120622, META, 585, 20241213, P, 36, 45, 0.0084, 583.35, -0.4825
20241112120622, META, 590, 20241213, C, 72, 149, 0.0082, 583.35, 0.4851
20241112120622, META, 590, 20241213, P, 33, 36, 0.0084, 583.35, -0.524
20241112120622, META, 595, 20241213, C, 148, 428, 0.0082, 583.35, 0.4448
20241112120622, META, 595, 20241213, P, 4, 4, 0.0084, 583.35, -0.5652
20241112120622, META, 600, 20241213, C, 129, 259, 0.008, 583.35, 0.4057
20241112120622, META, 600, 20241213, P, 3, 13, 0.0082, 583.35, -0.6054
20241112120622, META, 605, 20241213, C, 45, 544, 0.0078, 583.35, 0.368
20241112120622, META, 605, 20241213, P, 4, 2, 0.008, 583.35, -0.6445
20241112120622, META, 610, 20241213, C, 83, 105, 0.0074, 583.35, 0.332
20241112120622, META, 610, 20241213, P, 4, 1, 0.0078, 583.35, -0.6816
20241112120622, META, 615, 20241213, C, 5, 69, 0.0071, 583.35, 0.2981
20241112120622, META, 615, 20241213, P, 0, 0, 0.0074, 583.35, -0.7171
20241112120622, META, 620, 20241213, C, 356, 141, 0.0067, 583.35, 0.2664
20241112120622, META, 620, 20241213, P, 1, 13, 0.0071, 583.35, -0.7504
20241112120622, META, 625, 20241213, C, 282, 234, 0.0063, 583.35, 0.2373
20241112120622, META, 625, 20241213, P, 10, 0, 0.0067, 583.35, -0.7813
20241112120622, META, 630, 20241213, C, 43, 144, 0.0058, 583.35, 0.2104
20241112120622, META, 630, 20241213, P, 0, 1, 0.0063, 583.35, -0.8099
20241112120622, META, 635, 20241213, C, 94, 64, 0.0054, 583.35, 0.1861
20241112120622, META, 635, 20241213, P, 3, 0, 0.0058, 583.35, -0.8361
20241112120622, META, 640, 20241213, C, 50, 358, 0.0049, 583.35, 0.1642
20241112120622, META, 640, 20241213, P, 3, 0, 0.0054, 583.35, -0.86
20241112120622, META, 645, 20241213, C, 10, 46, 0.0045, 583.35, 0.1446
20241112120622, META, 645, 20241213, P, 0, 0, 0.005, 583.35, -0.8815
20241112120622, META, 650, 20241213, C, 61, 877, 0.0041, 583.35, 0.1272
20241112120622, META, 650, 20241213, P, 0, 14, 0.0046, 583.35, -0.9008
20241112120622, META, 655, 20241213, C, 63, 55, 0.0037, 583.35, 0.1118
20241112120622, META, 655, 20241213, P, 0, 0, 0.0043, 583.35, -0.9181
20241112120622, META, 660, 20241213, C, 5, 107, 0.0033, 583.35, 0.0984
20241112120622, META, 660, 20241213, P, 0, 0, 0.0039, 583.35, -0.9334
20241112120622, META, 665, 20241213, C, 9, 65, 0.003, 583.35, 0.0866
20241112120622, META, 665, 20241213, P, 0, 0, 0.0036, 583.35, -0.9468
20241112120622, META, 670, 20241213, C, 2, 40, 0.0027, 583.35, 0.0764
20241112120622, META, 670, 20241213, P, 0, 0, 0.0033, 583.35, -0.9589
20241112120622, META, 680, 20241213, C, 3, 28, 0.0022, 583.35, 0.0598
20241112120622, META, 680, 20241213, P, 0, 0, 0.0028, 583.35, -0.9784
20241112120622, META, 690, 20241213, C, 15, 16, 0.0018, 583.35, 0.0474
20241112120622, META, 690, 20241213, P, 0, 0, 0.0019, 583.35, -0.9907
20241112120622, META, 700, 20241213, C, 6, 50, 0.0014, 583.35, 0.038
20241112120622, META, 700, 20241213, P, 0, 0, 0.0006, 583.35, -0.9971
20241112120622, META, 710, 20241213, C, 0, 2, 0.0012, 583.35, 0.0308
20241112120622, META, 710, 20241213, P, 0, 0, 0, 583.35, -0.9999
20241112120622, META, 720, 20241213, C, 13, 12, 0.001, 583.35, 0.0253
20241112120622, META, 720, 20241213, P, 0, 0, 0, 583.35, -1
20241112120622, META, 730, 20241213, C, 2, 2, 0.0008, 583.35, 0.021
20241112120622, META, 730, 20241213, P, 0, 0, 0, 583.35, -1
20241112120622, META, 740, 20241213, C, 20, 2, 0.0007, 583.35, 0.0176
20241112120622, META, 740, 20241213, P, 0, 0, 0, 583.35, -1
20241112120622, META, 750, 20241213, C, 1, 4, 0.0006, 583.35, 0.0149
20241112120622, META, 750, 20241213, P, 0, 0, 0, 583.35, -1
20241112120622, META, 760, 20241213, C, 0, 10, 0.0005, 583.35, 0.0127
20241112120622, META, 760, 20241213, P, 0, 0, 0, 583.35, -1
20241112120622, META, 770, 20241213, C, 1, 13, 0.0004, 583.35, 0.0109
20241112120622, META, 770, 20241213, P, 0, 0, 0, 583.35, -1
20241112120622, META, 780, 20241213, C, 0, 0, 0.0004, 583.35, 0.0094
20241112120622, META, 780, 20241213, P, 0, 0, 0, 583.35, -1
20241112120622, META, 790, 20241213, C, 0, 0, 0.0003, 583.35, 0.0082
20241112120622, META, 790, 20241213, P, 0, 0, 0, 583.35, -1
20241112120622, META, 800, 20241213, C, 0, 0, 0.0003, 583.35, 0.0072
20241112120622, META, 800, 20241213, P, 0, 0, 0, 583.35, -1
20241112120622, META, 810, 20241213, C, 0, 0, 0.0002, 583.35, 0.0063
20241112120622, META, 810, 20241213, P, 0, 0, 0, 583.35, -1
20241112120622, META, 820, 20241213, C, 0, 0, 0.0002, 583.35, 0.0056
20241112120622, META, 820, 20241213, P, 0, 0, 0, 583.35, -1
20241112120622, META, 830, 20241213, C, 0, 0, 0.0002, 583.35, 0.005
20241112120622, META, 830, 20241213, P, 0, 0, 0, 583.35, -1
20241112120622, META, 840, 20241213, C, 0, 0, 0.0002, 583.35, 0.0045
20241112120622, META, 840, 20241213, P, 0, 0, 0, 583.35, -1
20241112120622, META, 850, 20241213, C, 0, 10, 0.0001, 583.35, 0.004
20241112120622, META, 850, 20241213, P, 0, 0, 0, 583.35, -1
